7 0.428711328125 0.1305135875 0.428711328125 0.22228095277777776 0.466565365625 0.22228095277777776 0.466565365625 0.1305135875
7 0.38971019687499997 0.3548338138888889 0.38971019687499997 0.3874622111111111 0.43559387968749996 0.3874622111111111 0.43559387968749996 0.3548338138888889
7 0.4080636703125 0.3874622125 0.4080636703125 0.42416915833333335 0.43215260468750005 0.42416915833333335 0.43215260468750005 0.3874622125
7 0.40232820937499997 0.4343655347222222 0.40232820937499997 0.4812688527777778 0.43215260468750005 0.4812688527777778 0.43215260468750005 0.4343655347222222
7 0.9750282734375 0.48010355 0.9750282734375 0.4923391972222222 0.9876462867187501 0.4923391972222222 0.9876462867187501 0.48010355
9 0.0006554812499999999 0.4317436277777778 0.0006554812499999999 0.7396741222222223 0.32069416953125 0.7396741222222223 0.32069416953125 0.4317436277777778
1 0.0006554812499999999 0.4378614486111111 0.0006554812499999999 0.6071212583333333 0.0270385984375 0.6071212583333333 0.0270385984375 0.4378614486111111
4 0.1555129109375 0.4664112958333333 0.1555129109375 0.8395985861111112 0.24728027734375 0.8395985861111112 0.24728027734375 0.4664112958333333
4 0.5683841242187501 0.5424470972222223 0.5683841242187501 0.6179002652777777 0.5821492296875 0.6179002652777777 0.5821492296875 0.5424470972222223
4 0.67391659375 0.5342899972222223 0.67391659375 0.6015860652777778 0.68538751328125 0.6015860652777778 0.68538751328125 0.5342899972222223
4 0.69112297421875 0.5322507222222223 0.69112297421875 0.5832325902777777 0.7002997125 0.5832325902777777 0.7002997125 0.5322507222222223
4 0.6819462390625 0.5342899972222223 0.6819462390625 0.6036253402777778 0.69571134453125 0.6036253402777778 0.69571134453125 0.5342899972222223
4 0.66588695 0.5404078222222223 0.66588695 0.6036253444444445 0.6785049625 0.6036253444444445 0.6785049625 0.5404078222222223
4 0.6177090828125 0.5302114472222222 0.6177090828125 0.6301359138888889 0.638356740625 0.6301359138888889 0.638356740625 0.5302114472222222
4 0.5718254 0.5526434708333333 0.5718254 0.754531675 0.618856175 0.754531675 0.618856175 0.5526434708333333
4 0.68997588359375 0.5342899972222223 0.68997588359375 0.6321751861111111 0.7060351734375 0.6321751861111111 0.7060351734375 0.5342899972222223
2 0.8206296648437499 0.5302114472222222 0.8206296648437499 0.5526434708333333 0.8332476765625 0.5526434708333333 0.8332476765625 0.5302114472222222
2 0.82292384765625 0.5322507222222223 0.82292384765625 0.5546827430555555 0.8366889531249999 0.5546827430555555 0.8366889531249999 0.5322507222222223
2 0.8321005843749999 0.5342899972222223 0.8321005843749999 0.5648791166666667 0.8470127828124999 0.5648791166666667 0.8470127828124999 0.5342899972222223
2 0.84013022890625 0.5383685472222223 0.84013022890625 0.5750754958333333 0.85618951796875 0.5750754958333333 0.85618951796875 0.5383685472222223
2 0.8424244132812501 0.5424470972222223 0.8424244132812501 0.5934289652777778 0.8653662546875 0.5934289652777778 0.8653662546875 0.5424470972222223
2 0.78277562421875 0.5342899972222223 0.78277562421875 0.5669183944444445 0.8240709390625 0.5669183944444445 0.8240709390625 0.5342899972222223
2 0.78048144140625 0.5444863722222222 0.78048144140625 0.5832325916666666 0.82521803125 0.5832325916666666 0.82521803125 0.5444863722222222
2 0.89289646484375 0.5383685472222223 0.89289646484375 0.5689576694444445 0.9192795835937501 0.5689576694444445 0.9192795835937501 0.5383685472222223
2 0.899779015625 0.5465256472222222 0.899779015625 0.5791540444444444 0.9181324890625 0.5791540444444444 0.9181324890625 0.5465256472222222
2 0.90895575390625 0.5424470972222223 0.90895575390625 0.5913896944444444 0.93878014765625 0.5913896944444444 0.93878014765625 0.5424470972222223
2 0.9181324898437501 0.5506041958333333 0.9181324898437501 0.5954682416666667 0.9445156070312499 0.5954682416666667 0.9445156070312499 0.5506041958333333
2 0.9341917796875 0.5424470972222223 0.9341917796875 0.6077038902777778 0.97319291015625 0.6077038902777778 0.97319291015625 0.5424470972222223
2 0.94451560859375 0.5526434708333333 0.94451560859375 0.6117824375 0.97892837109375 0.6117824375 0.97892837109375 0.5526434708333333
2 0.9663103578125 0.5506041958333333 0.9663103578125 0.6321751888888889 0.999576028125 0.6321751888888889 0.999576028125 0.5506041958333333
2 0.85687778984375 0.5380772319444445 0.85687778984375 0.6094518513888889 0.90849693359375 0.6094518513888889 0.90849693359375 0.5380772319444445
2 0.75249241015625 0.5727449055555556 0.75249241015625 0.6665515458333333 0.8282004867187499 0.6665515458333333 0.8282004867187499 0.5727449055555556
6 0.43474790546875 0.4337828847222222 0.43474790546875 0.48476475694444443 0.4611310234375 0.48476475694444443 0.4611310234375 0.4337828847222222