7 0.44256276171875 0.32233646111111114 0.44256276171875 0.3431323611111111 0.4766810375 0.3431323611111111 0.4766810375 0.32233646111111114
6 0.4191673734375 0.30500654444444447 0.4191673734375 0.32406945277777777 0.42696583749999995 0.32406945277777777 0.42696583749999995 0.30500654444444447
6 0.3236362046875 0.30500654444444447 0.3236362046875 0.33273440833333334 0.33338428359375 0.33273440833333334 0.33338428359375 0.30500654444444447
6 0.055564046874999995 0.20276003194444445 0.055564046874999995 0.2530167916666667 0.06531212578125 0.2530167916666667 0.06531212578125 0.20276003194444445
6 0.03411827421875 0.19409507361111114 0.03411827421875 0.2478178152777778 0.0497152 0.2478178152777778 0.0497152 0.19409507361111114
6 0.0409419296875 0.27901166805555555 0.0409419296875 0.3188704763888889 0.05263962421875 0.3188704763888889 0.05263962421875 0.27901166805555555
7 0.02047096484375 0.2876766263888889 0.02047096484375 0.31887047777777777 0.033143465625 0.31887047777777777 0.033143465625 0.2876766263888889
7 0.0409419296875 0.33273441111111113 0.0409419296875 0.3517973222222222 0.07116097265625 0.3517973222222222 0.07116097265625 0.33273441111111113
2 0.48350469140624996 0.4107190388888889 0.48350469140624996 0.49390264166666664 0.5088496953125 0.49390264166666664 0.5088496953125 0.4107190388888889
2 0.45815968749999997 0.3985880972222222 0.45815968749999997 0.4956356333333334 0.49032834609375 0.4956356333333334 0.49032834609375 0.3985880972222222
2 0 0.3465983458333333 0 0.5857512013888889 0.10332963203125001 0.5857512013888889 0.10332963203125001 0.3465983458333333
2 0.15889367890625 0.31193851111111115 0.15889367890625 0.7971761944444444 0.49032834531249997 0.7971761944444444 0.49032834531249997 0.31193851111111115
1 0.5030008484375 0.031193851388888888 0.5030008484375 0.675866775 0.9689589984375001 0.675866775 0.9689589984375001 0.031193851388888888
7 0.17059137265625 0.35006432916666663 0.17059137265625 0.4141850208333333 0.18716310625000002 0.4141850208333333 0.18716310625000002 0.35006432916666663