2 0.50411640625 0.4566387763888889 0.50411640625 0.6942047444444445 0.7457722078125 0.6942047444444445 0.7457722078125 0.4566387763888889
2 0.10402402031249999 0.46944173472222217 0.10402402031249999 0.5320339638888889 0.14563362890625 0.5320339638888889 0.14563362890625 0.46944173472222217
2 0.17043935625 0.4793995875 0.17043935625 0.5149633555555556 0.19924600859375 0.5149633555555556 0.19924600859375 0.4793995875
2 0.08321921640624999 0.46944173472222217 0.08321921640624999 0.5106957041666667 0.11042549765625001 0.5106957041666667 0.11042549765625001 0.46944173472222217
2 0.38968998515625 0.47086428333333336 0.38968998515625 0.6244997597222223 0.5297223203125 0.6244997597222223 0.5297223203125 0.47086428333333336
2 0.32407483359375 0.47086428333333336 0.32407483359375 0.5960487458333333 0.432099778125 0.5960487458333333 0.432099778125 0.47086428333333336
2 0.19124416093750002 0.47086428333333336 0.19124416093750002 0.48905025972222227 0.23492869062500002 0.48905025972222227 0.23492869062500002 0.47086428333333336
9 0.01040240234375 0.4509485736111111 0.01040240234375 0.4765544861111111 0.0344079453125 0.4765544861111111 0.0344079453125 0.4509485736111111
7 0.41849663593750003 0.39262399444444446 0.41849663593750003 0.4210750097222222 0.4361007 0.4210750097222222 0.4361007 0.39262399444444446
7 0.29766873515625003 0.4224975597222222 0.29766873515625003 0.4438358208333334 0.31367243046875004 0.4438358208333334 0.31367243046875004 0.4224975597222222
7 0.21284914921875 0.44810347222222224 0.21284914921875 0.4637515319444444 0.22485192109375 0.4637515319444444 0.22485192109375 0.44810347222222224
6 0.1352312265625 0.40542695138888885 0.1352312265625 0.42961031388888893 0.14083251875 0.42961031388888893 0.14083251875 0.40542695138888885
6 0.07761792265625 0.44952602361111105 0.07761792265625 0.46944173194444444 0.08321921640624999 0.46944173194444444 0.08321921640624999 0.44952602361111105