7 0.4959901140625 0.5426906458333333 0.4959901140625 0.5696009263888888 0.5300484375 0.5696009263888888 0.5300484375 0.5426906458333333
4 0.4853942 0.6077238263888889 0.4853942 0.6211789638888889 0.4967469734375 0.6211789638888889 0.4967469734375 0.6077238263888889
4 0.47278000546875 0.6077238263888889 0.47278000546875 0.6189364416666666 0.48413277812500005 0.6189364416666666 0.48413277812500005 0.6077238263888889
4 0.45890439296874996 0.6077238263888889 0.45890439296874996 0.6166939180555555 0.46899574765625 0.6166939180555555 0.46899574765625 0.6077238263888889
4 0.44755161796875004 0.6077238263888889 0.44755161796875004 0.6166939180555555 0.45764297265625 0.6166939180555555 0.45764297265625 0.6077238263888889
4 0.41601613359374995 0.6054812972222222 0.41601613359374995 0.6211789583333334 0.42736890859375 0.6211789583333334 0.42736890859375 0.6054812972222222
2 0.504147303125 0.5957637125 0.504147303125 0.6585543666666667 0.53946704765625 0.6585543666666667 0.53946704765625 0.5957637125
2 0.577309625 0.6039863083333333 0.577309625 0.6540693180555556 0.600015175 0.6540693180555556 0.600015175 0.6039863083333333
1 0.5445127249999999 0.5808135416666667 0.5445127249999999 0.6032387777777778 0.58908285078125 0.6032387777777778 0.58908285078125 0.5808135416666667
9 0.59034426875 0.5830560666666667 0.59034426875 0.6413616750000001 0.6180954937500001 0.6413616750000001 0.6180954937500001 0.5830560666666667
2 0.09965213046875 0.5860461208333334 0.09965213046875 0.6443517263888889 0.17155303515625 0.6443517263888889 0.17155303515625 0.5860461208333334
2 0.195520003125 0.5950162152777778 0.195520003125 0.6241690180555556 0.2308397484375 0.6241690180555556 0.2308397484375 0.5950162152777778
2 0.24597677890625 0.5995012611111111 0.24597677890625 0.6357553666666667 0.30147923125 0.6357553666666667 0.30147923125 0.5995012611111111
2 0.31030916796875 0.5972587402777778 0.31030916796875 0.6286540666666667 0.3506745875 0.6286540666666667 0.3506745875 0.5972587402777778
2 0.39356284609375003 0.6039863083333333 0.39356284609375003 0.6264115402777778 0.4175298140625 0.6264115402777778 0.4175298140625 0.6039863083333333
2 0.6820074164062501 0.6107138777777779 0.6820074164062501 0.6824746236111111 0.7539083210937501 0.6824746236111111 0.7539083210937501 0.6107138777777779
2 0.621459284375 0.6151989222222222 0.621459284375 0.6510792944444445 0.6529947703125 0.6510792944444445 0.6529947703125 0.6151989222222222
2 0.505408703125 0.5995012611111111 0.505408703125 0.7318101374999999 0.5987537374999999 0.7318101374999999 0.5987537374999999 0.5995012611111111
7 0.6946216109375001 0.5748335055555556 0.6946216109375001 0.6017437861111111 0.71102006328125 0.6017437861111111 0.71102006328125 0.5748335055555556
2 0.42762116953125 0.6066025625 0.42762116953125 0.6245427499999999 0.444019621875 0.6245427499999999 0.444019621875 0.6066025625