6 0.25238252421874996 0.09642861527777777 0.25238252421874996 0.16224497222222223 0.26529707187499996 0.16224497222222223 0.26529707187499996 0.09642861527777777
6 0.44437878359375 0.050510226388888885 0.44437878359375 0.11632658333333333 0.4590152703125 0.11632658333333333 0.4590152703125 0.050510226388888885
6 0.6148507984375 0.11785719583333333 0.6148507984375 0.19285722916666664 0.6320701953125 0.19285722916666664 0.6320701953125 0.11785719583333333
6 0.45987623984375 0.052040841666666664 0.45987623984375 0.1255102638888889 0.47365175703125006 0.1255102638888889 0.47365175703125006 0.052040841666666664
6 0.015615836718750001 0.15765313194444444 0.015615836718750001 0.20204090694444443 0.028530384375000002 0.20204090694444443 0.028530384375000002 0.15765313194444444
2 0.00011838046875 0.33306137222222226 0.00011838046875 0.7019390888888889 0.17059039609374999 0.7019390888888889 0.17059039609374999 0.33306137222222226
4 0.12151511875000001 0.31071442499999996 0.12151511875000001 0.5280614611111111 0.18867076015625 0.5280614611111111 0.18867076015625 0.31071442499999996
7 0.18707643203125 0.08615164027777777 0.18707643203125 0.20247822361111112 0.21118358671875 0.20247822361111112 0.21118358671875 0.08615164027777777
2 0.02250359453125 0.32755116805555556 0.02250359453125 0.4484695888888889 0.12926384765625 0.4484695888888889 0.12926384765625 0.32755116805555556
2 0.16370263828125 0.34897974861111114 0.16370263828125 0.3903062972222222 0.19555851953125 0.3903062972222222 0.19555851953125 0.34897974861111114
2 0.19900239765625 0.36734710416666666 0.19900239765625 0.41326549305555554 0.23171924921875 0.41326549305555554 0.23171924921875 0.36734710416666666
2 0.21449985390625 0.3535715861111111 0.21449985390625 0.37500016666666663 0.23688506796875003 0.37500016666666663 0.23688506796875003 0.3535715861111111
9 0.23688506796875003 0.30306135972222226 0.23688506796875003 0.3719389416666667 0.28423840624999996 0.3719389416666667 0.28423840624999996 0.30306135972222226
9 0.31592209765625 0.17448987500000002 0.31592209765625 0.45918387916666664 0.43990174375 0.45918387916666664 0.43990174375 0.17448987500000002
2 0.85575014453125 0.3428572958333333 0.85575014453125 0.3811226194444444 0.88157923828125 0.3811226194444444 0.88157923828125 0.3428572958333333
2 0.8221723234375 0.3596940388888889 0.8221723234375 0.39183691249999997 0.85230626484375 0.39183691249999997 0.85230626484375 0.3596940388888889
2 0.76965316875 0.36275526388888885 0.76965316875 0.4010205875 0.80667486875 0.4010205875 0.80667486875 0.36275526388888885
2 0.35380476640624997 0.31071442499999996 0.35380476640624997 0.7959187249999999 0.7352143765625 0.7959187249999999 0.7352143765625 0.31071442499999996