6 0.444244171875 0.40338497222222225 0.444244171875 0.4186872472222222 0.44998252499999997 0.4186872472222222 0.44998252499999997 0.40338497222222225
6 0.444244171875 0.4220877527777778 0.444244171875 0.4356897763888889 0.4509389171875 0.4356897763888889 0.4509389171875 0.4220877527777778
6 0.32852071718750003 0.4152867416666667 0.32852071718750003 0.43058901666666666 0.3352154625 0.43058901666666666 0.3352154625 0.4152867416666667
6 0.41555240624999995 0.43739002916666664 0.41555240624999995 0.45099205138888887 0.42224715156250003 0.45099205138888887 0.42224715156250003 0.43739002916666664
7 0.5397877453125 0.3587533361111111 0.5397877453125 0.3757558638888889 0.551264453125 0.3757558638888889 0.551264453125 0.3587533361111111
7 0.4718839 0.41486167777777777 0.4718839 0.4454662277777778 0.4843169984375 0.4454662277777778 0.4843169984375 0.41486167777777777
7 0.48144782187499996 0.41316142499999997 0.48144782187499996 0.43186420555555555 0.489098959375 0.43186420555555555 0.489098959375 0.41316142499999997
7 0.48144782187499996 0.3927583916666667 0.48144782187499996 0.41146117083333333 0.489098959375 0.41146117083333333 0.489098959375 0.3927583916666667
7 0.4709275078125 0.3876576333333333 0.4709275078125 0.41316142499999997 0.4824042140625 0.41316142499999997 0.4824042140625 0.3876576333333333
2 0.43898401484375 0.4441060208333333 0.43898401484375 0.5019146166666667 0.47150134921875003 0.5019146166666667 0.47150134921875003 0.4441060208333333
2 0.43133287578125 0.4543075375 0.43133287578125 0.49681385833333336 0.4447223671875 0.49681385833333336 0.4447223671875 0.4543075375
2 0.42272534765625 0.46620930694444446 0.42272534765625 0.48151158194444443 0.43611483828125 0.48151158194444443 0.43611483828125 0.46620930694444446
2 0.41889977890625 0.4645090527777778 0.41889977890625 0.4798113291666667 0.42559452265625 0.4798113291666667 0.42559452265625 0.4645090527777778
2 0.41220503359375 0.4645090527777778 0.41220503359375 0.49171309722222223 0.42176895546875004 0.49171309722222223 0.42176895546875004 0.4645090527777778
2 0.39403358203125 0.4645090527777778 0.39403358203125 0.48491208750000003 0.40455389453125 0.48491208750000003 0.40455389453125 0.4645090527777778
2 0.51740817421875 0.4509070319444444 0.51740817421875 0.48491208750000003 0.53557962578125 0.48491208750000003 0.53557962578125 0.4509070319444444
2 0.24732301875 0.44240576805555554 0.24732301875 0.5036148666666667 0.26549447734375 0.5036148666666667 0.26549447734375 0.44240576805555554
2 0.199503409375 0.4339045041666667 0.199503409375 0.5087156263888889 0.25210497890625 0.5087156263888889 0.25210497890625 0.4339045041666667
2 0.097552003125 0.4492067791666666 0.097552003125 0.5104158791666666 0.13198212109375002 0.5104158791666666 0.13198212109375002 0.4492067791666666
2 0.8087890140624999 0.3814233902777778 0.8087890140624999 0.5259448777777778 0.9522478421875 0.5259448777777778 0.9522478421875 0.3814233902777778
2 0.784879209375 0.4052269305555556 0.784879209375 0.5072420986111111 0.842262740625 0.5072420986111111 0.842262740625 0.4052269305555556
2 0.0066947453125 0.44319923333333333 0.0066947453125 0.5367131347222222 0.10233396406249999 0.5367131347222222 0.10233396406249999 0.44319923333333333
2 0.2591822828125 0.4125946833333333 0.2591822828125 0.529912125 0.34621397421875 0.529912125 0.34621397421875 0.4125946833333333
2 0.46576299609375005 0.4465997388888889 0.46576299609375005 0.5180103555555556 0.5221901359375 0.5180103555555556 0.5221901359375 0.4465997388888889
2 0.3963289171875 0.4675695138888889 0.3963289171875 0.4964738111111111 0.420238721875 0.4964738111111111 0.420238721875 0.4675695138888889
2 0.3571168375 0.4641690083333333 0.3571168375 0.4862722944444445 0.3772010734375 0.4862722944444445 0.3772010734375 0.4641690083333333
2 0.3772010734375 0.4641690083333333 0.3772010734375 0.4845720416666666 0.3944161328125 0.4845720416666666 0.3944161328125 0.4641690083333333
2 0.34181456250000003 0.4641690083333333 0.34181456250000003 0.4845720416666666 0.3571168375 0.4845720416666666 0.3571168375 0.4641690083333333
2 0.52149458515625 0.2669831625 0.52149458515625 0.6563410486111111 0.78545882890625 0.6563410486111111 0.78545882890625 0.2669831625
2 0.109028709375 0.43764508055555557 0.109028709375 0.5294587333333334 0.208493496875 0.5294587333333334 0.208493496875 0.43764508055555557
7 0.7992250921874999 0.2051638361111111 0.7992250921874999 0.22896737499999997 0.8413063484375 0.22896737499999997 0.8413063484375 0.2051638361111111
7 0.80974540625 0.23236788055555557 0.80974540625 0.3020782444444445 0.8336552109375001 0.3020782444444445 0.8336552109375001 0.23236788055555557
7 0.8967770953124999 0.06574310833333333 0.8967770953124999 0.13375322083333333 0.94746588203125 0.13375322083333333 0.94746588203125 0.06574310833333333