7 0.3348426125 0.6160041083333334 0.3348426125 0.6393899416666666 0.34799714296875 0.6393899416666666 0.34799714296875 0.6160041083333334
7 0.97373427578125 0.5107678569444445 0.97373427578125 0.5320277069444445 0.985692940625 0.5320277069444445 0.985692940625 0.5107678569444445
1 0.6424792625 0.5575395249999999 0.6424792625 0.6574608125 0.80272536875 0.6574608125 0.80272536875 0.5575395249999999
1 0.11958664765625 0.6005907180555555 0.11958664765625 0.7217718541666667 0.2989666171875 0.7217718541666667 0.2989666171875 0.6005907180555555
2 0.20114474609375002 0.6152600319444445 0.20114474609375002 0.7194332888888889 0.33627765703125 0.7194332888888889 0.33627765703125 0.6152600319444445
2 0.2882038203125 0.6462993916666666 0.2882038203125 0.718582876388889 0.40898633359375003 0.718582876388889 0.40898633359375003 0.6462993916666666
2 0.43170779687499994 0.6292915125 0.43170779687499994 0.6973230263888889 0.5393357796875 0.6973230263888889 0.5393357796875 0.6292915125
2 0.67542540625 0.6063308708333334 0.67542540625 0.7764096555555555 0.84284671171875 0.7764096555555555 0.84284671171875 0.6063308708333334
2 0 0.6173860013888889 0 0.9958113027777779 0.26445091875000004 0.9958113027777779 0.26445091875000004 0.6173860013888889
7 0.51661431640625 0.41456704305555553 0.51661431640625 0.4400788625 0.5321605804687499 0.4400788625 0.5321605804687499 0.41456704305555553
6 0.51900604921875 0.44220484722222225 0.51900604921875 0.5081103777777778 0.5309647140625 0.5081103777777778 0.5309647140625 0.44220484722222225