2 0.46648908593750005 0.5275440027777778 0.46648908593750005 0.5612174888888889 0.48370848125 0.5612174888888889 0.48370848125 0.5275440027777778
2 0.43807708359374997 0.52142155 0.43807708359374997 0.5734623888888889 0.46735005546875 0.5734623888888889 0.46735005546875 0.52142155
2 0.57066642890625 0.5107072597222222 0.57066642890625 0.5765236166666667 0.61801976640625 0.5765236166666667 0.61801976640625 0.5107072597222222
2 0.3872798671875 0.5015235819444445 0.3872798671875 0.5902991319444445 0.44668678203125 0.5902991319444445 0.44668678203125 0.5015235819444445
2 0.08852335546875 0.4311153875 0.08852335546875 0.7249930694444444 0.34939719765625 0.7249930694444444 0.34939719765625 0.4311153875
2 0 0.524482775 0 0.6255032305555556 0.10143790156250002 0.6255032305555556 0.10143790156250002 0.524482775
7 0.20905912343750002 0.42958477222222224 0.20905912343750002 0.4464215152777778 0.24091500546875003 0.4464215152777778 0.24091500546875003 0.42958477222222224
2 0.48112557265625 0.47550316111111113 0.48112557265625 0.6239726152777778 0.57324933828125 0.6239726152777778 0.57324933828125 0.47550316111111113
2 0.67312183203125 0.44540836388888894 0.67312183203125 0.6851971333333333 0.8496206351562501 0.6851971333333333 0.8496206351562501 0.44540836388888894
2 0.774872796875 0.3382654583333333 0.774872796875 0.8892861152777779 0.99870909609375 0.8892861152777779 0.99870909609375 0.3382654583333333
7 0.76907806640625 0.21815419583333334 0.76907806640625 0.24723584166666665 0.81557043515625 0.24723584166666665 0.81557043515625 0.21815419583333334
7 0.80782170625 0.19366439027777776 0.80782170625 0.2166235833333333 0.8284849812499999 0.2166235833333333 0.8284849812499999 0.19366439027777776
7 0.883587046875 0.186011325 0.883587046875 0.2349909388888889 0.92233068671875 0.2349909388888889 0.92233068671875 0.186011325
7 0.77596582421875 0.24570522916666668 0.77596582421875 0.2778481027777778 0.8026558874999999 0.2778481027777778 0.8026558874999999 0.24570522916666668
4 0.36442227265625 0.5181543305555556 0.36442227265625 0.5793788472222222 0.37819778984374997 0.5793788472222222 0.37819778984374997 0.5181543305555556
4 0.37819778828125 0.5150931027777778 0.37819778828125 0.5747870069444445 0.39369524453125 0.5747870069444445 0.39369524453125 0.5150931027777778
2 0.00109302890625 0.5319298458333334 0.00109302890625 0.9130524652777778 0.16553825546875 0.9130524652777778 0.16553825546875 0.5319298458333334