4 0.21166836484374998 0.5086418736111111 0.21166836484374998 0.5639174805555556 0.22482289609375 0.5639174805555556 0.22482289609375 0.5086418736111111
4 0.20329730000000001 0.5128938430555555 0.20329730000000001 0.5851773291666666 0.2188435640625 0.5851773291666666 0.2188435640625 0.5128938430555555
4 0.1913386359375 0.5107678569444445 0.1913386359375 0.5830513430555555 0.20568903359375001 0.5830513430555555 0.20568903359375001 0.5107678569444445
4 0.09327758515625 0.4895080097222222 0.09327758515625 0.5681694486111111 0.10882384921874999 0.5681694486111111 0.10882384921874999 0.4895080097222222
4 0.06936025625 0.4895080097222222 0.06936025625 0.5681694486111111 0.100452784375 0.5681694486111111 0.100452784375 0.4895080097222222
4 0.033484260937499996 0.4703741458333333 0.033484260937499996 0.5724214180555556 0.06577265624999999 0.5724214180555556 0.06577265624999999 0.4703741458333333
4 0.01315453125 0.5001379333333333 0.01315453125 0.5511615694444444 0.029896661718750002 0.5511615694444444 0.029896661718750002 0.5001379333333333
4 0.0023917328125 0.4980119486111111 0.0023917328125 0.5299017194444444 0.0143503984375 0.5299017194444444 0.0143503984375 0.4980119486111111
4 0.6290257640625 0.5107678569444445 0.6290257640625 0.5702954347222222 0.6397885624999999 0.5702954347222222 0.6397885624999999 0.5107678569444445
4 0.9043740203124999 0.4810040722222222 0.9043740203124999 0.6000592222222222 0.9270954843749999 0.6000592222222222 0.9270954843749999 0.4810040722222222
4 0.8780649578125 0.46824816111111106 0.8780649578125 0.6000592208333333 0.90317815390625 0.6000592208333333 0.90317815390625 0.46824816111111106
4 0.90796161953125 0.4725001291666666 0.90796161953125 0.6170670986111111 0.9390541492187501 0.6170670986111111 0.9390541492187501 0.4725001291666666
4 0.9342706812499999 0.4810040722222222 0.9342706812499999 0.6170671027777778 0.953404546875 0.6170671027777778 0.953404546875 0.4810040722222222
4 0.94025001484375 0.47675210138888885 0.94025001484375 0.6276970263888889 0.97373427578125 0.6276970263888889 0.97373427578125 0.47675210138888885
4 0.9641673429687501 0.4639961916666666 0.9641673429687501 0.6319489944444445 0.99525987265625 0.6319489944444445 0.99525987265625 0.4639961916666666
6 0.69150978828125 0.3938386930555555 0.69150978828125 0.42360248055555555 0.69868498671875 0.42360248055555555 0.69868498671875 0.3938386930555555
6 0.68553045625 0.3959646763888889 0.68553045625 0.4257284638888889 0.693901521875 0.4257284638888889 0.693901521875 0.3959646763888889
6 0.778808040625 0.2641536166666667 0.778808040625 0.31092528194444446 0.7907667054687499 0.31092528194444446 0.7907667054687499 0.2641536166666667
6 0.76924110859375 0.2641536166666667 0.76924110859375 0.31517725138888886 0.78119977421875 0.31517725138888886 0.78119977421875 0.2641536166666667
6 0.7548907109375 0.26840558472222226 0.7548907109375 0.31517725138888886 0.7680452421874999 0.31517725138888886 0.7680452421874999 0.26840558472222226
7 0.8290344328125 0.2386418 0.8290344328125 0.2896654347222222 0.8589310945312499 0.2896654347222222 0.8589310945312499 0.2386418
7 0.8206633671875 0.44698831250000004 0.8206633671875 0.46612217638888886 0.8338178992187499 0.46612217638888886 0.8338178992187499 0.44698831250000004
6 0.20837973203125001 0.34706702500000003 0.20837973203125001 0.38320876666666664 0.21914253046874999 0.38320876666666664 0.21914253046874999 0.34706702500000003
6 0.20000866796875 0.34706702500000003 0.20000866796875 0.38320876666666664 0.20718386640625003 0.38320876666666664 0.20718386640625003 0.34706702500000003
6 0.19402933515625 0.3449410402777778 0.19402933515625 0.3810827833333333 0.20120453437500002 0.3810827833333333 0.20120453437500002 0.3449410402777778
2 0.33843021171875 0.5052757402777778 0.33843021171875 0.5903151361111111 0.38267727109375 0.5903151361111111 0.38267727109375 0.5052757402777778
2 0.21764769843749998 0.45637809166666665 0.21764769843749998 0.6285828625 0.34321367734375 0.6285828625 0.34321367734375 0.45637809166666665
2 0.3713165390625 0.353976475 0.3713165390625 0.6983860194444445 0.62244849921875 0.6983860194444445 0.62244849921875 0.353976475
2 0.65114929453125 0.44964579444444447 0.65114929453125 0.6792521583333333 0.8544465953125 0.6792521583333333 0.8544465953125 0.44964579444444447
2 0 0.5155513236111111 0 0.7355907569444445 0.06354535078125 0.7355907569444445 0.06354535078125 0.5155513236111111
4 0.65834416953125 0.5062766458333333 0.65834416953125 0.5620730236111111 0.66829565703125 0.5620730236111111 0.66829565703125 0.5062766458333333