7 0.05369018984375 0.5688508791666667 0.05369018984375 0.6341734694444444 0.08966865 0.6341734694444444 0.08966865 0.5688508791666667
7 0.53942169609375 0.5216734583333333 0.53942169609375 0.5815524972222222 0.5715726585937501 0.5815524972222222 0.5715726585937501 0.5216734583333333
7 0.5432491921875 0.5801916111111111 0.5432491921875 0.6223791166666667 0.565448665625 0.6223791166666667 0.565448665625 0.5801916111111111
7 0.37637038984375 0.3855847305555556 0.37637038984375 0.4223286875 0.39244586875 0.4223286875 0.39244586875 0.3855847305555556
2 0.10344763125 0.5416331347222223 0.10344763125 0.6232863708333334 0.21444499921875 0.6232863708333334 0.21444499921875 0.5416331347222223
2 0 0.49082668333333335 0 0.6078629888888889 0.0617502578125 0.6078629888888889 0.0617502578125 0.49082668333333335
7 0.481243759375 0.615574676388889 0.481243759375 0.6332662069444445 0.49196074687499997 0.6332662069444445 0.49196074687499997 0.615574676388889
2 0.35570190859375 0.5625000722222222 0.35570190859375 0.6060484652777778 0.41234884140625 0.6060484652777778 0.41234884140625 0.5625000722222222
2 0.5649383289062501 0.6142138027777778 0.5649383289062501 0.6291835666666666 0.59019979921875 0.6291835666666666 0.59019979921875 0.6142138027777778
2 0.5170946359374999 0.6192037083333333 0.5170946359374999 0.6355343555555556 0.54005960859375 0.6355343555555556 0.54005960859375 0.6192037083333333
7 0.00038274921875 0 0.00038274921875 0.05715726527777777 0.0378922046875 0.05715726527777777 0.0378922046875 0