6 0.6246270046875 0.38033149027777774 0.6246270046875 0.4016584902777778 0.6306252234375 0.4016584902777778 0.6306252234375 0.38033149027777774
6 0.6174291421875 0.38459689027777777 0.6174291421875 0.4016584902777778 0.6210280734375 0.4016584902777778 0.6210280734375 0.38459689027777777
7 0.8969461367187501 0.2928907888888889 0.8969461367187501 0.32488129027777773 0.9209390117187499 0.32488129027777773 0.9209390117187499 0.2928907888888889
7 0.8825504117187499 0.2118481888888889 0.8825504117187499 0.25663488888888886 0.9281368750000001 0.25663488888888886 0.9281368750000001 0.2118481888888889
7 0.6210280734375 0.30142158888888887 0.6210280734375 0.3654025888888889 0.6762116859375 0.3654025888888889 0.6762116859375 0.30142158888888887
7 0.54904944765625 0.39739309027777775 0.54904944765625 0.42298549027777776 0.57544161015625 0.42298549027777776 0.57544161015625 0.39739309027777775
6 0.5394522976562499 0.38033149027777774 0.5394522976562499 0.4016584902777778 0.5442508734375 0.4016584902777778 0.5442508734375 0.38033149027777774
6 0.53345408046875 0.37606609027777776 0.53345408046875 0.3995257916666667 0.53945229921875 0.3995257916666667 0.53945229921875 0.37606609027777776
2 0.55384802265625 0.46137409027777776 0.55384802265625 0.4784356902777778 0.57064303515625 0.4784356902777778 0.57064303515625 0.46137409027777776
2 0.5370530101562501 0.4379143902777778 0.5370530101562501 0.4763029902777778 0.5562473101562501 0.4763029902777778 0.5562473101562501 0.4379143902777778
2 0.51545942421875 0.44857789027777784 0.51545942421875 0.48270109027777774 0.53585336875 0.48270109027777774 0.53585336875 0.44857789027777784
2 0.50586227265625 0.46990489027777776 0.50586227265625 0.5082934902777778 0.52145764296875 0.5082934902777778 0.52145764296875 0.46990489027777776
2 0.46987296015625 0.45284329027777775 0.46987296015625 0.5274877902777777 0.51066084921875 0.5274877902777777 0.51066084921875 0.45284329027777775
2 0.42908507265624996 0.4720375902777778 0.42908507265624996 0.5253550902777778 0.45547723515625 0.5253550902777778 0.45547723515625 0.4720375902777778
2 0.37630074765625 0.44431249027777775 0.37630074765625 0.5338858888888889 0.432684003125 0.5338858888888889 0.432684003125 0.44431249027777775
2 0.329514640625 0.46990489027777776 0.329514640625 0.5573455902777777 0.3918961171875 0.5573455902777777 0.3918961171875 0.46990489027777776
2 0.21554848437500002 0.4592413902777778 0.21554848437500002 0.5872033916666667 0.340311434375 0.5872033916666667 0.340311434375 0.4592413902777778
2 0.131573421875 0.46137409027777776 0.131573421875 0.5786725902777778 0.23954135937499998 0.5786725902777778 0.23954135937499998 0.46137409027777776
2 0.56704410390625 0.45284329027777775 0.56704410390625 0.4763029902777778 0.58383911640625 0.4763029902777778 0.58383911640625 0.45284329027777775
2 0.58024018515625 0.45710869027777784 0.58024018515625 0.47417028888888885 0.59703519765625 0.47417028888888885 0.59703519765625 0.45710869027777784
2 0.6498195234375 0.46563949027777773 0.6498195234375 0.5018953902777779 0.66421524921875 0.5018953902777779 0.66421524921875 0.46563949027777773
2 0.58983733515625 0.4400470902777778 0.58983733515625 0.5552128902777778 0.6558177421875 0.5552128902777778 0.6558177421875 0.4400470902777778
9 0.6282259359375 0.4208527902777778 0.6282259359375 0.48696649166666667 0.6858088359375001 0.48696649166666667 0.6858088359375001 0.4208527902777778
2 0.6642152484375 0.4379143902777778 0.6642152484375 0.5296204902777778 0.7265967234375 0.5296204902777778 0.7265967234375 0.4379143902777778
2 0.6846091921874999 0.46563949027777773 0.6846091921874999 0.5594782902777777 0.75298888671875 0.5594782902777777 0.75298888671875 0.46563949027777773
2 0.7205985046875 0.48270109027777774 0.7205985046875 0.6191938902777777 0.85615824921875 0.6191938902777777 0.85615824921875 0.48270109027777774
2 0.8489603859375 0.4101892902777778 0.8489603859375 0.8239330916666666 1 0.8239330916666666 1 0.4101892902777778
2 0.47707082265625 0.47417029027777774 0.47707082265625 0.7450231916666666 0.6570173859375 0.7450231916666666 0.6570173859375 0.47417029027777774
7 0.682189803125 0.39502038194444444 0.682189803125 0.41026678194444444 0.6946641312499999 0.41026678194444444 0.6946641312499999 0.39502038194444444