2 0 0.2776632722222222 0 0.6611684916666667 0.16585054375 0.6611684916666667 0.16585054375 0.2776632722222222
2 0.0916237265625 0.24801182222222223 0.0916237265625 0.35935204583333336 0.14845363203125 0.35935204583333336 0.14845363203125 0.24801182222222223
2 0.12757734062499998 0.2387629263888889 0.12757734062499998 0.4232695819444444 0.27371138515625 0.4232695819444444 0.27371138515625 0.2387629263888889
2 0.26605675546874996 0.2800000472222222 0.26605675546874996 0.32082479305555556 0.2864691203125 0.32082479305555556 0.2864691203125 0.2800000472222222
2 0.28577325390624997 0.2779381888888889 0.28577325390624997 0.3381443861111111 0.32590211562500004 0.3381443861111111 0.32590211562500004 0.2779381888888889
2 0.3050258234375 0.2659794263888889 0.3050258234375 0.5216495722222222 0.46855677890624997 0.5216495722222222 0.46855677890624997 0.2659794263888889
2 0.51494853828125 0.28041241805555556 0.51494853828125 0.32783510555555556 0.57409803203125 0.32783510555555556 0.57409803203125 0.28041241805555556
2 0.56365988671875 0.2783505611111111 0.56365988671875 0.32577325 0.6216495867187499 0.32577325 0.6216495867187499 0.2783505611111111
2 0.62257744375 0.2762887055555555 0.62257744375 0.32577325 0.67708776171875 0.32577325 0.67708776171875 0.2762887055555555
2 0.80466510234375 0.2783505611111111 0.80466510234375 0.29690726666666667 0.8267011898437501 0.29690726666666667 0.8267011898437501 0.2783505611111111
2 0.7663919 0.2668041666666667 0.7663919 0.2832990194444444 0.80002592734375 0.2832990194444444 0.80002592734375 0.2668041666666667
7 0.589639265625 0.033814431944444445 0.589639265625 0.08742268888888889 0.6132990921875 0.08742268888888889 0.6132990921875 0.033814431944444445
7 0.59961350078125 0.11134022361111112 0.59961350078125 0.12989692916666667 0.61469082265625 0.12989692916666667 0.61469082265625 0.11134022361111112
7 0.589639265625 0.13608249583333334 0.589639265625 0.1979381763888889 0.61353102890625 0.1979381763888889 0.61353102890625 0.13608249583333334
7 0.58917535390625 0.1979381763888889 0.58917535390625 0.21443302499999997 0.6100516460937501 0.21443302499999997 0.6100516460937501 0.1979381763888889
7 0.47319595468750003 0.07628867222222223 0.47319595468750003 0.11752579305555556 0.52422688984375 0.11752579305555556 0.52422688984375 0.07628867222222223
6 0.41636604765624996 0.061855680555555556 0.41636604765624996 0.11752579305555556 0.42912378203125 0.11752579305555556 0.42912378203125 0.061855680555555556
6 0.40128872578125 0.061855680555555556 0.40128872578125 0.11752579305555556 0.41520625390625004 0.11752579305555556 0.41520625390625004 0.061855680555555556
2 0.8348197468749999 0.28865984166666664 0.8348197468749999 0.3051546875 0.8556960390624999 0.3051546875 0.8556960390624999 0.28865984166666664
6 0.240077359375 0.12577321666666666 0.240077359375 0.16907219444444443 0.25051550546875 0.16907219444444443 0.25051550546875 0.12577321666666666
6 0.23195880078125 0.12371135972222223 0.23195880078125 0.16494848055555555 0.23891756484374999 0.16494848055555555 0.23891756484374999 0.12371135972222223
7 0.07190722890625 0.17319590416666666 0.07190722890625 0.18350518333333332 0.0927835203125 0.18350518333333332 0.0927835203125 0.17319590416666666
7 0.14961342734375 0.14226806527777777 0.14961342734375 0.16082477083333332 0.15889177968749998 0.16082477083333332 0.15889177968749998 0.14226806527777777
7 0.01855670390625 0.20412374583333334 0.01855670390625 0.24536086666666665 0.0440721703125 0.24536086666666665 0.0440721703125 0.20412374583333334
6 0.0727734140625 0.23372788749999998 0.0727734140625 0.25413090416666667 0.08871327109375 0.25413090416666667 0.08871327109375 0.23372788749999998
6 0.497666240625 0.24959690138888888 0.497666240625 0.26886641666666666 0.50850534296875 0.26886641666666666 0.50850534296875 0.24959690138888888
6 0.6028692953125 0.2155918736111111 0.6028692953125 0.25866490833333333 0.627735471875 0.25866490833333333 0.627735471875 0.2155918736111111
6 0.3431133859375 0.2563979069444444 0.3431133859375 0.26886641666666666 0.35012692265625 0.26886641666666666 0.35012692265625 0.2563979069444444
6 0.38073144765625 0.2552644055555555 0.38073144765625 0.2665994152777778 0.38519460781250003 0.2665994152777778 0.38519460781250003 0.2552644055555555