2 0.43768872265625003 0.5358410361111111 0.43768872265625003 0.5878307888888888 0.450361225 0.5878307888888888 0.450361225 0.5358410361111111
2 0.44158795390625 0.5306420611111111 0.44158795390625 0.6068936972222222 0.49130315468749997 0.6068936972222222 0.49130315468749997 0.5306420611111111
2 0.34118274609375 0.5185111194444445 0.34118274609375 0.6415535319444444 0.41819256562499996 0.6415535319444444 0.41819256562499996 0.5185111194444445
2 0.04484116015625 0.48905025972222227 0.04484116015625 0.8079207375 0.33728351484374997 0.8079207375 0.33728351484374997 0.48905025972222227
2 0.30608966328125 0.5029141944444445 0.30608966328125 0.5860977986111111 0.34410716953125 0.5860977986111111 0.34410716953125 0.5029141944444445
2 0.6326502921875 0.5341080444444445 0.6326502921875 0.6346215638888889 0.7954432031249999 0.6346215638888889 0.7954432031249999 0.5341080444444445
2 0.76132492734375 0.4075996486111111 0.76132492734375 0.925764175 0.9982032343749999 0.925764175 0.9982032343749999 0.4075996486111111
0 0 0.5289090694444444 0 0.6467525069444444 0.06336251015625 0.6467525069444444 0.06336251015625 0.5289090694444444
5 0.0029244234375 0.46478837638888887 0.0029244234375 0.6415535333333333 0.0370426984375 0.6415535333333333 0.0370426984375 0.46478837638888887
6 0.0048740390625 0.40586665694444446 0.0048740390625 0.44745845833333336 0.02242058046875 0.44745845833333336 0.02242058046875 0.40586665694444446
6 0.20665926250000002 0.20657260833333335 0.20665926250000002 0.27242629444444444 0.22225618906250003 0.27242629444444444 0.22225618906250003 0.20657260833333335
6 0.5449175859375 0.17711174861111112 0.5449175859375 0.24123244166666666 0.5575900875 0.24123244166666666 0.5575900875 0.17711174861111112
6 0.66481895078125 0.4734533347222222 0.66481895078125 0.4994482069444445 0.68041587734375 0.4994482069444445 0.68041587734375 0.4734533347222222
6 0.647272409375 0.4734533347222222 0.647272409375 0.4977152166666667 0.6609197195312501 0.4977152166666667 0.6609197195312501 0.4734533347222222
7 0.66481895078125 0.18404371527777777 0.66481895078125 0.24643141666666668 0.7184333820312501 0.24643141666666668 0.7184333820312501 0.18404371527777777
7 0.01462211796875 0.2516303916666667 0.01462211796875 0.27589227638888886 0.054589239062499996 0.27589227638888886 0.054589239062499996 0.2516303916666667
4 0.65214644921875 0.5029141944444445 0.65214644921875 0.7801928708333333 0.711609728125 0.7801928708333333 0.711609728125 0.5029141944444445
7 0.45815968749999997 0.4734533347222222 0.45815968749999997 0.49598222638888895 0.46595814921875 0.49598222638888895 0.46595814921875 0.4734533347222222