2 0.47183720156250003 0.36842898333333335 0.47183720156250003 0.4071752027777778 0.50051450234375 0.4071752027777778 0.50051450234375 0.36842898333333335
2 0.50166159609375 0.36435043194444444 0.50166159609375 0.42756794861111114 0.52919180625 0.42756794861111114 0.52919180625 0.36435043194444444
2 0.517720884375 0.3704682541666667 0.517720884375 0.4398036 0.5441040015625 0.4398036 0.5441040015625 0.3704682541666667
2 0.530338896875 0.36638970555555556 0.530338896875 0.4479606972222222 0.57278130390625 0.4479606972222222 0.57278130390625 0.36638970555555556
2 0.5567220148437501 0.3704682541666667 0.5567220148437501 0.4683534458333333 0.607194065625 0.4683534458333333 0.607194065625 0.3704682541666667
2 0.37089309843749996 0.3704682541666667 0.37089309843749996 0.40309665138888884 0.39612912421875 0.40309665138888884 0.39612912421875 0.3704682541666667
2 0.29977338984375 0.37114801388888885 0.29977338984375 0.4608761055555556 0.3800698359375 0.4608761055555556 0.3800698359375 0.37114801388888885
2 0.41333550546875 0.3670694638888889 0.41333550546875 0.43232625694444443 0.46495464921874996 0.43232625694444443 0.46495464921874996 0.3670694638888889
2 0.5762225812499999 0.3629909138888889 0.5762225812499999 0.49962232638888887 0.71043235390625 0.49962232638888887 0.71043235390625 0.3629909138888889
4 0.822082653125 0.3133685597222222 0.822082653125 0.49282474305555557 0.8530541398437499 0.49282474305555557 0.8530541398437499 0.3133685597222222
4 0.8599366921874999 0.3296827597222222 0.8599366921874999 0.48058909722222226 0.8874669015625001 0.48058909722222226 0.8874669015625001 0.3296827597222222
4 0.8920552703125001 0.2970543625 0.8920552703125001 0.4805890944444445 0.93449767578125 0.4805890944444445 0.93449767578125 0.2970543625
2 0.2745373640625 0.3718277597222222 0.2745373640625 0.40037760833333336 0.29747920625 0.40037760833333336 0.29747920625 0.3718277597222222
7 0.5268976210937499 0.27258306527777776 0.5268976210937499 0.2929758138888889 0.54066272578125 0.2929758138888889 0.54066272578125 0.27258306527777776
7 0.5142796070312501 0.31744711111111107 0.5142796070312501 0.3439576833333333 0.52460343671875 0.3439576833333333 0.52460343671875 0.31744711111111107
2 0.312391403125 0.3534742888888889 0.312391403125 0.38814195972222226 0.35024544140625 0.38814195972222226 0.35024544140625 0.3534742888888889
6 0.3112443109375 0.29977339444444445 0.3112443109375 0.3344410666666667 0.32271523046875 0.3344410666666667 0.32271523046875 0.29977339444444445
2 0.024471290625 0.3745467847222222 0.024471290625 0.41737155555555555 0.0749433421875 0.41737155555555555 0.0749433421875 0.3745467847222222