7 0.08358767109375001 0.1883884888888889 0.08358767109375001 0.2374405888888889 0.1579655828125 0.2374405888888889 0.1579655828125 0.1883884888888889
7 0.180758815625 0.17559229166666668 0.180758815625 0.22251169166666665 0.24793886640624999 0.22251169166666665 0.24793886640624999 0.17559229166666668
7 0.17715988437500002 0.2182462888888889 0.17715988437500002 0.2523694888888889 0.250338153125 0.2523694888888889 0.250338153125 0.2182462888888889
7 0.159165228125 0.2502367888888889 0.159165228125 0.26516568611111113 0.17715988437500002 0.26516568611111113 0.17715988437500002 0.2502367888888889
7 0.162764159375 0.2715637888888889 0.162764159375 0.2928907888888889 0.17955917187499998 0.2928907888888889 0.17955917187499998 0.2715637888888889
7 0.6810102609375 0 0.6810102609375 0.14999989027777777 0.8033739234375 0.14999989027777777 0.8033739234375 0
2 0.012808689843750002 0.2395732888888889 0.012808689843750002 0.2694310861111111 0.03440227890625 0.2694310861111111 0.03440227890625 0.2395732888888889
2 0.04040049765625 0.2736964888888889 0.04040049765625 0.30142158888888887 0.061994086718749994 0.30142158888888887 0.061994086718749994 0.2736964888888889
2 0.156765940625 0.3227485902777778 0.156765940625 0.3718006930555556 0.19635418437500002 0.3718006930555556 0.19635418437500002 0.3227485902777778
2 0.38829718515625 0.23317519027777778 0.38829718515625 0.2779618902777778 0.44228115390625 0.2779618902777778 0.44228115390625 0.23317519027777778
2 0.6522188109375 0.2609002888888889 0.6522188109375 0.2779618888888889 0.7026038484375 0.2779618888888889 0.7026038484375 0.2609002888888889
2 0.56584446015625 0.38459689027777777 0.56584446015625 0.4101892902777778 0.58983733515625 0.4101892902777778 0.58983733515625 0.38459689027777777
7 0.01400833359375 0.08601888888888888 0.01400833359375 0.1286728888888889 0.040400496875000004 0.1286728888888889 0.040400496875000004 0.08601888888888888