4 0.321658090625 0.41204073333333335 0.321658090625 0.47081623055555555 0.334056046875 0.47081623055555555 0.334056046875 0.41204073333333335
4 0.2671464453125 0.41562674583333337 0.2671464453125 0.4762389777777778 0.2795444015625 0.4762389777777778 0.2795444015625 0.41562674583333337
4 0.248549509375 0.40093287083333334 0.248549509375 0.43950429166666666 0.25578165078125 0.43950429166666666 0.25578165078125 0.40093287083333334
4 0.26094746640625 0.4248104194444444 0.26094746640625 0.48542265138888885 0.27541175078125 0.48542265138888885 0.27541175078125 0.4248104194444444
4 0.21755461796875003 0.4229736847222222 0.21755461796875003 0.4872593833333333 0.22995257421874998 0.4872593833333333 0.22995257421874998 0.4229736847222222
4 0.24028420546875 0.42113695000000007 0.24028420546875 0.4872593833333333 0.25061583593750003 0.4872593833333333 0.25061583593750003 0.42113695000000007
4 0.22891941093749998 0.4174634805555556 0.22891941093749998 0.5056267263888888 0.248549509375 0.5056267263888888 0.248549509375 0.4174634805555556
4 0.1369679015625 0.4284838861111111 0.1369679015625 0.5203206013888889 0.15866432578125 0.5203206013888889 0.15866432578125 0.4284838861111111
4 0.11158160937499999 0.39030604166666666 0.11158160937499999 0.4692856152777778 0.1219132390625 0.4692856152777778 0.1219132390625 0.39030604166666666
4 0.12250361875 0.38492705694444446 0.12250361875 0.4492127583333333 0.134901575 0.4492127583333333 0.134901575 0.38492705694444446
4 0.0406377421875 0.3789795166666667 0.0406377421875 0.430408075 0.055102025 0.430408075 0.055102025 0.3789795166666667
4 0.02047542421875 0.3597129361111111 0.02047542421875 0.4423659805555556 0.03493970546875 0.4423659805555556 0.03493970546875 0.3597129361111111
4 0.027206621874999996 0.4377550138888889 0.027206621874999996 0.49285704305555555 0.05820151328124999 0.49285704305555555 0.05820151328124999 0.4377550138888889
4 0.28446421953125 0.4102039986111111 0.28446421953125 0.5479590708333333 0.31649227421875004 0.5479590708333333 0.31649227421875004 0.4102039986111111
2 0.44381732500000004 0.406443075 0.44381732500000004 0.4762389777777778 0.47584537890625 0.4762389777777778 0.47584537890625 0.406443075
2 0.45208262968749996 0.41956259722222217 0.45208262968749996 0.49303197083333333 0.4996081296875 0.49303197083333333 0.4996081296875 0.41956259722222217
2 0.4954754765625 0.4158891277777778 0.4954754765625 0.45262381527777773 0.5120060859375 0.45262381527777773 0.5120060859375 0.4158891277777778
2 0.49237598828125 0.38125358750000005 0.49237598828125 0.6347229208333333 0.68764380390625 0.6347229208333333 0.68764380390625 0.38125358750000005
2 0.7672957609375 0.31285707916666666 0.7672957609375 0.617754975 0.9987242828125 0.617754975 0.9987242828125 0.31285707916666666
1 0.7702617929687501 0.2075509763888889 0.7702617929687501 0.5381631513888888 0.9985908265625 0.5381631513888888 0.9985908265625 0.2075509763888889
4 0.75558656875 0.40040807638888887 0.75558656875 0.4757141847222222 0.7690176890625 0.4757141847222222 0.7690176890625 0.40040807638888887
6 0.6274743515625001 0.31653055138888886 0.6274743515625001 0.34224483194444444 0.63470649296875 0.34224483194444444 0.63470649296875 0.31653055138888886
2 0.36340218984375 0.41546929722222226 0.36340218984375 0.4871019361111111 0.4160935046875 0.4871019361111111 0.4160935046875 0.41546929722222226
4 0.1096050234375 0.42703095 0.1096050234375 0.5324996263888888 0.134653834375 0.5324996263888888 0.134653834375 0.42703095