2 0 0.26907220972222223 0 0.5391753486111112 0.25283509296875 0.5391753486111112 0.25283509296875 0.26907220972222223
2 0.62025785546875 0.4597938888888889 0.62025785546875 0.4783505944444444 0.63417538359375 0.4783505944444444 0.63417538359375 0.4597938888888889
2 0.60865991484375 0.4536083222222222 0.60865991484375 0.4824743069444445 0.6237372382812499 0.4824743069444445 0.6237372382812499 0.4536083222222222
2 0.6040207390625 0.45773203333333334 0.6040207390625 0.4907217305555555 0.6132990914062499 0.4907217305555555 0.6132990914062499 0.45773203333333334
2 0.58314444921875 0.44742275277777777 0.58314444921875 0.4886598736111111 0.60750012265625 0.4886598736111111 0.60750012265625 0.44742275277777777
2 0.5286341289062501 0.4412371847222222 0.5286341289062501 0.4721650277777778 0.57270630234375 0.4721650277777778 0.57270630234375 0.4412371847222222
2 0.5587887734375 0.4536083222222222 0.5587887734375 0.5051547236111111 0.5993815640625 0.5051547236111111 0.5993815640625 0.4536083222222222
2 0.66664961484375 0.45773203333333334 0.66664961484375 0.4927835875 0.6875259078125 0.4927835875 0.6875259078125 0.45773203333333334
2 0.68056714453125 0.45773203333333334 0.68056714453125 0.49896915277777776 0.7084022015625 0.49896915277777776 0.7084022015625 0.45773203333333334
2 0.693324878125 0.472165025 0.693324878125 0.5092784333333333 0.72579911015625 0.5092784333333333 0.72579911015625 0.472165025
2 0.7095619921874999 0.46185574583333333 0.7095619921874999 0.4783505944444444 0.728118696875 0.4783505944444444 0.728118696875 0.46185574583333333
2 0.72463931796875 0.4659794583333333 0.72463931796875 0.48453616388888887 0.75363416796875 0.48453616388888887 0.75363416796875 0.4659794583333333
2 0.84046408046875 0.47147774166666667 0.84046408046875 0.4941581583333334 0.87177851953125 0.4941581583333334 0.87177851953125 0.47147774166666667
2 0.73492282578125 0.4384880472222222 0.73492282578125 0.5786942555555556 0.8439434632812499 0.5786942555555556 0.8439434632812499 0.4384880472222222
9 0.8417785117187501 0.4486598708333333 0.8417785117187501 0.5496908180555556 0.9983507015624999 0.5496908180555556 0.9983507015624999 0.4486598708333333
2 0.4831370625 0.4391753305555555 0.4831370625 0.5608248333333333 0.5295288218749999 0.5608248333333333 0.5295288218749999 0.4391753305555555
2 0.306848371875 0.4020619222222222 0.306848371875 0.6082475222222222 0.49357520781249997 0.6082475222222222 0.49357520781249997 0.4020619222222222
2 0.9553658179687501 0.6041238125 0.9553658179687501 0.7814434277777778 0.9982781960937499 0.7814434277777778 0.9982781960937499 0.6041238125