2 0.43317844765625 0.38717015972222224 0.43317844765625 0.40754753750000006 0.44750629140625 0.40754753750000006 0.44750629140625 0.38717015972222224
2 0.46040135 0.38547203194444446 0.46040135 0.4083965791666667 0.47472919296875 0.4083965791666667 0.47472919296875 0.38547203194444446
2 0.49765374140625 0.38292485694444445 0.49765374140625 0.39820789027777775 0.5162799359375 0.39820789027777775 0.5162799359375 0.38292485694444445
2 0.46756527109375 0.38547203194444446 0.46756527109375 0.4083965791666667 0.48332589921875 0.4083965791666667 0.48332589921875 0.38547203194444446
2 0.44177515312500004 0.39056637638888886 0.44177515312500004 0.41858526944444446 0.46326691875000003 0.41858526944444446 0.46326691875000003 0.39056637638888886
2 0.47902754453125 0.3846229888888889 0.47902754453125 0.4253777402777778 0.50768323046875 0.4253777402777778 0.50768323046875 0.3846229888888889
2 0.506250446875 0.38717015972222224 0.506250446875 0.42283056944444447 0.5277422109375001 0.42283056944444447 0.5277422109375001 0.38717015972222224
2 0.5621290343750001 0.3803776833333333 0.5621290343750001 0.4109437513888889 0.5950830734375 0.4109437513888889 0.5950830734375 0.3803776833333333
2 0.5821880148437499 0.35660409305555557 0.5821880148437499 0.4788683541666667 0.67818456484375 0.4788683541666667 0.67818456484375 0.35660409305555557
2 0.65382723203125 0.32603802916666663 0.65382723203125 0.5909439263888889 0.9002661328125001 0.5909439263888889 0.9002661328125001 0.32603802916666663
2 0.25837876171874996 0.3820758152777778 0.25837876171874996 0.4432079472222222 0.302795075 0.4432079472222222 0.302795075 0.3820758152777778
7 0.775613896875 0.24283039444444446 0.775613896875 0.31924555694444445 0.81000072109375 0.31924555694444445 0.81000072109375 0.24283039444444446
7 0.25551319453125 0.24367945694444443 0.25551319453125 0.31754745 0.29133280234375 0.31754745 0.29133280234375 0.24367945694444443
7 0.42028338906249996 0.36849089166666665 0.42028338906249996 0.39396261388888887 0.43461123281249997 0.39396261388888887 0.43461123281249997 0.36849089166666665
7 0.45467021328125 0.35830220138888885 0.45467021328125 0.37613240694444444 0.4661324875 0.37613240694444444 0.4661324875 0.35830220138888885
6 0.48332589921875 0.3633965430555556 0.48332589921875 0.38377392083333334 0.4919226046875 0.38377392083333334 0.4919226046875 0.3633965430555556
6 0.4747291921875 0.3650946513888889 0.4747291921875 0.3854720291666666 0.48189311484374997 0.3854720291666666 0.48189311484374997 0.3650946513888889
6 0.44464072187500003 0.35405692222222224 0.44464072187500003 0.3744343 0.45467021171875005 0.3744343 0.45467021171875005 0.35405692222222224
6 0.43461123125 0.3515097513888889 0.43461123125 0.37188712777777777 0.44320793671875 0.37188712777777777 0.44320793671875 0.3515097513888889
2 0.22685750859375 0.3973588472222222 0.22685750859375 0.43301925694444443 0.26554268359375 0.43301925694444443 0.26554268359375 0.3973588472222222