2 0.38923126640625 0.38755093888888886 0.38923126640625 0.4040815486111111 0.40472871093749996 0.4040815486111111 0.40472871093749996 0.38755093888888886
2 0.40886136328125 0.3728570652777778 0.40886136328125 0.39306114166666667 0.42022615703125005 0.39306114166666667 0.42022615703125005 0.3728570652777778
2 0.35513688593750004 0.36551012638888886 0.35513688593750004 0.3783672666666667 0.36753484296875 0.3783672666666667 0.36753484296875 0.36551012638888886
2 0.43778992890625 0.3746938 0.43778992890625 0.4151019541666666 0.46465216875 0.4151019541666666 0.46465216875 0.3746938
2 0.47808328828124996 0.38387746944444445 0.47808328828124996 0.4261223611111111 0.515277159375 0.4261223611111111 0.515277159375 0.38387746944444445
2 0.34893790703125 0.38387746944444445 0.34893790703125 0.42244888888888893 0.3788996359375 0.42244888888888893 0.3788996359375 0.38387746944444445
2 0.8291520867187501 0.3893876736111111 0.8291520867187501 0.42979582916666664 0.8973408484375 0.42979582916666664 0.8973408484375 0.3893876736111111
7 0.5254207937500001 0.037786976388888886 0.5254207937500001 0.19941959583333332 0.69795902265625 0.19941959583333332 0.69795902265625 0.037786976388888886
7 0.34874991171874997 0.023093102777777777 0.34874991171874997 0.1828889875 0.51922181484375 0.1828889875 0.51922181484375 0.023093102777777777
7 0.36340218984375 0.3214285041666667 0.36340218984375 0.34530605 0.39956289609375 0.34530605 0.39956289609375 0.3214285041666667
7 0.40162922421875 0.32693870555555554 0.40162922421875 0.34530605 0.41919299375 0.34530605 0.41919299375 0.32693870555555554
7 0.4212593203125 0.3251019722222222 0.4212593203125 0.34163258055555557 0.435723603125 0.34163258055555557 0.435723603125 0.3251019722222222
9 0.5225093000000001 0.2314285236111111 0.5225093000000001 0.45918357916666663 0.6444225390625 0.45918357916666663 0.6444225390625 0.2314285236111111