6 0.57318701328125 0.38645715555555554 0.57318701328125 0.4055200638888889 0.5780610515625 0.4055200638888889 0.5780610515625 0.38645715555555554
6 0.36847736640625 0.3899231402777778 0.36847736640625 0.4072530555555555 0.37627582890625 0.4072530555555555 0.37627582890625 0.3899231402777778
6 0.30901408671874997 0.42458297222222224 0.30901408671874997 0.44191289027777775 0.3216865890625 0.44191289027777775 0.3216865890625 0.42458297222222224
7 0.5770862453125 0.4141850222222222 0.5770862453125 0.4297819486111111 0.5887839390625 0.4297819486111111 0.5887839390625 0.4141850222222222
7 0.360678903125 0.3552633055555556 0.360678903125 0.36739424722222225 0.38992313828124997 0.36739424722222225 0.38992313828124997 0.3552633055555556
2 0.64532279375 0.3968551055555556 0.64532279375 0.72265755 0.99820323515625 0.72265755 0.99820323515625 0.3968551055555556
2 0.88610033203125 0.5476253875 0.88610033203125 0.7545316916666667 0.9979701148437499 0.7545316916666667 0.9979701148437499 0.5476253875
2 0.2242058046875 0.4731067416666667 0.2242058046875 0.5094995680555556 0.27587062109375 0.5094995680555556 0.27587062109375 0.4731067416666667
2 0.265147734375 0.48523768333333334 0.265147734375 0.5788192361111111 0.32851024296875 0.5788192361111111 0.32851024296875 0.48523768333333334
2 0.40746967968750003 0.46097579861111115 0.40746967968750003 0.4956356333333334 0.4347643 0.4956356333333334 0.4347643 0.46097579861111115
2 0.14719598359375 0.48523768333333334 0.14719598359375 0.637273375 0.27489581171875 0.637273375 0.27489581171875 0.48523768333333334
2 0.432814684375 0.3985880972222222 0.432814684375 0.6134790722222222 0.55759008828125 0.6134790722222222 0.55759008828125 0.3985880972222222
4 0.29634158515625 0.4471118652777778 0.29634158515625 0.4817717 0.30901408671874997 0.4817717 0.30901408671874997 0.4471118652777778
4 0.432814684375 0.4401798986111111 0.432814684375 0.4817717 0.440613146875 0.4817717 0.440613146875 0.4401798986111111
4 0.5673381656250001 0.4557768236111111 0.5673381656250001 0.4817717 0.57416182109375 0.4817717 0.57416182109375 0.4557768236111111
4 0.5722122046875 0.4627087916666667 0.5722122046875 0.48350469166666665 0.57903586015625 0.48350469166666665 0.57903586015625 0.4627087916666667
4 0.54784200859375 0.4471118652777778 0.54784200859375 0.47483973333333335 0.55369085625 0.47483973333333335 0.55369085625 0.4471118652777778
4 0.5653078421875 0.424939675 0.5653078421875 0.5799245597222222 0.63872173515625 0.5799245597222222 0.63872173515625 0.424939675
4 0.6022233484374999 0.4371753236111111 0.6022233484374999 0.6321752041666667 0.7064001671875 0.6321752041666667 0.7064001671875 0.4371753236111111
7 0.7157854640625 0.34055890694444446 0.7157854640625 0.38338367777777776 0.73643312109375 0.38338367777777776 0.73643312109375 0.34055890694444446
7 0.11126793125000001 0.3318919736111111 0.11126793125000001 0.3665596458333334 0.13420977265625 0.3665596458333334 0.13420977265625 0.3318919736111111
7 0.21335912578125 0.38287384444444444 0.21335912578125 0.3889916680555556 0.2443306125 0.3889916680555556 0.2443306125 0.38287384444444444
7 0.21794749453125 0.3787952944444445 0.21794749453125 0.41550224027777777 0.237448059375 0.41550224027777777 0.237448059375 0.3787952944444445