6 0.40102815156249993 0.40652652222222224 0.40102815156249993 0.42109487916666666 0.42014911953125 0.42109487916666666 0.42014911953125 0.40652652222222224
7 0.39010188281249997 0.42352293888888887 0.39010188281249997 0.44051935416666665 0.42014911953125 0.44051935416666665 0.42014911953125 0.42352293888888887
7 0.22211051640625 0.36282145 0.22211051640625 0.40652652222222224 0.2685471546875 0.40652652222222224 0.2685471546875 0.36282145
7 0.209818465625 0.35796533333333336 0.209818465625 0.4138107027777778 0.22074473359375002 0.4138107027777778 0.22074473359375002 0.35796533333333336
7 0.209818465625 0.41381070000000003 0.209818465625 0.4380912972222222 0.21937894921874998 0.4380912972222222 0.21937894921874998 0.41381070000000003
7 0.08143481953125001 0.2608429527777778 0.08143481953125001 0.3215444402777778 0.0991900046875 0.3215444402777778 0.0991900046875 0.2608429527777778
2 0.38873609921874996 0.5157891986111112 0.38873609921874996 0.5522100916666667 0.41058863359375 0.5522100916666667 0.41058863359375 0.5157891986111112
2 0.40922285234375 0.5182172597222222 0.40922285234375 0.5619223319444444 0.42834382031249996 0.5619223319444444 0.42834382031249996 0.5182172597222222
2 0.317715359375 0.4769402472222222 0.317715359375 0.5886309847222222 0.39966236875 0.5886309847222222 0.39966236875 0.4769402472222222
2 0.3463968140625 0.4987927833333333 0.3463968140625 0.6056274013888889 0.377809834375 0.6056274013888889 0.377809834375 0.4987927833333333
2 0.25762088671875 0.4890805458333333 0.25762088671875 0.6250518777777778 0.36824935000000003 0.6250518777777778 0.36824935000000003 0.4890805458333333
2 0.0022193765625 0.42837905833333334 0.0022193765625 0.812012461111111 0.263084021875 0.812012461111111 0.263084021875 0.42837905833333334
2 0.642771825 0.5157891986111112 0.642771825 0.6590447083333333 0.7506687203125 0.6590447083333333 0.7506687203125 0.5157891986111112
2 0.7028662984375 0.5352136763888888 0.7028662984375 0.7294584388888888 0.9145627359375 0.7294584388888888 0.9145627359375 0.5352136763888888
2 0.8708576671875001 0.5206453194444444 0.8708576671875001 0.7950160402777778 0.99787553046875 0.7950160402777778 0.99787553046875 0.5206453194444444
2 0.40796742578125 0.4259509972222222 0.40796742578125 0.8100007263888889 0.6523323117187501 0.8100007263888889 0.6523323117187501 0.4259509972222222