2 0.5776608828125 0.5801262430555556 0.5776608828125 0.5937282638888889 0.5929631578125 0.5937282638888889 0.5929631578125 0.5801262430555556
2 0.5776608828125 0.5818264944444445 0.5776608828125 0.6090305402777777 0.60539625546875 0.6090305402777777 0.60539625546875 0.5818264944444445
2 0.5086093828125 0.5920280138888889 0.5086093828125 0.6226325638888889 0.530606403125 0.6226325638888889 0.530606403125 0.5920280138888889
2 0.54590867890625 0.5614234625 0.54590867890625 0.5971287722222223 0.57460044375 0.5971287722222223 0.57460044375 0.5614234625
2 0.47896122578125 0.5784259902777779 0.47896122578125 0.631133825 0.512434953125 0.631133825 0.512434953125 0.5784259902777779
2 0.40072832734375 0.5920280138888889 0.40072832734375 0.6974436861111111 0.48489083984375 0.6974436861111111 0.48489083984375 0.5920280138888889
2 0.32134777578125 0.5954285194444444 0.32134777578125 0.6770406513888889 0.38638244374999997 0.6770406513888889 0.38638244374999997 0.5954285194444444
5 0 0.5702647708333334 0 0.7946981652777778 0.05451435546875 0.7946981652777778 0.05451435546875 0.5702647708333334
0 0 0.6552774125 0 0.8151011722222222 0.06886023671875 0.8151011722222222 0.06886023671875 0.6552774125
6 0.12433098437500001 0.4995342722222222 0.12433098437500001 0.5369398333333333 0.13963325937499999 0.5369398333333333 0.13963325937499999 0.4995342722222222
6 0.60061429453125 0.5199373041666666 0.60061429453125 0.538640086111111 0.60635264765625 0.538640086111111 0.60635264765625 0.5199373041666666
6 0.5193209585937499 0.5199373041666666 0.5193209585937499 0.538640086111111 0.52505931171875 0.538640086111111 0.52505931171875 0.5199373041666666
6 0.0870316890625 0.4995342722222222 0.0870316890625 0.5352395805555555 0.11094149296875 0.5352395805555555 0.11094149296875 0.4995342722222222
6 0.9485497898437499 0.46042845833333335 0.9485497898437499 0.4995342722222222 0.97437237890625 0.4995342722222222 0.97437237890625 0.46042845833333335
6 0.761096921875 0.10677587222222223 0.761096921875 0.19688926805555557 0.78405033359375 0.19688926805555557 0.78405033359375 0.10677587222222223
6 0.74770743046875 0.11527713055555555 0.74770743046875 0.20369027361111108 0.7601405296875 0.20369027361111108 0.7601405296875 0.11527713055555555
6 0.7830939421875 0.10847612083333333 0.7830939421875 0.20028977083333332 0.8022217859375 0.20028977083333332 0.8022217859375 0.10847612083333333
7 0.4695885640625 0.5420405916666666 0.4695885640625 0.5505418541666667 0.47819609296875 0.5505418541666667 0.47819609296875 0.5420405916666666
7 0.47437052656249995 0.5522421069444445 0.47437052656249995 0.5573428652777778 0.48297805546875 0.5573428652777778 0.48297805546875 0.5522421069444445
7 0.68955876796875 0.5199373041666666 0.68955876796875 0.5488416027777778 0.6991226890625 0.5488416027777778 0.6991226890625 0.5199373041666666
7 0.9332475164062499 0.3397105125 0.9332475164062499 0.3584132944444444 0.9657648515625 0.3584132944444444 0.9657648515625 0.3397105125
7 0.906468534375 0.36351405000000003 0.906468534375 0.3924183472222222 0.9552445351562501 0.3924183472222222 0.9552445351562501 0.36351405000000003
7 0.9150760648437499 0.4417256763888889 0.9150760648437499 0.4825317430555556 0.9485497914062501 0.4825317430555556 0.9485497914062501 0.4417256763888889
7 0.89403543515625 0.4791312375 0.89403543515625 0.5862471638888889 0.96193928125 0.5862471638888889 0.96193928125 0.4791312375
4 0.5317540562499999 0.5607433986111111 0.5317540562499999 0.7273681722222223 0.56809696015625 0.7273681722222223 0.56809696015625 0.5607433986111111
4 0.56044582265625 0.5753655291666666 0.56044582265625 0.7334890375 0.5948759421875 0.7334890375 0.5948759421875 0.5753655291666666