6 0.055484933593749994 0.45023159444444444 0.055484933593749994 0.4720841291666667 0.07324011796874999 0.4720841291666667 0.07324011796874999 0.45023159444444444
6 0.23030521640625 0.2899796638888889 0.23030521640625 0.3385408541666667 0.24259726796874997 0.3385408541666667 0.24259726796874997 0.2899796638888889
6 0.50346191171875 0.2948357847222222 0.50346191171875 0.3385408555555556 0.51438818046875 0.3385408555555556 0.51438818046875 0.2948357847222222
6 0.58404313671875 0.45994383194444444 0.58404313671875 0.4793683083333333 0.5922378390625 0.4793683083333333 0.5922378390625 0.45994383194444444
6 0.682379546875 0.43323517500000003 0.682379546875 0.45994382916666665 0.6960373828125 0.45994382916666665 0.6960373828125 0.43323517500000003
6 0.2412314859375 0.29275459722222225 0.2412314859375 0.34131578611111113 0.252157753125 0.34131578611111113 0.252157753125 0.29275459722222225
6 0.21937894921874998 0.2903265388888889 0.21937894921874998 0.33645967083333334 0.23030521796875 0.33645967083333334 0.23030521796875 0.2903265388888889
6 0.5116566140625001 0.29761071944444445 0.5116566140625001 0.34374385 0.519851315625 0.34374385 0.519851315625 0.29761071944444445
6 0.49253564531249994 0.29275459722222225 0.49253564531249994 0.3388877277777778 0.50346191171875 0.3388877277777778 0.50346191171875 0.29275459722222225
6 0.6646243617187501 0.43358205 0.6646243617187501 0.4627187638888889 0.6810137640625 0.4627187638888889 0.6810137640625 0.43358205
6 0.048656015625 0.4429474152777778 0.048656015625 0.4745121888888889 0.0664112 0.4745121888888889 0.0664112 0.4429474152777778
7 0.20025798125 0.5133611402777778 0.20025798125 0.5473539749999999 0.209818465625 0.5473539749999999 0.209818465625 0.5133611402777778
7 0.197526415625 0.43323517500000003 0.197526415625 0.46237189027777775 0.2098184671875 0.46237189027777775 0.2098184671875 0.43323517500000003
7 0.6714532796875 0.29969190416666663 0.6714532796875 0.3312566777777778 0.6851111140625 0.3312566777777778 0.6851111140625 0.29969190416666663
7 0.49390142812500004 0.46237189027777775 0.49390142812500004 0.4817963666666667 0.50073034609375 0.4817963666666667 0.50073034609375 0.46237189027777775
2 0.7875448765625 0.49393666249999996 0.7875448765625 0.5133611402777778 0.80256849375 0.5133611402777778 0.80256849375 0.49393666249999996
2 0.7493029390625 0.5012208444444445 0.7493029390625 0.5497820333333334 0.7861790914062501 0.5497820333333334 0.7861790914062501 0.5012208444444445
2 0.64960074453125 0.496364725 0.64960074453125 0.5327856180555556 0.67555063046875 0.5327856180555556 0.67555063046875 0.496364725
2 0.6632585789062501 0.496364725 0.6632585789062501 0.5424978541666666 0.71788991640625 0.5424978541666666 0.71788991640625 0.496364725
2 0.6673559296875 0.5085050208333333 0.6673559296875 0.56677845 0.7370108859375 0.56677845 0.7370108859375 0.5085050208333333
2 0.68374533125 0.5133611402777778 0.68374533125 0.5619223291666666 0.7574976398437501 0.5619223291666666 0.7574976398437501 0.5133611402777778
2 0.29996017421875 0.5133611402777778 0.29996017421875 0.5473539749999999 0.3163495765625 0.5473539749999999 0.3163495765625 0.5133611402777778
2 0.291765475 0.5182172597222222 0.291765475 0.5594942708333334 0.31088644453125 0.5594942708333334 0.31088644453125 0.5182172597222222
2 0.2699129390625 0.5182172597222222 0.2699129390625 0.56677845 0.29722860703125 0.56677845 0.29722860703125 0.5182172597222222
4 0.79710536015625 0.4890805458333333 0.79710536015625 0.5230733805555556 0.80939741171875 0.5230733805555556 0.80939741171875 0.4890805458333333
4 0.6523323117187501 0.5352136763888888 0.6523323117187501 0.5934871055555556 0.6646243632812501 0.5934871055555556 0.6646243632812501 0.5352136763888888
4 0.6468691773437499 0.5327856180555556 0.6468691773437499 0.5886309847222222 0.6523323117187501 0.5886309847222222 0.6523323117187501 0.5327856180555556
4 0.62228507421875 0.5157891986111112 0.62228507421875 0.5862029263888888 0.63321134296875 0.5862029263888888 0.63321134296875 0.5157891986111112
4 0.5239486640625 0.5036489027777777 0.5239486640625 0.5473539749999999 0.532143365625 0.5473539749999999 0.532143365625 0.5036489027777777
4 0.61955350859375 0.49150860416666664 0.61955350859375 0.5157892013888888 0.62501664296875 0.5157892013888888 0.62501664296875 0.49150860416666664
4 0.63730869296875 0.496364725 0.63730869296875 0.5230733805555556 0.6482349617187501 0.5230733805555556 0.6482349617187501 0.496364725
4 0.62501664140625 0.49150860416666664 0.62501664140625 0.5133611402777778 0.63457712578125 0.5133611402777778 0.63457712578125 0.49150860416666664
4 0.5594590359375 0.5036489027777777 0.5594590359375 0.5570662125 0.5703853039062501 0.5570662125 0.5703853039062501 0.5036489027777777
4 0.551264334375 0.5182172597222222 0.551264334375 0.5570662125 0.56082481875 0.5570662125 0.56082481875 0.5182172597222222
4 0.53487493125 0.5012208444444445 0.53487493125 0.5449259166666667 0.544435415625 0.5449259166666667 0.544435415625 0.5012208444444445
4 0.5990667562499999 0.5036489027777777 0.5990667562499999 0.6129115791666666 0.6181877250000001 0.6129115791666666 0.6181877250000001 0.5036489027777777
4 0.6318455593750001 0.4987927833333333 0.6318455593750001 0.6347641152777778 0.6468691773437499 0.6347641152777778 0.6468691773437499 0.4987927833333333
4 0.62365085859375 0.5206453194444444 0.62365085859375 0.6153396402777778 0.655063878125 0.6153396402777778 0.655063878125 0.5206453194444444
2 0.23167100234375 0.5206453194444444 0.23167100234375 0.5764906861111111 0.278107640625 0.5764906861111111 0.278107640625 0.5206453194444444
2 0.2507919703125 0.4720841291666667 0.2507919703125 0.8630017111111111 0.57994578671875 0.8630017111111111 0.57994578671875 0.4720841291666667
2 0.8858812859375 0.4769402472222222 0.8858812859375 0.5036489027777777 0.90636803671875 0.5036489027777777 0.90636803671875 0.4769402472222222