7 0.38017506015625 0.21835695694444443 0.38017506015625 0.24955080833333332 0.39577198515625 0.24955080833333332 0.39577198515625 0.21835695694444443
7 0.509824503125 0.22875490694444445 0.509824503125 0.24261884166666667 0.53614431484375 0.24261884166666667 0.53614431484375 0.22875490694444445
7 0.5507664328125 0.2755456847222222 0.5507664328125 0.28421064305555555 0.5653885515625 0.28421064305555555 0.5653885515625 0.2755456847222222
7 0.5546656640625 0.2668807263888889 0.5546656640625 0.27727867500000003 0.5692877828125 0.27727867500000003 0.5692877828125 0.2668807263888889
7 0.5575900875 0.2304879 0.5575900875 0.24955080833333332 0.5653885515625 0.24955080833333332 0.5653885515625 0.2304879
6 0.49032834609375 0.2166239638888889 0.49032834609375 0.23915285694444444 0.4971520015625 0.23915285694444444 0.4971520015625 0.2166239638888889
6 0.48447950000000006 0.21315798194444444 0.48447950000000006 0.23741986666666667 0.49032834609375 0.23741986666666667 0.49032834609375 0.21315798194444444
6 0.3158377421875 0.20276003194444445 0.3158377421875 0.22528892499999997 0.32266139609375 0.22528892499999997 0.32266139609375 0.20276003194444445
6 0.30803927890625 0.1992940486111111 0.30803927890625 0.22528892499999997 0.31291331875 0.22528892499999997 0.31291331875 0.1992940486111111
6 0.2251806125 0.2599487597222222 0.2251806125 0.27381269444444445 0.2359034984375 0.27381269444444445 0.2359034984375 0.2599487597222222
6 0.20568445546874997 0.2634147416666667 0.20568445546874997 0.28247765138888886 0.2144577265625 0.28247765138888886 0.2144577265625 0.2634147416666667
6 0.5946327859375 0.28074465972222223 0.5946327859375 0.29980756805555553 0.60828009609375 0.29980756805555553 0.60828009609375 0.28074465972222223
2 0.3675025578125 0.31193851111111115 0.3675025578125 0.3431323611111111 0.38797352265625 0.3431323611111111 0.38797352265625 0.31193851111111115
2 0.34898120859375 0.3067395361111111 0.34898120859375 0.3431323611111111 0.37042698125 0.3431323611111111 0.37042698125 0.3067395361111111
2 0.45523526406250003 0.31540449583333335 0.45523526406250003 0.3552633055555556 0.4698573828125 0.3552633055555556 0.4698573828125 0.31540449583333335
2 0.48058026875 0.31887047777777777 0.48058026875 0.3448653541666667 0.49910161796874997 0.3448653541666667 0.49910161796874997 0.31887047777777777
2 0.48642911484375 0.32926842638888887 0.48642911484375 0.3552633041666667 0.50592527109375 0.3552633041666667 0.50592527109375 0.32926842638888887
2 0.5049504640625 0.31193851111111115 0.5049504640625 0.36739424583333335 0.52152219765625 0.36739424583333335 0.52152219765625 0.31193851111111115
2 0.450361225 0.2876766263888889 0.450361225 0.33966637777777775 0.47570622890625 0.33966637777777775 0.47570622890625 0.2876766263888889
2 0.6004816328125 0.32753543611111113 0.6004816328125 0.4055200652777778 0.66189452734375 0.4055200652777778 0.66189452734375 0.32753543611111113
2 0.62485182890625 0.32926842638888887 0.62485182890625 0.4211169875 0.70088684140625 0.4211169875 0.70088684140625 0.32926842638888887
2 0.310963703125 0.3015405597222222 0.310963703125 0.3483313375 0.34898120859375 0.3483313375 0.34898120859375 0.3015405597222222
2 0.23980273046875 0.3015405597222222 0.23980273046875 0.3656612541666666 0.30219043203124996 0.3656612541666666 0.30219043203124996 0.3015405597222222
2 0.5088496953125 0.3067395361111111 0.5088496953125 0.4055200638888889 0.581960284375 0.4055200638888889 0.581960284375 0.3067395361111111
2 0.38017506015625 0.28074465972222223 0.38017506015625 0.4159180125 0.45913449531249995 0.4159180125 0.45913449531249995 0.28074465972222223
9 0 0.11611044444444445 0 0.47483973333333335 0.20763407109375 0.47483973333333335 0.20763407109375 0.11611044444444445
2 0.6414235625 0.16983318888888888 0.6414235625 0.7503854166666667 0.9991780421875 0.7503854166666667 0.9991780421875 0.16983318888888888