2 0.38969325859375 0.43118405 0.38969325859375 0.45205544444444445 0.40410163515624997 0.45205544444444445 0.40410163515624997 0.43118405
2 0.3998324875 0.4321327486111111 0.3998324875 0.45205544444444445 0.4099717171875 0.45205544444444445 0.4099717171875 0.4321327486111111
2 0.407837140625 0.42644055277777776 0.407837140625 0.4520554472222222 0.4249137375 0.4520554472222222 0.4249137375 0.42644055277777776
2 0.4195773015625 0.4273892513888889 0.4195773015625 0.4615424430555556 0.43558661015625005 0.4615424430555556 0.43558661015625005 0.4273892513888889
2 0.4313174609375 0.4254918513888889 0.4313174609375 0.4662859416666667 0.45960057499999996 0.4662859416666667 0.45960057499999996 0.4254918513888889
2 0.44359126406250005 0.4273892513888889 0.44359126406250005 0.4824138388888889 0.49001825937500004 0.4824138388888889 0.49001825937500004 0.4273892513888889
2 0.4820136046875 0.40746655694444445 0.4820136046875 0.5127722319444444 0.56045921796875 0.5127722319444444 0.56045921796875 0.40746655694444445
7 0.34059804374999997 0.42359445138888885 0.34059804374999997 0.43023535 0.35180456015625 0.43023535 0.35180456015625 0.42359445138888885
7 0.7493690617187501 0.2234187986111111 0.7493690617187501 0.2604180916666667 0.78085403671875 0.2604180916666667 0.78085403671875 0.2234187986111111
2 0.36114332421875 0.41790225277777776 0.36114332421875 0.4634398430555556 0.38889279375 0.4634398430555556 0.38889279375 0.41790225277777776
2 0.25041227109375 0.43592755 0.25041227109375 0.46059374444444445 0.273892590625 0.46059374444444445 0.273892590625 0.43592755
2 0.18263953125000001 0.4273892513888889 0.18263953125000001 0.4738755430555555 0.21198993046874998 0.4738755430555555 0.21198993046874998 0.4273892513888889
2 0.194913334375 0.4254918513888889 0.194913334375 0.5080287305555555 0.26055150078125 0.5080287305555555 0.26055150078125 0.4254918513888889
2 0.30324298984375 0.4207483527777777 0.30324298984375 0.46438854444444444 0.3341943203125 0.46438854444444444 0.3341943203125 0.4207483527777777
2 0.26642158125000004 0.42359445138888885 0.26642158125000004 0.47956774027777777 0.3117812890625 0.47956774027777777 0.3117812890625 0.42359445138888885
2 0.04175761328125 0.43972235000000004 0.04175761328125 0.49095213611111116 0.08338181640625 0.49095213611111116 0.08338181640625 0.43972235000000004
2 0 0.4226457527777778 0 0.5497715222222221 0.04709405078125 0.5497715222222221 0.04709405078125 0.4226457527777778
2 0.046560405468749996 0.41790225277777776 0.046560405468749996 0.5753864166666667 0.19758155156249999 0.5753864166666667 0.19758155156249999 0.41790225277777776
2 0.55939193125 0.41410745555555556 0.55939193125 0.5829760166666667 0.72055230625 0.5829760166666667 0.72055230625 0.41410745555555556