7 0.10577197499999999 0.45924037500000003 0.10577197499999999 0.5220740694444445 0.1457938046875 0.5220740694444445 0.1457938046875 0.45924037500000003
7 0.11928583906250001 0.5368584680555556 0.11928583906250001 0.5719714124999999 0.13383923125 0.5719714124999999 0.13383923125 0.5368584680555556
7 0.495075215625 0.37607813333333334 0.495075215625 0.4001027833333333 0.5054704953125 0.4001027833333333 0.5054704953125 0.37607813333333334
7 0.43218377031250005 0.42782352777777777 0.43218377031250005 0.4555442763888889 0.44621739921875003 0.4555442763888889 0.44621739921875003 0.42782352777777777
6 0.02676784609375 0.45924037500000003 0.02676784609375 0.47587282361111105 0.03144572265625 0.47587282361111105 0.03144572265625 0.45924037500000003
6 0.079783775 0.45831635 0.079783775 0.4721767236111111 0.08498141640625 0.4721767236111111 0.08498141640625 0.45831635
6 0.0231294984375 0.461088425 0.0231294984375 0.4767968472222222 0.0272876109375 0.4767968472222222 0.0272876109375 0.461088425
6 0.01949115 0.46016440000000003 0.01949115 0.47587282361111105 0.02416902734375 0.47587282361111105 0.02416902734375 0.46016440000000003
6 0.08446165078125 0.45831635 0.08446165078125 0.4758728208333333 0.0886197625 0.4758728208333333 0.0886197625 0.45831635
2 0.00077964609375 0.5156058930555556 0.00077964609375 0.6458934027777777 0.030406194531250003 0.6458934027777777 0.030406194531250003 0.5156058930555556
2 0.00805634140625 0.5146818680555556 0.00805634140625 0.6080083833333333 0.055354865625000006 0.6080083833333333 0.055354865625000006 0.5146818680555556
2 0.04392005859375 0.5350104166666666 0.04392005859375 0.594148011111111 0.07146755078125 0.594148011111111 0.07146755078125 0.5350104166666666
2 0.06055250703125 0.5313143166666667 0.06055250703125 0.5738194597222223 0.08602094296875 0.5738194597222223 0.08602094296875 0.5313143166666667
2 0.07926401015625 0.5303902916666666 0.07926401015625 0.5618071388888889 0.09381740078125 0.5618071388888889 0.09381740078125 0.5303902916666666
2 0.09589645937499999 0.5340863916666666 0.09589645937499999 0.5571870180555555 0.10629173984375 0.5571870180555555 0.10629173984375 0.5340863916666666
2 0.18217728359375002 0.5257701666666666 0.18217728359375002 0.5479467625 0.21700147187500002 0.5479467625 0.21700147187500002 0.5257701666666666
4 0.20972477656250002 0.5119097944444445 0.20972477656250002 0.5470227402777778 0.219600290625 0.5470227402777778 0.219600290625 0.5119097944444445
4 0.31518489296875 0.4980494208333333 0.31518489296875 0.5165299208333334 0.32506040859374996 0.5165299208333334 0.32506040859374996 0.4980494208333333
4 0.3073884328125 0.5008214944444445 0.3073884328125 0.5229980902777778 0.3224615890625 0.5229980902777778 0.3224615890625 0.5008214944444445
4 0.3073884328125 0.5072896694444444 0.3073884328125 0.5405545666666667 0.3224615890625 0.5405545666666667 0.3224615890625 0.5072896694444444
4 0.262688728125 0.48973319583333336 0.262688728125 0.571047386111111 0.31934300390625003 0.571047386111111 0.31934300390625003 0.48973319583333336
4 0.338054509375 0.4980494208333333 0.338054509375 0.5109857722222222 0.34325214921875 0.5109857722222222 0.34325214921875 0.4980494208333333
4 0.34273238515625 0.4998974708333333 0.34273238515625 0.5119097944444445 0.35000908124999996 0.5119097944444445 0.35000908124999996 0.4998974708333333
4 0.3494893171875 0.5017455180555556 0.3494893171875 0.5174539402777778 0.35416719453125 0.5174539402777778 0.35416719453125 0.5017455180555556
4 0.35364742890625 0.5008214944444445 0.35364742890625 0.5220740666666667 0.35936483359375 0.5220740666666667 0.35936483359375 0.5008214944444445
4 0.35936483359375 0.5008214944444445 0.35936483359375 0.5266941916666666 0.3713194046875 0.5266941916666666 0.3713194046875 0.5008214944444445
4 0.36768105703125 0.4980494208333333 0.36768105703125 0.5303902916666666 0.38691232578125 0.5303902916666666 0.38691232578125 0.4980494208333333
4 0.38535303359375 0.48141697222222224 0.38535303359375 0.5405545652777778 0.42121675 0.5405545652777778 0.42121675 0.48141697222222224
2 0.713947840625 0.3437372611111111 0.713947840625 0.7364478444444444 0.998778515625 0.7364478444444444 0.998778515625 0.3437372611111111
2 0.23077521953125002 0.4980494208333333 0.23077521953125002 0.6070843611111111 0.314457221875 0.6070843611111111 0.314457221875 0.4980494208333333
2 0.49377580546875005 0.48049294722222224 0.49377580546875005 0.5793636097222222 0.596689078125 0.5793636097222222 0.596689078125 0.48049294722222224
9 0.41768235703125 0.4232034041666667 0.41768235703125 0.5636551888888889 0.6546947453125 0.5636551888888889 0.6546947453125 0.4232034041666667