6 0.46832058437499996 0.485709125 0.46832058437499996 0.5252314972222222 0.47885121484375004 0.5252314972222222 0.47885121484375004 0.485709125
6 0.577137109375 0.4919495013888889 0.577137109375 0.5356321194444444 0.5876677421875 0.5356321194444444 0.5876677421875 0.4919495013888889
6 0.34253804140625 0.5231513708333334 0.34253804140625 0.5605936166666667 0.362429234375 0.5605936166666667 0.362429234375 0.5231513708333334
6 0.39753133906250004 0.5897153638888889 0.39753133906250004 0.6146768597222222 0.4104021109375 0.6146768597222222 0.4104021109375 0.5897153638888889
6 0.832797440625 0.29017740000000003 0.832797440625 0.34842089444444446 0.85385870234375 0.34842089444444446 0.85385870234375 0.29017740000000003
6 0.40455176015624994 0.4191451361111111 0.40455176015624994 0.46698800555555553 0.41742253203125 0.46698800555555553 0.41742253203125 0.4191451361111111
6 0.6093140390625 0.5897153638888889 0.6093140390625 0.6105166111111111 0.6268650921875001 0.6105166111111111 0.6268650921875001 0.5897153638888889
7 0.839232828125 0.02600155972222222 0.839232828125 0.14664879305555556 0.9106071078125 0.14664879305555556 0.9106071078125 0.02600155972222222
7 0.8591240203125 0.14664879305555556 0.8591240203125 0.2007320375 0.88954584453125 0.2007320375 0.88954584453125 0.14664879305555556
7 0.8907159140625 0.24025440694444444 0.8907159140625 0.2776966527777778 0.91528738828125 0.2776966527777778 0.91528738828125 0.24025440694444444
7 0.8977363351562501 0.2860171513888889 0.8977363351562501 0.3130587736111111 0.9433690710937499 0.3130587736111111 0.9433690710937499 0.2860171513888889
7 0.8977363351562501 0.3276196458333333 0.8977363351562501 0.3629817666666667 0.9691106156249999 0.3629817666666667 0.9691106156249999 0.3276196458333333
2 0.20739493671874998 0.620917236111111 0.20739493671874998 0.7082824750000001 0.31504139140625 0.7082824750000001 0.31504139140625 0.620917236111111
4 0.54437514453125 0.5543532430555556 0.54437514453125 0.7394843458333333 0.5993684421875 0.7394843458333333 0.5993684421875 0.5543532430555556
4 0.66606244140625 0.6042762375 0.66606244140625 0.69788185 0.6894638453125 0.69788185 0.6894638453125 0.6042762375
2 0.75791295078125 0.5065103750000001 0.75791295078125 0.9974198138888888 0.9989474046875 0.9974198138888888 0.9989474046875 0.5065103750000001
2 0.94703634375 0.4624136541666667 0.94703634375 0.5229308763888889 0.9980977507812501 0.5229308763888889 0.9980977507812501 0.4624136541666667