2 0.12824998984375 0.5234999583333333 0.12824998984375 0.5474999541666666 0.1510312390625 0.5474999541666666 0.1510312390625 0.5234999583333333
2 0.11728124140625 0.5174999583333333 0.11728124140625 0.5399999583333333 0.134156240625 0.5399999583333333 0.134156240625 0.5174999583333333
2 0.0877499921875 0.5234999583333333 0.0877499921875 0.5489999569444445 0.11981248984375 0.5489999569444445 0.11981248984375 0.5234999583333333
2 0.051468745312499994 0.5294999583333334 0.051468745312499994 0.5594999569444444 0.08353124296875 0.5594999569444444 0.08353124296875 0.5294999583333334
2 0.01940624765625 0.5339999555555556 0.01940624765625 0.5624999555555555 0.054843745312500004 0.5624999555555555 0.054843745312500004 0.5339999555555556
2 0 0.5414999569444444 0 0.5699999541666667 0.0244687484375 0.5699999541666667 0.0244687484375 0.5414999569444444
2 0.28383747265625 0.4877999569444444 0.28383747265625 0.5087999541666667 0.29480622109375 0.5087999541666667 0.29480622109375 0.4877999569444444
2 0.29227497109375 0.49529995555555556 0.29227497109375 0.5117999555555556 0.3057749703125 0.5117999555555556 0.3057749703125 0.49529995555555556
2 0.31336871953125 0.5132999555555555 0.31336871953125 0.5357999541666666 0.33024371874999997 0.5357999541666666 0.33024371874999997 0.5132999555555555
2 0.32264996796875 0.5132999555555555 0.32264996796875 0.5462999513888889 0.33446246640625 0.5462999513888889 0.33446246640625 0.5132999555555555
2 0.32686871875 0.5192999541666666 0.32686871875 0.5477999513888889 0.33783746796875 0.5477999513888889 0.33783746796875 0.5192999541666666
2 0.3327749671875 0.5177999555555556 0.3327749671875 0.5507999527777778 0.3420562171875 0.5507999527777778 0.3420562171875 0.5177999555555556
2 0.33783746796875 0.5162999541666667 0.33783746796875 0.5537999513888889 0.3580874671875 0.5537999513888889 0.3580874671875 0.5162999541666667
2 0.3479624671875 0.5162999541666667 0.3479624671875 0.562799948611111 0.36821246640625 0.562799948611111 0.36821246640625 0.5162999541666667
2 0.35977496640625 0.5162999541666667 0.35977496640625 0.56129995 0.3791812140625 0.56129995 0.3791812140625 0.5162999541666667
2 0.367368715625 0.5222999527777777 0.367368715625 0.5642999486111111 0.38846246406249996 0.5642999486111111 0.38846246406249996 0.5222999527777777
2 0.373274965625 0.5237999555555556 0.373274965625 0.5687999513888888 0.40533746328125 0.5687999513888888 0.40533746328125 0.5237999555555556
2 0.30408746953125 0.5042999777777778 0.30408746953125 0.525299975 0.31758746875 0.525299975 0.31758746875 0.5042999777777778
2 0.47266872343750005 0.5042999777777778 0.47266872343750005 0.6167999694444445 0.53257496875 0.6167999694444445 0.53257496875 0.5042999777777778
2 0.50473121953125 0.5282999763888889 0.50473121953125 0.6422999680555556 0.6085124609375 0.6422999680555556 0.6085124609375 0.5282999763888889
2 0.5815124640625 0.5027999791666666 0.5815124640625 0.5672999736111112 0.6321374601562499 0.5672999736111112 0.6321374601562499 0.5027999791666666
2 0.6019553234374999 0.5054999597222222 0.6019553234374999 0.7019999444444445 0.79433030859375 0.7019999444444445 0.79433030859375 0.5054999597222222
2 0.2396249796875 0.5184999680555555 0.2396249796875 0.5469999638888888 0.25734372890625 0.5469999638888888 0.25734372890625 0.5184999680555555
2 0.25396873046875 0.5154999666666666 0.25396873046875 0.5874999597222222 0.29868747578125 0.5874999597222222 0.29868747578125 0.5154999666666666
2 0.2944687265625 0.5034999680555555 0.2944687265625 0.5244999652777778 0.30796872421875 0.5244999652777778 0.30796872421875 0.5034999680555555
2 0.38699998515625 0.5079999680555556 0.38699998515625 0.6324999597222222 0.47896872890625 0.6324999597222222 0.47896872890625 0.5079999680555556
2 0.7526249390624999 0.48499997499999997 0.7526249390624999 0.8184999652777778 0.9989999203125001 0.8184999652777778 0.9989999203125001 0.48499997499999997
6 0.14596873906250002 0.4012499680555555 0.14596873906250002 0.4462499652777778 0.1577812375 0.4462499652777778 0.1577812375 0.4012499680555555
6 0.361968721875 0.3768749680555556 0.361968721875 0.4113749652777778 0.36956247109375 0.4113749652777778 0.36956247109375 0.3768749680555556
6 0.3678749703125 0.37537496944444443 0.3678749703125 0.4143749666666667 0.37715622031249996 0.4143749666666667 0.37715622031249996 0.37537496944444443
6 0.46237496328125005 0.47437496250000005 0.46237496328125005 0.4953749597222222 0.4733437125 0.4953749597222222 0.4733437125 0.47437496250000005
6 0.5231249570312501 0.44887496527777776 0.5231249570312501 0.4803749625 0.54253120546875 0.4803749625 0.54253120546875 0.44887496527777776
6 0.507093709375 0.40087496805555556 0.507093709375 0.44587496388888886 0.519749959375 0.44587496388888886 0.519749959375 0.40087496805555556
7 0.44684996874999994 0.3944999694444445 0.44684996874999994 0.41699996805555556 0.46709996796875003 0.41699996805555556 0.46709996796875003 0.3944999694444445
7 0.45022496875 0.4379999666666667 0.45022496875 0.4544999666666667 0.46709996796875003 0.4544999666666667 0.46709996796875003 0.4379999666666667
7 0.36804373046875 0.4877999569444444 0.36804373046875 0.5057999555555556 0.3773249796875 0.5057999555555556 0.3773249796875 0.4877999569444444
7 0.87024370078125 0.2873999861111111 0.87024370078125 0.32639998333333337 0.9039936984375 0.32639998333333337 0.9039936984375 0.2873999861111111
4 0.81539995546875 0.47939997083333336 0.81539995546875 0.5573999638888889 0.8415562031249999 0.5573999638888889 0.8415562031249999 0.47939997083333336
7 0.5113124585937501 0.4499999625 0.5113124585937501 0.4694999611111111 0.53746870625 0.4694999611111111 0.53746870625 0.4499999625