2 0.494879975 0.4788755833333333 0.494879975 0.4885778402777778 0.506574659375 0.4885778402777778 0.506574659375 0.4788755833333333
2 0.499557846875 0.48164765833333334 0.499557846875 0.4913499111111111 0.508133946875 0.4913499111111111 0.508133946875 0.48164765833333334
2 0.50579501171875 0.48164765833333334 0.50579501171875 0.49273595138888887 0.51437111171875 0.49273595138888887 0.51437111171875 0.48164765833333334
2 0.48396493749999997 0.4802616222222222 0.48396493749999997 0.4913499069444444 0.494879975 0.4913499069444444 0.494879975 0.4802616222222222
2 0.47616848203125006 0.48164765833333334 0.47616848203125006 0.4941219875 0.48786316484375 0.4941219875 0.48786316484375 0.48164765833333334
2 0.4668127375 0.48164765833333334 0.4668127375 0.49273595138888887 0.47460919140625 0.49273595138888887 0.47460919140625 0.48164765833333334
2 0.47227025546875 0.48996387638888894 0.47227025546875 0.502438201388889 0.48240564687500004 0.502438201388889 0.48240564687500004 0.48996387638888894
2 0.45823663671875003 0.4830336944444445 0.45823663671875003 0.49273595138888887 0.46525344609374997 0.49273595138888887 0.46525344609374997 0.4830336944444445
2 0.46213486328125003 0.4885778402777778 0.46213486328125003 0.502438201388889 0.47304990078125 0.502438201388889 0.47304990078125 0.4885778402777778
2 0.43952514374999996 0.4871918041666667 0.43952514374999996 0.49689405555555555 0.44654195390625 0.49689405555555555 0.44654195390625 0.4871918041666667
2 0.43718620859375 0.48441973055555554 0.43718620859375 0.4941219875 0.44732160078125 0.4941219875 0.44732160078125 0.48441973055555554
2 0.4387455 0.4885778402777778 0.4387455 0.4996661319444444 0.44732160078125 0.4996661319444444 0.44732160078125 0.4885778402777778
2 0.43328798046875 0.4885778402777778 0.43328798046875 0.5052102777777777 0.4410844359375 0.5052102777777777 0.4410844359375 0.4885778402777778
2 0.4387455 0.4927359486111111 0.4387455 0.510754425 0.44966053671874995 0.510754425 0.44966053671874995 0.4927359486111111
2 0.4496605359375 0.4927359486111111 0.4496605359375 0.502438201388889 0.46213486328125003 0.502438201388889 0.46213486328125003 0.4927359486111111
2 0.44654195390625 0.49412198472222224 0.44654195390625 0.510754425 0.4613552203125 0.510754425 0.4613552203125 0.49412198472222224
2 0.46291450859375 0.49828009444444443 0.46291450859375 0.5246147875 0.47850741875 0.5246147875 0.47850741875 0.49828009444444443
2 0.46057557265625004 0.5038242388888888 0.46057557265625004 0.5357030847222223 0.47304990078125 0.5357030847222223 0.47304990078125 0.5038242388888888
2 0.44732160078125 0.5065963138888889 0.44732160078125 0.5440192986111111 0.47071096328125 0.5440192986111111 0.47071096328125 0.5065963138888889
2 0.5174896945312499 0.49828009444444443 0.5174896945312499 0.5273868583333333 0.54087906015625 0.5273868583333333 0.54087906015625 0.49828009444444443
2 0.538540121875 0.5038242388888888 0.538540121875 0.5204566791666667 0.54789586796875 0.5204566791666667 0.54789586796875 0.5038242388888888
2 0.406780034375 0.49550802222222223 0.406780034375 0.5190706402777778 0.4293897515625 0.5190706402777778 0.4293897515625 0.49550802222222223
2 0.40366145234374995 0.5038242388888888 0.40366145234374995 0.5176846069444444 0.4270508171875 0.5176846069444444 0.4270508171875 0.5038242388888888
2 0.4215932984375 0.5065963138888889 0.4215932984375 0.5606517333333333 0.45667734531250004 0.5606517333333333 0.45667734531250004 0.5065963138888889
2 0.36857740625 0.49550802222222223 0.36857740625 0.5093683847222222 0.38962783515625 0.5093683847222222 0.38962783515625 0.49550802222222223
2 0.36857740625 0.5038242388888888 0.36857740625 0.5467913694444445 0.39352605937499996 0.5467913694444445 0.39352605937499996 0.5038242388888888
2 0.3794924421875 0.50798235 0.3794924421875 0.5800562444444444 0.43484727031250003 0.5800562444444444 0.43484727031250003 0.50798235
2 0.34674733125 0.5024382055555556 0.34674733125 0.5343170416666667 0.36857740625 0.5343170416666667 0.36857740625 0.5024382055555556
2 0.278138528125 0.4968940583333333 0.278138528125 0.5287728944444444 0.30932434609375 0.5287728944444444 0.30932434609375 0.4968940583333333
9 0.21732618046875 0.4913499125 0.21732618046875 0.5772841722222223 0.2921721453125 0.5772841722222223 0.2921721453125 0.4913499125
2 0.18224213359375002 0.5065963138888889 0.18224213359375002 0.526000825 0.20952972499999997 0.526000825 0.20952972499999997 0.5065963138888889
2 0.04808625859375 0.4925049458333334 0.04808625859375 0.6505131000000001 0.21726933046875 0.6505131000000001 0.21726933046875 0.4925049458333334
2 0.26794628671875 0.5049792750000001 0.26794628671875 0.6394248097222222 0.38567275625 0.6394248097222222 0.38567275625 0.5049792750000001
2 0.45350191328125 0.5119094569444445 0.45350191328125 0.6810059027777778 0.56733015546875 0.6810059027777778 0.56733015546875 0.5119094569444445
2 0.56499121875 0.5035932388888889 0.56499121875 0.5229977486111111 0.58058412734375 0.5229977486111111 0.58058412734375 0.5035932388888889
2 0.57200802734375 0.5119094569444445 0.57200802734375 0.5867554236111111 0.6297017921875 0.5867554236111111 0.6297017921875 0.5119094569444445
2 0.63126108515625 0.49389098333333337 0.63126108515625 0.5243837833333334 0.66400619453125 0.5243837833333334 0.66400619453125 0.49389098333333337
2 0.706107053125 0.5008211638888889 0.706107053125 0.5271558583333333 0.7216999625 0.5271558583333333 0.7216999625 0.5008211638888889
2 0.72949641640625 0.49666305555555557 0.72949641640625 0.5368581097222223 0.7599025898437499 0.5368581097222223 0.7599025898437499 0.49666305555555557
2 0.7100052796874999 0.5035932388888889 0.7100052796874999 0.5479464041666666 0.75288578125 0.5479464041666666 0.75288578125 0.5035932388888889
2 0.7606822359375001 0.49666305555555557 0.7606822359375001 0.5313139611111111 0.7934273468749999 0.5313139611111111 0.7934273468749999 0.49666305555555557
2 0.7630211734375 0.5035932388888889 0.7630211734375 0.5479464041666666 0.797325575 0.5479464041666666 0.797325575 0.5035932388888889
2 0.80174356640625 0.48326470416666667 0.80174356640625 0.50405525 0.8454037117187501 0.50405525 0.8454037117187501 0.48326470416666667
2 0.79394711171875 0.501283175 0.79394711171875 0.5414782277777778 0.8329293874999999 0.5414782277777778 0.8329293874999999 0.501283175
2 0.823573640625 0.4915809222222222 0.823573640625 0.5331620152777777 0.8703523703125 0.5331620152777777 0.8703523703125 0.4915809222222222
9 0.8734709515624999 0.48603677361111114 0.8734709515624999 0.5276178694444444 0.9436390453125 0.5276178694444444 0.9436390453125 0.48603677361111114
2 0.94909656484375 0.4915809222222222 0.94909656484375 0.5248457944444445 0.98106202890625 0.5248457944444445 0.98106202890625 0.4915809222222222
2 0 0.7609339958333333 0 0.9729975694444445 0.02494865546875 0.9729975694444445 0.02494865546875 0.7609339958333333
7 0.44198938046874997 0.4651142194444444 0.44198938046874997 0.48174665555555557 0.46381945625 0.48174665555555557 0.46381945625 0.4651142194444444
7 0.5807662773437501 0.46788629305555557 0.5807662773437501 0.49006287083333333 0.59557954375 0.49006287083333333 0.59557954375 0.46788629305555557
7 0.64781578984375 0.4581840388888889 0.64781578984375 0.4831326916666667 0.6657476359375 0.4831326916666667 0.6657476359375 0.4581840388888889
7 0.65483259921875 0.4429376375 0.65483259921875 0.47065836388888893 0.66964586328125 0.47065836388888893 0.66964586328125 0.4429376375
7 0.8797519656249999 0.46293616666666665 0.8797519656249999 0.5130292555555556 0.89097885703125 0.5130292555555556 0.89097885703125 0.46293616666666665
2 0.022650110937500002 0.5404236916666666 0.022650110937500002 0.6040029499999999 0.05960555390625 0.6040029499999999 0.05960555390625 0.5404236916666666
9 0 0.48744097777777773 0 0.5425430013888889 0.050068665624999995 0.5425430013888889 0.050068665624999995 0.48744097777777773