2 0.0001812703125 0.7092182652777778 0.0001812703125 0.9979462291666668 0.16372555390625002 0.9979462291666668 0.16372555390625002 0.7092182652777778
2 0.0502788921875 0.7326557458333334 0.0502788921875 0.8066732 0.141895478125 0.8066732 0.141895478125 0.7326557458333334
2 0.36643338046874996 0.7345993069444445 0.36643338046874996 0.7886547277777778 0.39450061796874997 0.7886547277777778 0.39450061796874997 0.7345993069444445
4 0.12474327890625 0.7276691236111111 0.12474327890625 0.7997430180555556 0.14033618828125 0.7997430180555556 0.14033618828125 0.7276691236111111
4 0.08108313125 0.7332132694444444 0.08108313125 0.8052871638888888 0.10213356015625 0.8052871638888888 0.10213356015625 0.7332132694444444
4 0.04054156484375 0.7262830874999999 0.04054156484375 0.7443015597222222 0.05301589296875 0.7443015597222222 0.05301589296875 0.7262830874999999
4 0.175420234375 0.7387574166666667 0.175420234375 0.7858826541666667 0.1886742078125 0.7858826541666667 0.1886742078125 0.7387574166666667
4 0.19101314609375 0.7332132694444444 0.19101314609375 0.7886547277777778 0.20426711874999998 0.7886547277777778 0.20426711874999998 0.7332132694444444
1 0.21128392734374998 0.6070839541666666 0.21128392734374998 0.8260777097222222 0.31029890546875 0.8260777097222222 0.31029890546875 0.6070839541666666
1 0.56056510703125 0.5585726791666666 0.56056510703125 0.8690448402777777 0.69310483984375 0.8690448402777777 0.69310483984375 0.5585726791666666
2 0.37656877109375003 0.67915785 0.37656877109375003 0.9425047694444444 0.5449721976562499 0.9425047694444444 0.5449721976562499 0.67915785
1 0.33758649765625004 0.7193529041666666 0.33758649765625004 0.7706362527777778 0.35629798984375 0.7706362527777778 0.35629798984375 0.7193529041666666
1 0.5145660234375 0.6916321763888889 0.5145660234375 0.7761803986111111 0.54341290625 0.7761803986111111 0.54341290625 0.6916321763888889
2 0.79211981640625 0.7138087611111111 0.79211981640625 0.7914268000000001 0.88567727578125 0.7914268000000001 0.88567727578125 0.7138087611111111
2 0.9308967140625001 0.7209370069444445 0.9308967140625001 0.7831105805555555 0.99949698984375 0.7831105805555555 0.99949698984375 0.7209370069444445
6 0.161386615625 0.5793632277777778 0.161386615625 0.6126281 0.16684413515625002 0.6126281 0.16684413515625002 0.5793632277777778
6 0.16840342578125 0.5793632277777778 0.16840342578125 0.6098560291666667 0.17697952578125 0.6098560291666667 0.17697952578125 0.5793632277777778
6 0.1504715796875 0.5807492611111111 0.1504715796875 0.6084699902777777 0.15982732500000002 0.6084699902777777 0.15982732500000002 0.5807492611111111
7 0.6736137023437501 0.5183776236111112 0.6736137023437501 0.5447123166666666 0.70012164921875 0.5447123166666666 0.70012164921875 0.5183776236111112
6 0.793679109375 0.6486650472222222 0.793679109375 0.6736137027777778 0.8155091820312499 0.6736137027777778 0.8155091820312499 0.6486650472222222
6 0.6003270265625 0.5350100597222223 0.6003270265625 0.5682749347222222 0.6112420632812501 0.5682749347222222 0.6112420632812501 0.5350100597222223
6 0.5862934078125 0.5363960972222223 0.5862934078125 0.5655028597222223 0.5948695093749999 0.5655028597222223 0.5948695093749999 0.5363960972222223
6 0.44985544765625 0.6084699930555555 0.44985544765625 0.6334186486111111 0.45453331953125 0.6334186486111111 0.45453331953125 0.6084699930555555
7 0.8043799359375001 0.5585726791666666 0.8043799359375001 0.5896870972222222 0.8248649289062501 0.5896870972222222 0.8248649289062501 0.5585726791666666
4 0.6938844859375 0.7151947944444444 0.6938844859375 0.7914267986111112 0.713375621875 0.7914267986111112 0.713375621875 0.7151947944444444
4 0.72273136875 0.712422723611111 0.72273136875 0.7858826541666667 0.7367649875 0.7858826541666667 0.7367649875 0.712422723611111
4 0.74768002421875 0.7193529041666666 0.74768002421875 0.8205335638888889 0.75859506171875 0.8205335638888889 0.75859506171875 0.7193529041666666
4 0.7804251343749999 0.7290551611111111 0.7804251343749999 0.8219196 0.7952383992187501 0.8219196 0.7952383992187501 0.7290551611111111
4 0.925439196875 0.7096506486111112 0.925439196875 0.8385520361111112 0.94960820625 0.8385520361111112 0.94960820625 0.7096506486111112
4 0.8739825937499999 0.7165808319444446 0.8739825937499999 0.7914267986111112 0.89893124921875 0.7914267986111112 0.89893124921875 0.7165808319444446
4 0.7975773359375 0.712422723611111 0.7975773359375 0.8274637458333334 0.82096670078125 0.8274637458333334 0.82096670078125 0.712422723611111
4 0.75781541640625 0.712422723611111 0.75781541640625 0.839938075 0.78744194453125 0.839938075 0.78744194453125 0.712422723611111
4 0.732087115625 0.7179668680555555 0.732087115625 0.8371660013888889 0.74845967109375 0.8371660013888889 0.74845967109375 0.7179668680555555
4 0.9059480593749999 0.6944042486111112 0.9059480593749999 0.834393926388889 0.92933742421875 0.834393926388889 0.92933742421875 0.6944042486111112
4 0.9683196984375 0.7027204680555555 0.9683196984375 0.8260777097222222 0.9924887078125 0.8260777097222222 0.9924887078125 0.7027204680555555
7 0.33602720625 0.6749997402777778 0.33602720625 0.6957902874999999 0.34616259765625 0.6957902874999999 0.34616259765625 0.6749997402777778
2 0.31029890390625 0.7415294875 0.31029890390625 0.7789524708333333 0.32745110546875 0.7789524708333333 0.32745110546875 0.7415294875
4 0.32667145937500003 0.7276691236111111 0.32667145937500003 0.7692502180555555 0.33680685078125 0.7692502180555555 0.33680685078125 0.7276691236111111
7 0.13955654296875 0.5876794444444445 0.13955654296875 0.6056979166666667 0.15281051640625 0.6056979166666667 0.15281051640625 0.5876794444444445
6 0.8202002374999999 0.6482808069444445 0.8202002374999999 0.6787495361111111 0.83338382265625 0.6787495361111111 0.83338382265625 0.6482808069444445