4 0.017546541406249998 0.4887036666666667 0.017546541406249998 0.6030811208333333 0.0428915453125 0.6030811208333333 0.0428915453125 0.4887036666666667
4 0.081883859375 0.46097579861111115 0.081883859375 0.5961491555555556 0.10820367109375 0.5961491555555556 0.10820367109375 0.46097579861111115
4 0.44256276171875 0.4887036666666667 0.44256276171875 0.5302954680555556 0.45133603281249995 0.5302954680555556 0.45133603281249995 0.4887036666666667
4 0.0009748078125000001 0.4887036666666667 0.0009748078125000001 0.5788192361111111 0.0107228859375 0.5788192361111111 0.0107228859375 0.4887036666666667
4 0.131599059375 0.49390264166666664 0.131599059375 0.5337614513888889 0.1442715609375 0.5337614513888889 0.1442715609375 0.49390264166666664
4 0.15986848671875 0.5008346083333333 0.15986848671875 0.5909501805555556 0.17351579687500002 0.5909501805555556 0.17351579687500002 0.5008346083333333
4 0.2242058046875 0.4887036666666667 0.2242058046875 0.5545573527777777 0.24272715390625002 0.5545573527777777 0.24272715390625002 0.4887036666666667
4 0.43086506796875 0.4800387083333333 0.43086506796875 0.5372274347222222 0.43768872265625003 0.5372274347222222 0.43768872265625003 0.4800387083333333
4 0.4191673734375 0.48523768333333334 0.4191673734375 0.5337614513888889 0.42891545234375006 0.5337614513888889 0.42891545234375006 0.48523768333333334
4 0.39577198515625 0.4887036666666667 0.39577198515625 0.5406934180555556 0.40259564140625 0.5406934180555556 0.40259564140625 0.4887036666666667
4 0.37920025234375 0.5112325597222223 0.37920025234375 0.5424264083333333 0.39284756171875 0.5424264083333333 0.39284756171875 0.5112325597222223
4 0.48837873046875 0.48350469166666665 0.48837873046875 0.5198975180555555 0.49325277109375004 0.5198975180555555 0.49325277109375004 0.48350469166666665
0 0.272946196875 0.5112325597222223 0.272946196875 0.5632223111111111 0.29439196953125 0.5632223111111111 0.29439196953125 0.5112325597222223
0 0.3138881265625 0.5094995680555556 0.3138881265625 0.5476253861111111 0.32851024296875 0.5476253861111111 0.32851024296875 0.5094995680555556
0 0.30121562421875 0.5094995680555556 0.30121562421875 0.5476253861111111 0.3177873578125 0.5476253861111111 0.3177873578125 0.5094995680555556
2 0.53224508359375 0.49043665833333333 0.53224508359375 0.5233635013888889 0.5546656640625 0.5233635013888889 0.5546656640625 0.49043665833333333
2 0.49910161718749996 0.49390264166666664 0.49910161718749996 0.5320284597222222 0.52737104453125 0.5320284597222222 0.52737104453125 0.49390264166666664
2 0.6813906843749999 0.4817717 0.6813906843749999 0.5094995680555556 0.69601280234375 0.5094995680555556 0.69601280234375 0.4817717
2 0.65117164140625 0.4887036666666667 0.65117164140625 0.5077665763888889 0.6609197195312501 0.5077665763888889 0.6609197195312501 0.4887036666666667
2 0.66481895078125 0.47830571666666666 0.66481895078125 0.5164315347222223 0.6833403 0.5164315347222223 0.6833403 0.47830571666666666
2 0.69991203359375 0.4887036666666667 0.69991203359375 0.5233635013888889 0.7252570375 0.5233635013888889 0.7252570375 0.4887036666666667
9 0.69503799375 0.4488448569444444 0.69503799375 0.5181645263888889 0.7467028109375 0.5181645263888889 0.7467028109375 0.4488448569444444
2 0.543942778125 0.4731067416666667 0.543942778125 0.6342749722222222 0.65604568046875 0.6342749722222222 0.65604568046875 0.4731067416666667
2 0.7262318453125001 0.44191289027777775 0.7262318453125001 0.8890247555555555 0.9972284265625 0.8890247555555555 0.9972284265625 0.44191289027777775
7 0.13452348281249998 0.16116823055555557 0.13452348281249998 0.22528892499999997 0.16376771796875 0.22528892499999997 0.16376771796875 0.16116823055555557
7 0.127699828125 0.2287549083333333 0.127699828125 0.28074465972222223 0.16766694843750002 0.28074465972222223 0.16766694843750002 0.2287549083333333
7 0.1257502125 0.28594363472222223 0.1257502125 0.32406945277777777 0.1657173328125 0.32406945277777777 0.1657173328125 0.28594363472222223
7 0.11600213359375 0.3379333861111111 0.11600213359375 0.3569962958333333 0.15304483203125002 0.3569962958333333 0.15304483203125002 0.3379333861111111
7 0.39187275390625 0.23222089166666665 0.39187275390625 0.30500654444444447 0.42599102890624996 0.30500654444444447 0.42599102890624996 0.23222089166666665
6 0.38992313828124997 0.06758667777777777 0.38992313828124997 0.13517335277777778 0.406494871875 0.13517335277777778 0.406494871875 0.06758667777777777
6 0.38699871484375004 0.14210532222222222 0.38699871484375004 0.21315798055555557 0.40746967968750003 0.21315798055555557 0.40746967968750003 0.14210532222222222
6 0.4084444875 0.32233646111111114 0.4084444875 0.37086022916666667 0.42891545234375006 0.37086022916666667 0.42891545234375006 0.32233646111111114
6 0.3733514046875 0.31887047777777777 0.3733514046875 0.36739424583333335 0.39577198515625 0.36739424583333335 0.39577198515625 0.31887047777777777
6 0.15401963984375 0.4055200638888889 0.15401963984375 0.43671391527777775 0.1744906046875 0.43671391527777775 0.1744906046875 0.4055200638888889
4 0.06628693359375 0.4956356333333334 0.06628693359375 0.5580233361111111 0.083833475 0.5580233361111111 0.083833475 0.4956356333333334
4 0.19496156953125 0.4956356333333334 0.19496156953125 0.5528243611111111 0.20763407109375 0.5528243611111111 0.20763407109375 0.4956356333333334
4 0.1754654125 0.4956356333333334 0.1754654125 0.5545573527777777 0.1900875296875 0.5545573527777777 0.1900875296875 0.4956356333333334