2 0.34301013203125 0.42979582777777775 0.34301013203125 0.47387745138888887 0.39673460859375 0.47387745138888887 0.39673460859375 0.42979582777777775
2 0.58322054140625 0.4316325611111111 0.58322054140625 0.5895917125 0.7092664320312501 0.5895917125 0.7092664320312501 0.4316325611111111
2 0.6472766484375 0.4518366388888889 0.6472766484375 0.6373468027777778 0.8074169195312499 0.6373468027777778 0.8074169195312499 0.4518366388888889
2 0.24761474765624997 0.44816317083333335 0.24761474765624997 0.6355100708333333 0.39639022734374996 0.6355100708333333 0.39639022734374996 0.44816317083333335
2 0.01221011875 0.44151021944444446 0.01221011875 0.7206938347222221 0.29736311953125 0.7206938347222221 0.29736311953125 0.44151021944444446
2 0.0015497437500000002 0.4848978569444445 0.0015497437500000002 0.8669385930555555 0.10486604921875001 0.8669385930555555 0.10486604921875001 0.4848978569444445
2 0.8890368000000001 0.5767345708333333 0.8890368000000001 0.8522447152777777 0.9985520828125001 0.8522447152777777 0.9985520828125001 0.5767345708333333
2 0.7319960179687499 0.47755091944444444 0.7319960179687499 0.7383671902777778 0.9985520843750001 0.7383671902777778 0.9985520843750001 0.47755091944444444
2 0.36935578828125004 0.3728570638888889 0.36935578828125004 0.7255100486111112 0.5987179859375 0.7255100486111112 0.5987179859375 0.3728570638888889
7 0.68416056484375 0.3588978861111111 0.68416056484375 0.38461216666666664 0.6975916859375 0.38461216666666664 0.6975916859375 0.3588978861111111
7 0.77735186953125 0.43861215694444444 0.77735186953125 0.4588162361111111 0.7876835007812499 0.4588162361111111 0.7876835007812499 0.43861215694444444