4 0.28538743828125 0.3400505569444444 0.28538743828125 0.38595738194444446 0.2968641453125 0.38595738194444446 0.2968641453125 0.3400505569444444
4 0.32077395000000003 0.3434510611111111 0.32077395000000003 0.3910581375 0.33225065625 0.3910581375 0.33225065625 0.3434510611111111
4 0.315035596875 0.34685156666666667 0.315035596875 0.39785915000000005 0.32459951796875003 0.39785915000000005 0.32459951796875003 0.34685156666666667
4 0.6516856609375 0.3298490402777778 0.6516856609375 0.34515131527777776 0.6583804062499999 0.34515131527777776 0.6583804062499999 0.3298490402777778
4 0.64307813125 0.33154929166666663 0.64307813125 0.34685156666666667 0.65072926953125 0.34685156666666667 0.65072926953125 0.33154929166666663
4 0.629688640625 0.33154929166666663 0.629688640625 0.3672546 0.6421217382812501 0.3672546 0.6421217382812501 0.33154929166666663
4 0.26970259765625004 0.34387612361111114 0.26970259765625004 0.3948837083333333 0.27926651874999997 0.3948837083333333 0.27926651874999997 0.34387612361111114
4 0.277353734375 0.3455763777777778 0.277353734375 0.3897829513888889 0.28787404843750003 0.3897829513888889 0.28787404843750003 0.3455763777777778
4 0.29552518515625004 0.34047561944444443 0.29552518515625004 0.39318345555555556 0.30700189296875 0.39318345555555556 0.30700189296875 0.34047561944444443
4 0.3347372671875 0.34387612361111114 0.3347372671875 0.39318345555555556 0.3462139734375 0.39318345555555556 0.3462139734375 0.34387612361111114
4 0.051645178125 0.3387753652777778 0.051645178125 0.44249078472222225 0.07172941484374999 0.44249078472222225 0.07172941484374999 0.3387753652777778
2 0.41507421015625 0.34940194583333334 0.41507421015625 0.3902080125 0.4332456609375 0.3902080125 0.4332456609375 0.34940194583333334
2 0.39977193515625 0.34940194583333334 0.39977193515625 0.39360851944444447 0.42176895625000005 0.39360851944444447 0.42176895625000005 0.34940194583333334
2 0.6197421375000001 0.3426009361111111 0.6197421375000001 0.4599183777777778 0.67712566953125 0.4599183777777778 0.67712566953125 0.3426009361111111
2 0.6513030804687501 0.2966941097222222 0.6513030804687501 0.5041249486111111 0.8263228507812499 0.5041249486111111 0.8263228507812499 0.2966941097222222
2 0.7676641484375 0.25617141944444444 0.7676641484375 0.47437052361111115 0.99911105859375 0.47437052361111115 0.99911105859375 0.25617141944444444
2 0 0.2655794805555556 0 0.5665242222222222 0.066947453125 0.5665242222222222 0.066947453125 0.2655794805555556
2 0.7505766070312501 0.2723804902777778 0.7505766070312501 0.7501515208333334 0.99923857578125 0.7501515208333334 0.99923857578125 0.2723804902777778
2 0.36151624765625 0.3454913666666667 0.36151624765625 0.4101009708333333 0.4074230734375 0.4101009708333333 0.4074230734375 0.3454913666666667
2 0.1224182 0.35059212500000003 0.1224182 0.48151158749999995 0.250574753125 0.48151158749999995 0.250574753125 0.35059212500000003
2 0.39881554218750004 0.25588804305555557 0.39881554218750004 0.6588479541666666 0.63982637421875 0.6588479541666666 0.63982637421875 0.25588804305555557
7 0.27448455781250003 0.16492451944444445 0.27448455781250003 0.18872805972222223 0.34334479687499997 0.18872805972222223 0.34334479687499997 0.16492451944444445
7 0.17980173125 0.2295341236111111 0.17980173125 0.24653665138888892 0.21040628203125 0.24653665138888892 0.21040628203125 0.2295341236111111
7 0.41092984921875003 0.3009447416666667 0.41092984921875003 0.3111462583333333 0.43005769374999997 0.3111462583333333 0.43005769374999997 0.3009447416666667
7 0.5996579015625 0.2703401916666667 0.5996579015625 0.2805417083333333 0.61591656953125 0.2805417083333333 0.61591656953125 0.2703401916666667
7 0.59296315703125 0.2822419597222222 0.59296315703125 0.28904297083333336 0.60826543125 0.28904297083333336 0.60826543125 0.2822419597222222
7 0.56905335234375 0.2890429722222222 0.56905335234375 0.3043452472222222 0.576704490625 0.3043452472222222 0.576704490625 0.2890429722222222
7 0.5971075328125 0.3043452472222222 0.5971075328125 0.3230480291666667 0.6047586703125 0.3230480291666667 0.6047586703125 0.3043452472222222
7 0.69465953671875 0.23123437916666667 0.69465953671875 0.2533376638888889 0.70517985078125 0.2533376638888889 0.70517985078125 0.23123437916666667
7 0.8527830546875 0.23633513750000001 0.8527830546875 0.2533376638888889 0.874780075 0.2533376638888889 0.874780075 0.23633513750000001
7 0.8575650156249999 0.19747220694444445 0.8575650156249999 0.23293463055555555 0.8779680437499999 0.23293463055555555 0.8779680437499999 0.19747220694444445
7 0.85565223125 0.25503791666666664 0.85565223125 0.2890429722222222 0.8699981140625 0.2890429722222222 0.8699981140625 0.25503791666666664
6 0.3637478328125 0.15415625277777778 0.3637478328125 0.19496231944444445 0.374268146875 0.19496231944444445 0.374268146875 0.15415625277777778
6 0.5199585718749999 0.18306055 0.5199585718749999 0.21706560694444446 0.52760971015625 0.21706560694444446 0.52760971015625 0.18306055
6 0.607627846875 0.3037784972222222 0.607627846875 0.31908077222222225 0.6162353765625 0.31908077222222225 0.6162353765625 0.3037784972222222
6 0.37618093046875 0.15188924583333335 0.37618093046875 0.19609581805555554 0.3867012453125 0.19609581805555554 0.3867012453125 0.15188924583333335
6 0.5292036890625 0.18646105416666667 0.5292036890625 0.21706560416666668 0.5368548265624999 0.21706560416666668 0.5368548265624999 0.18646105416666667
6 0.4326080765625 0.29527723194444444 0.4326080765625 0.3105795069444444 0.43739003828125 0.3105795069444444 0.43739003828125 0.29527723194444444