2 0 0.32182730972222223 0 0.6463172513888888 0.209215628125 0.6463172513888888 0.209215628125 0.32182730972222223
2 0.15066968359375 0.3753987611111111 0.15066968359375 0.41672531111111105 0.185108475 0.41672531111111105 0.185108475 0.3753987611111111
2 0 0.3233579208333333 0 0.3509089527777778 0.10676022656249999 0.3509089527777778 0.10676022656249999 0.3233579208333333
2 0.17305489921875 0.3677456972222222 0.17305489921875 0.5100927000000001 0.282398059375 0.5100927000000001 0.282398059375 0.3677456972222222
2 0.249681209375 0.3677456972222222 0.249681209375 0.4580518583333334 0.31597588125 0.4580518583333334 0.31597588125 0.3677456972222222
2 0.29445163671875 0.3753987611111111 0.29445163671875 0.4381538902777778 0.34180497421875 0.4381538902777778 0.34180497421875 0.3753987611111111
2 0.3288904265625 0.37845998750000004 0.3288904265625 0.40294979444444445 0.34955370234375 0.40294979444444445 0.34955370234375 0.37845998750000004
2 0.46922850078125 0.335602825 0.46922850078125 0.4580518611111111 0.55963032734375 0.4580518611111111 0.55963032734375 0.335602825
2 0.5096940812499999 0.33713343888888886 0.5096940812499999 0.5100927000000001 0.6663905796875 0.5100927000000001 0.6663905796875 0.33713343888888886
2 0.6526150625 0.3386640513888889 0.6526150625 0.4840722777777778 0.7757337398437499 0.4840722777777778 0.7757337398437499 0.3386640513888889
2 0.7645411328125 0.36162324444444444 0.7645411328125 0.46723553611111107 0.83600162265625 0.46723553611111107 0.83600162265625 0.36162324444444444
2 0.323724609375 0.33101098472222223 0.323724609375 0.6065213138888889 0.5002234125 0.6065213138888889 0.5002234125 0.33101098472222223
4 0.73440719140625 0.3019293388888889 0.73440719140625 0.3417252777777778 0.75162658671875 0.3417252777777778 0.75162658671875 0.3019293388888889
7 0.34438788359375 0.32488853472222223 0.34438788359375 0.35550079305555554 0.3598853390625 0.35550079305555554 0.3598853390625 0.32488853472222223
7 0.413265465625 0.3294803736111111 0.413265465625 0.3478477291666667 0.42704098281249997 0.3478477291666667 0.42704098281249997 0.3294803736111111
7 0.4313458296875 0.2850926 0.4313458296875 0.34019466527777775 0.44167746796875 0.34019466527777775 0.44167746796875 0.2850926