6 0.7384620125 0.2395310777777778 0.7384620125 0.29109354444444446 0.7516455976562499 0.29109354444444446 0.7516455976562499 0.2395310777777778
6 0.4049173203125 0.21843734166666667 0.4049173203125 0.25593731666666664 0.41678254609375004 0.25593731666666664 0.41678254609375004 0.21843734166666667
6 0.3587747734375 0.36843724027777774 0.3587747734375 0.39656222222222226 0.36668492578125 0.39656222222222226 0.36668492578125 0.36843724027777774
6 0.5090676390625 0.36609349166666666 0.5090676390625 0.3871872263888889 0.524887940625 0.3871872263888889 0.524887940625 0.36609349166666666
6 0.41941926328125 0.2301560847222222 0.41941926328125 0.2770310541666667 0.42732941328124996 0.2770310541666667 0.42732941328124996 0.2301560847222222
6 0.39568881093749997 0.2606248138888889 0.39568881093749997 0.3028122847222222 0.42337433906250005 0.3028122847222222 0.42337433906250005 0.2606248138888889
6 0.75560067265625 0.2395310777777778 0.75560067265625 0.28640604722222224 0.766147540625 0.28640604722222224 0.766147540625 0.2395310777777778
6 0.17420458828125002 0.3707809888888889 0.17420458828125002 0.39187472500000003 0.19266160625 0.39187472500000003 0.19266160625 0.3707809888888889
6 0.38777866015625 0.3332810138888889 0.38777866015625 0.38015598333333334 0.41810090468750005 0.38015598333333334 0.41810090468750005 0.3332810138888889
7 0.09905815546874999 0.3192185236111111 0.09905815546874999 0.3496872527777778 0.1227886078125 0.3496872527777778 0.1227886078125 0.3192185236111111
7 0.19793503984375 0.3309372666666667 0.19793503984375 0.34734350555555554 0.21639205859375 0.34734350555555554 0.21639205859375 0.3309372666666667
7 0.18870653125 0.30749978194444444 0.18870653125 0.3332810138888889 0.20848190859375001 0.3332810138888889 0.20848190859375001 0.30749978194444444
7 0.17815966328125 0.29109354444444446 0.17815966328125 0.3098435319444445 0.1952983234375 0.3098435319444445 0.1952983234375 0.29109354444444446
7 0.18606981328125 0.2699998069444444 0.18606981328125 0.28640604722222224 0.20057175703125002 0.28640604722222224 0.20057175703125002 0.2699998069444444
7 0.2862650578125 0.2395310777777778 0.2862650578125 0.27937480277777776 0.33372596328125004 0.27937480277777776 0.33372596328125004 0.2395310777777778
7 0.3548196984375 0.3215622736111111 0.3548196984375 0.35203100277777777 0.37063999999999997 0.35203100277777777 0.37063999999999997 0.3215622736111111
7 0.35613805703125 0.22546858749999998 0.35613805703125 0.26531231111111114 0.37591343359375 0.26531231111111114 0.37591343359375 0.22546858749999998
7 0.39305209375 0.30749978194444444 0.39305209375 0.36140599305555554 0.42601105625 0.36140599305555554 0.42601105625 0.30749978194444444
7 0.80569829453125 0.35437475 0.80569829453125 0.37781223333333336 0.8307471054687501 0.37781223333333336 0.8307471054687501 0.35437475
7 0.825473671875 0.3285935166666667 0.825473671875 0.34499975555555557 0.8439306906249999 0.34499975555555557 0.8439306906249999 0.3285935166666667
7 0.76746589921875 0.28640604583333334 0.76746589921875 0.316874775 0.82415531328125 0.316874775 0.82415531328125 0.28640604583333334
7 0.53016137421875 0.3824997319444445 0.53016137421875 0.40828096388888885 0.54466331796875 0.40828096388888885 0.54466331796875 0.3824997319444445
7 0.63431169375 0.40124971805555554 0.63431169375 0.41765595694444446 0.6461769203125 0.41765595694444446 0.6461769203125 0.40124971805555554
6 0.6145363164062501 0.40124971805555554 0.6145363164062501 0.41999970555555555 0.62244646640625 0.41999970555555555 0.62244646640625 0.40124971805555554
6 0.57366720390625 0.40124971805555554 0.57366720390625 0.4223434541666667 0.580258996875 0.4223434541666667 0.580258996875 0.40124971805555554
4 0.92830563203125 0.4621871736111111 0.92830563203125 0.5582808583333333 0.95730951875 0.5582808583333333 0.95730951875 0.4621871736111111
4 0.92830563203125 0.45281218055555555 0.92830563203125 0.5442183680555556 0.952036084375 0.5442183680555556 0.952036084375 0.45281218055555555
4 0.952036084375 0.4574996777777778 0.952036084375 0.5489058652777777 0.9731298203125001 0.5489058652777777 0.9731298203125001 0.4574996777777778
4 0.67254408828125 0.4504684333333333 0.67254408828125 0.5114058916666667 0.688364390625 0.5114058916666667 0.688364390625 0.4504684333333333
2 0.6672706546875 0.45515593055555553 0.6672706546875 0.4973434013888889 0.692319465625 0.4973434013888889 0.692319465625 0.45515593055555553
2 0.68440931484375 0.4457809361111111 0.68440931484375 0.5043746458333334 0.70945812578125 0.5043746458333334 0.70945812578125 0.4457809361111111
2 0.6910011078125 0.4481246847222222 0.6910011078125 0.5137496388888889 0.72527842890625 0.5137496388888889 0.72527842890625 0.4481246847222222
2 0.70682140859375 0.4481246847222222 0.70682140859375 0.5254683819444445 0.75428231328125 0.5254683819444445 0.75428231328125 0.4481246847222222
2 0.6409034859375 0.4457809361111111 0.6409034859375 0.47156216944444446 0.66990737265625 0.47156216944444446 0.66990737265625 0.4457809361111111
2 0.6409034859375 0.45515593055555553 0.6409034859375 0.5067183944444444 0.6712257312500001 0.5067183944444444 0.6712257312500001 0.45515593055555553
2 0.598716015625 0.44109344027777775 0.598716015625 0.45984342638888887 0.6198097515625001 0.45984342638888887 0.6198097515625001 0.44109344027777775
2 0.60398944921875 0.44109344027777775 0.60398944921875 0.5395308722222222 0.6672706546875 0.5395308722222222 0.6672706546875 0.44109344027777775
1 0.6369484109375 0.4223434513888889 0.6369484109375 0.4621871736111111 0.6778175234375 0.4621871736111111 0.6778175234375 0.4223434513888889
2 0.58157735546875 0.41999970416666665 0.58157735546875 0.6660932833333333 0.6567237875 0.6660932833333333 0.6567237875 0.41999970416666665
2 0.72527842890625 0.41999970416666665 0.72527842890625 0.6707807819444445 0.9322607078124999 0.6707807819444445 0.9322607078124999 0.41999970416666665
2 0 0.38015598194444444 0 0.6942182652777777 0.28758341640624996 0.6942182652777777 0.28758341640624996 0.38015598194444444
2 0.9625829523437501 0.4574996777777778 0.9625829523437501 0.5559371125 0.9994969890625001 0.5559371125 0.9994969890625001 0.4574996777777778
2 0.23221236015625002 0.40359346527777773 0.23221236015625002 0.827811925 0.6395851265625 0.827811925 0.6395851265625 0.40359346527777773
2 0.870297859375 0.5254683819444445 0.870297859375 0.827811925 0.9994969890625001 0.827811925 0.9994969890625001 0.5254683819444445