7 0.31570874843749996 0.2896654361111111 0.31570874843749996 0.3279331597222222 0.3276674109375 0.3279331597222222 0.3276674109375 0.2896654361111111
7 0.77372560703125 0.3747048291666667 0.77372560703125 0.39383869166666663 0.78329253828125 0.39383869166666663 0.78329253828125 0.3747048291666667
7 0.9474252148437501 0.21312997916666668 0.9474252148437501 0.23438982777777775 0.99047640625 0.23438982777777775 0.99047640625 0.21312997916666668
7 0.9402500140625 0.2258858888888889 0.9402500140625 0.2513977055555556 0.96057974296875 0.2513977055555556 0.96057974296875 0.2258858888888889
7 0.5683355406249999 0.33218513055555554 0.5683355406249999 0.34706702500000003 0.59105700703125 0.34706702500000003 0.59105700703125 0.33218513055555554
7 0.92350788203125 0.25564967916666664 0.92350788203125 0.2875394486111111 0.94622934765625 0.2875394486111111 0.94622934765625 0.25564967916666664
7 0.9163326859375 0.2917914222222222 0.9163326859375 0.3194292236111111 0.9617756125 0.3194292236111111 0.9617756125 0.2917914222222222
7 0.93666241484375 0.3215552111111111 0.93666241484375 0.3491930111111111 0.95460041328125 0.3491930111111111 0.95460041328125 0.3215552111111111
7 0.9438376156249999 0.3449410402777778 0.9438376156249999 0.3598229375 0.9617756125 0.3598229375 0.9617756125 0.3449410402777778
4 0.752498978125 0.4278544472222222 0.752498978125 0.4639961930555556 0.762065909375 0.4639961930555556 0.762065909375 0.4278544472222222
9 0.6341081984375 0.4193505111111111 0.6341081984375 0.4427363444444445 0.6556337937500001 0.4427363444444445 0.6556337937500001 0.4193505111111111
2 0.621850565625 0.4321064236111111 0.621850565625 0.44698831527777777 0.65055136015625 0.44698831527777777 0.65055136015625 0.4321064236111111
2 0.61467536796875 0.4448623277777778 0.61467536796875 0.4873820263888889 0.6481596296875 0.4873820263888889 0.6481596296875 0.4448623277777778
2 0.662510025 0.4108465722222222 0.662510025 0.42785445 0.670881090625 0.42785445 0.670881090625 0.4108465722222222
2 0.66848935859375 0.41509854027777776 0.66848935859375 0.43848437500000004 0.68642735546875 0.43848437500000004 0.68642735546875 0.41509854027777776
2 0.68164388984375 0.4172245236111111 0.68164388984375 0.4427363444444445 0.70556121796875 0.4427363444444445 0.70556121796875 0.4172245236111111
2 0.6936025546875 0.42998043333333336 0.6936025546875 0.4448623277777778 0.7175198843749999 0.4448623277777778 0.7175198843749999 0.42998043333333336
2 0.7151281507812499 0.4342324041666667 0.7151281507812499 0.4810040680555555 0.75100414609375 0.4810040680555555 0.75100414609375 0.4342324041666667
2 0.29191189765625 0.4640947486111111 0.29191189765625 0.5557929444444445 0.4926969859375 0.5557929444444445 0.4926969859375 0.4640947486111111
2 0.259503025 0.4597442222222223 0.259503025 0.48525603888888885 0.30853354921875 0.48525603888888885 0.30853354921875 0.4597442222222223
2 0.287007953125 0.4500001347222222 0.287007953125 0.6455907375 0.450841659375 0.6455907375 0.450841659375 0.4500001347222222
2 0.83686737890625 0.4285985416666667 0.83686737890625 0.6326930861111111 0.998309353125 0.6326930861111111 0.998309353125 0.4285985416666667
2 0.6108486156249999 0.4383780694444444 0.6108486156249999 0.631842688888889 0.73521872890625 0.631842688888889 0.73521872890625 0.4383780694444444
2 0 0.4560237458333334 0 0.8105101541666667 0.3463577015625 0.8105101541666667 0.3463577015625 0.4560237458333334
2 0.00141330390625 0.6747404902777778 0.00141330390625 0.9851342819444445 0.0325058328125 0.9851342819444445 0.0325058328125 0.6747404902777778
2 0.94375608515625 0.48340185555555554 0.94375608515625 0.6811184444444445 0.99757007734375 0.6811184444444445 0.99757007734375 0.48340185555555554