7 0.37071860703125 0.31464575694444447 0.37071860703125 0.340157575 0.38626487109375 0.340157575 0.38626487109375 0.31464575694444447
7 0.5309647140625 0.45283477083333334 0.5309647140625 0.4634646972222223 0.5405316453125 0.4634646972222223 0.5405316453125 0.45283477083333334
7 0.828496315625 0.3826772708333333 0.828496315625 0.40393711944444444 0.8440425796875 0.40393711944444444 0.8440425796875 0.3826772708333333
7 0.5319214289062499 0.4634646958333334 0.5319214289062499 0.4804725722222222 0.53909662734375 0.4804725722222222 0.53909662734375 0.4634646958333334
7 0.5833436695312499 0.45070878611111115 0.5833436695312499 0.4677166652777777 0.5929106 0.4677166652777777 0.5929106 0.45070878611111115
2 0.4781074375 0.44220484722222225 0.4781074375 0.45921272638888894 0.49245783671875004 0.45921272638888894 0.49245783671875004 0.44220484722222225
2 0.49508871953125 0.4655906805555555 0.49508871953125 0.48685052916666666 0.50824325078125 0.48685052916666666 0.50824325078125 0.4655906805555555
2 0.49987218593750005 0.4762206041666666 0.49987218593750005 0.49535446805555555 0.5178101828125 0.49535446805555555 0.5178101828125 0.4762206041666666
2 0.51661431640625 0.46984265 0.51661431640625 0.5144883319444444 0.5405316460937499 0.5144883319444444 0.5405316460937499 0.46984265
2 0.523789515625 0.4932284833333333 0.523789515625 0.5229922708333333 0.5405316460937499 0.5229922708333333 0.5405316460937499 0.4932284833333333
2 0.5357481796875 0.49748045277777775 0.5357481796875 0.5314962097222222 0.56564484296875 0.5314962097222222 0.56564484296875 0.49748045277777775
2 0.564448975 0.48897651388888885 0.564448975 0.5357481805555556 0.58477870546875 0.5357481805555556 0.58477870546875 0.48897651388888885
2 0.57162417421875 0.4932284833333333 0.57162417421875 0.54000015 0.60032496953125 0.54000015 0.60032496953125 0.4932284833333333
2 0.5835828390625 0.49748045277777775 0.5835828390625 0.5485040888888888 0.6110877679687501 0.5485040888888888 0.6110877679687501 0.49748045277777775
2 0.6218505664062499 0.4740946194444444 0.6218505664062499 0.49535446666666666 0.6421802960937499 0.49535446666666666 0.6421802960937499 0.4740946194444444
2 0.60032496953125 0.4932284833333333 0.60032496953125 0.5527560583333333 0.635005096875 0.5527560583333333 0.635005096875 0.4932284833333333
2 0.6206546992187499 0.47834658888888887 0.6206546992187499 0.5655119680555555 0.69479842109375 0.5655119680555555 0.69479842109375 0.47834658888888887
2 0.64696376171875 0.49535446805555555 0.64696376171875 0.5846458319444444 0.72589094921875 0.5846458319444444 0.72589094921875 0.49535446805555555
2 0.7053200109375 0.44220484722222225 0.7053200109375 0.6448017222222222 0.9122069671874999 0.6448017222222222 0.9122069671874999 0.44220484722222225
2 0.309490246875 0.43370090694444446 0.309490246875 0.6951970430555556 0.49963301640625 0.6951970430555556 0.49963301640625 0.43370090694444446
2 0.8743428203124999 0.3622678208333333 0.8743428203124999 0.8767561527777777 0.9975170664062499 0.8767561527777777 0.9975170664062499 0.3622678208333333