6 0.41468934765625 0.1137439888888889 0.41468934765625 0.18625579166666667 0.42908507265624996 0.18625579166666667 0.42908507265624996 0.1137439888888889
6 0.40509219765625 0.1094785888888889 0.40509219765625 0.18625579166666667 0.41468934687500003 0.18625579166666667 0.41468934687500003 0.1094785888888889
6 0.43148436015625 0.1158766888888889 0.43148436015625 0.19265389166666666 0.44108151015625 0.19265389166666666 0.44108151015625 0.1158766888888889
7 0.45907616640625 0.1158766888888889 0.45907616640625 0.15213259166666668 0.48786761640625 0.15213259166666668 0.48786761640625 0.1158766888888889
7 0.5562473101562501 0.1286728888888889 0.5562473101562501 0.19478659166666665 0.57784089765625 0.19478659166666665 0.57784089765625 0.1286728888888889
7 0.59343626640625 0.17559229166666668 0.59343626640625 0.21184819166666666 0.6594166734375 0.21184819166666666 0.6594166734375 0.17559229166666668
6 0.6906074109375 0.3248812916666667 0.6906074109375 0.35848277777777776 0.70096186015625 0.35848277777777776 0.70096186015625 0.3248812916666667
2 0.222746346875 0.38033149027777774 0.222746346875 0.5146915902777778 0.318717846875 0.5146915902777778 0.318717846875 0.38033149027777774
2 0.157965584375 0.38459689027777777 0.157965584375 0.48270108888888885 0.22994420859375003 0.48270108888888885 0.22994420859375003 0.38459689027777777
2 0.10758054609375 0.4251181902777778 0.10758054609375 0.48696648888888894 0.15916522890625 0.48696648888888894 0.15916522890625 0.4251181902777778
2 0.0044111835937500005 0.4187200902777778 0.0044111835937500005 0.5125588902777778 0.11837734062500001 0.5125588902777778 0.11837734062500001 0.4187200902777778
2 0.43628293515624994 0.42298549027777776 0.43628293515624994 0.4549759902777778 0.45787652265625 0.4549759902777778 0.45787652265625 0.42298549027777776
2 0.45307794765625 0.4187200902777778 0.45307794765625 0.45710869027777784 0.47707082187500005 0.45710869027777784 0.47707082187500005 0.4187200902777778
2 0.46987296015625 0.42298549027777776 0.46987296015625 0.46563949027777773 0.49746476640625004 0.46563949027777773 0.49746476640625004 0.42298549027777776
2 0.315118915625 0.39739309027777775 0.315118915625 0.6127957902777778 0.45667687968750004 0.6127957902777778 0.45667687968750004 0.39739309027777775
4 0.59703519765625 0.40592389027777775 0.59703519765625 0.47417029166666663 0.61383021171875 0.47417029166666663 0.61383021171875 0.40592389027777775