6 0.3266820953125 0.04827814444444444 0.3266820953125 0.12516555833333334 0.3437806046875 0.12516555833333334 0.3437806046875 0.04827814444444444
6 0.5821539398437501 0.34152316666666666 0.5821539398437501 0.37013243611111113 0.6022698328125 0.37013243611111113 0.6022698328125 0.34152316666666666
6 0.30053143359375 0.05364238194444444 0.30053143359375 0.12695363750000002 0.3226589171875 0.12695363750000002 0.3226589171875 0.05364238194444444
6 0.2512474953125 0.3737085958333334 0.2512474953125 0.39158938750000005 0.2582880578125 0.39158938750000005 0.2582880578125 0.3737085958333334
2 0.3478037828125 0.4327152152777778 0.3478037828125 0.45417216805555555 0.35987331796875 0.45417216805555555 0.35987331796875 0.4327152152777778
2 0.29751404843749996 0.43629137500000004 0.29751404843749996 0.4470198513888889 0.30656620078125 0.4470198513888889 0.30656620078125 0.43629137500000004
2 0.2924850765625 0.43450329583333336 0.2924850765625 0.4577483277777778 0.30254302265625 0.4577483277777778 0.30254302265625 0.43450329583333336
2 0.36691388125 0.43450329583333336 0.36691388125 0.46132448611111115 0.37898341796875 0.46132448611111115 0.37898341796875 0.43450329583333336
2 0.37797762265625 0.4380794541666667 0.37797762265625 0.4756291222222222 0.3990993109375 0.4756291222222222 0.3990993109375 0.4380794541666667
2 0.3337226578125 0.4380794541666667 0.3337226578125 0.4631125666666667 0.35383855078125 0.4631125666666667 0.35383855078125 0.4380794541666667
2 0.30757199609375 0.44344369166666664 0.30757199609375 0.4720529625 0.3266820953125 0.4720529625 0.3266820953125 0.44344369166666664
9 0.36691388125 0.405894025 0.36691388125 0.4327152152777778 0.40111090078125 0.4327152152777778 0.40111090078125 0.405894025
9 0.11747680468749999 0.4398675333333334 0.11747680468749999 0.49708607222222223 0.16776653749999998 0.49708607222222223 0.16776653749999998 0.4398675333333334
9 0.0862971703125 0.4470198513888889 0.0862971703125 0.5060264708333334 0.1275347515625 0.5060264708333334 0.1275347515625 0.4470198513888889
2 0.0088509796875 0.42377481805555556 0.0088509796875 0.5149668680555556 0.0973609109375 0.5149668680555556 0.0973609109375 0.42377481805555556
2 0.0008046234375 0.44165561249999996 0.0008046234375 0.5292715041666667 0.031984258593749995 0.5292715041666667 0.031984258593749995 0.44165561249999996
2 0.16676074296875001 0.4184105805555556 0.16676074296875001 0.5471522972222223 0.27136338828125 0.5471522972222223 0.27136338828125 0.4184105805555556
2 0.3960819265625 0.4166225013888889 0.3960819265625 0.5060264694444445 0.43832530312499995 0.5060264694444445 0.43832530312499995 0.4166225013888889
2 0.387029775 0.3915893888888889 0.387029775 0.7939072569444445 0.6847449953125 0.7939072569444445 0.6847449953125 0.3915893888888889
2 0.7048608890625 0.43450329583333336 0.7048608890625 0.6258277916666667 0.962344321875 0.6258277916666667 0.962344321875 0.43450329583333336
2 0.9633501164062499 0.4148344222222222 0.9633501164062499 0.5113907111111111 0.99754713515625 0.5113907111111111 0.99754713515625 0.4148344222222222
4 0.387029775 0.43629137500000004 0.387029775 0.4899337569444444 0.3970877203125 0.4899337569444444 0.3970877203125 0.43629137500000004
4 0.7531390328125 0.46132448611111115 0.7531390328125 0.7313244763888889 0.8195214804687501 0.7313244763888889 0.8195214804687501 0.46132448611111115
4 0.9351878671874999 0.46132448611111115 0.9351878671874999 0.8475496375 0.99855292890625 0.8475496375 0.99855292890625 0.46132448611111115
4 0.8336026046875 0.4041059458333333 0.8336026046875 0.44344369166666664 0.8527127046875 0.44344369166666664 0.8527127046875 0.4041059458333333
4 0.9140661789062501 0.405894025 0.9140661789062501 0.48635759444444443 0.93518786796875 0.48635759444444443 0.93518786796875 0.405894025
4 0.93015889375 0.39874170694444444 0.93015889375 0.4988741541666667 0.95530376015625 0.4988741541666667 0.95530376015625 0.39874170694444444
7 0.55801486796875 0.27178806944444445 0.55801486796875 0.29682118055555556 0.569078609375 0.29682118055555556 0.569078609375 0.27178806944444445
2 0.26966226796875004 0.4381456180555556 0.26966226796875004 0.47370938472222224 0.29686855078124996 0.47370938472222224 0.29686855078124996 0.4381456180555556