2 0 0.5208844347222222 0 0.761901338888889 0.07231027890625 0.761901338888889 0.07231027890625 0.5208844347222222
2 0.29368735546875 0.43697368611111115 0.29368735546875 0.7969860763888889 0.49704536640625 0.7969860763888889 0.49704536640625 0.43697368611111115
2 0.0225433390625 0.5285115527777778 0.0225433390625 0.7085115166666667 0.16841195546875 0.7085115166666667 0.16841195546875 0.5285115527777778
2 0.18814712109375 0.5025793541666667 0.18814712109375 0.6825793194444445 0.2928293046875 0.6825793194444445 0.2928293046875 0.5025793541666667
2 0.298835659375 0.5254607055555556 0.298835659375 0.6078335708333333 0.31857082421875 0.6078335708333333 0.31857082421875 0.5254607055555556
2 0.51506443203125 0.5178335875000001 0.51506443203125 0.6108844180555555 0.6566427945312501 0.6108844180555555 0.6566427945312501 0.5178335875000001
2 0.64548813515625 0.5254607055555556 0.64548813515625 0.5925793361111111 0.6952550750000001 0.5925793361111111 0.6952550750000001 0.5254607055555556
2 0.71499024140625 0.5391895166666667 0.71499024140625 0.6002064541666666 0.8042275125 0.6002064541666666 0.8042275125 0.5391895166666667
2 0.816240221875 0.5269861291666667 0.816240221875 0.6017318777777778 0.87544571953125 0.6017318777777778 0.87544571953125 0.5269861291666667
2 0.7175643929687501 0.5254607055555556 0.7175643929687501 0.5651217138888889 0.8059436140624999 0.5651217138888889 0.8059436140624999 0.5254607055555556
2 0.17184415703125 0.5574945972222223 0.17184415703125 0.6322403472222222 0.194153475 0.6322403472222222 0.194153475 0.5574945972222223
6 0.13752213046875 0.3881725972222222 0.13752213046875 0.4232573347222222 0.1443865359375 0.4232573347222222 0.1443865359375 0.3881725972222222
6 0.3915051328125 0.3424098930555556 0.3915051328125 0.3872368444444444 0.40265979218750003 0.3872368444444444 0.40265979218750003 0.3424098930555556
6 0.33144158515625 0.49037596666666666 0.33144158515625 0.5056302 0.33744793984375 0.5056302 0.33744793984375 0.49037596666666666
6 0.6506364398437501 0.4415624166666667 0.6506364398437501 0.4720708833333333 0.6626491492187501 0.4720708833333333 0.6626491492187501 0.4415624166666667
6 0.6686555039062501 0.43393529861111113 0.6686555039062501 0.4705454597222222 0.6858165171875 0.4705454597222222 0.6858165171875 0.43393529861111113
7 0.12808357343750001 0.4735963097222223 0.12808357343750001 0.4857996958333333 0.15382509375 0.4857996958333333 0.15382509375 0.4735963097222223
7 0.7235707484375 0.4186810652777778 0.7235707484375 0.4354607222222222 0.7518864203125 0.4354607222222222 0.7518864203125 0.4186810652777778
7 0.729577103125 0.43698614583333334 0.729577103125 0.4552912277777778 0.74588006484375 0.4552912277777778 0.74588006484375 0.43698614583333334
7 0.4816004546875 0.4629183430555555 0.4816004546875 0.47664715416666664 0.4979034171875 0.47664715416666664 0.4979034171875 0.4629183430555555
6 0.49704536640625 0.481223425 0.49704536640625 0.49952850694444445 0.50820002578125 0.49952850694444445 0.50820002578125 0.481223425
2 0.28682295 0.5468166319444444 0.28682295 0.6063081472222223 0.3048420140625 0.6063081472222223 0.3048420140625 0.5468166319444444
4 0.47216189765624994 0.5269861291666667 0.47216189765624994 0.5880030666666667 0.49189706328125 0.5880030666666667 0.49189706328125 0.5269861291666667
4 0.51763858359375 0.5361386694444444 0.51763858359375 0.6032573013888889 0.5408059523437501 0.6032573013888889 0.5408059523437501 0.5361386694444444
4 0.5433801046875 0.5330878222222223 0.5433801046875 0.6063081472222223 0.5656894218749999 0.6063081472222223 0.5656894218749999 0.5330878222222223
4 0.5124902796875 0.5330878222222223 0.5124902796875 0.5910539138888888 0.52965129296875 0.5910539138888888 0.52965129296875 0.5330878222222223
4 0.698687278125 0.5071556236111111 0.698687278125 0.6093589944444444 0.71842244375 0.6093589944444444 0.71842244375 0.5071556236111111
4 0.830827084375 0.49037596666666666 0.830827084375 0.6246132305555555 0.86343301015625 0.6246132305555555 0.86343301015625 0.49037596666666666
4 0.793072853125 0.5056302 0.793072853125 0.6200369583333333 0.8248207296875 0.6200369583333333 0.8248207296875 0.5056302
4 0.8917486820312501 0.47817258055555556 0.8917486820312501 0.6322403472222222 0.94237367265625 0.6322403472222222 0.94237367265625 0.47817258055555556