4 0.20568320234374998 0.7933494986111111 0.20568320234374998 0.8684401916666666 0.2212930875 0.8684401916666666 0.2212930875 0.7933494986111111
4 0.8077350984375 0.7411124930555556 0.8077350984375 0.806408748611111 0.8288543562499999 0.806408748611111 0.8288543562499999 0.7411124930555556
4 0.1717087453125 0.7917170930555555 0.1717087453125 0.8586457513888888 0.19282800312499998 0.8586457513888888 0.19282800312499998 0.7917170930555555
5 0.20751966015624998 0.8238211152777778 0.20751966015624998 0.8695284958333334 0.23782120468749998 0.8695284958333334 0.23782120468749998 0.8238211152777778
5 0.138652515625 0.8548368375000001 0.138652515625 0.9185006861111111 0.18180925859375 0.9185006861111111 0.18180925859375 0.8548368375000001
5 0.16252645937500002 0.8336155555555556 0.16252645937500002 0.9119710597222221 0.19282800312499998 0.9119710597222221 0.19282800312499998 0.8336155555555556
2 0 0.7982467152777777 0 0.9402660708333334 0.17033140390624998 0.9402660708333334 0.17033140390624998 0.7982467152777777
2 0.2043058609375 0.7957981055555556 0.2043058609375 0.9133313666666666 0.3842786625 0.9133313666666666 0.3842786625 0.7957981055555556
2 0.8182728703125 0.727353661111111 0.8182728703125 0.8416221069444445 0.9835540164062501 0.8416221069444445 0.9835540164062501 0.727353661111111
2 0.42527103515625003 0.7469425375000001 0.42527103515625003 0.8856970791666667 0.60799852421875 0.8856970791666667 0.60799852421875 0.7469425375000001
2 0.5659539773437501 0.7318621805555556 0.5659539773437501 0.9995768277777779 0.8487683828125 0.9995768277777779 0.8487683828125 0.7318621805555556