2 0.0008446085937500001 0.2729833722222222 0.0008446085937500001 0.575139513888889 0.22018501875 0.575139513888889 0.22018501875 0.2729833722222222
2 0.21379626640625 0.3742300833333333 0.21379626640625 0.5026695444444444 0.29903756328125 0.5026695444444444 0.29903756328125 0.3742300833333333
2 0.47748987734375004 0.4629364736111111 0.47748987734375004 0.4971253944444444 0.49568161718750003 0.4971253944444444 0.49568161718750003 0.4629364736111111
2 0.4946420890625 0.4453800013888889 0.4946420890625 0.49435332083333333 0.51855123359375 0.49435332083333333 0.51855123359375 0.4453800013888889
2 0.51543264921875 0.40256686666666663 0.51543264921875 0.49127325555555557 0.540381321875 0.49127325555555557 0.540381321875 0.40256686666666663
2 0.3852490875 0.4908420375 0.3852490875 0.49915826111111117 0.39512460312500003 0.49915826111111117 0.39512460312500003 0.4908420375
2 0.3856648921875 0.4767968472222222 0.3856648921875 0.49010279999999995 0.40593568828125 0.49010279999999995 0.40593568828125 0.4767968472222222
2 0.53808568671875 0.2979980291666667 0.53808568671875 0.4920432583333333 0.68621842734375 0.4920432583333333 0.68621842734375 0.2979980291666667
2 0.40489616015624996 0.45831635 0.40489616015624996 0.47494879861111117 0.4142519125 0.47494879861111117 0.4142519125 0.45831635
2 0.4168507328125 0.43336767777777774 0.4168507328125 0.44630402638888894 0.4256867203125 0.44630402638888894 0.4256867203125 0.43336767777777774
2 0.41892978828125005 0.4869611222222222 0.41892978828125005 0.4989734458333333 0.428285540625 0.4989734458333333 0.428285540625 0.4869611222222222
9 0.39294158828125003 0.45129375555555556 0.39294158828125003 0.474024775 0.40333686796875 0.474024775 0.40333686796875 0.45129375555555556
2 0.40541592421874995 0.4097126347222222 0.40541592421874995 0.4189528833333333 0.41061356484375 0.4189528833333333 0.41061356484375 0.4097126347222222
2 0.40333686796875 0.4189528833333333 0.40333686796875 0.4309652069444444 0.40905427265625 0.4309652069444444 0.40905427265625 0.4189528833333333
7 0.60071724921875 0.2739733819444444 0.60071724921875 0.2989220541666667 0.62254733671875 0.2989220541666667 0.62254733671875 0.2739733819444444