2 0.33931992734375 0.4350870319444444 0.33931992734375 0.4450685458333333 0.34984730390625 0.4450685458333333 0.34984730390625 0.4350870319444444
2 0.33851367109375 0.4375230027777778 0.33851367109375 0.44625682916666665 0.3490410484375 0.44625682916666665 0.3490410484375 0.4375230027777778
2 0.35114652265625 0.4400183819444445 0.35114652265625 0.4674675430555556 0.3630775515625 0.4674675430555556 0.3630775515625 0.4400183819444445
2 0.38693960625 0.44251375972222223 0.38693960625 0.45623834166666666 0.40237975859375 0.45623834166666666 0.40237975859375 0.44251375972222223
2 0.39676515859375 0.44875220555555556 0.39676515859375 0.4762013666666667 0.41922356328125004 0.4762013666666667 0.41922356328125004 0.44875220555555556
2 0.3588666 0.4412660708333333 0.3588666 0.4849351916666667 0.38834325625 0.4849351916666667 0.38834325625 0.4412660708333333
2 0.36728850234375 0.4533270722222222 0.36728850234375 0.5157115291666666 0.41501261171875 0.5157115291666666 0.41501261171875 0.4533270722222222
2 0.40354946015625004 0.4433455597222222 0.40354946015625004 0.5756006097222222 0.487768478125 0.5756006097222222 0.487768478125 0.4433455597222222
2 0.42647576328125 0.41672817777777776 0.42647576328125 0.8080867013888888 0.757035409375 0.8080867013888888 0.757035409375 0.41672817777777776
9 0.6777291671875 0.44459324861111116 0.6777291671875 0.6529573375 0.7914248414062499 0.6529573375 0.7914248414062499 0.44459324861111116
2 0.78581023984375 0.5057300166666666 0.78581023984375 0.5606283402777777 0.8230069742187499 0.5606283402777777 0.8230069742187499 0.5057300166666666
2 0.82230514765625 0.5136320611111111 0.82230514765625 0.6546209347222222 0.9984632601562501 0.6546209347222222 0.9984632601562501 0.5136320611111111
2 0.32424321875 0.4375230027777778 0.32424321875 0.4512475861111111 0.33196329609375 0.4512475861111111 0.33196329609375 0.4375230027777778
9 0.3151194921875 0.42599671944444445 0.3151194921875 0.4475045152777778 0.32494504453125 0.4475045152777778 0.32494504453125 0.42599671944444445
2 0.308803065625 0.4350276263888889 0.308803065625 0.4499998958333334 0.3165231421875 0.4499998958333334 0.3165231421875 0.4350276263888889
2 0.2947665625 0.43128455694444445 0.2947665625 0.4499998944444445 0.308803065625 0.4499998944444445 0.308803065625 0.43128455694444445
2 0.29125743671875004 0.4350276263888889 0.29125743671875004 0.45374296388888885 0.3010829875 0.45374296388888885 0.3010829875 0.4350276263888889
2 0.3284541703125 0.4441773388888889 0.3284541703125 0.4791126361111111 0.35442170078125 0.4791126361111111 0.35442170078125 0.4441773388888889
2 0 0.4217189527777778 0 0.8322086847222222 0.09097407421875 0.8322086847222222 0.09097407421875 0.4217189527777778
4 0 0.37430674583333334 0 0.42670969166666667 0.02386205546875 0.42670969166666667 0.02386205546875 0.37430674583333334
4 0.02386205546875 0.40300359722222223 0.02386205546875 0.4379388930555556 0.04140768359375 0.4379388930555556 0.04140768359375 0.40300359722222223
4 0.746040134375 0.4790169402777778 0.746040134375 0.5077137902777777 0.7607784625 0.5077137902777777 0.7607784625 0.4790169402777778
4 0.72358172890625 0.48276000694444443 0.72358172890625 0.5027230333333333 0.7341091054687501 0.5027230333333333 0.7341091054687501 0.48276000694444443
4 0.2223156453125 0.42011475416666666 0.2223156453125 0.45879311666666667 0.23354484765625 0.45879311666666667 0.23354484765625 0.42011475416666666
4 0.23143937265624998 0.4251055111111111 0.23143937265624998 0.45130698333333336 0.24056309921875002 0.45130698333333336 0.24056309921875002 0.4251055111111111
5 0.8515946375000001 0.5015710402777778 0.8515946375000001 0.6058778555555555 0.8908968453125 0.6058778555555555 0.8908968453125 0.5015710402777778
0 0.8438745609374999 0.5385026416666666 0.8438745609374999 0.638317775 0.90002057265625 0.638317775 0.90002057265625 0.5385026416666666
7 0.06948068984375 0.2058687111111111 0.06948068984375 0.2270794263888889 0.09474639609374999 0.2270794263888889 0.09474639609374999 0.2058687111111111
7 0.07720076640625 0.29695001944444444 0.07720076640625 0.3219038013888889 0.0968518703125 0.3219038013888889 0.0968518703125 0.29695001944444444
7 0.18221134375 0.3461446125 0.18221134375 0.3623645736111111 0.20466974843750002 0.3623645736111111 0.20466974843750002 0.3461446125
7 0.61954869140625 0.3461446125 0.61954869140625 0.3748414652777778 0.6406034453125 0.3748414652777778 0.6406034453125 0.3461446125
7 0.63077789375 0.39106142222222223 0.63077789375 0.4022906263888889 0.64270892109375 0.4022906263888889 0.64270892109375 0.39106142222222223
7 0.62797059296875 0.4060336930555556 0.62797059296875 0.430987475 0.63639249453125 0.430987475 0.63639249453125 0.4060336930555556
7 0.8199699 0.28126477638888886 0.8199699 0.32742927638888886 0.85786845859375 0.32742927638888886 0.85786845859375 0.28126477638888886
7 0.8220753757812499 0.3502441694444445 0.8220753757812499 0.3714548875 0.8529556828124999 0.3714548875 0.8529556828124999 0.3502441694444445
7 0.8669921851562499 0.37519795277777773 0.8669921851562499 0.4575454375 0.8880469398437499 0.4575454375 0.8880469398437499 0.37519795277777773
7 0.45371742656249997 0.36646412916666665 0.45371742656249997 0.40888555972222224 0.462841153125 0.40888555972222224 0.462841153125 0.36646412916666665
7 0.460735678125 0.4226101416666666 0.460735678125 0.4313439666666667 0.4691575796875 0.4313439666666667 0.4691575796875 0.4226101416666666
7 0.34914547812499996 0.42011476249999996 0.34914547812499996 0.4313439666666667 0.35756738046875 0.4313439666666667 0.35756738046875 0.42011476249999996
7 0.31756334765625 0.4138763166666667 0.31756334765625 0.4251055194444444 0.33019620078125 0.4251055194444444 0.33019620078125 0.4138763166666667
7 0.24367368984375 0.35060065277777774 0.24367368984375 0.376802125 0.2549028921875 0.376802125 0.2549028921875 0.35060065277777774
7 0.2689393953125 0.3955174625 0.2689393953125 0.40549897361111115 0.280168596875 0.40549897361111115 0.280168596875 0.3955174625
6 0.31006634296875 0.30318846666666666 0.31006634296875 0.33313300555555553 0.3191900703125 0.33313300555555553 0.3191900703125 0.30318846666666666
6 0.57816356015625 0.32814224722222224 0.57816356015625 0.36307754722222224 0.58588363671875 0.36307754722222224 0.58588363671875 0.32814224722222224
6 0.72484501640625 0.3081792208333333 0.72484501640625 0.3518483416666667 0.73607421875 0.3518483416666667 0.73607421875 0.3081792208333333
6 0.836435215625 0.4254620013888889 0.836435215625 0.45914960833333335 0.85398084453125 0.45914960833333335 0.85398084453125 0.4254620013888889
6 0.8202932367187501 0.42670969166666667 0.8202932367187501 0.4603973 0.8308206140625 0.4603973 0.8308206140625 0.42670969166666667
6 0.17180678828125 0.31691304583333335 0.17180678828125 0.3418668263888889 0.1886505921875 0.3418668263888889 0.1886505921875 0.31691304583333335
6 0.0595147640625 0.32814224722222224 0.0595147640625 0.36432523333333333 0.07916586953125 0.36432523333333333 0.07916586953125 0.32814224722222224
6 0.27629247421875 0.37181136805555554 0.27629247421875 0.39177439305555556 0.28260890078125 0.39177439305555556 0.28260890078125 0.37181136805555554
6 0.56965538671875 0.32814224722222224 0.56965538671875 0.36432523333333333 0.5780772890625 0.36432523333333333 0.5780772890625 0.32814224722222224