2 0.20579562890625 0.4045015791666666 0.20579562890625 0.4344184916666667 0.22577919140625 0.4344184916666667 0.22577919140625 0.4045015791666666
2 0.29414400859375 0.4138506138888889 0.29414400859375 0.4475071416666667 0.32359347031249996 0.4475071416666667 0.32359347031249996 0.4138506138888889
2 0.2881840015625 0.38891985277777774 0.2881840015625 0.40013869305555555 0.298701665625 0.40013869305555555 0.298701665625 0.38891985277777774
2 0.31342639609375 0.3945292736111111 0.31342639609375 0.4169669569444444 0.32709935859375 0.4169669569444444 0.32709935859375 0.3945292736111111
2 0.335513490625 0.3952771986111111 0.335513490625 0.4177148833333333 0.35023822109374997 0.4177148833333333 0.35023822109374997 0.3952771986111111
2 0.330254659375 0.3963990805555555 0.330254659375 0.41509715 0.33972055624999997 0.41509715 0.33972055624999997 0.3963990805555555
2 0.35549705390624997 0.39078965972222224 0.35549705390624997 0.41135753611111114 0.36811825078125 0.41135753611111114 0.36811825078125 0.39078965972222224
2 0.39336064453124997 0.3945292736111111 0.39336064453124997 0.4188367652777778 0.40703360703125 0.4188367652777778 0.40703360703125 0.3945292736111111
2 0.41229243984375 0.3963990805555555 0.41229243984375 0.4356650277777777 0.44069013359375003 0.4356650277777777 0.44069013359375003 0.3963990805555555
2 0.482760790625 0.38518023888888886 0.482760790625 0.461842325 0.54271147734375 0.461842325 0.54271147734375 0.38518023888888886
9 0.32604759296874997 0.36274255555555557 0.32604759296874997 0.3926594680555555 0.347082921875 0.3926594680555555 0.347082921875 0.36274255555555557
7 0.3807394484375 0.36461236249999995 0.3807394484375 0.3833104319444445 0.39861947578125 0.3833104319444445 0.39861947578125 0.36461236249999995