2 0.001559290625 0.5183776236111112 0.001559290625 0.6445069375 0.05223624765625 0.6445069375 0.05223624765625 0.5183776236111112
2 0.037422984375 0.5322379875 0.037422984375 0.5973816986111111 0.06003270234375 0.5973816986111111 0.06003270234375 0.5322379875
2 0.05223624765625 0.5405542055555556 0.05223624765625 0.6084699902777777 0.11304859609375 0.6084699902777777 0.11304859609375 0.5405542055555556
2 0.20738569999999998 0.5280798763888889 0.20738569999999998 0.5987677347222222 0.24636797656249998 0.5987677347222222 0.24636797656249998 0.5280798763888889
2 0.275994503125 0.5128334791666667 0.275994503125 0.5710470069444444 0.3017228046875 0.5710470069444444 0.3017228046875 0.5128334791666667
2 0.39138203671875 0.5183776236111112 0.39138203671875 0.5668889 0.42880502031249995 0.5668889 0.42880502031249995 0.5183776236111112
2 0.44595721953125 0.5169915875 0.44595721953125 0.5793632263888889 0.48727843046875 0.5793632263888889 0.48727843046875 0.5169915875
2 0.50754921328125 0.51560555 0.50754921328125 0.5793632263888889 0.5551075875 0.5793632263888889 0.5551075875 0.51560555
2 0.67595263984375 0.4837267125 0.67595263984375 0.6084699930555555 0.78510300703125 0.6084699930555555 0.78510300703125 0.4837267125
2 0.6089031257812499 0.4975870763888889 0.6089031257812499 0.5821352972222222 0.67049511953125 0.5821352972222222 0.67049511953125 0.4975870763888889
2 0.55666687890625 0.5169915875 0.55666687890625 0.5530285347222222 0.58239517890625 0.5530285347222222 0.58239517890625 0.5169915875
2 0.5886323453125 0.519763661111111 0.5886323453125 0.5765911541666666 0.6112420632812501 0.5765911541666666 0.6112420632812501 0.519763661111111
2 0.3453829515625 0.5225357319444445 0.3453829515625 0.5544145722222222 0.36019621640625 0.5544145722222222 0.36019621640625 0.5225357319444445
2 0.36331479921875 0.5253078055555556 0.36331479921875 0.5502564611111112 0.370331609375 0.5502564611111112 0.370331609375 0.5253078055555556
2 0.48338020468750004 0.5253078055555556 0.48338020468750004 0.5433262805555555 0.4919563046875 0.5433262805555555 0.4919563046875 0.5253078055555556
6 0.38202628984375 0.4033366 0.38202628984375 0.4310573291666666 0.39138203671875 0.4310573291666666 0.39138203671875 0.4033366
6 0.5457518421875001 0.418583 0.5457518421875001 0.4449176930555555 0.5551075875 0.4449176930555555 0.5551075875 0.418583
6 0.6018863171875 0.43244336666666666 0.6018863171875 0.4573920208333333 0.609682771875 0.4573920208333333 0.609682771875 0.43244336666666666
7 0.5629040437499999 0.42689921805555553 0.5629040437499999 0.44630372777777777 0.58941198984375 0.44630372777777777 0.58941198984375 0.42689921805555553
7 0.59720844609375 0.4657082402777778 0.59720844609375 0.47818256805555553 0.61202171015625 0.47818256805555553 0.61202171015625 0.4657082402777778
7 0.24013081015624999 0.33957892361111114 0.24013081015624999 0.4310573263888889 0.27443521249999997 0.4310573263888889 0.27443521249999997 0.33957892361111114
7 0.172301653125 0.4241271472222223 0.172301653125 0.4407595847222222 0.2019281828125 0.4407595847222222 0.2019281828125 0.4241271472222223
7 0.5457518421875001 0.49065689444444444 0.5457518421875001 0.5100614027777778 0.55588723359375 0.5100614027777778 0.55588723359375 0.49065689444444444
6 0.11772646718749999 0.487884825 0.11772646718749999 0.5142195152777778 0.13409902421875 0.5142195152777778 0.13409902421875 0.487884825
6 0.22297861015625 0.4199690375 0.22297861015625 0.45046184027777775 0.2354529375 0.45046184027777775 0.2354529375 0.4199690375
7 0.314855284375 0.5056009805555556 0.314855284375 0.5256174402777778 0.32486351562500004 0.5256174402777778 0.32486351562500004 0.5056009805555556
7 0.36739849609375 0.4855845180555556 0.36739849609375 0.49892882638888886 0.38241084140625003 0.49892882638888886 0.38241084140625003 0.4855845180555556