6 0.075819446875 0.18119710833333333 0.075819446875 0.22853689444444442 0.0932657890625 0.22853689444444442 0.0932657890625 0.18119710833333333
6 0.43943796484375 0.18772673333333334 0.43943796484375 0.22853689444444442 0.44770202265625 0.22853689444444442 0.44770202265625 0.18772673333333334
6 0.061127787499999996 0.17699948055555556 0.061127787499999996 0.23250129861111113 0.0758194453125 0.23250129861111113 0.0758194453125 0.17699948055555556
6 0.44678379453124994 0.1851615152777778 0.44678379453124994 0.2292364875 0.45412962421875 0.2292364875 0.45412962421875 0.1851615152777778
6 0.45412962421875 0.19005873333333334 0.45412962421875 0.22923648611111114 0.46239368125 0.22923648611111114 0.46239368125 0.19005873333333334
2 0.47013303593750005 0.31940752361111113 0.47013303593750005 0.34715843055555556 0.48482469296874997 0.34715843055555556 0.48482469296874997 0.31940752361111113
2 0.455441378125 0.3210399291666667 0.455441378125 0.34715843055555556 0.47380594921875 0.34715843055555556 0.47380594921875 0.3210399291666667
2 0.44625909296875 0.32756955416666667 0.44625909296875 0.3553204625 0.46921480468750004 0.3553204625 0.46921480468750004 0.32756955416666667
2 0.43340389296875 0.3324667736111111 0.43340389296875 0.3634824930555556 0.45176846484375 0.3634824930555556 0.45176846484375 0.3324667736111111
2 0.15826048515625 0.23561064444444446 0.15826048515625 0.7775695597222223 0.47137643437500004 0.7775695597222223 0.47137643437500004 0.23561064444444446
9 0.47413111796875 0 0.47413111796875 0.5882104236111111 0.82397621015625 0.5882104236111111 0.82397621015625 0