7 0.555640471875 0.4037870736111111 0.555640471875 0.42631596388888887 0.56733816640625 0.42631596388888887 0.56733816640625 0.4037870736111111
7 0.5380939312499999 0.4037870736111111 0.5380939312499999 0.4297819486111111 0.5527160484375 0.4297819486111111 0.5527160484375 0.4037870736111111
7 0.5390687390625 0.43324793194444444 0.5390687390625 0.4505778486111111 0.5488168171875001 0.4505778486111111 0.5488168171875001 0.43324793194444444
7 0.58390989921875 0.4471118652777778 0.58390989921875 0.45924280694444447 0.60145643984375 0.45924280694444447 0.60145643984375 0.4471118652777778
7 0.38797352265625 0.43671391527777775 0.38797352265625 0.4540438291666667 0.39772160078124996 0.4540438291666667 0.39772160078124996 0.43671391527777775
6 0.40357044843749995 0.43324793194444444 0.40357044843749995 0.4540438305555556 0.4094192953125 0.4540438305555556 0.4094192953125 0.43324793194444444
6 0.529320659375 0.43324793194444444 0.529320659375 0.4488448569444444 0.5341946992187501 0.4488448569444444 0.5341946992187501 0.43324793194444444
6 0.6043808640624999 0.47657272361111114 0.6043808640624999 0.4921696486111111 0.61022971171875 0.4921696486111111 0.61022971171875 0.47657272361111114
2 0.5215221984375 0.5025676 0.5215221984375 0.5233635013888889 0.53224508359375 0.5233635013888889 0.53224508359375 0.5025676
2 0.53321989140625 0.49910161666666664 0.53321989140625 0.5302954694444445 0.55174124140625 0.5302954694444445 0.55174124140625 0.49910161666666664
2 0.71160972734375 0.497368625 0.71160972734375 0.5233635013888889 0.7252570375 0.5233635013888889 0.7252570375 0.497368625
2 0.6852899156250001 0.5060335833333334 0.6852899156250001 0.5268294847222222 0.70673568828125 0.5268294847222222 0.70673568828125 0.5060335833333334
1 0.46205891875000005 0.4540438305555556 0.46205891875000005 0.5580233347222222 0.5127489265625 0.5580233347222222 0.5127489265625 0.4540438305555556
2 0.42111698906250006 0.5008346083333333 0.42111698906250006 0.6152120624999999 0.49325277031250003 0.6152120624999999 0.49325277031250003 0.5008346083333333
5 0.53127027578125 0.5008346083333333 0.53127027578125 0.5337614527777778 0.54101835546875 0.5337614527777778 0.54101835546875 0.5008346083333333
5 0.5478420093749999 0.5025676 0.5478420093749999 0.5424264097222222 0.55953970390625 0.5424264097222222 0.55953970390625 0.5025676
5 0.5751366289062501 0.49910161666666664 0.5751366289062501 0.5389604263888889 0.5887839390625 0.5389604263888889 0.5887839390625 0.49910161666666664
0 0.53029546875 0.51296555 0.53029546875 0.5441594027777779 0.54101835546875 0.5441594027777779 0.54101835546875 0.51296555
0 0.5488168171875001 0.5216305097222222 0.5488168171875001 0.5545573541666666 0.55953970390625 0.5545573541666666 0.55953970390625 0.5216305097222222
0 0.57611143671875 0.5250964930555556 0.57611143671875 0.5562903444444445 0.5868343234375 0.5562903444444445 0.5868343234375 0.5250964930555556
4 0.78959435546875 0.46790776666666667 0.78959435546875 0.5389604263888889 0.8071408960937501 0.5389604263888889 0.8071408960937501 0.46790776666666667
9 0 0.5008346083333333 0 0.6829742916666667 0.134180228125 0.6829742916666667 0.134180228125 0.5008346083333333
4 0.32022138437500003 0.514484175 0.32022138437500003 0.5456860458333334 0.32841187578125003 0.5456860458333334 0.32841187578125003 0.514484175
4 0.3073506125 0.5165643 0.3073506125 0.5456860458333334 0.3167111734375 0.5456860458333334 0.3167111734375 0.5165643
4 0.6455008906249999 0.4916028027777778 0.6455008906249999 0.5373655472222222 0.6583716625 0.5373655472222222 0.6583716625 0.4916028027777778