7 0.33435909140625003 0.5250964916666667 0.33435909140625003 0.5372274333333333 0.356779671875 0.5372274333333333 0.356779671875 0.5250964916666667
7 0.66871818125 0.43498092222222223 0.66871818125 0.4505778486111111 0.69211356875 0.4505778486111111 0.69211356875 0.43498092222222223
7 0.65702048828125 0.47483973472222224 0.65702048828125 0.5077665777777778 0.68041587578125 0.5077665777777778 0.68041587578125 0.47483973472222224
2 0 0.655070873611111 0 0.9342181083333333 0.23687830703124998 0.9342181083333333 0.23687830703124998 0.655070873611111
2 0.1988608015625 0.6394739472222223 0.1988608015625 0.8006421777777777 0.31778735859374996 0.8006421777777777 0.31778735859374996 0.6394739472222223
2 0.2953667765625 0.6273430027777778 0.2953667765625 0.7486524250000001 0.33630870625 0.7486524250000001 0.33630870625 0.6273430027777778
2 0.36652775000000004 0.6117460791666667 0.36652775000000004 0.6775997652777778 0.41526814140625 0.6775997652777778 0.41526814140625 0.6117460791666667
2 0.40746967968750003 0.6204110361111111 0.40746967968750003 0.6672018125 0.42794064453124997 0.6672018125 0.42794064453124997 0.6204110361111111
2 0.41819256484375 0.6048141125 0.41819256484375 0.655070873611111 0.43671391406250004 0.655070873611111 0.43671391406250004 0.6048141125
2 0.43183987578125 0.6048141125 0.43183987578125 0.6464059138888889 0.4474368015625 0.6464059138888889 0.4474368015625 0.6048141125
2 0.4474368015625 0.6030811194444444 0.4474368015625 0.6342749722222222 0.45815968671874996 0.6342749722222222 0.45815968671874996 0.6030811194444444
2 0.45913449609374996 0.6030811194444444 0.45913449609374996 0.6256100125 0.46888257421875 0.6256100125 0.46888257421875 0.6030811194444444
2 0.46985738125000004 0.6048141125 0.46985738125000004 0.6204110388888888 0.47765584375000003 0.6204110388888888 0.47765584375000003 0.6048141125
2 0.880251484375 0.5874841944444444 0.880251484375 0.9974993138888889 0.99917804140625 0.9974993138888889 0.99917804140625 0.5874841944444444
2 0.64044875546875 0.5476253861111111 0.64044875546875 0.8630298791666667 0.9319163007812501 0.8630298791666667 0.9319163007812501 0.5476253861111111
2 0.5936579789062499 0.5441594027777779 0.5936579789062499 0.7538514041666666 0.71745857421875 0.7538514041666666 0.71745857421875 0.5441594027777779
2 0.56343893515625 0.5337614513888889 0.56343893515625 0.7070606236111111 0.65019683203125 0.7070606236111111 0.65019683203125 0.5337614513888889
2 0.5468672015625 0.5874841944444444 0.5468672015625 0.6689348055555555 0.5673381671875 0.6689348055555555 0.5673381671875 0.5874841944444444
2 0.53224508359375 0.5978821472222222 0.53224508359375 0.6568038638888889 0.54881681640625 0.6568038638888889 0.54881681640625 0.5978821472222222
2 0.5176229671875 0.5909501777777778 0.5176229671875 0.6325419777777778 0.53614431484375 0.6325419777777778 0.53614431484375 0.5909501777777778
2 0.5088496945312501 0.5926831708333333 0.5088496945312501 0.6238770208333334 0.5185977734375 0.6238770208333334 0.5185977734375 0.5926831708333333