2 0.79421976640625 0.5098111708333334 0.79421976640625 0.8287088986111111 0.99871292890625 0.8287088986111111 0.99871292890625 0.5098111708333334
2 0.49748045390625 0.5346851875 0.49748045390625 0.5644489736111111 0.5154184500000001 0.5644489736111111 0.5154184500000001 0.5346851875
2 0.46957689843750006 0.5389371555555555 0.46957689843750006 0.5676379555555555 0.47954245625 0.5676379555555555 0.47954245625 0.5389371555555555
2 0.44366646171874996 0.5389113597222223 0.44366646171874996 0.5623229875 0.4484499265625 0.5623229875 0.4484499265625 0.5389113597222223
9 0.46419864375 0.5048891777777779 0.46419864375 0.5474410944444444 0.48193418984375 0.5474410944444444 0.48193418984375 0.5048891777777779
2 0.47794796484375 0.5378741652777778 0.47794796484375 0.5838206402777778 0.513823959375 0.5838206402777778 0.513823959375 0.5378741652777778
2 0.4504430359375 0.5321069236111111 0.4504430359375 0.5661291055555555 0.4647934328125 0.5661291055555555 0.4647934328125 0.5321069236111111
7 0.5269784890625 0.4825985583333333 0.5269784890625 0.5400001486111111 0.5575895328125 0.5400001486111111 0.5575895328125 0.4825985583333333
7 0.43130917265625 0.44433083055555556 0.43130917265625 0.4783465875 0.5257826234375 0.4783465875 0.5257826234375 0.44433083055555556
7 0.23642986562499999 0.5146098375 0.23642986562499999 0.5336622583333334 0.24638135390625 0.5336622583333334 0.24638135390625 0.5146098375
7 0.40908270937499996 0.530746036111111 0.40908270937499996 0.5375504722222222 0.41750319921875 0.5375504722222222 0.41750319921875 0.530746036111111