4 0.43244406953125003 0.3303947388888889 0.43244406953125003 0.7567105305555556 0.518373346875 0.7567105305555556 0.518373346875 0.3303947388888889
6 0.0681723484375 0.1669736847222222 0.0681723484375 0.23269736944444444 0.08229088046875001 0.23269736944444444 0.08229088046875001 0.1669736847222222
6 0.59156651484375 0.1953947375 0.59156651484375 0.2504605277777778 0.6033034453125 0.2504605277777778 0.6033034453125 0.1953947375
6 0.57832400390625 0.3446052652777778 0.57832400390625 0.3801315805555555 0.6033034453125 0.3801315805555555 0.6033034453125 0.3446052652777778
6 0.75292117109375 0.04440789444444444 0.75292117109375 0.19183275833333333 0.85909291953125 0.19183275833333333 0.85909291953125 0.04440789444444444
7 0.71021545234375 0.08526315833333334 0.71021545234375 0.17052631666666668 0.76916693203125 0.17052631666666668 0.76916693203125 0.08526315833333334
7 0 0.2238157888888889 0 0.25223684166666666 0.04176561328125 0.25223684166666666 0.04176561328125 0.2238157888888889
7 0.6882335421875 0 0.6882335421875 0.01953947361111111 0.80114061640625 0.01953947361111111 0.80114061640625 0
1 0.33452466015625004 0.47605263472222226 0.33452466015625004 0.5009210555555555 0.35051150234375 0.5009210555555555 0.35051150234375 0.47605263472222226
2 0.35250985859375 0.48493421111111107 0.35250985859375 0.4973684222222222 0.36150245703125 0.4973684222222222 0.36150245703125 0.48493421111111107
2 0.32852959609375 0.4991447402777778 0.32852959609375 0.5133552652777778 0.34351726015625 0.5133552652777778 0.34351726015625 0.4991447402777778
2 0.3465147921875 0.5009210555555555 0.3465147921875 0.5151315819444444 0.35650656796875 0.5151315819444444 0.35650656796875 0.5009210555555555
2 0.26857893671875 0.4653947388888889 0.26857893671875 0.5133552638888889 0.2965559109375 0.5133552638888889 0.2965559109375 0.4653947388888889
2 0.25459044999999997 0.4653947388888889 0.25459044999999997 0.51157895 0.26857893671875 0.51157895 0.26857893671875 0.4653947388888889
2 0.19763732421875 0.4529605291666666 0.19763732421875 0.5169078972222222 0.258587159375 0.5169078972222222 0.258587159375 0.4529605291666666
2 0.17665459453125001 0.4653947388888889 0.17665459453125001 0.5204605291666666 0.20363238984374998 0.5204605291666666 0.20363238984374998 0.4653947388888889
2 0.07074176484375 0.43342105416666665 0.07074176484375 0.5275657902777778 0.14568008671875 0.5275657902777778 0.14568008671875 0.43342105416666665
2 0.11570475625000001 0.46006579166666667 0.11570475625000001 0.5257894763888888 0.19064308046875 0.5257894763888888 0.19064308046875 0.46006579166666667
2 0.369495878125 0.3694736861111111 0.369495878125 0.5577631597222222 0.62028946484375 0.5577631597222222 0.62028946484375 0.3694736861111111
2 0.6522631492187501 0.4121052652777778 0.6522631492187501 0.5151315819444444 0.83511265703125 0.5151315819444444 0.83511265703125 0.4121052652777778
2 0.8401085437500001 0.4192105291666667 0.8401085437500001 0.5062500027777778 0.9879868343749999 0.5062500027777778 0.9879868343749999 0.4192105291666667
6 0.579464915625 0.19721124583333333 0.579464915625 0.2527889611111111 0.59358344765625 0.2527889611111111 0.59358344765625 0.19721124583333333
6 0.08329934765625 0.1685259736111111 0.08329934765625 0.23127500694444442 0.10145174609375 0.23127500694444442 0.10145174609375 0.1685259736111111
6 0.05607074921875001 0.1685259736111111 0.05607074921875001 0.22589651805555555 0.06918081484375001 0.22589651805555555 0.06918081484375001 0.1685259736111111