2 0.4699972625 0.27076266250000003 0.4699972625 0.28296604861111113 0.481151921875 0.28296604861111113 0.481151921875 0.27076266250000003
2 0.47257141328124996 0.27686435416666666 0.47257141328124996 0.28906774166666666 0.482868021875 0.28906774166666666 0.482868021875 0.27686435416666666
2 0.4717133640625 0.2783897791666667 0.4717133640625 0.2951694361111111 0.4811519203125 0.2951694361111111 0.4811519203125 0.2783897791666667
2 0.46227480703125 0.27686435416666666 0.46227480703125 0.2905931652777778 0.47085531484375 0.2905931652777778 0.47085531484375 0.27686435416666666
2 0.45970065390625 0.2875423180555556 0.45970065390625 0.3088982458333333 0.47428751562500004 0.3088982458333333 0.47428751562500004 0.2875423180555556
2 0.4485459953125 0.2799152 0.4485459953125 0.29211858749999997 0.46055870312499997 0.29211858749999997 0.46055870312499997 0.2799152
2 0.44425574218749997 0.2905931652777778 0.44425574218749997 0.31347451666666665 0.457984553125 0.31347451666666665 0.457984553125 0.2905931652777778
9 0.44211061484374997 0.2600846958333333 0.44211061484374997 0.28906774166666666 0.46441993281249994 0.28906774166666666 0.46441993281249994 0.2600846958333333
9 0.40349833515625005 0.24483046249999998 0.40349833515625005 0.3119490916666666 0.44468476875 0.3119490916666666 0.44468476875 0.24483046249999998
9 0.38633732109375 0.26771181250000003 0.38633732109375 0.3149999375 0.40607248671875 0.3149999375 0.40607248671875 0.26771181250000003
9 0.278222934375 0.21127114583333334 0.278222934375 0.3195762152777778 0.37689876328125 0.3195762152777778 0.37689876328125 0.21127114583333334
2 0.37518266171875003 0.28601689583333334 0.37518266171875003 0.3149999402777778 0.388911471875 0.3149999402777778 0.388911471875 0.28601689583333334
2 0.0414009453125 0.26771181250000003 0.0414009453125 0.33788129166666664 0.14865728125 0.33788129166666664 0.14865728125 0.26771181250000003
2 0.48544217500000003 0.27686435416666666 0.48544217500000003 0.2905931652777778 0.49316463046875 0.2905931652777778 0.49316463046875 0.27686435416666666
2 0.48887437734374994 0.2799152 0.48887437734374994 0.2951694361111111 0.497454884375 0.2951694361111111 0.497454884375 0.2799152
2 0.49402268203125 0.281440625 0.49402268203125 0.2951694361111111 0.5026031859375 0.2951694361111111 0.5026031859375 0.281440625
2 0.51289979609375 0.28296604861111113 0.51289979609375 0.30432197499999997 0.5240544554687501 0.30432197499999997 0.5240544554687501 0.28296604861111113
2 0.49917098671875 0.2783897791666667 0.49917098671875 0.2905931666666667 0.50946759375 0.2905931666666667 0.50946759375 0.2783897791666667
9 0.50646441640625 0.2631355430555556 0.50646441640625 0.2966948569444444 0.5219093296875 0.2966948569444444 0.5219093296875 0.2631355430555556
2 0.49458041406250003 0.2898304527777778 0.49458041406250003 0.3111863847222222 0.508309225 0.3111863847222222 0.508309225 0.2898304527777778
9 0.52203803671875 0.2715253722222222 0.52203803671875 0.3264406180555556 0.54777955703125 0.3264406180555556 0.54777955703125 0.2715253722222222
2 0.15981193984375 0.281440625 0.15981193984375 0.5087287152777777 0.36746020546875 0.5087287152777777 0.36746020546875 0.281440625