2 0.37335924453125 0.30843739166666667 0.37335924453125 0.35156237777777777 0.39867173515625 0.35156237777777777 0.39867173515625 0.30843739166666667
2 0.35121081484375 0.3159373888888889 0.35121081484375 0.3646873722222222 0.38812486328125 0.3646873722222222 0.38812486328125 0.3159373888888889
2 0.28371083828125 0.31781238888888885 0.28371083828125 0.34218738055555553 0.29953114531249997 0.34218738055555553 0.29953114531249997 0.31781238888888885
2 0.23308585625 0.3121873902777778 0.23308585625 0.34218737916666664 0.277382715625 0.34218737916666664 0.277382715625 0.3121873902777778
2 0.187734309375 0.31781238888888885 0.187734309375 0.353437375 0.2457421015625 0.353437375 0.2457421015625 0.31781238888888885
9 0.14343745000000002 0.26531240694444447 0.14343745000000002 0.353437375 0.24996084999999998 0.353437375 0.24996084999999998 0.26531240694444447
2 0.295312396875 0.3140623888888889 0.295312396875 0.3871873625 0.3575389375 0.3871873625 0.3575389375 0.3140623888888889
9 0.3933983 0.19031243472222223 0.3933983 0.38156236666666665 0.47039046015624997 0.38156236666666665 0.47039046015624997 0.19031243472222223
1 0.47039046015624997 0.22593742083333335 0.47039046015624997 0.3834373652777778 0.5642576148437499 0.3834373652777778 0.5642576148437499 0.22593742083333335
2 0.5051951359375 0.30468739305555553 0.5051951359375 0.41718735416666664 0.58640604453125 0.41718735416666664 0.58640604453125 0.30468739305555553
2 0 0.24281241666666667 0 0.6065622888888889 0.19933586796875 0.6065622888888889 0.19933586796875 0.24281241666666667
7 0.5642576148437499 0.23343741805555554 0.5642576148437499 0.30093739305555556 0.5842966695312499 0.30093739305555556 0.5842966695312499 0.23343741805555554
7 0.6391404023437499 0.28218740138888887 0.6391404023437499 0.31968738888888887 0.68132788671875 0.31968738888888887 0.68132788671875 0.28218740138888887
7 0.686601321875 0.2840624 0.686601321875 0.3103123916666667 0.7098044390625 0.3103123916666667 0.7098044390625 0.2840624
7 0.34066394296875 0.26156240694444444 0.34066394296875 0.27281240416666663 0.3554295640625 0.27281240416666663 0.3554295640625 0.26156240694444444
7 0.34171863046875 0.27093740555555557 0.34171863046875 0.2840624 0.3733592453125 0.2840624 0.3733592453125 0.27093740555555557
7 0.24257803984374998 0.20531242777777778 0.24257803984374998 0.27281240416666663 0.26156240859375 0.27281240416666663 0.26156240859375 0.20531242777777778
9 0.6586521125 0.0009375000000000001 0.6586521125 0.6403122777777778 0.99931605625 0.6403122777777778 0.99931605625 0.0009375000000000001