2 0.0015294500000000001 0.4601963458333333 0.0015294500000000001 0.5281721722222222 0.07838461953125 0.5281721722222222 0.07838461953125 0.4601963458333333
2 0.15065141953125 0.48602716805555557 0.15065141953125 0.5104984652777778 0.1770345375 0.5104984652777778 0.1770345375 0.48602716805555557
1 0.17779927265625 0.4234894013888889 0.17779927265625 0.5009818444444445 0.2688019046875 0.5009818444444445 0.2688019046875 0.4234894013888889
2 0.45080718593749997 0.46597429027777776 0.45080718593749997 0.5047205125 0.47833739453125 0.5047205125 0.47833739453125 0.46597429027777776
7 0.48292576328125003 0.42314952083333335 0.48292576328125003 0.46189574305555553 0.50357342109375 0.46189574305555553 0.50357342109375 0.42314952083333335
2 0.47833739453125 0.47820994027777775 0.47833739453125 0.4986026888888889 0.49095540781249997 0.4986026888888889 0.49095540781249997 0.47820994027777775
2 0.490955409375 0.47413139027777773 0.490955409375 0.5006419638888889 0.5001321453124999 0.5006419638888889 0.5001321453124999 0.47413139027777773
2 0.50127923671875 0.47617066527777774 0.50127923671875 0.5026812388888889 0.51733852578125 0.5026812388888889 0.51733852578125 0.47617066527777774
7 0.54945710390625 0.42314952083333335 0.54945710390625 0.4455815444444445 0.5597809328125 0.4455815444444445 0.5597809328125 0.42314952083333335
7 0.5643693015625 0.4333458972222222 0.5643693015625 0.46393501527777775 0.59075241875 0.46393501527777775 0.59075241875 0.4333458972222222
7 0.6790785085937501 0.44150299444444446 0.6790785085937501 0.46801356805555555 0.6905494296875 0.46801356805555555 0.6905494296875 0.44150299444444446
2 0.64122446953125 0.47617066527777774 0.64122446953125 0.5087990625000001 0.677931415625 0.5087990625000001 0.677931415625 0.47617066527777774
2 0.7226680078125 0.47820994027777775 0.7226680078125 0.5189954388888889 0.7524924015625001 0.5189954388888889 0.7524924015625001 0.47820994027777775
2 0.70202035078125 0.4720921152777778 0.70202035078125 0.5108383375 0.7329918375 0.5108383375 0.7329918375 0.4720921152777778
2 0.40549704843749995 0.47617066527777774 0.40549704843749995 0.49044558888888895 0.41582087734375 0.49044558888888895 0.41582087734375 0.47617066527777774
2 0.43360080468750006 0.47413139027777773 0.43360080468750006 0.4965634138888889 0.44392463359375 0.4965634138888889 0.44392463359375 0.47413139027777773
2 0.9549541523437499 0.46393501527777775 0.9549541523437499 0.5557023819444444 0.9996907437500001 0.5557023819444444 0.9996907437500001 0.46393501527777775
2 0.89759955 0.46801356527777777 0.89759955 0.5434667333333333 0.99624946796875 0.5434667333333333 0.99624946796875 0.46801356527777777
2 0.8654809718750001 0.45577791805555556 0.8654809718750001 0.5414274597222222 0.98363145546875 0.5414274597222222 0.98363145546875 0.45577791805555556
2 0.81959728828125 0.44150299444444446 0.81959728828125 0.5332703597222223 0.9113646539062501 0.5332703597222223 0.9113646539062501 0.44150299444444446
2 0.77715488125 0.43946371944444446 0.77715488125 0.5271525375 0.88154026015625 0.5271525375 0.88154026015625 0.43946371944444446
2 0.75421303984375 0.4598564680555555 0.75421303984375 0.5291918097222222 0.78633161796875 0.5291918097222222 0.78633161796875 0.4598564680555555