6 0.34149354921874997 0.3379389847222222 0.34149354921874997 0.37736496666666663 0.35984702265625 0.37736496666666663 0.35984702265625 0.3379389847222222
6 0.18625375546875 0.42086949444444444 0.18625375546875 0.4467003083333333 0.20766613984375 0.4467003083333333 0.20766613984375 0.42086949444444444
6 0.16101772890625 0.4235885277777778 0.16101772890625 0.45349789166666665 0.17784174609375 0.45349789166666665 0.17784174609375 0.4235885277777778
6 0.50591008046875 0.3610507680555555 0.50591008046875 0.3963981972222222 0.5173810007812499 0.3963981972222222 0.5173810007812499 0.3610507680555555
6 0.30708078671875 0.4439812763888889 0.30708078671875 0.4670930569444445 0.3200811640625 0.4670930569444445 0.3200811640625 0.4439812763888889
6 0.42867254765625 0.43763686944444447 0.42867254765625 0.45531058472222224 0.4386140125 0.45531058472222224 0.4386140125 0.43763686944444447
6 0.47149731796875 0.44307493611111115 0.47149731796875 0.46074865000000004 0.48067405390625 0.46074865000000004 0.48067405390625 0.44307493611111115
7 0.5172960390625 0.38733475694444447 0.5172960390625 0.40772750555555554 0.5509440734375 0.40772750555555554 0.5509440734375 0.38733475694444447
7 0.2925509546875 0.3338604375 0.2925509546875 0.3624102861111111 0.30708078671875 0.3624102861111111 0.30708078671875 0.3338604375
2 0.4278653453125 0.4969032944444445 0.4278653453125 0.5172960416666667 0.439336265625 0.5172960416666667 0.439336265625 0.4969032944444445
2 0.4232769765625 0.49962232638888887 0.4232769765625 0.5172960416666667 0.4324537125 0.5172960416666667 0.4324537125 0.49962232638888887
2 0.4148649671875 0.4982628097222222 0.4148649671875 0.5145770069444444 0.4255711609375 0.5145770069444444 0.4255711609375 0.4982628097222222
2 0.40568823046875 0.4982628097222222 0.40568823046875 0.520015075 0.4171591515625 0.520015075 0.4171591515625 0.4982628097222222
2 0.3819816609375 0.48874619305555556 0.3819816609375 0.5254531402777778 0.4079824140625 0.5254531402777778 0.4079824140625 0.48874619305555556
2 0.4875141328125 0.49554377638888886 0.4875141328125 0.5186555597222222 0.50051451015625 0.5186555597222222 0.50051451015625 0.49554377638888886
2 0.49286722890625 0.4941842597222222 0.49286722890625 0.5281721722222222 0.5135148859374999 0.5281721722222222 0.5135148859374999 0.4941842597222222
2 0.3445099859375 0.4846676430555556 0.3445099859375 0.5349697555555556 0.39039366953125 0.5349697555555556 0.39039366953125 0.4846676430555556
2 0.50204396484375 0.4935045013888889 0.50204396484375 0.5451661305555555 0.5433392796875001 0.5451661305555555 0.5433392796875001 0.4935045013888889
2 0.43933626484375 0.4717522375 0.43933626484375 0.5546827458333333 0.49286722890625 0.5546827458333333 0.49286722890625 0.4717522375
2 0.03785403828125 0.4799093361111111 0.03785403828125 0.5397280624999999 0.17091671875 0.5397280624999999 0.17091671875 0.4799093361111111
2 0 0.4894259541666667 0 0.5492446805555555 0.046266046875 0.5492446805555555 0.046266046875 0.4894259541666667
4 0.04473659140625 0.47583078749999996 0.04473659140625 0.5669183958333334 0.06309006406249999 0.5669183958333334 0.06309006406249999 0.47583078749999996
4 0.24280115625 0.4663141708333333 0.24280115625 0.5356495124999999 0.2565662609375 0.5356495124999999 0.2565662609375 0.4663141708333333
2 0.54193728203125 0.4885196222222222 0.54193728203125 0.5700906152777777 0.58782096484375 0.5700906152777777 0.58782096484375 0.4885196222222222
2 0.56793803671875 0.4749244569444444 0.56793803671875 0.5972809444444445 0.6405872015625 0.5972809444444445 0.6405872015625 0.4749244569444444
2 0.61076280703125 0.468126875 0.61076280703125 0.636706925 0.7010007164062501 0.636706925 0.7010007164062501 0.468126875
2 0.64823449296875 0.45317219166666667 0.64823449296875 0.7006042027777778 0.8722998125 0.7006042027777778 0.8722998125 0.45317219166666667
2 0.78988342109375 0.42827426249999995 0.78988342109375 0.9109026305555555 0.9994189070312499 0.9109026305555555 0.9994189070312499 0.42827426249999995