2 0.07834111171875 0.4422975694444444 0.07834111171875 0.7053689541666667 0.35609595859375 0.7053689541666667 0.35609595859375 0.4422975694444444
2 0.5798824742187499 0.4417348375 0.5798824742187499 0.6851110375 0.7460605890625 0.6851110375 0.7460605890625 0.4417348375
2 0.8164884546875 0.4825320055555556 0.8164884546875 0.6893314333333334 0.9992843812500001 0.6893314333333334 0.9992843812500001 0.4825320055555556
2 0.35752035703125 0.45439602500000004 0.35752035703125 0.5824147194444445 0.44535735781249997 0.5824147194444445 0.44535735781249997 0.45439602500000004
2 0.426365575 0.4642436194444444 0.426365575 0.5669399347222223 0.467514440625 0.5669399347222223 0.467514440625 0.4642436194444444
2 0.46988841406250004 0.48506424583333335 0.46988841406250004 0.5264241444444444 0.49964221562500005 0.5264241444444444 0.49964221562500005 0.48506424583333335
2 0.49489426796874997 0.4870337791666666 0.49489426796874997 0.5151697555555556 0.50676413359375 0.5151697555555556 0.50676413359375 0.4870337791666666
2 0.5035988351562499 0.48422017916666665 0.5035988351562499 0.5109493583333333 0.510720753125 0.5109493583333333 0.510720753125 0.48422017916666665
2 0.50834678125 0.4870337791666666 0.50834678125 0.5095425597222222 0.514677375 0.5095425597222222 0.514677375 0.4870337791666666
2 0.5360431343750001 0.46593179444444444 0.5360431343750001 0.5770689041666667 0.5946011343750001 0.5770689041666667 0.5946011343750001 0.46593179444444444
2 0.7459927765625001 0.4654494527777778 0.7459927765625001 0.6328585124999999 0.9058402937500001 0.6328585124999999 0.9058402937500001 0.4654494527777778
2 0.74124483046875 0.5146874124999999 0.74124483046875 0.5892477513888889 0.758653965625 0.5892477513888889 0.758653965625 0.5146874124999999
2 0.5321091164062499 0.48936503333333337 0.5321091164062499 0.5175010097222222 0.5423963328125 0.5175010097222222 0.5423963328125 0.48936503333333337
7 0.3810792078125 0.3922959125 0.3810792078125 0.40917749861111113 0.3945317234375 0.40917749861111113 0.3945317234375 0.3922959125
7 0.32945800859375 0.3291909291666667 0.32945800859375 0.3570455472222222 0.3571543625 0.3570455472222222 0.3571543625 0.3291909291666667
6 0.33657992109375 0.41331750138888884 0.33657992109375 0.43610764444444444 0.34924111796875 0.43610764444444444 0.34924111796875 0.41331750138888884
6 0.46857282031249997 0.34438435694444447 0.46857282031249997 0.3823679277777778 0.47569473828125003 0.3823679277777778 0.47569473828125003 0.34438435694444447
6 0.6497860992187501 0.3753339319444444 0.6497860992187501 0.41331750138888884 0.6584906671875 0.41331750138888884 0.6584906671875 0.3753339319444444
6 0.66007331640625 0.37814752777777777 0.66007331640625 0.40769030416666663 0.6687778843750001 0.40769030416666663 0.6687778843750001 0.37814752777777777
6 0.32787535234375 0.40909710416666667 0.32787535234375 0.4330126875 0.33737124453125 0.4330126875 0.33737124453125 0.40909710416666667
6 0.4677814953125 0.4513010694444445 0.4677814953125 0.46958945416666664 0.47727738750000004 0.46958945416666664 0.47727738750000004 0.4513010694444445