2 0 0.49910161805555553 0 0.6897307069444445 0.1949615703125 0.6897307069444445 0.1949615703125 0.49910161805555553
2 0 0.47137375 0 0.9974993166666667 0.6414235625 0.9974993166666667 0.6414235625 0.47137375
7 0.09553116796875 0.4055200638888889 0.09553116796875 0.4471118638888889 0.1179517484375 0.4471118638888889 0.1179517484375 0.4055200638888889
7 0.37432621171874997 0.18369712361111112 0.37432621171874997 0.23915285833333333 0.40746968046875 0.23915285833333333 0.40746968046875 0.18369712361111112
7 0.5176229671875 0.3465983472222222 0.5176229671875 0.3847241625 0.5497916257812501 0.3847241625 0.5497916257812501 0.3465983472222222
7 0.68309095703125 0.24984357777777777 0.68309095703125 0.3015405597222222 0.7067356874999999 0.3015405597222222 0.7067356874999999 0.24984357777777777
7 0.05946327890624999 0.43324793194444444 0.05946327890624999 0.4523108402777778 0.07700981875 0.4523108402777778 0.07700981875 0.43324793194444444
6 0.41526814296875003 0.20622601527777779 0.41526814296875003 0.24088584861111112 0.44841161015625 0.24088584861111112 0.44841161015625 0.20622601527777779
2 0.406494871875 0.4592428055555555 0.406494871875 0.47830571666666666 0.42404141328125 0.47830571666666666 0.42404141328125 0.4592428055555555
2 0.42111698906250006 0.4419128888888889 0.42111698906250006 0.46097579722222226 0.43671391406250004 0.46097579722222226 0.43671391406250004 0.4419128888888889
2 0.4737566125 0.43671391666666665 0.4737566125 0.476572725 0.497152 0.476572725 0.497152 0.43671391666666665