4 0.0471800984375 0.33883132222222223 0.0471800984375 0.5052514208333333 0.0831268390625 0.5052514208333333 0.0831268390625 0.33883132222222223
4 0.18048259687499998 0.3548076513888889 0.18048259687499998 0.4546597111111111 0.20594487187500002 0.4546597111111111 0.20594487187500002 0.3548076513888889
4 0.29431394453125004 0.37477806111111117 0.29431394453125004 0.4879437277777778 0.31603176640625 0.4879437277777778 0.31603176640625 0.37477806111111117
4 0.68785587265625 0.3787721444444444 0.68785587265625 0.4852810083333334 0.7110714765624999 0.4852810083333334 0.7110714765624999 0.3787721444444444
4 0.6579002546875 0.38409758749999995 0.6579002546875 0.47995556388888894 0.6796180781250001 0.47995556388888894 0.6796180781250001 0.38409758749999995
4 0.6309401984375 0.4000739166666667 0.6309401984375 0.5039200569444445 0.65190913046875 0.5039200569444445 0.65190913046875 0.4000739166666667
4 0.00367758125 0.3486263361111111 0.00367758125 0.3859044402777778 0.01940428125 0.3859044402777778 0.01940428125 0.3486263361111111
4 0.15869790234375 0.3845730791666666 0.15869790234375 0.44581567638888886 0.1796668359375 0.44581567638888886 0.1796668359375 0.3845730791666666
4 0.617085725 0.3871597236111111 0.617085725 0.4989940291666667 0.6455435625 0.4989940291666667 0.6455435625 0.3871597236111111
4 0.00014710078125000002 0.32409125833333335 0.00014710078125000002 0.6010143027777778 0.0503227609375 0.6010143027777778 0.0503227609375 0.32409125833333335
0 0.259864984375 0.39607983472222225 0.259864984375 0.4613165138888889 0.29581172421875 0.4613165138888889 0.29581172421875 0.39607983472222225
2 0.37968745390624997 0.37100588194444445 0.37968745390624997 0.3936390138888889 0.3849296875 0.3936390138888889 0.3849296875 0.37100588194444445
2 0.38268301640625 0.37233724027777776 0.38268301640625 0.3949703736111111 0.39092081093750003 0.3949703736111111 0.39092081093750003 0.37233724027777776
2 0.3212740015625 0.32440825277777774 0.3212740015625 0.441568 0.38043634453125 0.441568 0.38043634453125 0.32440825277777774
2 0.2928161625 0.364349075 0.2928161625 0.4708579388888889 0.36920298906250004 0.4708579388888889 0.36920298906250004 0.364349075
2 0.5000092015625001 0.37588754166666666 0.5000092015625001 0.4357987777777778 0.5292159296875 0.4357987777777778 0.5292159296875 0.37588754166666666
2 0.5187314625 0.38254434861111114 0.5187314625 0.48372776944444446 0.5936205078125 0.48372776944444446 0.5936205078125 0.38254434861111114
2 0.36583298203125 0.34815084444444444 0.36583298203125 0.5664940138888889 0.52309997578125 0.5664940138888889 0.52309997578125 0.34815084444444444
6 0.6193323976562499 0 0.6193323976562499 0.06789940138888889 0.63655687734375 0.06789940138888889 0.63655687734375 0
6 0.64030132890625 0.001331361111111111 0.64030132890625 0.07455620416666667 0.66426582265625 0.07455620416666667 0.66426582265625 0.001331361111111111
6 0.0209689328125 0.2456360652777778 0.0209689328125 0.28690825 0.03819341328125 0.28690825 0.03819341328125 0.2456360652777778
6 0.7631193625 0.29622777638888886 0.7631193625 0.3335058791666667 0.78558607578125 0.3335058791666667 0.78558607578125 0.29622777638888886
6 0.000748890625 0.2416419847222222 0.000748890625 0.28690825 0.0127311375 0.28690825 0.0127311375 0.2416419847222222
7 0.02845783671875 0.1389053027777778 0.02845783671875 0.17085796250000002 0.038942303906249996 0.17085796250000002 0.038942303906249996 0.1389053027777778
7 0 0.11627217083333334 0 0.14156802638888888 0.0194711515625 0.14156802638888888 0.0194711515625 0.11627217083333334
7 0.73441191015625 0.2232248222222222 0.73441191015625 0.2511834 0.7748519929687501 0.2511834 0.7748519929687501 0.2232248222222222
7 0.73291412890625 0.1939348861111111 0.73291412890625 0.21923074166666667 0.75013860859375 0.21923074166666667 0.75013860859375 0.1939348861111111