6 0.28645030859375 0.31649005416666665 0.28645030859375 0.42377481805555556 0.31058938046875 0.42377481805555556 0.31058938046875 0.31649005416666665
6 0.37496023984375004 0.13768211249999998 0.37496023984375004 0.2539072736111111 0.39909931171875 0.2539072736111111 0.39909931171875 0.13768211249999998
6 0.85673588359375 0.15198675 0.85673588359375 0.29145694305555553 0.91507197421875 0.29145694305555553 0.91507197421875 0.15198675
6 0.2723691828125 0.3772847541666666 0.2723691828125 0.4130463416666667 0.2894676921875 0.4130463416666667 0.2894676921875 0.3772847541666666
6 0.2582880578125 0.35225164305555556 0.2582880578125 0.4130463416666667 0.27035759375 0.4130463416666667 0.27035759375 0.35225164305555556
3 0.9271415093750001 0.49529799444444444 0.9271415093750001 0.8225165277777778 0.9985529312500001 0.8225165277777778 0.9985529312500001 0.49529799444444444
2 0.47252232109375003 0.5131787888888889 0.47252232109375003 0.6562251416666667 0.57209599296875 0.6562251416666667 0.57209599296875 0.5131787888888889
2 0.44033689296875 0.5256953444444444 0.44033689296875 0.5990065986111112 0.48760924218749996 0.5990065986111112 0.48760924218749996 0.5256953444444444
2 0.45542381171875 0.5167549472222223 0.45542381171875 0.5274834236111111 0.49263821406249997 0.5274834236111111 0.49263821406249997 0.5167549472222223
7 0.37898341640625 0.10728476388888888 0.37898341640625 0.14304635277777777 0.40111090000000005 0.14304635277777777 0.40111090000000005 0.10728476388888888
7 0.3950761328125 0.3629801208333333 0.3950761328125 0.4041059458333333 0.4222325890625 0.4041059458333333 0.4222325890625 0.3629801208333333
7 0.398093515625 0.405894025 0.398093515625 0.43629137500000004 0.41619782031249997 0.43629137500000004 0.41619782031249997 0.405894025
7 0.4242441765625 0.4148344236111111 0.4242441765625 0.4917218361111111 0.43731950781249995 0.4917218361111111 0.43731950781249995 0.4148344236111111
7 0.76822595234375 0.15556290833333333 0.76822595234375 0.29145694305555553 0.8195214804687501 0.29145694305555553 0.8195214804687501 0.15556290833333333
7 0.7430810859375 0.15556290833333333 0.7430810859375 0.2932450222222222 0.769231746875 0.2932450222222222 0.769231746875 0.15556290833333333
7 0.8939502859375 0.005364238888888888 0.8939502859375 0.13410595416666665 0.962344321875 0.13410595416666665 0.962344321875 0.005364238888888888
7 0.9422284289062499 0.2503311180555556 0.9422284289062499 0.32543045277777777 0.99050657265625 0.32543045277777777 0.99050657265625 0.2503311180555556
7 0.7802954882812501 0.2932450222222222 0.7802954882812501 0.35761588055555554 0.81650409765625 0.35761588055555554 0.81650409765625 0.2932450222222222
7 0.809463534375 0.3200662138888889 0.809463534375 0.3737085958333334 0.83360260625 0.3737085958333334 0.83360260625 0.3200662138888889
7 0.844666346875 0.3254304513888889 0.844666346875 0.3880132305555556 0.8768517765625001 0.3880132305555556 0.8768517765625001 0.3254304513888889
7 0.8778575710937501 0.4452317722222222 0.8778575710937501 0.48814567777777773 0.88992710703125 0.48814567777777773 0.88992710703125 0.4452317722222222
7 0.8778575710937501 0.01966887361111111 0.8778575710937501 0.13589403472222222 0.9080314109375 0.13589403472222222 0.9080314109375 0.01966887361111111