7 0.787248346875 0.24843731111111111 0.787248346875 0.3773434722222222 0.85712134453125 0.3773434722222222 0.85712134453125 0.24843731111111111
2 0.67104446015625 0.4945309097222222 0.67104446015625 0.6398432944444444 0.8951653984375 0.6398432944444444 0.8951653984375 0.4945309097222222
2 0.04218747109375 0.5496089972222222 0.04218747109375 0.6621089194444444 0.23730452265625002 0.6621089194444444 0.23730452265625002 0.5496089972222222
2 0.25444318359375 0.5613277375 0.25444318359375 0.6058589597222223 0.29135722109375 0.6058589597222223 0.29135722109375 0.5613277375
2 0.425829784375 0.5292183930555555 0.425829784375 0.5714058638888889 0.45615202890625 0.5714058638888889 0.45615202890625 0.5292183930555555
2 0.31508767421875 0.551562125 0.31508767421875 0.5914058513888889 0.3480466375 0.5914058513888889 0.3480466375 0.551562125
2 0.2926755796875 0.5601558652777778 0.2926755796875 0.5953120916666667 0.31904274921875003 0.5953120916666667 0.31904274921875003 0.5601558652777778
2 0.3911130203125 0.546093375 0.3911130203125 0.5695308583333333 0.40561496328124996 0.5695308583333333 0.40561496328124996 0.546093375
2 0.41616182890625 0.543749625 0.41616182890625 0.5648433597222222 0.43066377187500005 0.5648433597222222 0.43066377187500005 0.543749625
2 0.3695798265625 0.5484371236111111 0.3695798265625 0.5742183569444445 0.381445053125 0.5742183569444445 0.381445053125 0.5484371236111111
2 0.21621078906250002 0.5660152375 0.21621078906250002 0.5917964680555555 0.242577959375 0.5917964680555555 0.242577959375 0.5660152375