7 0.2924983390625 0.40140262777777774 0.2924983390625 0.42906227361111116 0.30309996796875 0.42906227361111116 0.30309996796875 0.40140262777777774
7 0.3405442359375 0.3969654888888889 0.3405442359375 0.4091676208333333 0.351151771875 0.4091676208333333 0.351151771875 0.3969654888888889
7 0.3467839625 0.4091676208333333 0.3467839625 0.41804189999999997 0.356143553125 0.41804189999999997 0.356143553125 0.4091676208333333
7 0.4640908296875 0.4235883236111111 0.4640908296875 0.4402275944444444 0.47657028203124996 0.4402275944444444 0.47657028203124996 0.4235883236111111
2 0.41269554375000006 0.44593248333333335 0.41269554375000006 0.4614624708333333 0.42205513281249996 0.4614624708333333 0.42205513281249996 0.44593248333333335
2 0.40583184531249994 0.4470417666666667 0.40583184531249994 0.45924390138888893 0.4145674625 0.45924390138888893 0.4145674625 0.4470417666666667
2 0.40395992578125 0.44815105277777784 0.40395992578125 0.4625717555555556 0.41269554375000006 0.4625717555555556 0.41269554375000006 0.44815105277777784
2 0.39959211796875 0.4470417666666667 0.39959211796875 0.4636810388888889 0.40520787187499996 0.4636810388888889 0.40520787187499996 0.4470417666666667
2 0.3871126625 0.44593248333333335 0.3871126625 0.4670088958333333 0.400216090625 0.4670088958333333 0.400216090625 0.44593248333333335
2 0.3771291 0.4470417666666667 0.3771291 0.47255531666666667 0.39148047421875 0.47255531666666667 0.39148047421875 0.4470417666666667
2 0.36277772812500003 0.4536974763888889 0.36277772812500003 0.4792110263888889 0.38336882734375 0.4792110263888889 0.38336882734375 0.4536974763888889
2 0.34530649375 0.4448231986111111 0.34530649375 0.49695958333333334 0.36464964765625 0.49695958333333334 0.36464964765625 0.4448231986111111
2 0.32159553125 0.4492603375 0.32159553125 0.4958503 0.35653800234375 0.4958503 0.35653800234375 0.4492603375
2 0.29414073203125 0.45702533194444445 0.29414073203125 0.5147081430555556 0.34281060234375 0.5147081430555556 0.34281060234375 0.45702533194444445
2 0.43141472421874993 0.4448231986111111 0.43141472421874993 0.4625717555555556 0.44576609609375 0.4625717555555556 0.44576609609375 0.4448231986111111
2 0.438902396875 0.44593248333333335 0.438902396875 0.4636810416666667 0.44576609609375 0.4636810416666667 0.44576609609375 0.44593248333333335
2 0.443894178125 0.43262106527777777 0.443894178125 0.47144603194444445 0.46448527734375 0.47144603194444445 0.46448527734375 0.43262106527777777
2 0.4482619875 0.4403860597222222 0.4482619875 0.46922746388888886 0.46635719531250003 0.46922746388888886 0.46635719531250003 0.4403860597222222
2 0.45013390546875 0.4448231986111111 0.45013390546875 0.48142959722222217 0.472596921875 0.48142959722222217 0.472596921875 0.4448231986111111
2 0.45325376874999995 0.44815105277777784 0.45325376874999995 0.4847574513888889 0.4763407578125 0.4847574513888889 0.4763407578125 0.44815105277777784
2 0.47072500390625 0.4237467875 0.47072500390625 0.5080524319444445 0.51814692890625 0.5080524319444445 0.51814692890625 0.4237467875
2 0.56070188359375 0.42929321111111113 0.56070188359375 0.4559160472222222 0.63121079765625 0.4559160472222222 0.63121079765625 0.42929321111111113
2 0.51764776796875 0.4503696222222222 0.51764776796875 0.5845930819444445 0.619355315625 0.5845930819444445 0.619355315625 0.4503696222222222
2 0.5660415750000001 0.43262106527777777 0.5660415750000001 0.6814862166666666 0.7587507945312499 0.6814862166666666 0.7587507945312499 0.43262106527777777
2 0.669012178125 0.4303174138888889 0.669012178125 0.8840148861111111 0.9997177046875001 0.8840148861111111 0.9997177046875001 0.4303174138888889
2 0.19767453984375 0.46168432916666663 0.19767453984375 0.5859242222222222 0.25819989296875 0.5859242222222222 0.25819989296875 0.46168432916666663
2 0.0727631203125 0.4428264861111111 0.0727631203125 0.6401804861111111 0.21389783125 0.6401804861111111 0.21389783125 0.4428264861111111
2 0.0004991703125 0.4111009486111111 0.0004991703125 0.7549792305555556 0.07038411171875 0.7549792305555556 0.07038411171875 0.4111009486111111