2 0.26363665 0.3359299972222222 0.26363665 0.3605977527777778 0.2800351015625 0.3605977527777778 0.2800351015625 0.3359299972222222
2 0.2358854234375 0.32920242638888886 0.2358854234375 0.35162765972222226 0.25228387578125 0.35162765972222226 0.25228387578125 0.32920242638888886
2 0.21696413359375 0.3336874736111111 0.21696413359375 0.3516276611111111 0.2333625859375 0.3516276611111111 0.2333625859375 0.3336874736111111
2 0.2157027140625 0.3449000888888889 0.2157027140625 0.37629541388888893 0.24219252109374997 0.37629541388888893 0.24219252109374997 0.3449000888888889
2 0.19425858515625 0.3359299972222222 0.19425858515625 0.3785379388888889 0.22074839218750003 0.3785379388888889 0.22074839218750003 0.3359299972222222
2 0.17533729375 0.3381725208333333 0.17533729375 0.3830229861111111 0.218225553125 0.3830229861111111 0.218225553125 0.3381725208333333
2 0.1248805171875 0.3426575652777778 0.1248805171875 0.38302298333333334 0.20687277734374998 0.38302298333333334 0.20687277734374998 0.3426575652777778
2 0.11100490546875 0.3471426125 0.11100490546875 0.37405289444444445 0.13371045390625 0.37405289444444445 0.13371045390625 0.3471426125
2 0.10343638828124999 0.33592999444444444 0.10343638828124999 0.3583552277777778 0.11226632265625 0.3583552277777778 0.11226632265625 0.33592999444444444
2 0.060548131250000005 0.33368747083333333 0.060548131250000005 0.3673253222222222 0.10091355078125 0.3673253222222222 0.10091355078125 0.33368747083333333
2 0.0012614195312499999 0.3426575652777778 0.0012614195312499999 0.38750803055555555 0.06433238828125 0.38750803055555555 0.06433238828125 0.3426575652777778
2 0 0.3471426125 0 0.396478125 0.04414967890625 0.396478125 0.04414967890625 0.3471426125
2 0.4354419640625 0.3157472847222222 0.4354419640625 0.3426575666666667 0.45184041640625 0.3426575666666667 0.45184041640625 0.3157472847222222
2 0.40769073906250003 0.31126224027777777 0.40769073906250003 0.3516276611111111 0.44048764374999994 0.3516276611111111 0.44048764374999994 0.31126224027777777
2 0.7916668078125 0.23725896944444444 0.7916668078125 0.2664117736111111 0.8118495187500001 0.2664117736111111 0.8118495187500001 0.23725896944444444
2 0.6819233234375 0.2843519597222222 0.6819233234375 0.30453466944444446 0.69579893671875 0.30453466944444446 0.69579893671875 0.2843519597222222
2 0.5550245257812499 0.2978070986111111 0.5550245257812499 0.32920242638888886 0.57773007421875 0.32920242638888886 0.57773007421875 0.2978070986111111
2 0.45789523359375 0.3022921458333333 0.45789523359375 0.3336874736111111 0.4881692984375 0.3336874736111111 0.4881692984375 0.3022921458333333
4 0.51970478359375 0.30274065 0.51970478359375 0.3498336402777778 0.5348418164062501 0.3498336402777778 0.5348418164062501 0.30274065
4 0.6685522703125 0.28031541666666665 0.6685522703125 0.3229233625 0.6773822054687499 0.3229233625 0.6773822054687499 0.28031541666666665
4 0.66047919296875 0.28480046388888886 0.66047919296875 0.31395326805555557 0.6680477101562501 0.31395326805555557 0.6680477101562501 0.28480046388888886