7 0.42525992265625 0.33879988194444444 0.42525992265625 0.3907896347222222 0.51006820546875 0.3907896347222222 0.51006820546875 0.33879988194444444
7 0.4925216640625 0.4566433194444444 0.4925216640625 0.4722402486111111 0.5022697429687499 0.4722402486111111 0.5022697429687499 0.4566433194444444
7 0.11332141171875001 0.4895701625 0.11332141171875001 0.508633075 0.12891833828125 0.508633075 0.12891833828125 0.4895701625
2 0.47512135312500003 0.4817717 0.47512135312500003 0.4991016138888889 0.485844240625 0.4991016138888889 0.485844240625 0.4817717
2 0.46927250625 0.47137375 0.46927250625 0.4921696486111111 0.47804577734375 0.4921696486111111 0.47804577734375 0.47137375
2 0.45562519609374996 0.4817717 0.45562519609374996 0.5094995666666667 0.47414654531249995 0.5094995666666667 0.47414654531249995 0.4817717
2 0.41760768984374996 0.43671391527777775 0.41760768984374996 0.5164315305555556 0.46049923593750003 0.5164315305555556 0.46049923593750003 0.43671391527777775
2 0.40883441953125 0.48350469166666665 0.40883441953125 0.5372274347222222 0.44295269375 0.5372274347222222 0.44295269375 0.48350469166666665
2 0.41078403515625006 0.45924280694444447 0.41078403515625006 0.4973686263888889 0.4410030765625 0.4973686263888889 0.4410030765625 0.45924280694444447
2 0.47448771875 0.47743922083333334 0.47448771875 0.5259629888888889 0.51250522578125 0.5259629888888889 0.51250522578125 0.47743922083333334
9 0.10198925703124999 0.24360911944444444 0.10198925703124999 0.6751240583333333 0.4168521890625 0.6751240583333333 0.4168521890625 0.24360911944444444
2 0.14000676171874998 0.4859803847222222 0.14000676171874998 0.508509275 0.1906967703125 0.508509275 0.1906967703125 0.4859803847222222
2 0.08346790781249999 0.5067762847222222 0.08346790781249999 0.5431691125 0.11758618359374999 0.5431691125 0.11758618359374999 0.5067762847222222
2 0 0.5090044277777778 0 0.6649736819444444 0.12440983515625 0.6649736819444444 0.12440983515625 0.5090044277777778