7 0.6501058390625001 0.2660822375 0.6501058390625001 0.2938331458333333 0.66938863984375 0.2938331458333333 0.66938863984375 0.2660822375
7 0.5261449804687499 0.23506651944444446 0.5261449804687499 0.26934705277777776 0.5408366375 0.26934705277777776 0.5408366375 0.23506651944444446
7 0.5261449804687499 0.26934705138888887 0.5261449804687499 0.29220074166666665 0.53991840859375 0.29220074166666665 0.53991840859375 0.26934705138888887
7 0.5252267500000001 0.29546555555555554 0.5252267500000001 0.3264812763888889 0.5408366359375 0.3264812763888889 0.5408366359375 0.29546555555555554
7 0.4967616640625 0.3422612125 0.4967616640625 0.358585275 0.5050257234375 0.358585275 0.5050257234375 0.3422612125
7 0.35413016171875 0.36674730694444446 0.35413016171875 0.38470377916666665 0.35872130546875003 0.38470377916666665 0.35872130546875003 0.36674730694444446
6 0.47215315 0.3659855041666667 0.47215315 0.38230956666666666 0.47490783593749997 0.38230956666666666 0.47490783593749997 0.3659855041666667
6 0.46848023593750004 0.3643530972222222 0.46848023593750004 0.3806771611111111 0.4712349203125 0.3806771611111111 0.4712349203125 0.3643530972222222
6 0.45746149296875 0.33170496944444444 0.45746149296875 0.3463966305555556 0.4611344078125 0.3463966305555556 0.4611344078125 0.33170496944444444
6 0.45287035 0.33170496944444444 0.45287035 0.34476421944444446 0.45746149296875 0.34476421944444446 0.45746149296875 0.33170496944444444
6 0.404204234375 0.3496614388888889 0.404204234375 0.3659855069444445 0.40787714921875 0.3659855069444445 0.40787714921875 0.3496614388888889
4 0.63517314921875 0.36892384166666664 0.63517314921875 0.42823462361111114 0.64986480625 0.42823462361111114 0.64986480625 0.36892384166666664
0 0.541525309375 0.4134069138888889 0.541525309375 0.44931985416666664 0.56448102421875 0.44931985416666664 0.56448102421875 0.4134069138888889
0 0.54427999375 0.41503931944444444 0.54427999375 0.44931985416666664 0.5681539390625 0.44931985416666664 0.5681539390625 0.41503931944444444
0 0.54795290859375 0.41667172916666667 0.54795290859375 0.44931985416666664 0.5663174804687501 0.44931985416666664 0.5663174804687501 0.41667172916666667
0 0.5516258234375 0.40361247638888886 0.5516258234375 0.45095226111111114 0.5800909101562499 0.45095226111111114 0.5800909101562499 0.40361247638888886
0 0.55713519375 0.40524488333333336 0.55713519375 0.45421707361111113 0.5892731945312499 0.45421707361111113 0.5892731945312499 0.40524488333333336
0 0.562644565625 0.40034766388888887 0.562644565625 0.46237910555555556 0.603964853125 0.46237910555555556 0.603964853125 0.40034766388888887
0 0.57917268046875 0.40687728888888886 0.57917268046875 0.46074669999999995 0.6067195375 0.46074669999999995 0.6067195375 0.40687728888888886
0 0.59202788046875 0.40361247638888886 0.59202788046875 0.45911429305555557 0.6094742234375 0.45911429305555557 0.6094742234375 0.40361247638888886
4 0.567235709375 0.3807587875 0.567235709375 0.46074669999999995 0.58927319296875 0.46074669999999995 0.58927319296875 0.3807587875
2 0.367291434375 0.4028778986111111 0.367291434375 0.4420556486111111 0.38565600624999996 0.4420556486111111 0.38565600624999996 0.4028778986111111
2 0.34433571953125003 0.3996130861111111 0.34433571953125003 0.4485852763888889 0.3672914359375 0.4485852763888889 0.3672914359375 0.3996130861111111
2 0.37831017734375 0.4045103027777778 0.37831017734375 0.4518500875 0.40861172031250004 0.4518500875 0.40861172031250004 0.4045103027777778
2 0.4710512640625 0.4094075236111111 0.4710512640625 0.4289964027777778 0.481151778125 0.4289964027777778 0.481151778125 0.4094075236111111
2 0.25877351953125 0.3696890305555556 0.25877351953125 0.4986491347222222 0.34967814921875 0.4986491347222222 0.34967814921875 0.3696890305555556
2 0.39926249375 0.38274828194444444 0.39926249375 0.508443573611111 0.47914838046875 0.508443573611111 0.47914838046875 0.38274828194444444
0 0.62561975234375 0.42496980972222226 0.62561975234375 0.4870012486111111 0.65224838125 0.4870012486111111 0.65224838125 0.42496980972222226