6 0.1096050234375 0.3192185236111111 0.1096050234375 0.41765595555555557 0.134653834375 0.41765595555555557 0.134653834375 0.3192185236111111
6 0.20716355000000003 0.03093747222222222 0.20716355000000003 0.08718743472222222 0.26121624765624996 0.08718743472222222 0.26121624765624996 0.03093747222222222
6 0.41678254609375004 0.49968714999999997 0.41678254609375004 0.5114058916666667 0.43260284921875 0.5114058916666667 0.43260284921875 0.49968714999999997
6 0.0001812703125 0.056718705555555554 0.0001812703125 0.09890617361111112 0.04632381640625 0.09890617361111112 0.04632381640625 0.056718705555555554
7 0.28758341640624996 0.0004687430555555555 0.28758341640624996 0.07312494305555556 0.34559118906249997 0.07312494305555556 0.34559118906249997 0.0004687430555555555
7 0.43523956484375 0.4809371625 0.43523956484375 0.5067183944444444 0.44578643281249997 0.5067183944444444 0.44578643281249997 0.4809371625
7 0.36272984921874996 0.48796840694444443 0.36272984921874996 0.5067183944444444 0.3732767171875 0.5067183944444444 0.3732767171875 0.48796840694444443
7 0.37063999999999997 0.5793745944444444 0.37063999999999997 0.6051558277777778 0.386460303125 0.6051558277777778 0.386460303125 0.5793745944444444
7 0.55389182734375 0.5114058916666667 0.55389182734375 0.532499623611111 0.5736672046875 0.532499623611111 0.5736672046875 0.5114058916666667
7 0.1702495125 0.5817183430555555 0.1702495125 0.628593311111111 0.19397996484375 0.628593311111111 0.19397996484375 0.5817183430555555
2 0.34822790625 0.6051558277777778 0.34822790625 0.6309370597222222 0.361411490625 0.6309370597222222 0.361411490625 0.6051558277777778
2 0.2453959453125 0.6028120791666667 0.2453959453125 0.6426558013888889 0.27439983203125 0.6426558013888889 0.27439983203125 0.6028120791666667
2 0.22034713359375 0.5957808347222222 0.22034713359375 0.6520307958333333 0.25066937890625 0.6520307958333333 0.25066937890625 0.5957808347222222
2 0.18738817265625002 0.5934370847222222 0.18738817265625002 0.656718288888889 0.23089400312500002 0.656718288888889 0.23089400312500002 0.5934370847222222
2 0.3244974546875 0.5957808347222222 0.3244974546875 0.6403120527777778 0.3508646234375 0.6403120527777778 0.3508646234375 0.5957808347222222
2 0.43523956484375 0.5817183430555555 0.43523956484375 0.6426558013888889 0.46688016875000005 0.6426558013888889 0.46688016875000005 0.5817183430555555
9 0.48797390390624995 0.5301558791666667 0.48797390390624995 0.6403120527777778 0.55389182734375 0.6403120527777778 0.55389182734375 0.5301558791666667
9 0.60530780859375 0.3356247625 0.60530780859375 0.8489056597222222 0.9414892179687501 0.8489056597222222 0.9414892179687501 0.3356247625