2 0.25551503750000004 0.49547997222222223 0.25551503750000004 0.5836299180555555 0.2949988671875 0.5836299180555555 0.2949988671875 0.49547997222222223
2 0.17746560859375 0.4938475638888889 0.17746560859375 0.6048511972222222 0.2637790953125 0.6048511972222222 0.2637790953125 0.4938475638888889
2 0.5594487 0.4987447819444445 0.5594487 0.7142224236111111 0.72381161484375 0.7142224236111111 0.72381161484375 0.4987447819444445
2 0 0.5003771902777777 0 0.7876807125 0.203176009375 0.7876807125 0.203176009375 0.5003771902777777
2 0.33448269765625 0.44487537222222223 0.33448269765625 0.8007399625 0.57964972890625 0.8007399625 0.57964972890625 0.44487537222222223
4 0.9680604203125001 0.43834574583333336 0.9680604203125001 0.6701474527777778 0.9983619648437501 0.6701474527777778 0.9983619648437501 0.43834574583333336
4 0.939595334375 0.47915590694444443 0.939595334375 0.6342345125 0.9744880218749999 0.6342345125 0.9744880218749999 0.47915590694444443
4 0.9148031624999999 0.4677290611111111 0.9148031624999999 0.6391317333333333 0.9469411609374999 0.6391317333333333 0.9469411609374999 0.4677290611111111
4 0.8615459039062501 0.4579346222222222 0.8615459039062501 0.6162780416666667 0.8900109914062501 0.6162780416666667 0.8900109914062501 0.4579346222222222
4 0.8248167609375001 0.4628318430555555 0.8248167609375001 0.5738354763888889 0.84593601875 0.5738354763888889 0.84593601875 0.4628318430555555
4 0.80094281796875 0.470993875 0.80094281796875 0.5836299125 0.82298030390625 0.5836299125 0.82298030390625 0.470993875
4 0.738503275 0.4824207194444444 0.738503275 0.5803651027777778 0.76145898828125 0.5803651027777778 0.76145898828125 0.4824207194444444
4 0.70177412890625 0.4856855319444444 0.70177412890625 0.6048511972222222 0.732075675 0.6048511972222222 0.732075675 0.4856855319444444
7 0.48782687109375 0.4122272444444444 0.48782687109375 0.43834574583333336 0.5254742421875 0.43834574583333336 0.5254742421875 0.4122272444444444
6 0.46028001171875 0.41059483611111114 0.46028001171875 0.44487537222222223 0.472216984375 0.44487537222222223 0.472216984375 0.41059483611111114
6 0.36662069609375003 0.4285513097222222 0.36662069609375003 0.45956703055555553 0.3776394390625 0.45956703055555553 0.3776394390625 0.4285513097222222
7 0.81705456015625 0.18264718333333335 0.81705456015625 0.2514707597222222 0.8661906234375 0.2514707597222222 0.8661906234375 0.18264718333333335