7 0.39957243671875 0.05421382222222222 0.39957243671875 0.08291067361111111 0.469053128125 0.08291067361111111 0.469053128125 0.05421382222222222
7 0 0.09788294305555555 0 0.12158903888888888 0.03883431171875 0.12158903888888888 0.03883431171875 0.09788294305555555
6 0.07673286796875 0.09164449583333334 0.07673286796875 0.13656130555555557 0.0872602453125 0.13656130555555557 0.0872602453125 0.09164449583333334
6 0.356059278125 0.03410350138888889 0.356059278125 0.08166297916666666 0.36752974374999997 0.08166297916666666 0.36752974374999997 0.03410350138888889
6 0.44098012109375 0.1764873597222222 0.44098012109375 0.20129385138888886 0.4479983734375 0.20129385138888886 0.4479983734375 0.1764873597222222
6 0.08609785859374999 0.09274489166666666 0.08609785859374999 0.13890939166666666 0.0959234109375 0.13890939166666666 0.0959234109375 0.09274489166666666
6 0.34928228984375 0.035351193055555556 0.34928228984375 0.07902031111111112 0.35700236640625 0.07902031111111112 0.35700236640625 0.035351193055555556
6 0.44823963515625 0.25369679305555554 0.44823963515625 0.27116444305555554 0.45876701249999996 0.27116444305555554 0.45876701249999996 0.25369679305555554
4 0.67071820859375 0.29778180833333334 0.67071820859375 0.3302217263888889 0.6812455859375001 0.3302217263888889 0.6812455859375001 0.29778180833333334
2 0.060130328125 0.244547075 0.060130328125 0.3605821652777778 0.16750957578125 0.3605821652777778 0.16750957578125 0.244547075
2 0.55608677109375 0.28696850416666664 0.55608677109375 0.3493529625 0.650131340625 0.3493529625 0.650131340625 0.28696850416666664
2 0.1499639484375 0.21210715694444443 0.1499639484375 0.5629250333333333 0.42086845625 0.5629250333333333 0.42086845625 0.21210715694444443
2 0 0.1609519 0 0.4865987694444444 0.10715261250000001 0.4865987694444444 0.10715261250000001 0.1609519
6 0.70550300546875 0.07641516250000001 0.70550300546875 0.16556618611111112 0.76281437734375 0.16556618611111112 0.76281437734375 0.07641516250000001