7 0.23687830625 0.3015405597222222 0.23687830625 0.31540449583333335 0.26222331015625 0.31540449583333335 0.26222331015625 0.3015405597222222
7 0.50592527109375 0.31887047777777777 0.50592527109375 0.35006432916666663 0.52152219765625 0.35006432916666663 0.52152219765625 0.31887047777777777
7 0.3587292875 0.3465983472222222 0.3587292875 0.3639282625 0.3762758265625 0.3639282625 0.3762758265625 0.3465983472222222
7 0.5000764249999999 0.31540449583333335 0.5000764249999999 0.3483313388888889 0.5078748875 0.3483313388888889 0.5078748875 0.31540449583333335
7 0.5419931625000001 0.3067395361111111 0.5419931625000001 0.33793338472222223 0.555640471875 0.33793338472222223 0.555640471875 0.3067395361111111
6 0.24467676875 0.3569962958333333 0.24467676875 0.3812581791666667 0.25832407812499997 0.3812581791666667 0.25832407812499997 0.3569962958333333
6 0.62485182890625 0.3379333861111111 0.62485182890625 0.3569962958333333 0.6375243312500001 0.3569962958333333 0.6375243312500001 0.3379333861111111
6 0.33825832265625 0.21142499027777775 0.33825832265625 0.2478178152777778 0.350930825 0.2478178152777778 0.350930825 0.21142499027777775
6 0.46205891875000005 0.1646342138888889 0.46205891875000005 0.21315798194444444 0.47180699765625 0.21315798194444444 0.47180699765625 0.1646342138888889
6 0.330459859375 0.21142499027777775 0.330459859375 0.2512838 0.3392331296875 0.2512838 0.3392331296875 0.21142499027777775
6 0.34995601640624996 0.2148909736111111 0.34995601640624996 0.2530167916666667 0.35580486484375 0.2530167916666667 0.35580486484375 0.2148909736111111
6 0.450361225 0.16983318888888888 0.450361225 0.21315798194444444 0.46205891875000005 0.21315798194444444 0.46205891875000005 0.16983318888888888
6 0.47278180546875 0.16983318888888888 0.47278180546875 0.21142499027777775 0.48252988359375 0.21142499027777775 0.48252988359375 0.16983318888888888
7 0.26222331015625 0.3171374861111111 0.26222331015625 0.32926842638888887 0.27099658125000003 0.32926842638888887 0.27099658125000003 0.3171374861111111
4 0.79349358671875 0.28421064305555555 0.79349358671875 0.7035946402777777 0.8656293679687501 0.7035946402777777 0.8656293679687501 0.28421064305555555
4 0.7486524250000001 0.3067395361111111 0.7486524250000001 0.6377409555555555 0.8022668570312501 0.6377409555555555 0.8022668570312501 0.3067395361111111
4 0.71063491953125 0.33446740277777776 0.71063491953125 0.5944161625000001 0.7584005031250001 0.5944161625000001 0.7584005031250001 0.33446740277777776
4 0.6599449117187499 0.33620039444444444 0.6599449117187499 0.5788192347222222 0.7077104960937499 0.5788192347222222 0.7077104960937499 0.33620039444444444
4 0.66286933515625 0.3552633041666667 0.66286933515625 0.5389604263888889 0.6804158765625 0.5389604263888889 0.6804158765625 0.3552633041666667
4 0.60340605625 0.3725932222222222 0.60340605625 0.5424264111111111 0.6414235625 0.5424264111111111 0.6414235625 0.3725932222222222
4 0.06433731796875 0.3968551069444445 0.06433731796875 0.5354944444444444 0.1033296328125 0.5354944444444444 0.1033296328125 0.3968551069444445
2 0 0.47483973333333335 0 0.7590503763888888 0.1364730984375 0.7590503763888888 0.1364730984375 0.47483973333333335
2 0.10917847890625001 0.41245203055555557 0.10917847890625001 0.5961491541666667 0.2680721578125 0.5961491541666667 0.2680721578125 0.41245203055555557
2 0.25832407890625003 0.3639282625 0.25832407890625003 0.6082800958333333 0.39089794609375 0.6082800958333333 0.39089794609375 0.3639282625
2 0.3177873578125 0.3465983472222222 0.3177873578125 0.7469194333333332 0.6404487546875 0.7469194333333332 0.6404487546875 0.3465983472222222
2 0.09748078359375 0.43498092222222223 0.09748078359375 0.49390264166666664 0.1325738671875 0.49390264166666664 0.1325738671875 0.43498092222222223
4 0.25150042421875 0.4228499819444444 0.25150042421875 0.45750981527777773 0.26612254296875004 0.45750981527777773 0.26612254296875004 0.4228499819444444