6 0.35003954140625 0.36861480972222227 0.35003954140625 0.3839170847222222 0.35482150234375 0.3839170847222222 0.35482150234375 0.36861480972222227
6 0.35099593281249997 0.39411860138888893 0.35099593281249997 0.407720625 0.35577789375 0.407720625 0.35577789375 0.39411860138888893
6 0.42272534765625 0.3703150611111111 0.42272534765625 0.3873175888888889 0.42846370078125 0.3873175888888889 0.42846370078125 0.3703150611111111
6 0.504975075 0.38391708194444446 0.504975075 0.39751910555555553 0.5097570359375 0.39751910555555553 0.5097570359375 0.38391708194444446
6 0.47819609453125 0.3958188527777778 0.47819609453125 0.40942087638888885 0.48202166328124996 0.40942087638888885 0.48202166328124996 0.3958188527777778
6 0.39498997421875004 0.4043201180555555 0.39498997421875004 0.41792214027777774 0.39785915078125 0.41792214027777774 0.39785915078125 0.4043201180555555
6 0.1941476140625 0.2291940736111111 0.1941476140625 0.2904031736111111 0.21805741875 0.2904031736111111 0.21805741875 0.2291940736111111
7 0.242923615625 0.3417508083333333 0.242923615625 0.3791563694444445 0.2630078515625 0.3791563694444445 0.2630078515625 0.3417508083333333
7 0.3175222078125 0.36555434583333335 0.3175222078125 0.3893578861111111 0.3309116984375 0.3893578861111111 0.3309116984375 0.36555434583333335
7 0.68037742578125 0.4114611736111111 0.68037742578125 0.4471664805555555 0.6966360929687501 0.4471664805555555 0.6966360929687501 0.4114611736111111
7 0.49502860234375 0.4182621819444445 0.49502860234375 0.4352647097222222 0.502679740625 0.4352647097222222 0.502679740625 0.4182621819444445
7 0.58512075859375 0.34855182083333336 0.58512075859375 0.38255687638888886 0.6463298578125001 0.38255687638888886 0.6463298578125001 0.34855182083333336
2 0.44854793671875 0.4220877527777778 0.44854793671875 0.4356897763888889 0.45428628984374997 0.4356897763888889 0.45428628984374997 0.4220877527777778
2 0.43420205390625 0.42378800555555557 0.43420205390625 0.43739002916666664 0.44280958359374994 0.43739002916666664 0.44280958359374994 0.42378800555555557
2 0.42463813203124995 0.42038749999999997 0.42463813203124995 0.4424907875 0.43420205390625 0.4424907875 0.43420205390625 0.42038749999999997
2 0.41507421015625 0.42378800555555557 0.41507421015625 0.45099205 0.430376484375 0.45099205 0.430376484375 0.42378800555555557
2 0.4055102875 0.43058901666666666 0.4055102875 0.45439255694444447 0.4255945234375 0.45439255694444447 0.4255945234375 0.43058901666666666
2 0.30795828593749996 0.4135864888888889 0.30795828593749996 0.5156016569444445 0.38829522890625 0.5156016569444445 0.38829522890625 0.4135864888888889
2 0.23622887109375 0.4118862361111111 0.23622887109375 0.5445059527777778 0.35195232656250003 0.5445059527777778 0.35195232656250003 0.4118862361111111
2 0.21997020234375003 0.4084857291666667 0.21997020234375003 0.466294325 0.24005443828125 0.466294325 0.24005443828125 0.4084857291666667
2 0.1692814171875 0.4084857291666667 0.1692814171875 0.4747955888888889 0.2285777328125 0.4747955888888889 0.2285777328125 0.4084857291666667
2 0.10807231718750002 0.40678547777777774 0.10807231718750002 0.4781960944444445 0.19606039921875001 0.4781960944444445 0.19606039921875001 0.40678547777777774
2 0.04781961015625 0.3982842138888889 0.04781961015625 0.48839760972222224 0.13293851406249999 0.48839760972222224 0.13293851406249999 0.3982842138888889
2 0 0.40168472083333334 0 0.5088006444444444 0.06503466875 0.5088006444444444 0.06503466875 0.40168472083333334
2 0.85429732265625 0.4934983694444445 0.85429732265625 0.6210173263888888 0.99966893515625 0.6210173263888888 0.99966893515625 0.4934983694444445
2 0.50210589921875 0.4169869930555556 0.50210589921875 0.4475915430555556 0.51166982109375 0.4475915430555556 0.51166982109375 0.4169869930555556
2 0.46289381953125003 0.4152867416666667 0.46289381953125003 0.44079053333333335 0.47723970234374996 0.44079053333333335 0.47723970234374996 0.4152867416666667
2 0.45332989765625 0.42378800555555557 0.45332989765625 0.43909028055555555 0.46193742734375 0.43909028055555555 0.46193742734375 0.42378800555555557
2 0.6264368835937499 0.45779306111111107 0.6264368835937499 0.5071003930555555 0.66564896328125 0.5071003930555555 0.66564896328125 0.45779306111111107
2 0.6780820609375 0.47139508472222225 0.6780820609375 0.5462062055555555 0.7584190046875 0.5462062055555555 0.7584190046875 0.47139508472222225
2 0.4418531921875 0.43866521666666664 0.4418531921875 0.4964738125 0.48106527187500003 0.4964738125 0.48106527187500003 0.43866521666666664
1 0.50688786015625 0.351952325 0.50688786015625 0.5491816486111112 0.63121884453125 0.5491816486111112 0.63121884453125 0.351952325
4 0.65780656484375 0.46246875416666666 0.65780656484375 0.5457811416666667 0.6778908007812501 0.5457811416666667 0.6778908007812501 0.46246875416666666