2 0.8853652742187499 0.388983325 0.8853652742187499 0.7030821625 0.9988620812500001 0.7030821625 0.9988620812500001 0.388983325
2 0.81750120625 0.3557013291666667 0.81750120625 0.5491529319444445 0.99949698984375 0.5491529319444445 0.99949698984375 0.3557013291666667
2 0.46531008515625 0.42850569722222226 0.46531008515625 0.5221113083333333 0.5355142953125 0.5221113083333333 0.5355142953125 0.42850569722222226
2 0.5706164 0.4347460694444445 0.5706164 0.4950696888888889 0.619759346875 0.4950696888888889 0.619759346875 0.4347460694444445
2 0.35064320859375 0.46386781666666665 0.35064320859375 0.4909094388888889 0.37404461171875003 0.4909094388888889 0.37404461171875003 0.46386781666666665
2 0.55189527734375 0.4451466944444445 0.55189527734375 0.48466906666666665 0.5823171015625 0.48466906666666665 0.5823171015625 0.4451466944444445
2 0.54370478671875 0.46178769305555556 0.54370478671875 0.4825889402777778 0.55423541796875 0.4825889402777778 0.55423541796875 0.46178769305555556
2 0.6162491375 0.44098644583333335 0.6162491375 0.48674918749999996 0.6338001890625 0.48674918749999996 0.6338001890625 0.44098644583333335
2 0.5355142953125 0.46178769305555556 0.5355142953125 0.4805088138888889 0.54370478671875 0.4805088138888889 0.54370478671875 0.46178769305555556
7 0.673582575 0.4035442 0.673582575 0.4347460694444445 0.70634453984375 0.4347460694444445 0.70634453984375 0.4035442
7 0.07664606171875 0.39938395 0.07664606171875 0.46178769305555556 0.11428903515625 0.46178769305555556 0.11428903515625 0.39938395