2 0.42507954921874996 0.4253344611111111 0.42507954921874996 0.44572720694444445 0.43655046953125 0.44572720694444445 0.43655046953125 0.4253344611111111
2 0.41704990468750003 0.4232951861111111 0.41704990468750003 0.4498057611111111 0.430815009375 0.4498057611111111 0.430815009375 0.4232951861111111
2 0.38951969453125 0.4232951861111111 0.38951969453125 0.4701985083333334 0.40787316796875006 0.4701985083333334 0.40787316796875006 0.4232951861111111
2 0.38149004999999997 0.4273737361111111 0.38149004999999997 0.48039488333333336 0.40099061562499994 0.48039488333333336 0.40099061562499994 0.4273737361111111
2 0.35051856406250004 0.4110595375 0.35051856406250004 0.4844734291666667 0.38722551015625 0.4844734291666667 0.38722551015625 0.4110595375
2 0.33904764296875 0.4212559111111111 0.33904764296875 0.49466980694444446 0.374607496875 0.49466980694444446 0.374607496875 0.4212559111111111
2 0.31151743359375 0.4110595375 0.31151743359375 0.5048661805555555 0.35166565625 0.5048661805555555 0.35166565625 0.4110595375
2 0.4659965828125 0.4253344611111111 0.4659965828125 0.4472355 0.47899287656249995 0.4472355 0.47899287656249995 0.4253344611111111
2 0.472456296875 0.4212559111111111 0.472456296875 0.4510634791666667 0.48358124453125007 0.4510634791666667 0.48358124453125007 0.4212559111111111
2 0.48250474062500004 0.4253344611111111 0.48250474062500004 0.4587194347222222 0.49505216562500004 0.4587194347222222 0.49505216562500004 0.4253344611111111
2 0.48587542890625 0.4232951861111111 0.48587542890625 0.4600021347222222 0.5076701781249999 0.4600021347222222 0.5076701781249999 0.4232951861111111
2 0.49849344140624996 0.4273737361111111 0.49849344140624996 0.4681592319444445 0.51684691484375 0.4681592319444445 0.51684691484375 0.4273737361111111
2 0.5088172703125 0.4273737361111111 0.5088172703125 0.47427705833333333 0.5409358484375 0.47427705833333333 0.5409358484375 0.4273737361111111
2 0.53175911171875 0.4049417152777778 0.53175911171875 0.5048661805555555 0.59829045234375 0.5048661805555555 0.59829045234375 0.4049417152777778
2 0.5432300328124999 0.4294130125 0.5432300328124999 0.5150625541666667 0.59599626796875 0.5150625541666667 0.59599626796875 0.4294130125
2 0.5730544265625 0.4355308347222222 0.5730544265625 0.5436123972222222 0.6728514375 0.5436123972222222 0.6728514375 0.4355308347222222
2 0.22682312265625 0.4114294847222222 0.22682312265625 0.5518277583333333 0.34047779453125 0.5518277583333333 0.34047779453125 0.4114294847222222
5 0.09949590234375 0.3988821513888889 0.09949590234375 0.5803776083333333 0.1579975984375 0.5803776083333333 0.1579975984375 0.3988821513888889
0 0.0788482453125 0.495951625 0.0788482453125 0.5897582680555555 0.1878219921875 0.5897582680555555 0.1878219921875 0.495951625
7 0.96073261875 0.19413895416666666 0.96073261875 0.22676735138888887 0.98596864453125 0.22676735138888887 0.98596864453125 0.19413895416666666
4 0.66960066484375 0.4384440819444444 0.66960066484375 0.49391235555555557 0.68451286171875 0.49391235555555557 0.68451286171875 0.4384440819444444
4 0.39865750078125 0.4180513347222222 0.39865750078125 0.5016616027777777 0.41356969765624996 0.5016616027777777 0.41356969765624996 0.4180513347222222
7 0.2390094140625 0.2928403638888889 0.2390094140625 0.3132562486111111 0.25838855546875 0.3132562486111111 0.25838855546875 0.2928403638888889
6 0.96285624296875 0.3043242986111111 0.96285624296875 0.3515360347222222 0.97864665390625 0.3515360347222222 0.97864665390625 0.3043242986111111
2 0.47963375546875 0.42681961388888884 0.47963375546875 0.45489145555555555 0.49111769140624995 0.45489145555555555 0.49111769140624995 0.42681961388888884