4 0.76002731640625 0.4001261583333333 0.76002731640625 0.9992430597222223 0.94045232109375 0.9992430597222223 0.94045232109375 0.4001261583333333
2 0.0006525390625 0.5549106958333334 0.0006525390625 0.7510063541666666 0.210421053125 0.7510063541666666 0.210421053125 0.5549106958333334
2 0.51455352109375 0.5413086847222223 0.51455352109375 0.7408048458333334 0.7804303328125 0.7408048458333334 0.7804303328125 0.5413086847222223
2 0.42794168671875 0.5698708111111112 0.42794168671875 0.6288128597222222 0.5242184203125 0.6288128597222222 0.5242184203125 0.5698708111111112
2 0.35015518515625 0.5687373055555556 0.35015518515625 0.6276793555555555 0.43176725234375 0.6276793555555555 0.43176725234375 0.5687373055555556
2 0.14027073984375 0.5588159555555555 0.14027073984375 0.5746849708333334 0.15684819140625 0.5746849708333334 0.15684819140625 0.5588159555555555
2 0.19701663046875 0.5474809486111111 0.19701663046875 0.5701509694444444 0.211681296875 0.5701509694444444 0.211681296875 0.5474809486111111
2 0.156210596875 0.5565489555555555 0.156210596875 0.6256925125 0.2155068625 0.6256925125 0.2155068625 0.5565489555555555
2 0.065034615625 0.5576824541666666 0.065034615625 0.5758184694444444 0.09946470625 0.5758184694444444 0.09946470625 0.5576824541666666
2 0.0899007921875 0.5701509666666666 0.0899007921875 0.6166245055555556 0.15684819140625 0.6166245055555556 0.15684819140625 0.5701509666666666
9 0.2111596328125 0.5458611916666667 0.2111596328125 0.6648787916666667 0.2825701921875 0.6648787916666667 0.2825701921875 0.5458611916666667
9 0.28894613515625 0.5481281930555556 0.28894613515625 0.6614782861111111 0.35334315546875 0.6614782861111111 0.35334315546875 0.5481281930555556
9 0.9028914531250001 0.5367931847222221 0.9028914531250001 0.6682792916666667 0.9985305953125 0.6682792916666667 0.9985305953125 0.5367931847222221
2 0.75560717734375 0.5571962013888889 0.75560717734375 0.5980022319444445 0.8104402851562501 0.5980022319444445 0.8104402851562501 0.5571962013888889
7 0.03135804921875 0.25826110277777775 0.03135804921875 0.3013341375 0.09703025937500001 0.3013341375 0.09703025937500001 0.25826110277777775
7 0.02359098828125 0.536145938888889 0.02359098828125 0.5452139444444444 0.03315490390625 0.5452139444444444 0.03315490390625 0.536145938888889
7 0.15748578671875 0.43753135833333334 0.15748578671875 0.45680087361111116 0.17023767109375001 0.45680087361111116 0.17023767109375001 0.43753135833333334
7 0.1657745109375 0.48400489583333334 0.1657745109375 0.519143425 0.17533842500000002 0.519143425 0.17533842500000002 0.48400489583333334
7 0.1581233796875 0.519143425 0.1581233796875 0.5270779347222222 0.1753384265625 0.5270779347222222 0.1753384265625 0.519143425
7 0.163861728125 0.5293449361111111 0.163861728125 0.5384129402777778 0.17661361484375 0.5384129402777778 0.17661361484375 0.5293449361111111
7 0.277991103125 0.49533990833333336 0.277991103125 0.5032744180555555 0.300944496875 0.5032744180555555 0.300944496875 0.49533990833333336
7 0.28564223437499997 0.505541413888889 0.28564223437499997 0.5214104263888889 0.311146003125 0.5214104263888889 0.311146003125 0.505541413888889
7 0.02359098828125 0.5287786125 0.02359098828125 0.5491816472222222 0.0331549265625 0.5491816472222222 0.0331549265625 0.5287786125
7 0.20849332578125002 0.4556673736111111 0.20849332578125002 0.47833739166666667 0.24611138906250002 0.47833739166666667 0.24611138906250002 0.4556673736111111
6 0.18362715000000002 0.4985137305555556 0.18362715000000002 0.5155162444444444 0.19127828125 0.5155162444444444 0.19127828125 0.4985137305555556
6 0.23616143125 0.3259125097222222 0.23616143125 0.37578654861111105 0.25210128828125 0.37578654861111105 0.25210128828125 0.3259125097222222
6 0.235059753125 0.5047857513888889 0.235059753125 0.5376572777777778 0.24972442265625 0.5376572777777778 0.24972442265625 0.5047857513888889
6 0.29881918046875 0.4628462138888889 0.29881918046875 0.4923172402777778 0.30647031328124996 0.4923172402777778 0.30647031328124996 0.4628462138888889
7 0.14808126953125 0.38170643611111116 0.14808126953125 0.43838148472222216 0.1831489546875 0.43838148472222216 0.1831489546875 0.38170643611111116
6 0.23096852499999998 0.38624044166666666 0.23096852499999998 0.40891046111111107 0.24563319453125 0.40891046111111107 0.24563319453125 0.38624044166666666
6 0.18378655 0.4712530125 0.18378655 0.49278953194444447 0.19972640546875 0.49278953194444447 0.19972640546875 0.4712530125
6 0.2022767828125 0.49619003472222223 0.2022767828125 0.5188600513888889 0.21885423515625 0.5188600513888889 0.21885423515625 0.49619003472222223
6 0.01880904375 0.44489945833333333 0.01880904375 0.48910603055555557 0.043675239843750005 0.48910603055555557 0.043675239843750005 0.44489945833333333
6 0.02646018046875 0.30377848055555556 0.02646018046875 0.3955921319444444 0.0580211234375 0.3955921319444444 0.0580211234375 0.30377848055555556
6 0.039849671875 0.4301639527777778 0.039849671875 0.47437052500000004 0.060890299999999994 0.47437052500000004 0.060890299999999994 0.4301639527777778
6 0.0006375921875 0.3995594027777778 0.0006375921875 0.44036546944444444 0.023591003906249998 0.44036546944444444 0.023591003906249998 0.3995594027777778
6 0.001593984375 0.4471664805555555 0.001593984375 0.4845720402777778 0.0216782203125 0.4845720402777778 0.0216782203125 0.4471664805555555
6 0.07332339843749999 0.1603904777777778 0.07332339843749999 0.23010084166666667 0.0962768109375 0.23010084166666667 0.0962768109375 0.1603904777777778