7 0.32449745390625 0.14999989722222223 0.32449745390625 0.18515612222222222 0.342954471875 0.18515612222222222 0.342954471875 0.14999989722222223
7 0.32845252890625 0.182812375 0.32845252890625 0.21093735555555557 0.3416361140625 0.21093735555555557 0.3416361140625 0.182812375
2 0.11356009843749999 0.2531248263888889 0.11356009843749999 0.28124980694444446 0.12410696640625 0.28124980694444446 0.12410696640625 0.2531248263888889
2 0.12410696640625 0.24843732916666666 0.12410696640625 0.27656230972222223 0.13333547578125 0.27656230972222223 0.13333547578125 0.24843732916666666
2 0.1293804 0.24374983194444444 0.1293804 0.26953106527777776 0.14256398515625 0.26953106527777776 0.14256398515625 0.24374983194444444
2 0.1412456265625 0.24843732916666666 0.1412456265625 0.2789060583333333 0.15574756953125 0.2789060583333333 0.15574756953125 0.24843732916666666
2 0.15311085234375 0.23906233611111113 0.15311085234375 0.27656230972222223 0.19002488984375 0.27656230972222223 0.19002488984375 0.23906233611111113
2 0.2269389265625 0.23671858750000002 0.2269389265625 0.26953106527777776 0.26253460546874996 0.26953106527777776 0.26253460546874996 0.23671858750000002
2 0.261216246875 0.2343748388888889 0.261216246875 0.2671873166666667 0.3007670015625 0.2671873166666667 0.3007670015625 0.2343748388888889
2 0.298130284375 0.22968734166666668 0.298130284375 0.26953106527777776 0.34559118906249997 0.26953106527777776 0.34559118906249997 0.22968734166666668
2 0.38118686796875 0.2203123486111111 0.38118686796875 0.2742185611111111 0.43523956484375 0.2742185611111111 0.43523956484375 0.2203123486111111
2 0.42864777265625 0.19453111666666664 0.42864777265625 0.27656230972222223 0.50115748828125 0.27656230972222223 0.50115748828125 0.19453111666666664
2 0.57234884609375 0.18984361944444444 0.57234884609375 0.30234354166666666 0.694956184375 0.30234354166666666 0.694956184375 0.18984361944444444
2 0.0726909859375 0.26249981944444445 0.0726909859375 0.2789060583333333 0.08982964609375 0.2789060583333333 0.08982964609375 0.26249981944444445
2 0.08719292890625 0.24374983194444444 0.08719292890625 0.27656230972222223 0.1096050234375 0.27656230972222223 0.1096050234375 0.24374983194444444
2 0.0410503828125 0.2414060847222222 0.0410503828125 0.3140622847222222 0.056870684375 0.3140622847222222 0.056870684375 0.2414060847222222
2 0.016001571875000002 0.22968734166666668 0.016001571875000002 0.32812477500000004 0.0502788921875 0.32812477500000004 0.0502788921875 0.22968734166666668
2 0 0.22499984583333332 0 0.3426560069444444 0.034458590625 0.3426560069444444 0.034458590625 0.22499984583333332