7 0.16233936171875002 0.4246872013888889 0.16233936171875002 0.4387496902777777 0.19002488906249998 0.4387496902777777 0.19002488906249998 0.4246872013888889
7 0.647495278125 0.34734350416666665 0.647495278125 0.3707809875 0.6910011078125 0.3707809875 0.6910011078125 0.34734350416666665
7 0.65276871328125 0.3942184708333333 0.65276871328125 0.4176559541666667 0.6791358828125 0.4176559541666667 0.6791358828125 0.3942184708333333
2 0.06082576015625 0.4973434013888889 0.06082576015625 0.5301558791666667 0.1662944375 0.5301558791666667 0.1662944375 0.4973434013888889
2 0.3310892453125 0.5137496402777778 0.3310892453125 0.5489058652777777 0.34559118828125 0.5489058652777777 0.34559118828125 0.5137496402777778
2 0.42337433906250005 0.5184371361111111 0.42337433906250005 0.5395308736111111 0.43260284687499995 0.5395308736111111 0.43260284687499995 0.5184371361111111
2 0.43655792421874995 0.5184371361111111 0.43655792421874995 0.5465621180555555 0.44842315078125 0.5465621180555555 0.44842315078125 0.5184371361111111
2 0.42996613124999994 0.5114058916666667 0.42996613124999994 0.5489058652777777 0.45369658359375 0.5489058652777777 0.45369658359375 0.5114058916666667
2 0.4418313578125 0.5184371361111111 0.4418313578125 0.5489058666666666 0.4563333015625 0.5489058666666666 0.4563333015625 0.5184371361111111
2 0.5301613749999999 0.4903121555555555 0.5301613749999999 0.6731245305555555 0.68968274921875 0.6731245305555555 0.68968274921875 0.4903121555555555
2 0.398325528125 0.5278121291666668 0.398325528125 0.5418746194444444 0.41150911171875004 0.5418746194444444 0.41150911171875004 0.5278121291666668
2 0.4497415078125 0.5114058916666667 0.4497415078125 0.5606246069444445 0.48138211093749994 0.5606246069444445 0.48138211093749994 0.5114058916666667
2 0.33636267890625 0.5067183944444444 0.33636267890625 0.5699996013888889 0.39041537656249997 0.5699996013888889 0.39041537656249997 0.5067183944444444
2 0.28758341640624996 0.502030898611111 0.28758341640624996 0.5676558541666666 0.33372596328125004 0.5676558541666666 0.33372596328125004 0.502030898611111
2 0.6316749765624999 0.4574996791666667 0.6316749765624999 0.8090619375 0.99949698984375 0.8090619375 0.99949698984375 0.4574996791666667
2 0.49747174453125 0.498749825 0.49747174453125 0.5549998055555555 0.57024515625 0.5549998055555555 0.57024515625 0.498749825