7 0.7236876773437501 0.430513575 0.7236876773437501 0.4577039069444444 0.738217509375 0.4577039069444444 0.738217509375 0.430513575
7 0.730570228125 0.45906342361111113 0.730570228125 0.4794561708333333 0.7451000609375 0.4794561708333333 0.7451000609375 0.45906342361111113
7 0.71909930859375 0.4604229388888889 0.71909930859375 0.46586100416666665 0.72904077265625 0.46586100416666665 0.72904077265625 0.4604229388888889
7 0.712981484375 0.4685800388888889 0.712981484375 0.47537762083333335 0.7282760453125 0.47537762083333335 0.7282760453125 0.4685800388888889
7 0.49299469765625004 0.5211480180555556 0.49299469765625004 0.5374622180555556 0.502171434375 0.5374622180555556 0.502171434375 0.5211480180555556
7 0.30257740234375 0.5048338222222222 0.30257740234375 0.5184289861111111 0.31175413984375 0.5184289861111111 0.31175413984375 0.5048338222222222
6 0.25439953437499996 0.42688819027777775 0.25439953437499996 0.45135948750000005 0.26281154296875 0.45135948750000005 0.26281154296875 0.42688819027777775
6 0.34463744531249996 0.4472809402777778 0.34463744531249996 0.46903320416666666 0.35075526953125 0.46903320416666666 0.35075526953125 0.4472809402777778
6 0.41998865468749996 0.5084591833333334 0.41998865468749996 0.5206948333333333 0.42534175078125 0.5206948333333333 0.42534175078125 0.5084591833333334
6 0.45975451328125 0.4622356208333333 0.45975451328125 0.4799093361111111 0.46510760859375005 0.4799093361111111 0.46510760859375005 0.4622356208333333
6 0.337092128125 0.445921425 0.337092128125 0.46903320555555555 0.34397468046875 0.46903320555555555 0.34397468046875 0.445921425
6 0.27514915390625 0.4880664347222222 0.27514915390625 0.5098186986111111 0.2805022515625 0.5098186986111111 0.2805022515625 0.4880664347222222
4 0.3120090453125 0.5397280652777777 0.3120090453125 0.5628398458333334 0.317362140625 0.5628398458333334 0.317362140625 0.5397280652777777
4 0.32883306171875 0.5424470972222223 0.32883306171875 0.5696374277777778 0.3372450703125 0.5696374277777778 0.3372450703125 0.5424470972222223
4 0.319656325 0.5438066152777778 0.319656325 0.5709969458333333 0.3273036046875 0.5709969458333333 0.3273036046875 0.5438066152777778
4 0.25388971250000003 0.5329304833333334 0.25388971250000003 0.5723564611111112 0.26153699296875 0.5723564611111112 0.26153699296875 0.5329304833333334
4 0.26383117734375 0.5315709652777778 0.26383117734375 0.5777945250000001 0.27453736953124996 0.5777945250000001 0.27453736953124996 0.5315709652777778
4 0.24012460703125 0.5288519333333334 0.24012460703125 0.5805135597222222 0.24700716015625002 0.5805135597222222 0.24700716015625002 0.5288519333333334
4 0.2408893359375 0.5220543486111111 0.2408893359375 0.5832325930555555 0.25159552890625003 0.5832325930555555 0.25159552890625003 0.5220543486111111
4 0.8490666453125 0.542058673611111 0.8490666453125 0.6467414486111112 0.8697143039062499 0.6467414486111112 0.8697143039062499 0.542058673611111
4 0.80088877890625 0.5434181916666667 0.80088877890625 0.6385843486111111 0.8215364375 0.6385843486111111 0.8215364375 0.5434181916666667
4 0.7802411218749999 0.5488562583333334 0.7802411218749999 0.6399438666666667 0.7970651390625 0.6399438666666667 0.7970651390625 0.5488562583333334
4 0.7626523765625 0.5488562583333334 0.7626523765625 0.6399438666666667 0.7802411218749999 0.6399438666666667 0.7802411218749999 0.5488562583333334
4 0.814653884375 0.5352610944444445 0.814653884375 0.6494604833333334 0.84524300703125 0.6494604833333334 0.84524300703125 0.5352610944444445
4 0.72368765234375 0.54018125 0.72368765234375 0.6244712763888889 0.73821748515625 0.6244712763888889 0.73821748515625 0.54018125
2 0 0.46210816527777776 0 0.6673951625 0.16356683125 0.6673951625 0.16356683125 0.46210816527777776
2 0.40607059375 0.5465256472222222 0.40607059375 0.5655588791666666 0.41295314687499995 0.5655588791666666 0.41295314687499995 0.5465256472222222
2 0.40989423515625 0.5438066152777778 0.40989423515625 0.5682779111111111 0.42671825234374994 0.5682779111111111 0.42671825234374994 0.5438066152777778
2 0.4259535234375 0.5465256472222222 0.4259535234375 0.5764350111111111 0.43742444375 0.5764350111111111 0.43742444375 0.5465256472222222
2 0.38236402578125 0.5465256472222222 0.38236402578125 0.5682779111111111 0.38848185156250004 0.5682779111111111 0.38848185156250004 0.5465256472222222
2 0.364010553125 0.5424470972222223 0.364010553125 0.5614803291666667 0.37089310546875 0.5614803291666667 0.37089310546875 0.5424470972222223
2 0.46916065859374995 0.5519637111111112 0.46916065859374995 0.585951625 0.494396684375 0.585951625 0.494396684375 0.5519637111111112
2 0.433218440625 0.5342899972222223 0.433218440625 0.5845921069444444 0.46304283437500005 0.5845921069444444 0.46304283437500005 0.5342899972222223
2 0.3835111171875 0.5410875791666666 0.3835111171875 0.5777945250000001 0.40951187109375004 0.5777945250000001 0.40951187109375004 0.5410875791666666
2 0.36745182890625 0.5424470972222223 0.36745182890625 0.5696374277777778 0.38504057421875004 0.5696374277777778 0.38504057421875004 0.5424470972222223
9 0.34068634609375004 0.5356495152777777 0.34068634609375004 0.5696374277777778 0.364392915625 0.5696374277777778 0.364392915625 0.5356495152777777
9 0.0769656953125 0.3806911819444444 0.0769656953125 0.6281231916666666 0.23526440234375 0.6281231916666666 0.23526440234375 0.3806911819444444
2 0.6398055421875 0.5479117166666667 0.6398055421875 0.6729872375 0.71780780234375 0.6729872375 0.71780780234375 0.5479117166666667
2 0.50597813359375 0.4894525069444444 0.50597813359375 0.6838633722222222 0.6436291820312501 0.6838633722222222 0.6436291820312501 0.4894525069444444
7 0.025176066406249996 0.38680627916666666 0.025176066406249996 0.45303275277777777 0.04666783125 0.45303275277777777 0.04666783125 0.38680627916666666