2 0 0.3069760819444445 0 0.7440267944444444 0.22347630078125 0.7440267944444444 0.22347630078125 0.3069760819444445
2 0.6332113421875001 0.37738980833333335 0.6332113421875001 0.6420482944444444 0.88178393515625 0.6420482944444444 0.88178393515625 0.37738980833333335
2 0.54443541640625 0.41138264027777777 0.54443541640625 0.5012208430555556 0.6154561585937499 0.5012208430555556 0.6154561585937499 0.41138264027777777
2 0.42151490390625 0.40652652222222224 0.42151490390625 0.5279294972222223 0.49799877890625 0.5279294972222223 0.49799877890625 0.40652652222222224
2 0.33683632890625004 0.42352293888888887 0.33683632890625004 0.5012208416666667 0.3969308015625 0.5012208416666667 0.3969308015625 0.42352293888888887
2 0.193941253125 0.4297665319444444 0.193941253125 0.4564751861111111 0.21442800546875002 0.4564751861111111 0.21442800546875002 0.4297665319444444
2 0.23764632421875 0.4249104138888889 0.23764632421875 0.45890324722222225 0.27725404375 0.45890324722222225 0.27725404375 0.4249104138888889
2 0.29500923046875 0.4273384736111111 0.29500923046875 0.45161906944444447 0.331885384375 0.45161906944444447 0.331885384375 0.4273384736111111
2 0.33051960078125 0.4297665319444444 0.33051960078125 0.4491910111111111 0.34690900234375 0.4491910111111111 0.34690900234375 0.4297665319444444
2 0.38241937265625003 0.4249104138888889 0.38241937265625003 0.4831838416666666 0.40700347421874994 0.4831838416666666 0.40700347421874994 0.4249104138888889
2 0.39880877421875 0.4297665319444444 0.39880877421875 0.4540471263888889 0.40836925859375006 0.4540471263888889 0.40836925859375006 0.4297665319444444
2 0.40563769218749995 0.4297665319444444 0.40563769218749995 0.4661874277777778 0.42885601093750003 0.4661874277777778 0.42885601093750003 0.4297665319444444
2 0.40836925859375006 0.4224823541666667 0.40836925859375006 0.4394787680555555 0.43022179609375 0.4394787680555555 0.43022179609375 0.4224823541666667
2 0.48621891718750004 0.4297665319444444 0.48621891718750004 0.45890324861111115 0.49851096562499997 0.45890324861111115 0.49851096562499997 0.4297665319444444
2 0.52582663828125 0.4346226527777778 0.52582663828125 0.45890324722222225 0.5381186890625 0.45890324722222225 0.5381186890625 0.4346226527777778
2 0.5367529046875 0.4394787694444444 0.5367529046875 0.4686154861111111 0.5558738734374999 0.4686154861111111 0.5558738734374999 0.4394787694444444
2 0.5012425351562501 0.41762623611111116 0.5012425351562501 0.4758996652777778 0.53675290390625 0.4758996652777778 0.53675290390625 0.41762623611111116
2 0.64146297421875 0.41681688333333333 0.64146297421875 0.4410974791666667 0.6742417765625001 0.4410974791666667 0.6742417765625001 0.41681688333333333
2 0.6168788710937501 0.41196076388888886 0.6168788710937501 0.43138524305555553 0.629170921875 0.43138524305555553 0.629170921875 0.41196076388888886
2 0.8435989328125 0.38525211111111113 0.8435989328125 0.4435255388888889 0.9596905281250001 0.4435255388888889 0.9596905281250001 0.38525211111111113
2 0.9555931781250001 0.3795866333333333 0.9555931781250001 0.43300394305555556 0.9992982507812499 0.43300394305555556 0.9992982507812499 0.3795866333333333
7 0.7876018109375 0.18129510416666667 0.7876018109375 0.314838375 0.8504278515625 0.314838375 0.8504278515625 0.18129510416666667
7 0.87228038515625 0 0.87228038515625 0.07203240694444445 0.99929825 0.07203240694444445 0.99929825 0
7 0.32232490078125 0.37553987361111113 0.32232490078125 0.402248525 0.34144586796875 0.402248525 0.34144586796875 0.37553987361111113