6 0.289926396875 0.38033149027777774 0.289926396875 0.4080565902777778 0.297124259375 0.4080565902777778 0.297124259375 0.38033149027777774
6 0.3930957609375 0.3270139902777778 0.3930957609375 0.3547390902777778 0.4002936234375 0.3547390902777778 0.4002936234375 0.3270139902777778
6 0.544250871875 0.3355447916666667 0.544250871875 0.3654025916666666 0.55144873515625 0.3654025916666666 0.55144873515625 0.3355447916666667
6 0.5358533679687499 0.3355447916666667 0.5358533679687499 0.3611371916666667 0.54305123046875 0.3611371916666667 0.54305123046875 0.3355447916666667
6 0.601833771875 0.3206158902777778 0.601833771875 0.34834098888888887 0.6090316351562499 0.34834098888888887 0.6090316351562499 0.3206158902777778
6 0.6114309234374999 0.3909949902777778 0.6114309234374999 0.41445469027777776 0.6246270046875 0.41445469027777776 0.6246270046875 0.3909949902777778
7 0.57064303515625 0.3568717902777778 0.57064303515625 0.37606609166666666 0.582639471875 0.37606609166666666 0.582639471875 0.3568717902777778
7 0.59343626640625 0.36753529027777776 0.59343626640625 0.3824641888888889 0.6066323476562501 0.3824641888888889 0.6066323476562501 0.36753529027777776
7 0.60663234921875 0.3718006902777778 0.60663234921875 0.3867295888888889 0.61742914296875 0.3867295888888889 0.61742914296875 0.3718006902777778
7 0.328314996875 0.4016584902777778 0.328314996875 0.4187200902777778 0.33911179062499996 0.4187200902777778 0.33911179062499996 0.4016584902777778
2 0.30072319062499997 0.43578169027777774 0.30072319062499997 0.49762999027777777 0.33911179062499996 0.49762999027777777 0.33911179062499996 0.43578169027777774
2 0.26713316796875 0.4336489888888889 0.26713316796875 0.5082934902777778 0.31631856171875 0.5082934902777778 0.31631856171875 0.4336489888888889
2 0.22874456484375 0.4165873888888889 0.22874456484375 0.5104261902777778 0.2779299609375 0.5104261902777778 0.2779299609375 0.4165873888888889
2 0.34031143515625 0.4123219902777778 0.34031143515625 0.5104261902777778 0.40149326640625 0.5104261902777778 0.40149326640625 0.4123219902777778
2 0.39549504765625 0.39312769166666667 0.39549504765625 0.5509474902777778 0.50346298515625 0.5509474902777778 0.50346298515625 0.39312769166666667
2 0.49026690390625005 0.43151629027777777 0.49026690390625005 0.4720375916666667 0.5118604921875 0.4720375916666667 0.5118604921875 0.43151629027777777
2 0.5082615609375 0.4293835902777778 0.5082615609375 0.5082934902777778 0.5418515875 0.5082934902777778 0.5418515875 0.4293835902777778
2 0.5226572859374999 0.41445469027777776 0.5226572859374999 0.5445493902777778 0.61622949921875 0.5445493902777778 0.61622949921875 0.41445469027777776
2 0.6210280734375 0.3995257888888889 0.6210280734375 0.5424166916666666 0.74099244921875 0.5424166916666666 0.74099244921875 0.3995257888888889
2 0 0.31848319166666667 0 0.7812790916666666 0.28032924765625 0.7812790916666666 0.28032924765625 0.31848319166666667