6 0.40235986953124997 0.42397978194444447 0.40235986953124997 0.43775529861111107 0.40924762734375 0.43775529861111107 0.40924762734375 0.42397978194444447
6 0.33520422734375 0.42551039583333333 0.33520422734375 0.4408165236111111 0.3420919859375 0.4408165236111111 0.3420919859375 0.42551039583333333
2 0.33319530234375 0.4484695875 0.33319530234375 0.46989816944444446 0.34697081796874996 0.46989816944444446 0.34697081796874996 0.4484695875
2 0.321141725 0.4545920388888889 0.321141725 0.4744900069444445 0.33491724453125 0.4744900069444445 0.33491724453125 0.4545920388888889
2 0.2987565109375 0.44540836388888894 0.2987565109375 0.4775512347222222 0.322863665625 0.4775512347222222 0.322863665625 0.44540836388888894
2 0.27464935859375 0.4423471388888889 0.27464935859375 0.4729593958333333 0.303922328125 0.4729593958333333 0.303922328125 0.4423471388888889
2 0.2712054796875 0.4545920388888889 0.2712054796875 0.4928573625 0.29961748125 0.4928573625 0.29961748125 0.4545920388888889
2 0.23762765859375 0.440816525 0.23762765859375 0.49591859583333336 0.27292741953125 0.49591859583333336 0.27292741953125 0.440816525
2 0.18596947109375 0.43928591111111115 0.18596947109375 0.5081634944444444 0.25140317421875 0.5081634944444444 0.25140317421875 0.43928591111111115
2 0.14292098359375 0.45000020138888885 0.14292098359375 0.5250002347222222 0.24021056718749997 0.5250002347222222 0.24021056718749997 0.45000020138888885
2 0.11278703984375 0.4530614277777778 0.11278703984375 0.5265308486111111 0.17994268203125 0.5265308486111111 0.17994268203125 0.4530614277777778
2 0.10073346328124999 0.4561226555555556 0.10073346328124999 0.5387757597222222 0.158418434375 0.5387757597222222 0.158418434375 0.4561226555555556
2 0.07863523515625001 0.43316345972222225 0.07863523515625001 0.5525512680555555 0.113934996875 0.5525512680555555 0.113934996875 0.43316345972222225
2 0 0.41537442916666667 0 0.5653744944444444 0.09541111249999999 0.5653744944444444 0.09541111249999999 0.41537442916666667
2 0 0.46129281666666666 0 0.5745581791666667 0.05150165859375 0.5745581791666667 0.05150165859375 0.46129281666666666
2 0.41720135390625 0.44956288611111106 0.41720135390625 0.46793023472222217 0.42495008046875 0.46793023472222217 0.42495008046875 0.44956288611111106
2 0.42322814140625004 0.44956288611111106 0.42322814140625004 0.4771139194444444 0.43528171640625 0.4771139194444444 0.43528171640625 0.44956288611111106
2 0.43183783984375 0.44956288611111106 0.43183783984375 0.48170575694444445 0.45594499375 0.48170575694444445 0.45594499375 0.44956288611111106
2 0.4404475375 0.45721594861111114 0.4404475375 0.4893588222222222 0.46369371796875003 0.4893588222222222 0.46369371796875003 0.45721594861111114
2 0.4576669328125 0.4526241111111111 0.4576669328125 0.501603725 0.48005214687500003 0.501603725 0.48005214687500003 0.4526241111111111
2 0.55086412421875 0.43068055833333335 0.55086412421875 0.5990479750000001 0.67656571171875 0.5990479750000001 0.67656571171875 0.43068055833333335
2 0.6246335710937501 0.4469389763888889 0.6246335710937501 0.6918370458333334 0.8906732312500001 0.6918370458333334 0.8906732312500001 0.4469389763888889
2 0.7873770375 0.45924366944444445 0.7873770375 0.8250601611111111 0.99831463515625 0.8250601611111111 0.99831463515625 0.45924366944444445
2 0.47165490390625 0.4322111736111111 0.47165490390625 0.5225173361111112 0.5353666671874999 0.5225173361111112 0.5353666671874999 0.4322111736111111
2 0.3472578046875 0.45000020138888885 0.3472578046875 0.4683675555555556 0.35758944140625004 0.4683675555555556 0.35758944140625004 0.45000020138888885
2 0.36275525937499997 0.4545920388888889 0.36275525937499997 0.46530633055555554 0.37308689687499996 0.46530633055555554 0.37308689687499996 0.4545920388888889
2 0.38772338515625 0.45765326666666667 0.38772338515625 0.4683675555555556 0.39547211171874996 0.4683675555555556 0.39547211171874996 0.45765326666666667
2 0.3765307765625 0.4484695875 0.3765307765625 0.4683675625 0.39030629609375 0.4683675625 0.39030629609375 0.4484695875
2 0.4014989 0.45000020138888885 0.4014989 0.46530633055555554 0.414413446875 0.46530633055555554 0.414413446875 0.45000020138888885