2 0 0.47426844166666665 0 0.6531591694444445 0.0733365796875 0.6531591694444445 0.0733365796875 0.47426844166666665
9 0.5612558398437499 0.3827429527777778 0.5612558398437499 0.6281976722222222 0.73559629453125 0.6281976722222222 0.73559629453125 0.3827429527777778
9 0.48871148828125 0.37442245138888886 0.48871148828125 0.4451466930555556 0.56593612109375 0.4451466930555556 0.56593612109375 0.37442245138888886
2 0 0.3661019527777778 0 0.43266594444444445 0.10024819296875001 0.43266594444444445 0.10024819296875001 0.3661019527777778
2 0.8806849953125001 0.4035442 0.8806849953125001 0.4659479416666667 0.99949698984375 0.4659479416666667 0.99949698984375 0.4035442
2 0.34479285859375 0.38482307638888885 0.34479285859375 0.4451466944444445 0.453609384375 0.4451466944444445 0.453609384375 0.38482307638888885
2 0.8280318367187499 0.3785827027777778 0.8280318367187499 0.4347460722222222 0.8795149242187501 0.4347460722222222 0.8795149242187501 0.3785827027777778
2 0.7227255234375 0.3827429527777778 0.7227255234375 0.43058582083333335 0.77654875078125 0.43058582083333335 0.77654875078125 0.3827429527777778
2 0.46765022500000003 0.37026220694444445 0.46765022500000003 0.41602495138888884 0.50392240234375 0.41602495138888884 0.50392240234375 0.37026220694444445
7 0.9228075195312501 0.3161789611111111 0.9228075195312501 0.39938395 0.9754606765625 0.39938395 0.9754606765625 0.3161789611111111
7 0.3693643296875 0.20203110416666664 0.3693643296875 0.22881371944444445 0.41148685703125 0.22881371944444445 0.41148685703125 0.20203110416666664