6 0.12722552265625 0.18376585555555558 0.12722552265625 0.21122347361111113 0.1452445859375 0.21122347361111113 0.1452445859375 0.18376585555555558
6 0.73043515390625 0.06783367361111112 0.73043515390625 0.11512180138888889 0.7518864203125 0.11512180138888889 0.7518864203125 0.06783367361111112
6 0.72614489921875 0.2829183791666667 0.72614489921875 0.3485115847222222 0.7415898109375 0.3485115847222222 0.7415898109375 0.2829183791666667
7 0.74330591484375 0.26918956805555555 0.74330591484375 0.42478275833333334 0.7836342968750001 0.42478275833333334 0.7836342968750001 0.26918956805555555
7 0.09976789999999999 0.3119014236111111 0.09976789999999999 0.42478275833333334 0.13323187812499998 0.42478275833333334 0.13323187812499998 0.3119014236111111
7 0.68324236484375 0.2020709361111111 0.68324236484375 0.22342686250000002 0.72013854453125 0.22342686250000002 0.72013854453125 0.2020709361111111
7 0.65406864296875 0.2981726138888889 0.65406864296875 0.33173193055555555 0.66608135234375 0.33173193055555555 0.66608135234375 0.2981726138888889
7 0.4627233390625 0.4659691902777778 0.4627233390625 0.4873251180555555 0.472161896875 0.4873251180555555 0.472161896875 0.4659691902777778
7 0.5116322296875 0.4186810652777778 0.5116322296875 0.42783360555555555 0.53050934453125 0.42783360555555555 0.53050934453125 0.4186810652777778
7 0.2087403375 0.3896980208333334 0.2087403375 0.4125793708333333 0.22246914765625 0.4125793708333333 0.22246914765625 0.3896980208333334
2 0.87887792265625 0.6932572833333334 0.87887792265625 0.9876640069444443 0.9979786109375001 0.9876640069444443 0.9979786109375001 0.6932572833333334
2 0.587998740625 0.5208844347222222 0.587998740625 0.8946131763888889 0.98441815546875 0.8946131763888889 0.98441815546875 0.5208844347222222
2 0.5279351921875 0.47512173333333335 0.5279351921875 0.6688505083333334 0.683242365625 0.6688505083333334 0.683242365625 0.47512173333333335
2 0.49447121562499996 0.4949522361111111 0.49447121562499996 0.6108844180555555 0.56054111796875 0.6108844180555555 0.56054111796875 0.4949522361111111
2 0.47387799921875 0.5147827416666667 0.47387799921875 0.5757996791666666 0.5133483304687501 0.5757996791666666 0.5133483304687501 0.5147827416666667
2 0.47645215078125 0.4796980041666667 0.47645215078125 0.5483420583333334 0.5219288375 0.5483420583333334 0.5219288375 0.4796980041666667
4 0.43698181953125 0.5132573180555556 0.43698181953125 0.5529183263888889 0.45242762187499996 0.5529183263888889 0.45242762187499996 0.5132573180555556
2 0.4344076671875 0.5071556236111111 0.4344076671875 0.5559691736111111 0.47301994843750006 0.5559691736111111 0.47301994843750006 0.5071556236111111
2 0.43955597109375005 0.49952850694444445 0.43955597109375005 0.5102064708333334 0.45929113671875 0.5102064708333334 0.45929113671875 0.49952850694444445
2 0.42582716015625 0.49342681250000003 0.42582716015625 0.5056302 0.448136478125 0.5056302 0.448136478125 0.49342681250000003
2 0.29368735546875 0.49952850694444445 0.29368735546875 0.5513929055555555 0.3477445484375 0.5513929055555555 0.3477445484375 0.49952850694444445
2 0.34088014296875 0.4980030833333334 0.34088014296875 0.5452912111111111 0.3571831046875 0.5452912111111111 0.3571831046875 0.4980030833333334
2 0.34946064921875003 0.4949522361111111 0.34946064921875003 0.5254607055555556 0.37262801640625 0.5254607055555556 0.37262801640625 0.4949522361111111
2 0.35804115468750003 0.4873251194444444 0.35804115468750003 0.5254607055555556 0.379492421875 0.5254607055555556 0.379492421875 0.4873251194444444
2 0.3752021703125 0.4980030833333334 0.3752021703125 0.5254607055555556 0.38378267734375 0.5254607055555556 0.38378267734375 0.4980030833333334
2 0.38206657578125 0.49190139027777774 0.38206657578125 0.5193590097222223 0.39947120703125 0.5193590097222223 0.39947120703125 0.49190139027777774
2 0.40437589375 0.49342681250000003 0.40437589375 0.5186842152777777 0.42153690624999995 0.5186842152777777 0.42153690624999995 0.49342681250000003
7 0.28167464531249997 0.4263081819444444 0.28167464531249997 0.45071495694444447 0.28682295 0.45071495694444447 0.28682295 0.4263081819444444
7 0.29454540546875 0.4293590291666667 0.29454540546875 0.4537658041666667 0.298835659375 0.4537658041666667 0.298835659375 0.4293590291666667
7 0.56483137109375 0.4141047944444445 0.56483137109375 0.43088445277777776 0.5905728921875 0.43088445277777776 0.5905728921875 0.4141047944444445