7 0.74218913515625 0.2540131597222222 0.74218913515625 0.28065789583333334 0.765170221875 0.28065789583333334 0.765170221875 0.2540131597222222
7 0.72020722734375 0.22559210416666664 0.72020722734375 0.2611184194444444 0.7711652875 0.2611184194444444 0.7711652875 0.22559210416666664
7 0.75118173515625 0.16875000138888888 0.75118173515625 0.1953947388888889 0.8001414390624999 0.1953947388888889 0.8001414390624999 0.16875000138888888
7 0.33252630546875 0.39789474166666666 0.33252630546875 0.4316447402777778 0.34651479296875 0.4316447402777778 0.34651479296875 0.39789474166666666
2 0.34951232421875 0.4476315819444444 0.34951232421875 0.4938157902777778 0.38348436406249997 0.4938157902777778 0.38348436406249997 0.4476315819444444
2 0.310544396875 0.45473684444444445 0.310544396875 0.5151315819444444 0.35550738984375 0.5151315819444444 0.35550738984375 0.45473684444444445
2 0.2675797578125 0.4582894791666667 0.2675797578125 0.5293421097222223 0.32553206015625 0.5293421097222223 0.32553206015625 0.4582894791666667
2 0.15167515468749998 0.46184210694444444 0.15167515468749998 0.5204605277777777 0.2086282796875 0.5204605277777777 0.2086282796875 0.46184210694444444
2 0 0.4351973708333333 0 0.6448026347222222 0.16366528515625 0.6448026347222222 0.16366528515625 0.4351973708333333
2 0.9652196695312499 0.42809210694444444 0.9652196695312499 0.5026973708333333 0.99997696796875 0.5026973708333333 0.99997696796875 0.42809210694444444
2 0.9440230171874999 0.3872368444444444 0.9440230171874999 0.45651315833333334 0.999976965625 0.45651315833333334 0.999976965625 0.3872368444444444
2 0.845104434375 0.40855263194444447 0.845104434375 0.5151315805555556 0.986987659375 0.5151315805555556 0.986987659375 0.40855263194444447
9 0.34251808203125 0.3055263166666667 0.34251808203125 0.5773026347222222 0.62128864140625 0.5773026347222222 0.62128864140625 0.3055263166666667