6 0.5311036398437501 0.2951121986111111 0.5311036398437501 0.32162277083333335 0.53913328515625 0.32162277083333335 0.53913328515625 0.2951121986111111
6 0.41639443203125 0.284915825 0.41639443203125 0.3114263972222222 0.42442407734375004 0.3114263972222222 0.42442407734375004 0.284915825
6 0.42442406796875 0.2870279277777778 0.42442406796875 0.3114992263888889 0.43130662031250006 0.3114992263888889 0.43130662031250006 0.2870279277777778
6 0.53913327578125 0.2972243027777778 0.53913327578125 0.32373487638888887 0.5448687359375 0.32373487638888887 0.5448687359375 0.2972243027777778
2 0.48636703984374996 0.4115256611111111 0.48636703984374996 0.4319184097222222 0.498985053125 0.4319184097222222 0.498985053125 0.4115256611111111
2 0.4657193828125 0.4135649361111111 0.4657193828125 0.4339576833333333 0.47374902734375 0.4339576833333333 0.47374902734375 0.4135649361111111
2 0.45539555390625 0.4115256611111111 0.45539555390625 0.4278398597222222 0.4657193828125 0.4278398597222222 0.4657193828125 0.4115256611111111
2 0.45080718593749997 0.4176434861111111 0.45080718593749997 0.4359969583333333 0.4634251984375 0.4359969583333333 0.4634251984375 0.4176434861111111
2 0.430159528125 0.4115256611111111 0.430159528125 0.4359969583333333 0.451954278125 0.4359969583333333 0.451954278125 0.4115256611111111
2 0.37624620078125004 0.4196827597222222 0.37624620078125004 0.47474318055555553 0.40607059453125 0.47474318055555553 0.40607059453125 0.4196827597222222
2 0.36133400390625 0.4196827597222222 0.36133400390625 0.48086100555555555 0.387717121875 0.48086100555555555 0.387717121875 0.4196827597222222
2 0.32577414921875 0.4054078361111111 0.32577414921875 0.49513592777777776 0.36706946484374997 0.49513592777777776 0.36706946484374997 0.4054078361111111
2 0.2707137296875 0.3992900125 0.2707137296875 0.5216465 0.34183343828125 0.5216465 0.34183343828125 0.3992900125
2 0.20991785 0.4237613097222222 0.20991785 0.5440785222222222 0.30283230781250003 0.5440785222222222 0.30283230781250003 0.4237613097222222
2 0.07341389296875 0.4258005847222222 0.07341389296875 0.5950603930555556 0.2363009671875 0.5950603930555556 0.2363009671875 0.4258005847222222
2 0.57744614375 0.4013292875 0.57744614375 0.4359969583333333 0.5935054320312501 0.4359969583333333 0.5935054320312501 0.4013292875
2 0.579740328125 0.39113291250000004 0.579740328125 0.48086100416666666 0.63135947109375 0.48086100416666666 0.63135947109375 0.39113291250000004
2 0.61988855078125 0.3483081416666666 0.61988855078125 0.52572505 0.75524541640625 0.52572505 0.75524541640625 0.3483081416666666
2 0.6038292617187501 0.4258005847222222 0.6038292617187501 0.4869788291666666 0.6233298265625 0.4869788291666666 0.6233298265625 0.4258005847222222
9 0.511603065625 0.33199394444444447 0.511603065625 0.49105737777777775 0.580428590625 0.49105737777777775 0.580428590625 0.33199394444444447
2 0.47489611953125 0.4115256527777778 0.47489611953125 0.4339576763888889 0.48751413203125005 0.4339576763888889 0.48751413203125005 0.4115256527777778
2 0.41524733124999996 0.41764347777777777 0.41524733124999996 0.45231114999999994 0.44277754140625003 0.45231114999999994 0.44277754140625003 0.41764347777777777
2 0.0011470921875 0.4470090305555555 0.0011470921875 0.6570543347222222 0.0975028265625 0.6570543347222222 0.0975028265625 0.4470090305555555
2 0.94336851640625 0.4857552513888889 0.94336851640625 0.7630966263888889 0.999576028125 0.7630966263888889 0.999576028125 0.4857552513888889