2 0.4104621609375 0.3783552666666667 0.4104621609375 0.3872368458333333 0.4184555828125 0.3872368458333333 0.4184555828125 0.3783552666666667
2 0.3844835421875 0.3783552666666667 0.3844835421875 0.3907894763888889 0.39347614140625 0.3907894763888889 0.39347614140625 0.3783552666666667
2 0.37049505546875 0.3783552666666667 0.37049505546875 0.3907894763888889 0.38048683203125 0.3907894763888889 0.38048683203125 0.3783552666666667
9 0.01079110625 0.3801315805555555 0.01079110625 0.43342105555555555 0.080733540625 0.43342105555555555 0.080733540625 0.3801315805555555
2 0.35250985859375 0.3748026333333333 0.35250985859375 0.3907894763888889 0.3595041015625 0.3907894763888889 0.3595041015625 0.3748026333333333
2 0.457423509375 0.3819078972222222 0.457423509375 0.39434210833333333 0.46541693124999994 0.39434210833333333 0.46541693124999994 0.3819078972222222
2 0.5003881476562501 0.3801315805555555 0.5003881476562501 0.4014473708333333 0.51637498984375 0.4014473708333333 0.51637498984375 0.3801315805555555
2 0.46941364140625 0.38546052638888895 0.46941364140625 0.4050000013888889 0.49339390468750005 0.4050000013888889 0.49339390468750005 0.38546052638888895
2 0.21662169921875002 0.3783552666666667 0.21662169921875002 0.41565789722222224 0.253591271875 0.41565789722222224 0.253591271875 0.3783552666666667
2 0.3395205484375 0.3783552666666667 0.3395205484375 0.39434210833333333 0.35151068046875 0.39434210833333333 0.35151068046875 0.3783552666666667
2 0.35650656875000003 0.3836842125 0.35650656875000003 0.39967105416666665 0.3684967 0.39967105416666665 0.3684967 0.3836842125
2 0.44943008906250004 0.38546052638888895 0.44943008906250004 0.3961184222222222 0.46042104296874997 0.3961184222222222 0.46042104296874997 0.38546052638888895
2 0.44743173359375 0.4014473708333333 0.44743173359375 0.54532895 0.5493478515625 0.54532895 0.5493478515625 0.4014473708333333