2 0.294303678125 0.4008437180555556 0.294303678125 0.4531643736111111 0.3284808796875 0.4531643736111111 0.3284808796875 0.4008437180555556
2 0.29050621171875 0.39746819305555553 0.29050621171875 0.42109687916666666 0.30189861093750003 0.42109687916666666 0.30189861093750003 0.39746819305555553
2 0.32373404765624997 0.36033740694444444 0.32373404765624997 0.5139238416666667 0.41677198281249994 0.5139238416666667 0.41677198281249994 0.36033740694444444
4 0.230696109375 0.39746819305555553 0.230696109375 0.46160319027777774 0.24398724296875002 0.46160319027777774 0.24398724296875002 0.39746819305555553
4 0.26012647578125 0.3839660875 0.26012647578125 0.48691963194444443 0.2876581109375 0.48691963194444443 0.2876581109375 0.3839660875
6 0.41392388281250003 0.3029534625 0.41392388281250003 0.31983109305555557 0.42151881640625 0.31983109305555557 0.42151881640625 0.3029534625
6 0.27626571015625 0.3029534625 0.27626571015625 0.3164555652777778 0.28575937734375 0.3164555652777778 0.28575937734375 0.3029534625
6 0.20981004140624998 0.35527411527777775 0.20981004140624998 0.37383950972222224 0.22025307343749997 0.37383950972222224 0.22025307343749997 0.35527411527777775
6 0.46044285234375 0.3738395111111111 0.46044285234375 0.39409266666666665 0.46898715234375 0.39409266666666665 0.46898715234375 0.3738395111111111
2 0.55537952265625 0.4059070097222222 0.55537952265625 0.4396622722222222 0.58955672265625 0.4396622722222222 0.58955672265625 0.4059070097222222
2 0.61613898984375 0.3839660875 0.61613898984375 0.4362867416666667 0.691138959375 0.4362867416666667 0.691138959375 0.3839660875
6 0.06930376875000001 0.3839660875 0.06930376875000001 0.39915595555555555 0.0797468015625 0.39915595555555555 0.0797468015625 0.3839660875
7 0.5158903257812499 0.22554379444444447 0.5158903257812499 0.27244711388888887 0.5365379835937499 0.27244711388888887 0.5365379835937499 0.22554379444444447
7 0.53978875625 0.31754421388888887 0.53978875625 0.3542511597222222 0.55240676953125 0.3542511597222222 0.55240676953125 0.31754421388888887
7 0.45260975859375 0.3073478388888889 0.45260975859375 0.3277405875 0.4640806796875 0.3277405875 0.4640806796875 0.3073478388888889
7 0.6886376039062501 0.2651057236111111 0.6886376039062501 0.3222054180555555 0.7104323531250001 0.3222054180555555 0.7104323531250001 0.2651057236111111
6 0.20532948125 0.39031721527777774 0.20532948125 0.4005135916666666 0.21450621796874997 0.4005135916666666 0.21450621796874997 0.39031721527777774