2 0.05399999531250001 0.501499975 0.05399999531250001 0.5284999736111111 0.11053124218749999 0.5284999736111111 0.11053124218749999 0.501499975
2 0.07846874375 0.48799997638888887 0.07846874375 0.5284999736111111 0.13753123750000001 0.5284999736111111 0.13753123750000001 0.48799997638888887
2 0.117281240625 0.4909999777777778 0.117281240625 0.5224999736111111 0.1771874859375 0.5224999736111111 0.1771874859375 0.4909999777777778
2 0.11474999140625 0.47749997638888886 0.11474999140625 0.4954999736111111 0.16031248828125 0.4954999736111111 0.16031248828125 0.47749997638888886
2 0.16199998671875 0.4819999763888889 0.16199998671875 0.5194999763888889 0.21262498359375 0.5194999763888889 0.21262498359375 0.4819999763888889
2 0.2117812328125 0.49699997500000004 0.2117812328125 0.5164999722222222 0.25396873046875 0.5164999722222222 0.25396873046875 0.49699997500000004
2 0.23371873124999998 0.48349997499999997 0.23371873124999998 0.5134999680555555 0.27253122812499997 0.5134999680555555 0.27253122812499997 0.48349997499999997
2 0.2694374859375 0.47749997638888886 0.2694374859375 0.513499975 0.31499998359375 0.513499975 0.31499998359375 0.47749997638888886
2 0.300656234375 0.47899997499999997 0.300656234375 0.5134999736111111 0.33693748046875 0.5134999736111111 0.33693748046875 0.47899997499999997
2 0.3175312328125 0.4759999777777778 0.3175312328125 0.510499975 0.34874998046875 0.510499975 0.34874998046875 0.4759999777777778
2 0.34790623046875 0.4714999763888889 0.34790623046875 0.4849999791666667 0.366468728125 0.4849999791666667 0.366468728125 0.4714999763888889
2 0.34621873124999997 0.4864999763888889 0.34621873124999997 0.501499975 0.36309372890625 0.501499975 0.36309372890625 0.4864999763888889
2 0.3723749796875 0.47899997499999997 0.3723749796875 0.5044999736111111 0.384187478125 0.5044999736111111 0.384187478125 0.47899997499999997
2 0.43087498203125 0.4504999791666667 0.43087498203125 0.4999999763888889 0.46209373046874996 0.4999999763888889 0.46209373046874996 0.4504999791666667
2 0.643499965625 0.4639999777777778 0.643499965625 0.5314999722222222 0.6823124625 0.5314999722222222 0.6823124625 0.4639999777777778
2 0.6856874625 0.4609999777777778 0.6856874625 0.493999975 0.7000312117187499 0.493999975 0.7000312117187499 0.4609999777777778
2 0.71015621015625 0.46699997777777774 0.71015621015625 0.48799997638888887 0.71606246015625 0.48799997638888887 0.71606246015625 0.46699997777777774
2 0.718593709375 0.4639999777777778 0.718593709375 0.4939999763888889 0.72956245859375 0.4939999763888889 0.72956245859375 0.4639999777777778
9 0.37321872890624996 0.46649996250000003 0.37321872890624996 0.4964999597222222 0.41118747578125003 0.4964999597222222 0.41118747578125003 0.46649996250000003
7 0.17887498515625 0.2857499777777778 0.17887498515625 0.3547499722222222 0.22274998125 0.3547499722222222 0.22274998125 0.2857499777777778
7 0.186468734375 0.35174997222222226 0.186468734375 0.38924996944444445 0.21684373046875 0.38924996944444445 0.21684373046875 0.35174997222222226
7 0.24328123906250002 0.44249996527777774 0.24328123906250002 0.4649999638888889 0.2542499875 0.4649999638888889 0.2542499875 0.44249996527777774
7 0.3976874765625 0.45299996388888886 0.3976874765625 0.4679999611111111 0.41203122499999995 0.4679999611111111 0.41203122499999995 0.45299996388888886
7 0.408656225 0.4199999666666666 0.408656225 0.45299996388888886 0.42384372499999995 0.45299996388888886 0.42384372499999995 0.4199999666666666
7 0.6870937296874999 0.3969999763888889 0.6870937296874999 0.4284999736111111 0.725062475 0.4284999736111111 0.725062475 0.3969999763888889
7 0.7604999734375 0.31749998333333335 0.7604999734375 0.36699997916666666 0.78412497265625 0.36699997916666666 0.78412497265625 0.31749998333333335
7 0 0.16092855694444444 0 0.3934285388888889 0.0953437421875 0.3934285388888889 0.0953437421875 0.16092855694444444
2 0.41705355624999996 0.40778568888888894 0.41705355624999996 0.7512856569444444 0.690428534375 0.7512856569444444 0.690428534375 0.40778568888888894
2 0.9032343031250001 0.504749961111111 0.9032343031250001 0.7672499347222221 0.9994217953125 0.7672499347222221 0.9994217953125 0.504749961111111
4 0.09112499296875 0.4691999666666667 0.09112499296875 0.5351999611111111 0.10546874140625 0.5351999611111111 0.10546874140625 0.4691999666666667
4 0.8209686843749999 0.4061999722222222 0.8209686843749999 0.5666999597222222 0.85471868125 0.5666999597222222 0.85471868125 0.4061999722222222
4 0.8555624312500001 0.38369997361111113 0.8555624312500001 0.5831999569444445 0.89606242890625 0.5831999569444445 0.89606242890625 0.38369997361111113
4 0.938249925 0.3806999736111111 0.938249925 0.5351999611111111 0.97621867109375 0.5351999611111111 0.97621867109375 0.3806999736111111