7 0.91631937578125 0.01039795 0.91631937578125 0.05892171944444444 0.9455636101562501 0.05892171944444444 0.9455636101562501 0.01039795
7 0.48837873046875 0.1992940486111111 0.48837873046875 0.21489097499999998 0.5137237359375 0.21489097499999998 0.5137237359375 0.1992940486111111
6 0.38797352265625 0.22182294166666666 0.38797352265625 0.24781781805555556 0.39479717734375 0.24781781805555556 0.39479717734375 0.22182294166666666
7 0.38797352265625 0.246084825 0.38797352265625 0.2547497819444444 0.39577198515625 0.2547497819444444 0.39577198515625 0.246084825
6 0.3587292875 0.20795900555555555 0.3587292875 0.24435183333333335 0.36652775000000004 0.24435183333333335 0.36652775000000004 0.20795900555555555
6 0.35093082421875 0.2530167902777778 0.35093082421875 0.2668807263888889 0.36262851875 0.2668807263888889 0.36262851875 0.2530167902777778
6 0.42501622109375 0.22702191666666668 0.42501622109375 0.2478178152777778 0.43086506796875 0.2478178152777778 0.43086506796875 0.22702191666666668
6 0.41819256484375 0.22528892499999997 0.41819256484375 0.24781781805555556 0.4230666046875 0.24781781805555556 0.4230666046875 0.22528892499999997
6 0.48252988359375 0.19756105833333334 0.48252988359375 0.21662396527777777 0.48935353828125 0.21662396527777777 0.48935353828125 0.19756105833333334
7 0.51664815859375 0.2356868736111111 0.51664815859375 0.2530167902777778 0.521522196875 0.2530167902777778 0.521522196875 0.2356868736111111
2 0 0.18369712361111112 0 0.8023751666666666 0.31388812734375 0.8023751666666666 0.31388812734375 0.18369712361111112
2 0.30121562421875 0.2998075694444444 0.30121562421875 0.3847241625 0.3597040953125 0.3847241625 0.3597040953125 0.2998075694444444
2 0.36067890234375 0.26514773472222225 0.36067890234375 0.3951221138888889 0.45231083984375 0.3951221138888889 0.45231083984375 0.26514773472222225
2 0.44256276171875 0.27381269166666666 0.44256276171875 0.3292684277777778 0.47863065234375 0.3292684277777778 0.47863065234375 0.27381269166666666
2 0.502475846875 0.27381269166666666 0.502475846875 0.3717184972222222 0.53614431484375 0.3717184972222222 0.53614431484375 0.27381269166666666
2 0.8792766773437499 0.1525032736111111 0.8792766773437499 0.4193839986111111 0.99949698984375 0.4193839986111111 0.99949698984375 0.1525032736111111
9 0.51961450703125 0 0.51961450703125 0.6506245569444444 0.8948736015625001 0.6506245569444444 0.8948736015625001 0
2 0.48350469062499996 0.27034670972222224 0.48350469062499996 0.2946085930555556 0.5010512328125001 0.2946085930555556 0.5010512328125001 0.27034670972222224
9 0.46790776640625 0.25474978472222226 0.46790776640625 0.28940961805555554 0.49227796328125006 0.28940961805555554 0.49227796328125006 0.25474978472222226
9 0.5205473890625 0.18369712361111112 0.5205473890625 0.28594363194444444 0.55784690234375 0.28594363194444444 0.55784690234375 0.18369712361111112
2 0.50115748828125 0.26859356805555556 0.50115748828125 0.2943748 0.51961450703125 0.2943748 0.51961450703125 0.26859356805555556