6 0.952036084375 0.2606248138888889 0.952036084375 0.3215622722222222 0.9942235546875 0.3215622722222222 0.9942235546875 0.2606248138888889
6 0.9045751796875001 0.26765605694444444 0.9045751796875001 0.33328101250000003 0.9296239906249999 0.33328101250000003 0.9296239906249999 0.26765605694444444
6 0.32054237812499997 0.3871872263888889 0.32054237812499997 0.4106247097222222 0.3271341703125 0.4106247097222222 0.3271341703125 0.3871872263888889
6 0.31395058593749997 0.3824997319444445 0.31395058593749997 0.41296845694444445 0.32186073671875 0.41296845694444445 0.32186073671875 0.3824997319444445
7 0.28099162421875 0.3942184722222223 0.28099162421875 0.4106247097222222 0.30340371796875 0.4106247097222222 0.30340371796875 0.3942184722222223
7 0.9454442921874999 0.11296866527777778 0.9454442921874999 0.14578114305555556 0.9889501218750001 0.14578114305555556 0.9889501218750001 0.11296866527777778
7 0.9032568210937499 0.08953118055555556 0.9032568210937499 0.13640614722222222 0.925668915625 0.13640614722222222 0.925668915625 0.08953118055555556
7 0.9045751796875001 0.033281218055555555 0.9045751796875001 0.07312494305555556 0.9744481789062499 0.07312494305555556 0.9744481789062499 0.033281218055555555
4 0.9045751796875001 0.4410934416666667 0.9045751796875001 0.5629683569444445 0.9296239906249999 0.5629683569444445 0.9296239906249999 0.4410934416666667
4 0.907211896875 0.41296845972222224 0.907211896875 0.5395308708333333 0.925668915625 0.5395308708333333 0.925668915625 0.41296845972222224
4 0.857114275 0.41765595555555557 0.857114275 0.5465621166666667 0.878208009375 0.5465621166666667 0.878208009375 0.41765595555555557
4 0.7951514265624999 0.43171844583333335 0.7951514265624999 0.49968715138888886 0.8043799359375001 0.49968715138888886 0.8043799359375001 0.43171844583333335
4 0.79910650234375 0.42703095 0.79910650234375 0.5254683819444445 0.8175635218749999 0.5254683819444445 0.8175635218749999 0.42703095
4 0.857114275 0.41999970416666665 0.857114275 0.6824995236111111 0.907211896875 0.6824995236111111 0.907211896875 0.41999970416666665
4 0.8202002374999999 0.3965622208333333 0.8202002374999999 0.6707807819444445 0.8584326335937501 0.6707807819444445 0.8584326335937501 0.3965622208333333
4 0.970493103125 0.4410934416666667 0.970493103125 0.6145308208333333 0.9994969906250001 0.6145308208333333 0.9994969906250001 0.4410934416666667
2 0.38250522734375003 0.4481246847222222 0.38250522734375003 0.4645309236111111 0.4009622453125 0.4645309236111111 0.4009622453125 0.4481246847222222
2 0.37855015000000003 0.4457809361111111 0.37855015000000003 0.5090621416666666 0.42601105468749995 0.5090621416666666 0.42601105468749995 0.4457809361111111
2 0.35613805625 0.45515593055555553 0.35613805625 0.5114058916666667 0.39305209296875 0.5114058916666667 0.39305209296875 0.45515593055555553
2 0.26648968125 0.4364059430555556 0.26648968125 0.5559371111111111 0.3587747734375 0.5559371111111111 0.3587747734375 0.4364059430555556
2 0.11619681562499999 0.4364059430555556 0.11619681562499999 0.6262495625 0.28099162421875 0.6262495625 0.28099162421875 0.4364059430555556
2 0.37063999999999997 0.2278123347222222 0.37063999999999997 0.8981243736111111 0.83733889765625 0.8981243736111111 0.83733889765625 0.2278123347222222
9 0 0.12937490277777777 0 0.7645307152777778 0.1306987578125 0.7645307152777778 0.1306987578125 0.12937490277777777
1 0.0622405515625 0.3258621375 0.0622405515625 0.49416456111111107 0.27877325625 0.49416456111111107 0.27877325625 0.3258621375