6 0.159697490625 0 0.159697490625 0.18434296666666666 0.23194468750000002 0.18434296666666666 0.23194468750000002 0
6 0.21954831484374998 0.000924025 0.21954831484374998 0.19219718194444443 0.28088046875 0.19219718194444443 0.28088046875 0.000924025
6 0.15333038125 0.06991788472222223 0.15333038125 0.1493840263888889 0.1689233015625 0.1493840263888889 0.1689233015625 0.06991788472222223
7 0.6626527249999999 0.38360234583333336 0.6626527249999999 0.41039906805555554 0.678765409375 0.41039906805555554 0.678765409375 0.38360234583333336
7 0.66057367109375 0.4131711430555556 0.66057367109375 0.4575243388888889 0.6777258828125 0.4575243388888889 0.6777258828125 0.4131711430555556
9 0.433067375 0.44759765416666664 0.433067375 0.48086254861111105 0.45229864296875 0.48086254861111105 0.45229864296875 0.44759765416666664
9 0.45177888046875003 0.4448255819444445 0.45177888046875003 0.48917877638888885 0.46945085859375 0.48917877638888885 0.46945085859375 0.4448255819444445
9 0.46529274374999996 0.4392814291666666 0.46529274374999996 0.5011910972222222 0.50011693203125 0.5011910972222222 0.50011693203125 0.4392814291666666
2 0.37371031953125 0.4481520763888889 0.37371031953125 0.45831634722222225 0.38306607187499997 0.45831634722222225 0.38306607187499997 0.4481520763888889
2 0.34980117578125 0.4472280513888889 0.34980117578125 0.4684806236111111 0.36955220859375004 0.4684806236111111 0.36955220859375004 0.4472280513888889
2 0.3425244796875 0.44538000000000005 0.3425244796875 0.4536962263888889 0.35343952265625 0.4536962263888889 0.35343952265625 0.44538000000000005
2 0.3025026515625 0.43983585138888887 0.3025026515625 0.4536962277777778 0.3191350984375 0.4536962277777778 0.3191350984375 0.43983585138888887
2 0.270797046875 0.4315196277777778 0.270797046875 0.45924037500000003 0.29470619375 0.45924037500000003 0.29470619375 0.4315196277777778
2 0.2494867234375 0.4241274277777778 0.2494867234375 0.45831634444444447 0.26092153046875 0.45831634444444447 0.26092153046875 0.4241274277777778
2 0.22609734218750002 0.4222793805555556 0.22609734218750002 0.4527722055555556 0.23545309453125 0.4527722055555556 0.23545309453125 0.4222793805555556
2 0.20218819843750002 0.41488718055555557 0.20218819843750002 0.4555442763888889 0.22869616171875 0.4555442763888889 0.22869616171875 0.41488718055555557
2 0.16320589765625 0.40841900555555555 0.16320589765625 0.45462025138888884 0.20686607421874997 0.45462025138888884 0.20686607421874997 0.40841900555555555
2 0.47870264921874994 0.47956892222222225 0.47870264921874994 0.5035935694444444 0.49897344453125003 0.5035935694444444 0.49897344453125003 0.47956892222222225
2 0.495335096875 0.48880916944444447 0.495335096875 0.5109857652777778 0.51352683671875 0.5109857652777778 0.51352683671875 0.48880916944444447
2 0.5052106132812499 0.48788514722222226 0.5052106132812499 0.5331623652777778 0.548351025 0.5331623652777778 0.548351025 0.48788514722222226
2 0.53847550859375 0.4915812458333333 0.53847550859375 0.5516428638888888 0.57901710078125 0.5516428638888888 0.57901710078125 0.4915812458333333
2 0.08628082578125 0.3938194236111111 0.08628082578125 0.4511089652777778 0.14865250624999998 0.4511089652777778 0.14865250624999998 0.3938194236111111
2 0.55943934609375 0.48880916944444447 0.55943934609375 0.5812116583333333 0.6275284304687501 0.5812116583333333 0.6275284304687501 0.48880916944444447
2 0.41841002421875 0.45092415 0.41841002421875 0.4610884263888889 0.4241274265625 0.4610884263888889 0.4241274265625 0.45092415
6 0.42048908046875005 0.4111910819444444 0.42048908046875005 0.4232034055555556 0.4236076640625 0.4232034055555556 0.4236076640625 0.4111910819444444
6 0.43816105703124997 0.4158112027777778 0.43816105703124997 0.4268995013888889 0.44179940546875 0.4268995013888889 0.44179940546875 0.4158112027777778
7 0.00032484453124999996 0.6291289861111111 0.00032484453124999996 0.7270756236111111 0.07257203984375 0.7270756236111111 0.07257203984375 0.6291289861111111