4 0.72527842890625 0.38953097500000006 0.72527842890625 0.5489058652777777 0.758237390625 0.5489058652777777 0.758237390625 0.38953097500000006
7 0.6685890140625 0.12234365833333334 0.6685890140625 0.21609359444444445 0.717368278125 0.21609359444444445 0.717368278125 0.12234365833333334
7 0.08851128671875 0.3098435305555556 0.08851128671875 0.33328101250000003 0.1306987578125 0.33328101250000003 0.1306987578125 0.3098435305555556
7 0.1465190609375 0.21140609722222223 0.1465190609375 0.24421857500000002 0.2453959453125 0.24421857500000002 0.2453959453125 0.21140609722222223
7 0.4746090484375 0.3276560125 0.4746090484375 0.34171850277777777 0.50493129375 0.34171850277777777 0.50493129375 0.3276560125
7 0.49702114296875 0.35343724583333336 0.49702114296875 0.38624972083333337 0.514159803125 0.38624972083333337 0.514159803125 0.35343724583333336
6 0.2638529640625 0.22078109166666668 0.2638529640625 0.26765605972222223 0.27176311484375 0.26765605972222223 0.27176311484375 0.22078109166666668
6 0.46688016875000005 0.29109354444444446 0.46688016875000005 0.3215622736111111 0.47479031875000005 0.3215622736111111 0.47479031875000005 0.29109354444444446
6 0.2546244546875 0.22546858749999998 0.2546244546875 0.26765605694444444 0.2625346046875 0.26765605694444444 0.2625346046875 0.22546858749999998
6 0.46028837578125004 0.29109354444444446 0.46028837578125004 0.3239060208333333 0.46819852578125004 0.3239060208333333 0.46819852578125004 0.29109354444444446
6 0.65408707109375 0.3285935166666667 0.65408707109375 0.36843724027777774 0.688364390625 0.36843724027777774 0.688364390625 0.3285935166666667
6 0.0502788921875 0.36843724027777774 0.0502788921875 0.40124971527777775 0.08060113671875 0.40124971527777775 0.08060113671875 0.36843724027777774
2 0.26762676875 0.44866039166666666 0.26762676875 0.47209787499999994 0.2860837875 0.47209787499999994 0.2860837875 0.44866039166666666
2 0.29003886328125 0.4416291486111111 0.29003886328125 0.46037913472222225 0.305859165625 0.46037913472222225 0.305859165625 0.4416291486111111
2 0.3019040890625 0.4510041416666667 0.3019040890625 0.474441625 0.313769315625 0.474441625 0.313769315625 0.4510041416666667
2 0.3058591640625 0.43694165138888885 0.3058591640625 0.4978791097222222 0.34013648515625 0.4978791097222222 0.34013648515625 0.43694165138888885
2 0.30058573046875 0.4228791611111111 0.30058573046875 0.4416291486111111 0.31772439140625003 0.4416291486111111 0.31772439140625003 0.4228791611111111
2 0.43110321953125 0.43459790277777777 0.43110321953125 0.46272288333333333 0.46933561484375 0.46272288333333333 0.46933561484375 0.43459790277777777
2 0.48647427499999996 0.42756665833333335 0.48647427499999996 0.47209787638888884 0.547118765625 0.47209787638888884 0.547118765625 0.42756665833333335
9 0.58535116015625 0.4135041666666667 0.58535116015625 0.46272288333333333 0.63544878203125 0.46272288333333333 0.63544878203125 0.4135041666666667
9 0.2794919953125 0.4228791611111111 0.2794919953125 0.44631664444444447 0.29794901406249996 0.44631664444444447 0.29794901406249996 0.4228791611111111
2 0.70136670625 0.4158479152777778 0.70136670625 0.46272288333333333 0.733007309375 0.46272288333333333 0.733007309375 0.4158479152777778
2 0.8241623859375 0.3994416763888889 0.8241623859375 0.4556916388888889 0.9164474773437499 0.4556916388888889 0.9164474773437499 0.3994416763888889
2 0.051597250781250006 0.4678121777777778 0.051597250781250006 0.5498433722222222 0.19397996484375 0.5498433722222222 0.19397996484375 0.4678121777777778
2 0.39832552734375 0.43499970138888894 0.39832552734375 0.4724996763888889 0.42864777187499997 0.4724996763888889 0.42864777187499997 0.43499970138888894
2 0.31922401953125 0.4443746972222223 0.31922401953125 0.5099996513888889 0.361411490625 0.5099996513888889 0.361411490625 0.4443746972222223
2 0.9414892171875 0.39749972638888886 0.9414892171875 0.45140594027777775 0.9994969890625001 0.45140594027777775 0.9994969890625001 0.39749972638888886
7 0.69503799375 0.24435183333333335 0.69503799375 0.2668807263888889 0.75060204140625 0.2668807263888889 0.75060204140625 0.24435183333333335
7 0.6940631859375 0.22355593333333335 0.6940631859375 0.2478178166666667 0.71063491953125 0.2478178166666667 0.71063491953125 0.22355593333333335