2 0.40425579140625 0.6474330847222222 0.40425579140625 0.6994857708333333 0.44082749921875 0.6994857708333333 0.44082749921875 0.6474330847222222
2 0.38043224453125 0.6429323736111111 0.38043224453125 0.7497799236111111 0.4157006484375 0.7497799236111111 0.4157006484375 0.6429323736111111
2 0.47949879765625003 0.6397818472222222 0.47949879765625003 0.6649860541666667 0.49633442109375 0.6649860541666667 0.49633442109375 0.6397818472222222
2 0.49544833749999995 0.6271797430555556 0.49544833749999995 0.6791634208333334 0.520258728125 0.6791634208333334 0.520258728125 0.6271797430555556
2 0.51051178984375 0.6334807958333334 0.51051178984375 0.688615 0.54506911953125 0.688615 0.54506911953125 0.6334807958333334
2 0.51760047109375 0.6445076347222223 0.51760047109375 0.7012171013888888 0.565449084375 0.7012171013888888 0.565449084375 0.6445076347222223
2 0.05375584765625 0.5103852055555556 0.05375584765625 0.9073514749999999 0.37629093984375 0.9073514749999999 0.37629093984375 0.5103852055555556
2 0.6410828054687501 0.5750739222222222 0.6410828054687501 0.8774214805555556 0.9210858 0.8774214805555556 0.9210858 0.5750739222222222
7 0.60120896015625 0.5009336263888889 0.60120896015625 0.5481915194444444 0.6242471796875 0.5481915194444444 0.6242471796875 0.5009336263888889
7 0.60918373046875 0.5497667777777778 0.60918373046875 0.5702451944444444 0.62424718125 0.5702451944444444 0.62424718125 0.5497667777777778
2 0.4413136546875 0.6438976375 0.4413136546875 0.6707967541666666 0.460227096875 0.6707967541666666 0.460227096875 0.6438976375
2 0.45878607421875 0.637893375 0.45878607421875 0.6597489069444444 0.46729712343749996 0.6597489069444444 0.46729712343749996 0.637893375
2 0.35809767109375 0.6280151347222223 0.35809767109375 0.7656622875 0.3968109328125 0.7656622875 0.3968109328125 0.6280151347222223