7 0.5176794499999999 0.4076179222222222 0.5176794499999999 0.4169669569444444 0.5260935812499999 0.4169669569444444 0.5260935812499999 0.4076179222222222
7 0.58162683515625 0.381440625 0.58162683515625 0.3945292736111111 0.59424803359375 0.3945292736111111 0.59424803359375 0.381440625
7 0.5826786015625001 0.3982688875 0.5826786015625001 0.4169669583333333 0.59424803125 0.4169669583333333 0.59424803125 0.3982688875
7 0.5542809078125 0.40574811527777777 0.5542809078125 0.4150971513888889 0.5626950390625 0.4150971513888889 0.5626950390625 0.40574811527777777
7 0.53640087890625 0.4038783083333333 0.53640087890625 0.4169669583333333 0.5448150109375 0.4169669583333333 0.5448150109375 0.4038783083333333
2 0.5521773750000001 0.4394046416666667 0.5521773750000001 0.4524932930555555 0.5658503390625 0.4524932930555555 0.5658503390625 0.4394046416666667
2 0.5406079445312499 0.4412744486111111 0.5406079445312499 0.4618423222222222 0.55322914140625 0.4618423222222222 0.55322914140625 0.4412744486111111
2 0.505899653125 0.4356650291666667 0.505899653125 0.46371213194444444 0.5248314484375001 0.46371213194444444 0.5248314484375001 0.4356650291666667
2 0.48381255703125003 0.4412744486111111 0.48381255703125003 0.46371213194444444 0.49853728750000004 0.46371213194444444 0.49853728750000004 0.4412744486111111
2 0.43648306875 0.4356650291666667 0.43648306875 0.46371213194444444 0.45015603281249994 0.46371213194444444 0.45015603281249994 0.4356650291666667
2 0.40493007499999994 0.42631599305555556 0.40493007499999994 0.4768007805555555 0.44069013437500004 0.4768007805555555 0.44069013437500004 0.42631599305555556
2 0.23033684765625 0.42444618611111107 0.23033684765625 0.4618423222222222 0.26925220625 0.4618423222222222 0.26925220625 0.42444618611111107
2 0.4480524984375 0.42631599305555556 0.4480524984375 0.48988943055555556 0.49012315624999997 0.48988943055555556 0.49012315624999997 0.42631599305555556
2 0.52062438203125 0.4450140625 0.52062438203125 0.4805403972222222 0.5500738421875 0.4805403972222222 0.5500738421875 0.4450140625