2 0.32990203203125 0.35882677916666667 0.32990203203125 0.3758883777777778 0.35149562031250003 0.3758883777777778 0.35149562031250003 0.35882677916666667
2 0.34309811328125 0.3737556763888889 0.34309811328125 0.4057461763888889 0.37068991875 0.4057461763888889 0.37068991875 0.3737556763888889
2 0.33230131953125 0.3737556763888889 0.33230131953125 0.4036134763888889 0.34669704375 0.4036134763888889 0.34669704375 0.3737556763888889
2 0.31070773359375 0.36949027500000003 0.31070773359375 0.4249404763888889 0.34429775937499996 0.4249404763888889 0.34429775937499996 0.36949027500000003
2 0.21473623281249998 0.36949027500000003 0.21473623281249998 0.4121442763888889 0.2507255453125 0.4121442763888889 0.2507255453125 0.36949027500000003
2 0.21233694453125002 0.3673575763888889 0.21233694453125002 0.435603975 0.3275027453125 0.435603975 0.3275027453125 0.3673575763888889
2 0.5458379078125 0.35882677916666667 0.5458379078125 0.42067507916666663 0.5818272203125 0.42067507916666663 0.5818272203125 0.35882677916666667
2 0.56023363359375 0.3652248763888889 0.56023363359375 0.4505328763888889 0.59862223203125 0.4505328763888889 0.59862223203125 0.3652248763888889
2 0.5806275765625 0.32683627638888885 0.5806275765625 0.48678877777777774 0.70179159609375 0.48678877777777774 0.70179159609375 0.32683627638888885
2 0.36829063203125 0.27405195 0.36829063203125 0.5726299486111112 0.5590339906249999 0.5726299486111112 0.5590339906249999 0.27405195
2 0.65356592265625 0.33995238333333333 0.65356592265625 0.6065398833333333 0.9534768609375 0.6065398833333333 0.9534768609375 0.33995238333333333
9 0.03478966953125 0.33536707638888885 0.03478966953125 0.48557324444444444 0.2111373015625 0.48557324444444444 0.2111373015625 0.33536707638888885