7 0.80811570390625 0.33966637777777775 0.80811570390625 0.3899231388888889 0.8256622460937499 0.3899231388888889 0.8256622460937499 0.33966637777777775
7 0.8071408960937501 0.4228499819444444 0.8071408960937501 0.48697067499999996 0.8276118609375 0.48697067499999996 0.8276118609375 0.4228499819444444
7 0.7661989671875 0.33966637777777775 0.7661989671875 0.39165613055555554 0.803241665625 0.39165613055555554 0.803241665625 0.33966637777777775
7 0.72720665234375 0.3379333861111111 0.72720665234375 0.3933891222222222 0.7661989664062501 0.3933891222222222 0.7661989664062501 0.3379333861111111
7 0.6365495234375 0.48523768472222223 0.6365495234375 0.5320284597222222 0.6599449109375 0.5320284597222222 0.6599449109375 0.48523768472222223
7 0.62095259765625 0.4887036666666667 0.62095259765625 0.5181645263888889 0.635574715625 0.5181645263888889 0.635574715625 0.4887036666666667
7 0.28366908281250003 0.4315149402777778 0.28366908281250003 0.5025675986111111 0.30511485625 0.5025675986111111 0.30511485625 0.4315149402777778
7 0.1160021328125 0.48697067499999996 0.1160021328125 0.5250964944444445 0.13159905859375 0.5250964944444445 0.13159905859375 0.48697067499999996
7 0.035093082812499996 0.47483973333333335 0.035093082812499996 0.5164315347222223 0.06043808671874999 0.5164315347222223 0.06043808671874999 0.47483973333333335
6 0.07018616484375 0.3968551055555556 0.07018616484375 0.43324793194444444 0.081883859375 0.43324793194444444 0.081883859375 0.3968551055555556
6 0.1413471375 0.3985880972222222 0.1413471375 0.4384469069444445 0.152070025 0.4384469069444445 0.152070025 0.3985880972222222
6 0.21055849453125003 0.3985880972222222 0.21055849453125003 0.4384469069444445 0.223230996875 0.4384469069444445 0.223230996875 0.3985880972222222
6 0.28854312265625 0.38645715416666665 0.28854312265625 0.4315149388888889 0.30024081640625 0.4315149388888889 0.30024081640625 0.38645715416666665
6 0.38602390703125 0.4055200652777778 0.38602390703125 0.4471118652777778 0.39577198515625 0.4471118652777778 0.39577198515625 0.4055200652777778
6 0.44646199375 0.4141850222222222 0.44646199375 0.4505778486111111 0.4571848796875 0.4505778486111111 0.4571848796875 0.4141850222222222
6 0.5107993109375 0.4107190388888889 0.5107993109375 0.4471118652777778 0.52054738984375 0.4471118652777778 0.52054738984375 0.4107190388888889
6 0.5985320171875 0.4089860472222222 0.5985320171875 0.4471118652777778 0.60925490390625 0.4471118652777778 0.60925490390625 0.4089860472222222
6 0.32558581953125 0.34313236249999995 0.32558581953125 0.3968551069444445 0.33533389921875 0.3968551069444445 0.33533389921875 0.34313236249999995
2 0.81298974375 0.5164315347222223 0.81298974375 0.5510913694444444 0.838334746875 0.5510913694444444 0.838334746875 0.5164315347222223
2 0.7876447398437499 0.5181645263888889 0.7876447398437499 0.5562903444444445 0.8051912796874999 0.5562903444444445 0.8051912796874999 0.5181645263888889
2 0.7603501203125 0.5216305083333334 0.7603501203125 0.5562903444444445 0.7856951234375 0.5562903444444445 0.7856951234375 0.5216305083333334
2 0.6034060554687499 0.5233635027777778 0.6034060554687499 0.5441594013888889 0.6443479859375 0.5441594013888889 0.6443479859375 0.5233635027777778
2 0.5780610523437499 0.5146985430555555 0.5780610523437499 0.5458923916666667 0.5985320171875 0.5458923916666667 0.5985320171875 0.5146985430555555
2 0.42306660546875 0.5233635027777778 0.42306660546875 0.5545573541666666 0.44256276093749997 0.5545573541666666 0.44256276093749997 0.5233635027777778
2 0.43281468359374997 0.5094995680555556 0.43281468359374997 0.6013481305555556 0.505925271875 0.6013481305555556 0.505925271875 0.5094995680555556
2 0.372376596875 0.4887036666666667 0.372376596875 0.5788192375 0.4084444875 0.5788192375 0.4084444875 0.4887036666666667
2 0.247248140625 0.538111675 0.247248140625 0.5666882944444445 0.26612254218750003 0.5666882944444445 0.26612254218750003 0.538111675
2 0.49422757734375 0.5025676013888889 0.49422757734375 0.6204110388888888 0.571237396875 0.6204110388888888 0.571237396875 0.5025676013888889
2 0.6365495234375 0.5302954680555556 0.6365495234375 0.6464059138888889 0.7593753109375 0.6464059138888889 0.7593753109375 0.5302954680555556
2 0.3996712171875 0.5250964944444445 0.3996712171875 0.5718872694444445 0.4279406453125 0.5718872694444445 0.4279406453125 0.5250964944444445
2 0.161818103125 0.5268294847222222 0.161818103125 0.5753532541666667 0.19983560859375 0.5753532541666667 0.19983560859375 0.5268294847222222
2 0.0994304 0.5302954680555556 0.0994304 0.5788192375 0.15499444765624998 0.5788192375 0.15499444765624998 0.5302954680555556
2 0 0.5112325597222223 0 0.5857512013888889 0.03899231328125 0.5857512013888889 0.03899231328125 0.5112325597222223
2 0.28854312265625 0.49216965 0.28854312265625 0.6342749722222222 0.38992313828124997 0.6342749722222222 0.38992313828124997 0.49216965