6 0.66301051953125 0.2339629472222222 0.66301051953125 0.25891160138888886 0.67002732734375 0.25891160138888886 0.67002732734375 0.2339629472222222
6 0.77761840625 0.24366520277777776 0.77761840625 0.25475349027777777 0.78463521875 0.25475349027777777 0.78463521875 0.24366520277777776
6 0.6556818578125 0.3095481402777778 0.6556818578125 0.3234084986111111 0.66113937578125 0.3234084986111111 0.66113937578125 0.3095481402777778
2 0.6665968945312499 0.33634484722222224 0.6665968945312499 0.35020521527777776 0.67751193046875 0.35020521527777776 0.67751193046875 0.33634484722222224
2 0.65802079296875 0.3321867375 0.65802079296875 0.3488191736111111 0.66581724921875 0.3488191736111111 0.66581724921875 0.3321867375
2 0.6502243390625 0.33634484722222224 0.6502243390625 0.35020521527777776 0.65802079296875 0.35020521527777776 0.65802079296875 0.33634484722222224
2 0.6447668195312499 0.33773088194444445 0.6447668195312499 0.35159125 0.65334291953125 0.35159125 0.65334291953125 0.33773088194444445
2 0.63775001015625 0.34327502916666663 0.63775001015625 0.35436332083333333 0.64788540078125 0.35436332083333333 0.64788540078125 0.34327502916666663
2 0.63697036640625 0.35159124583333334 0.63697036640625 0.36960971944444443 0.650224340625 0.36960971944444443 0.650224340625 0.35159124583333334
2 0.63229249140625 0.34327502916666663 0.63229249140625 0.35297728333333334 0.64164823984375 0.35297728333333334 0.64164823984375 0.34327502916666663
2 0.61903851953125 0.3446610625 0.61903851953125 0.3806980125 0.63930930234375 0.3806980125 0.63930930234375 0.3446610625
2 0.6003270265625 0.3488191736111111 0.6003270265625 0.3931723402777778 0.6307331992187499 0.3931723402777778 0.6307331992187499 0.3488191736111111
2 0.5901916375 0.34327502916666663 0.5901916375 0.3640655736111111 0.60656418828125 0.3640655736111111 0.60656418828125 0.34327502916666663
2 0.5870730539062501 0.3488191736111111 0.5870730539062501 0.3640655736111111 0.60344560703125 0.3640655736111111 0.60344560703125 0.3488191736111111
2 0.58005624375 0.35297728333333334 0.58005624375 0.3723817972222222 0.60266596015625 0.3723817972222222 0.60266596015625 0.35297728333333334
2 0.66971547421875 0.35159124583333334 0.66971547421875 0.3682236861111111 0.68141015625 0.3682236861111111 0.68141015625 0.35159124583333334
2 0.6439871734375 0.3460471 0.6439871734375 0.39455837499999996 0.67595264296875 0.39455837499999996 0.67595264296875 0.3460471
2 0.6802406890625 0.33507430416666667 0.6802406890625 0.34754863194444446 0.6888167898437499 0.34754863194444446 0.6888167898437499 0.33507430416666667
2 0.68413891640625 0.3406184513888889 0.68413891640625 0.35032070555555556 0.69037608046875 0.35032070555555556 0.69037608046875 0.3406184513888889
2 0.6864778539062499 0.3447765625 0.6864778539062499 0.3572508902777778 0.6934946625 0.3572508902777778 0.6934946625 0.3447765625
2 0.6895964343750001 0.34754863194444446 0.6895964343750001 0.3627950361111111 0.69973182578125 0.3627950361111111 0.69973182578125 0.34754863194444446
2 0.69895218203125 0.34893467083333335 0.69895218203125 0.3697252138888889 0.71376544765625 0.3697252138888889 0.71376544765625 0.34893467083333335
2 0.7262397734375 0.35032070694444445 0.7262397734375 0.37526936666666666 0.74183268203125 0.37526936666666666 0.74183268203125 0.35032070694444445
2 0.73949374765625 0.35032070694444445 0.73949374765625 0.37942747361111107 0.7488494945312499 0.37942747361111107 0.7488494945312499 0.35032070694444445
2 0.5539381203125 0.35032070694444445 0.5539381203125 0.37526936666666666 0.5695310296875 0.37526936666666666 0.5695310296875 0.35032070694444445
2 0.5336673375000001 0.3433905222222222 0.5336673375000001 0.37942747361111107 0.5617345742187501 0.37942747361111107 0.5617345742187501 0.3433905222222222
2 0.380077175 0.32537205277777775 0.380077175 0.3960599069444445 0.46349924453125 0.3960599069444445 0.46349924453125 0.32537205277777775
2 0.352789584375 0.3309161972222222 0.352789584375 0.4002180152777778 0.4276355484375 0.4002180152777778 0.4276355484375 0.3309161972222222
2 0.28807900703125 0.32121394305555556 0.28807900703125 0.4043761305555556 0.4104833484375 0.4043761305555556 0.4104833484375 0.32121394305555556
2 0.1346269046875 0.31370624583333334 0.1346269046875 0.33172471666666664 0.172049890625 0.33172471666666664 0.172049890625 0.31370624583333334
2 0.08550923906249999 0.31324423055555556 0.08550923906249999 0.33865490277777777 0.1283897421875 0.33865490277777777 0.1283897421875 0.31324423055555556
2 0.0059853976562500005 0.3178643527777778 0.0059853976562500005 0.3649895902777778 0.05900129140625 0.3649895902777778 0.05900129140625 0.3178643527777778
2 0.12761009609375001 0.3317247208333333 0.12761009609375001 0.4620121472222222 0.31862324140625 0.4620121472222222 0.31862324140625 0.3317247208333333
2 0.44726474609375 0.34697112083333337 0.44726474609375 0.4925049430555556 0.56343192578125 0.4925049430555556 0.56343192578125 0.34697112083333337
1 0.7471683812500001 0.2439424111111111 0.7471683812500001 0.4366014722222223 0.84774265 0.4366014722222223 0.84774265 0.2439424111111111
2 0.902317834375 0.3077000847222222 0.902317834375 0.45461994722222226 0.9966549406249999 0.45461994722222226 0.9966549406249999 0.3077000847222222
2 0.9810620304687501 0.31601630694444444 0.9810620304687501 0.46848031250000005 0.999773521875 0.46848031250000005 0.999773521875 0.31601630694444444
7 0.92368499296875 0.2349331722222222 0.92368499296875 0.24879354305555554 0.9338203843749999 0.24879354305555554 0.9338203843749999 0.2349331722222222
7 0.92368499296875 0.2474075 0.92368499296875 0.26265390555555557 0.9470743578124999 0.26265390555555557 0.9470743578124999 0.2474075
7 0.91510889375 0.26819804861111113 0.91510889375 0.28621651944444443 0.92758321953125 0.28621651944444443 0.92758321953125 0.26819804861111113
6 0.85137287578125 0.3077000847222222 0.85137287578125 0.32710459305555556 0.869304721875 0.32710459305555556 0.869304721875 0.3077000847222222
6 0.9106259328125 0.1968171722222222 0.9106259328125 0.23424015555555552 0.92310025859375 0.23424015555555552 0.92310025859375 0.1968171722222222
6 0.919981678125 0.29799783194444446 0.919981678125 0.3215604541666667 0.9410321093749999 0.3215604541666667 0.9410321093749999 0.29799783194444446
7 0.5242336234375 0.2869095388888889 0.5242336234375 0.30076990138888887 0.542945115625 0.30076990138888887 0.542945115625 0.2869095388888889
7 0.56165660546875 0.28136539444444447 0.56165660546875 0.2910676472222222 0.5764698687500001 0.2910676472222222 0.5764698687500001 0.28136539444444447
7 0.43379474609375 0.23562619305555554 0.43379474609375 0.2564167388888889 0.45562481953124995 0.2564167388888889 0.45562481953124995 0.23562619305555554
4 0.88697670234375 0.34327502916666663 0.88697670234375 0.40010252500000004 0.89867138515625 0.40010252500000004 0.89867138515625 0.34327502916666663
4 0.8659262742187501 0.3488191736111111 0.8659262742187501 0.4056466680555556 0.87995989296875 0.4056466680555556 0.87995989296875 0.3488191736111111
4 0.8752820187499999 0.34327502916666663 0.8752820187499999 0.4153489222222222 0.8900952835937501 0.4153489222222222 0.8900952835937501 0.34327502916666663
7 0.13692522812500002 0.2237458736111111 0.13692522812500002 0.2362202 0.16499246640625 0.2362202 0.16499246640625 0.2237458736111111
7 0.15017920078125 0.2348341638888889 0.15017920078125 0.25146660694444445 0.17356856484375 0.25146660694444445 0.17356856484375 0.2348341638888889
6 0.1252305453125 0.20711343611111113 0.1252305453125 0.24176434722222223 0.13848451875 0.24176434722222223 0.13848451875 0.20711343611111113
6 0.41214008515625 0.2861175111111111 0.41214008515625 0.3110661694444445 0.4222754765625 0.3110661694444445 0.4222754765625 0.2861175111111111