7 0.37151879765625 0.2847762291666667 0.37151879765625 0.2956523611111111 0.3814602625 0.2956523611111111 0.3814602625 0.2847762291666667
6 0.45016992812499995 0.22114802916666668 0.45016992812499995 0.24697884305555556 0.45705248046875 0.24697884305555556 0.45705248046875 0.22114802916666668
6 0.5304663734374999 0.22250754583333332 0.5304663734374999 0.2442598111111111 0.53734892578125 0.2442598111111111 0.53734892578125 0.22250754583333332
6 0.48534741796875 0.274169175 0.48534741796875 0.29320240555555555 0.49299469843750005 0.29320240555555555 0.49299469843750005 0.274169175
6 0.4445619140625 0.22522657916666666 0.4445619140625 0.2483383625 0.44991501171875 0.2483383625 0.44991501171875 0.22522657916666666
6 0.5258780046875 0.2238670625 0.5258780046875 0.24561932777777776 0.5289369171875 0.24561932777777776 0.5289369171875 0.2238670625
2 0.31569365078125 0.3594260472222222 0.31569365078125 0.3920544430555556 0.34475331640625 0.3920544430555556 0.34475331640625 0.3594260472222222
2 0.19424092578125002 0.3448640347222222 0.19424092578125002 0.4753776236111111 0.29671448359374997 0.4753776236111111 0.29671448359374997 0.3448640347222222
2 0.02982439375 0.34758306666666666 0.02982439375 0.5415407652777778 0.2095354859375 0.5415407652777778 0.2095354859375 0.34758306666666666
2 0.4835630453125 0.3244712861111111 0.4835630453125 0.3462235513888889 0.49044559765624995 0.3462235513888889 0.49044559765624995 0.3244712861111111
2 0.5347998242187499 0.3299093527777778 0.5347998242187499 0.3679758152777778 0.5508591132812499 0.3679758152777778 0.5508591132812499 0.3299093527777778
2 0.7456098492187501 0.29864047222222223 0.7456098492187501 0.3285498361111111 0.7891993484375 0.3285498361111111 0.7891993484375 0.29864047222222223
2 0.43798843437499996 0.33444106805555557 0.43798843437499996 0.36435043055555555 0.46551864375 0.36435043055555555 0.46551864375 0.33444106805555557
2 0.469342284375 0.3290030013888889 0.469342284375 0.3575528486111111 0.48387211640625 0.3575528486111111 0.48387211640625 0.3290030013888889
2 0.4907546640625 0.31812686944444446 0.4907546640625 0.3942597930555556 0.53893253125 0.3942597930555556 0.53893253125 0.31812686944444446
2 0 0.41737157500000005 0 0.6009063069444445 0.07091896875 0.6009063069444445 0.07091896875 0.41737157500000005
2 0.7651390960937501 0.2447129763888889 0.7651390960937501 0.6444108374999999 0.9991458804687501 0.6444108374999999 0.9991458804687501 0.2447129763888889