2 0.440635871875 0.39195816527777777 0.440635871875 0.41138264166666666 0.452927925 0.41138264166666666 0.452927925 0.39195816527777777
2 0.44200165468749997 0.3968142819444444 0.44200165468749997 0.41623875972222224 0.4542937078125 0.41623875972222224 0.4542937078125 0.3968142819444444
2 0.44746479140625006 0.40409846388888887 0.44746479140625006 0.4283790611111111 0.45975684453125 0.4283790611111111 0.45975684453125 0.40409846388888887
2 0.451562140625 0.41138264166666666 0.451562140625 0.4356632361111111 0.465219975 0.4356632361111111 0.465219975 0.41138264166666666
2 0.45839105859374996 0.4138107013888889 0.45839105859374996 0.4405193569444445 0.47478046015625 0.4405193569444445 0.47478046015625 0.4138107013888889
2 0.469317325 0.41623875972222224 0.469317325 0.45023159444444444 0.48570672578125 0.45023159444444444 0.48570672578125 0.41623875972222224
2 0.47478046171875 0.42352293888888887 0.47478046171875 0.4550877111111111 0.49390142968750006 0.4550877111111111 0.49390142968750006 0.42352293888888887
2 0.48570672734375 0.42109487916666666 0.48570672734375 0.46479994861111107 0.511656615625 0.46479994861111107 0.511656615625 0.42109487916666666
2 0.504827696875 0.42109487916666666 0.504827696875 0.4720841291666667 0.52258288125 0.4720841291666667 0.52258288125 0.42109487916666666
2 0.517119746875 0.41138264166666666 0.517119746875 0.4817963666666667 0.5376064992187499 0.4817963666666667 0.5376064992187499 0.41138264166666666
2 0.52941179921875 0.40652651944444446 0.52941179921875 0.48179636527777775 0.589506271875 0.48179636527777775 0.589506271875 0.40652651944444446
2 0.5526301164062499 0.42352293888888887 0.5526301164062499 0.5012208416666667 0.60862723828125 0.5012208416666667 0.60862723828125 0.42352293888888887
2 0.574482653125 0.42837905833333334 0.574482653125 0.5206453208333333 0.655063878125 0.5206453208333333 0.655063878125 0.42837905833333334
2 0.62365085703125 0.43323517500000003 0.62365085703125 0.5449259166666667 0.73018196953125 0.5449259166666667 0.73018196953125 0.43323517500000003
2 0.68920846640625 0.43323517500000003 0.68920846640625 0.6129115791666666 0.8899786367187501 0.6129115791666666 0.8899786367187501 0.43323517500000003
2 0.39966236875 0.39195816527777777 0.39966236875 0.4162387625 0.41195442031249996 0.4162387625 0.41195442031249996 0.39195816527777777
2 0.39010188437500004 0.39195816527777777 0.39010188437500004 0.40652652222222224 0.40239393593750006 0.40652652222222224 0.40239393593750006 0.39195816527777777
2 0.39010188437500004 0.40409846388888887 0.39010188437500004 0.42352294027777776 0.40239393593750006 0.42352294027777776 0.40239393593750006 0.40409846388888887
2 0.39829658437500004 0.40895458055555556 0.39829658437500004 0.43323517500000003 0.41058863671875 0.43323517500000003 0.41058863671875 0.40895458055555556
2 0.39283345234375 0.41623875972222224 0.39283345234375 0.44780353333333334 0.40922285390625 0.44780353333333334 0.40922285390625 0.41623875972222224
2 0.37917561640624997 0.3968142819444444 0.37917561640624997 0.4210948763888889 0.39419923515625 0.4210948763888889 0.39419923515625 0.3968142819444444
2 0.360054646875 0.3992423430555555 0.360054646875 0.43323517777777776 0.37780983203125 0.43323517777777776 0.37780983203125 0.3992423430555555
2 0.3491283796875 0.41623875972222224 0.3491283796875 0.44780353333333334 0.36688356484375 0.44780353333333334 0.36688356484375 0.41623875972222224
2 0.36551778203124996 0.4138107013888889 0.36551778203124996 0.45994383194444444 0.39419923515625 0.45994383194444444 0.39419923515625 0.4138107013888889
2 0.30269174140625 0.41623875972222224 0.30269174140625 0.45994383194444444 0.3313731953125 0.45994383194444444 0.3313731953125 0.41623875972222224
2 0.2644498046875 0.42352293888888887 0.2644498046875 0.46965606388888886 0.29039969062500004 0.46965606388888886 0.29039969062500004 0.42352293888888887
2 0.23576835156249998 0.42109487916666666 0.23576835156249998 0.4720841291666667 0.27401028828124996 0.4720841291666667 0.27401028828124996 0.42109487916666666
2 0.1852343640625 0.4138107013888889 0.1852343640625 0.4817963666666667 0.23713413593750002 0.4817963666666667 0.23713413593750002 0.4138107013888889
2 0.16884496171875002 0.43323517500000003 0.16884496171875002 0.4890805458333333 0.19206328046875001 0.4890805458333333 0.19206328046875001 0.43323517500000003
2 0.07187433515625 0.4016704027777778 0.07187433515625 0.5012208416666667 0.1702107453125 0.5012208416666667 0.1702107453125 0.4016704027777778
2 0 0.3531092138888889 0 0.5643503902777778 0.07050855234375 0.5643503902777778 0.07050855234375 0.3531092138888889
2 0.40649128671875 0.3943862236111111 0.40649128671875 0.4526596472222222 0.43380695546875003 0.4526596472222222 0.43380695546875003 0.3943862236111111
7 0.79573957734375 0.2681271291666667 0.79573957734375 0.3385408555555556 0.8203236789062499 0.3385408555555556 0.8203236789062499 0.2681271291666667