7 0.60443986328125 0.3338162972222222 0.60443986328125 0.3882243847222222 0.62165492265625 0.3882243847222222 0.62165492265625 0.3338162972222222
7 0.60061429453125 0.40352666111111113 0.60061429453125 0.4171286833333333 0.62069853046875 0.4171286833333333 0.62069853046875 0.40352666111111113
7 0.6101782164062499 0.4205291888888889 0.6101782164062499 0.4392319694444445 0.6197421375000001 0.4392319694444445 0.6197421375000001 0.4205291888888889
2 0.46416901875 0.4783377861111111 0.46416901875 0.49193980694444445 0.46990737187500004 0.49193980694444445 0.46990737187500004 0.4783377861111111
2 0.46799458749999995 0.47663753333333336 0.46799458749999995 0.4970405680555556 0.47851490234374994 0.4970405680555556 0.47851490234374994 0.47663753333333336
2 0.47086376406249997 0.48173829166666665 0.47086376406249997 0.5004410736111111 0.47947129296875 0.5004410736111111 0.47947129296875 0.48173829166666665
2 0.47564572421875007 0.4800380388888889 0.47564572421875007 0.5072420847222222 0.49094800000000005 0.5072420847222222 0.49094800000000005 0.4800380388888889
2 0.48807882343750003 0.4783377861111111 0.48807882343750003 0.5140430944444444 0.504337490625 0.5140430944444444 0.504337490625 0.4783377861111111
2 0.49955553046874995 0.4783377861111111 0.49955553046874995 0.5191438527777777 0.51390141328125 0.5191438527777777 0.51390141328125 0.4783377861111111
2 0.508163059375 0.4800380388888889 0.508163059375 0.5293453680555555 0.54068039453125 0.5293453680555555 0.54068039453125 0.4800380388888889
2 0.52537811875 0.4902395555555556 0.52537811875 0.5395468847222222 0.5512007078125001 0.5395468847222222 0.5512007078125001 0.4902395555555556
2 0.53972400234375 0.4902395555555556 0.53972400234375 0.5514486555555556 0.57989247421875 0.5514486555555556 0.57989247421875 0.4902395555555556
2 0.7031395500000001 0.47471056944444445 0.7031395500000001 0.6736401444444444 0.89250520234375 0.6736401444444444 0.89250520234375 0.47471056944444445
2 0.54820400078125 0.4764108222222222 0.54820400078125 0.661738375 0.6935756132812501 0.661738375 0.6935756132812501 0.4764108222222222
2 0.8277574390625 0.519427223611111 0.8277574390625 0.7693643819444445 0.9999080335937499 0.7693643819444445 0.9999080335937499 0.519427223611111
2 0.02773537265625 0.4573679986111111 0.02773537265625 0.48627229583333337 0.058339921875 0.48627229583333337 0.058339921875 0.4573679986111111