6 0.53945229921875 0.5886252013888889 0.53945229921875 0.6056868027777778 0.54665016171875 0.6056868027777778 0.54665016171875 0.5886252013888889
6 0.4638747421875 0.5971560013888889 0.4638747421875 0.6142176013888889 0.46987296171875004 0.6142176013888889 0.46987296171875004 0.5971560013888889
9 0.49866441093749997 0.6163503 0.49866441093749997 0.6376773 0.5094612046875 0.6376773 0.5094612046875 0.6163503
2 0.48906726093749997 0.6312792013888889 0.48906726093749997 0.6568716027777778 0.50106369765625 0.6568716027777778 0.50106369765625 0.6312792013888889
2 0.457876521875 0.6376773027777778 0.457876521875 0.6654024041666666 0.467473671875 0.6654024041666666 0.467473671875 0.6376773027777778
7 0.352307871875 0.5672982013888889 0.352307871875 0.5800944013888889 0.36310466640625 0.5800944013888889 0.36310466640625 0.5672982013888889
7 0.358306090625 0.5843597986111111 0.358306090625 0.5950233013888889 0.37270181640625 0.5950233013888889 0.37270181640625 0.5843597986111111
7 0.54904944921875 0.5928906027777778 0.54904944921875 0.6014214041666667 0.563445175 0.6014214041666667 0.563445175 0.5928906027777778
7 0.14836843515625 0.5587674 0.14836843515625 0.5928906 0.16996202265625 0.5928906 0.16996202265625 0.5587674
7 0.151967365625 0.5417058 0.151967365625 0.5566347041666667 0.16636309062500002 0.5566347041666667 0.16636309062500002 0.5417058
7 0 0.516113401388889 0 0.571563601388889 0.017607265625 0.571563601388889 0.017607265625 0.516113401388889
2 0.4482793734375 0.6376773027777778 0.4482793734375 0.6568716027777778 0.45667687890625003 0.6568716027777778 0.45667687890625003 0.6376773027777778
2 0.44108151093750003 0.6398100013888889 0.44108151093750003 0.6654024013888888 0.45067866093750003 0.6654024013888888 0.45067866093750003 0.6398100013888889
2 0.43388364765625004 0.6440754 0.43388364765625004 0.6654024041666666 0.44108151093750003 0.6654024041666666 0.44108151093750003 0.6440754
2 0.42428649687500003 0.6398100013888889 0.42428649687500003 0.6654024013888888 0.437482578125 0.6654024013888888 0.437482578125 0.6398100013888889
2 0.4158889921875 0.6355446013888889 0.4158889921875 0.6611370027777778 0.42788542890625003 0.6611370027777778 0.42788542890625003 0.6355446013888889
2 0.4062918421875 0.6355446013888889 0.4062918421875 0.6696678013888889 0.4170886359375 0.6696678013888889 0.4170886359375 0.6355446013888889
2 0.37630074765625 0.6355446013888889 0.37630074765625 0.6739332027777778 0.40989077343749997 0.6739332027777778 0.40989077343749997 0.6355446013888889
2 0.28032924765625 0.6099522027777778 0.28032924765625 0.695155775 0.34822790625 0.695155775 0.34822790625 0.6099522027777778
9 0.5382526546874999 0.6163503 0.5382526546874999 0.6611370027777778 0.55504766640625 0.6611370027777778 0.55504766640625 0.6163503
9 0.56224552890625 0.6142176013888889 0.56224552890625 0.6398100027777778 0.575441609375 0.6398100027777778 0.575441609375 0.6142176013888889
2 0.54545051796875 0.6355446013888889 0.54545051796875 0.6632697027777777 0.5586465992187499 0.6632697027777777 0.5586465992187499 0.6355446013888889
2 0.5598462421875 0.6419427013888889 0.5598462421875 0.6739332013888889 0.5826394734375 0.6739332013888889 0.5826394734375 0.6419427013888889
2 0.57544161015625 0.6312792013888889 0.57544161015625 0.7016583027777779 0.61622949921875 0.7016583027777779 0.61622949921875 0.6312792013888889
2 0.58743804765625 0.6398100013888889 0.58743804765625 0.7123218 0.62582664765625 0.7123218 0.62582664765625 0.6398100013888889
2 0.6054327046875 0.6462081027777777 0.6054327046875 0.7208526041666666 0.63902273046875 0.7208526041666666 0.63902273046875 0.6462081027777777
2 0.6246270046875 0.6184830013888889 0.6246270046875 0.7528430999999999 0.7205985046875 0.7528430999999999 0.7205985046875 0.6184830013888889
2 0.6702134671875 0.6483408013888889 0.6702134671875 0.7912317069444444 0.76498532421875 0.7912317069444444 0.76498532421875 0.6483408013888889
2 0.73139529921875 0.6099522027777778 0.73139529921875 0.8914686055555555 0.96652547421875 0.8914686055555555 0.96652547421875 0.6099522027777778
2 0.8621564671874999 0.6056868027777778 0.8621564671874999 0.9981036055555556 1 0.9981036055555556 1 0.6056868027777778
2 0 0.6462081027777777 0 0.7976298027777777 0.126774846875 0.7976298027777777 0.126774846875 0.6462081027777777
2 0.01400833359375 0.6184830013888889 0.01400833359375 0.6462081013888888 0.06199408515625 0.6462081013888888 0.06199408515625 0.6184830013888889
7 0.60423306015625 0.5992887 0.60423306015625 0.6227484013888889 0.6150298546874999 0.6227484013888889 0.6150298546874999 0.5992887
2 0.50106369765625 0.6312792013888889 0.50106369765625 0.6611370027777778 0.5178587109375 0.6611370027777778 0.5178587109375 0.6312792013888889
2 0.46951688515625 0.6389058111111111 0.46951688515625 0.6693745402777778 0.49192897890625 0.6693745402777778 0.49192897890625 0.6389058111111111