2 0.48788545078125 0.32430473472222227 0.48788545078125 0.34552601666666666 0.5025771078125 0.34552601666666666 0.5025771078125 0.32430473472222227
2 0.47686670703124995 0.33083435833333336 0.47686670703124995 0.3487908291666667 0.48513076484375006 0.3487908291666667 0.48513076484375006 0.33083435833333336
2 0.46676619296875 0.3324667652777778 0.46676619296875 0.35042323611111115 0.48053962109375004 0.35042323611111115 0.48053962109375004 0.3324667652777778
2 0.45482922109375 0.3292019527777778 0.45482922109375 0.35858526944444447 0.47135733671875 0.35858526944444447 0.47135733671875 0.3292019527777778
2 0.55828298046875 0.33709191805555555 0.55828298046875 0.35341598194444446 0.567465265625 0.35341598194444446 0.567465265625 0.33709191805555555
2 0.57021995234375 0.34035673055555554 0.57021995234375 0.36321041944444443 0.5849116109375 0.36321041944444443 0.5849116109375 0.34035673055555554
2 0.42841922187500003 0.3306788944444445 0.42841922187500003 0.3665918361111111 0.4568843078125 0.3665918361111111 0.4568843078125 0.3306788944444445
2 0.26904097578125 0.33921405 0.26904097578125 0.37675939583333334 0.32321646328125003 0.37675939583333334 0.32321646328125003 0.33921405
2 0.6448588390625 0.3414061527777778 0.6448588390625 0.4197616569444444 0.7118895249999999 0.4197616569444444 0.7118895249999999 0.3414061527777778
2 0.70778729765625 0.3521963125 0.70778729765625 0.40443331527777776 0.75002581171875 0.40443331527777776 0.75002581171875 0.3521963125
2 0.7117176984375 0.35056390555555555 0.7117176984375 0.44881171666666664 0.7977736984375 0.44881171666666664 0.7977736984375 0.35056390555555555
2 0.76288101328125 0.3554611263888889 0.76288101328125 0.48115641805555553 0.88592364375 0.48115641805555553 0.88592364375 0.3554611263888889
2 0.59750446640625 0.3358093125 0.59750446640625 0.35376578194444447 0.6158690390625 0.35376578194444447 0.6158690390625 0.3358093125
2 0 0.3158422875 0 0.514995863888889 0.04917622890625 0.514995863888889 0.04917622890625 0.3158422875
7 0.887518928125 0.1979462736111111 0.887518928125 0.2714045597222222 0.92608452890625 0.2714045597222222 0.92608452890625 0.1979462736111111
6 0.4607097171875 0.24681984583333333 0.4607097171875 0.27130594027777777 0.468973775 0.27130594027777777 0.468973775 0.24681984583333333
6 0.5892617203125 0.2713059375 0.5892617203125 0.2908948152777778 0.599362234375 0.2908948152777778 0.599362234375 0.2713059375
7 0.28624628671874996 0.24029021527777775 0.28624628671874996 0.2647763111111111 0.29634680156250004 0.2647763111111111 0.29634680156250004 0.24029021527777775
2 0.5321790531249999 0.33044569305555554 0.5321790531249999 0.3451373513888889 0.54319779609375 0.3451373513888889 0.54319779609375 0.33044569305555554