4 0.83735993984375 0.5146985430555555 0.83735993984375 0.8370350041666667 0.8812262929687501 0.8370350041666667 0.8812262929687501 0.5146985430555555
4 0.7700981984374999 0.5302954680555556 0.7700981984374999 0.7971761944444444 0.8354103242187501 0.7971761944444444 0.8354103242187501 0.5302954680555556
4 0.81298974375 0.5424264097222222 0.81298974375 0.8214380777777778 0.88512552421875 0.8214380777777778 0.88512552421875 0.5424264097222222
2 0.450361225 0.5025676 0.450361225 0.6342749736111111 0.540043546875 0.6342749736111111 0.540043546875 0.5025676
2 0.56441374296875 0.5424264097222222 0.56441374296875 0.5996151375 0.60730528828125 0.5996151375 0.60730528828125 0.5424264097222222
2 0.0019496156250000001 0.45750981527777773 0.0019496156250000001 0.5666882944444445 0.1423219453125 0.5666882944444445 0.1423219453125 0.45750981527777773
2 0.139397521875 0.47483973333333335 0.139397521875 0.5649553027777777 0.24370196171875 0.5649553027777777 0.24370196171875 0.47483973333333335
2 0.22907984374999998 0.49043665833333333 0.22907984374999998 0.5597563277777778 0.28659350703125 0.5597563277777778 0.28659350703125 0.49043665833333333
2 0.28171946718749996 0.5025676 0.28171946718749996 0.5510913708333334 0.32656062812500003 0.5510913708333334 0.32656062812500003 0.5025676
2 0.3197369734375 0.5043005916666666 0.3197369734375 0.5510913708333334 0.34898120859375 0.5510913708333334 0.34898120859375 0.5043005916666666
2 0.34800640078125 0.49910161666666664 0.34800640078125 0.5545573541666666 0.3675025578125 0.5545573541666666 0.3675025578125 0.49910161666666664
2 0.36652775000000004 0.5077665763888889 0.36652775000000004 0.5528243611111111 0.38114986796875 0.5528243611111111 0.38114986796875 0.5077665763888889
2 0.372376596875 0.5060335833333334 0.372376596875 0.5510913722222223 0.39187275390625 0.5510913722222223 0.39187275390625 0.5060335833333334
2 0.39089794609375 0.5146985430555555 0.39089794609375 0.5528243611111111 0.4084444875 0.5528243611111111 0.4084444875 0.5146985430555555
2 0.41234371875000003 0.5250964930555556 0.41234371875000003 0.5510913694444444 0.43866353046875 0.5510913694444444 0.43866353046875 0.5250964930555556
2 0.43281468359374997 0.5233635013888889 0.43281468359374997 0.5580233361111111 0.4571848796875 0.5580233361111111 0.4571848796875 0.5233635013888889
2 0.5468672015625 0.5441594013888889 0.5468672015625 0.5718872694444445 0.56538855078125 0.5718872694444445 0.56538855078125 0.5441594013888889
2 0.53516950703125 0.5441594013888889 0.53516950703125 0.5649553027777777 0.549791625 0.5649553027777777 0.549791625 0.5441594013888889
2 0.9036468734374999 0.5441594013888889 0.9036468734374999 0.6897307069444445 0.9991780421875 0.6897307069444445 0.9991780421875 0.5441594013888889