7 0.10284451562500001 0.3346300166666667 0.10284451562500001 0.35801585 0.1255659796875 0.35801585 0.1255659796875 0.3346300166666667
7 0.10045278359375001 0.3571654513888889 0.10045278359375001 0.38905522499999995 0.12795771250000001 0.38905522499999995 0.12795771250000001 0.3571654513888889
7 0.04305119296875 0.39543317916666665 0.04305119296875 0.4677166638888889 0.123174246875 0.4677166638888889 0.123174246875 0.39543317916666665
7 0.25471955859375 0.4060631027777778 0.25471955859375 0.4549607569444445 0.28102862109375 0.4549607569444445 0.28102862109375 0.4060631027777778
7 0.22482289687499998 0.41456704305555553 0.22482289687499998 0.4485828 0.25352369140625003 0.4485828 0.25352369140625003 0.41456704305555553
7 0.3192963484375 0.44220484722222225 0.3192963484375 0.45283477083333334 0.3348426125 0.45283477083333334 0.3348426125 0.44220484722222225
6 0.33969072968749997 0.4294489388888889 0.33969072968749997 0.4549607569444445 0.34560541171875003 0.4549607569444445 0.34560541171875003 0.4294489388888889
6 0.37550207265625 0.44220484722222225 0.37550207265625 0.4677166666666666 0.38267727109375 0.4677166666666666 0.38267727109375 0.44220484722222225
2 0.28700795390625 0.508110375 0.28700795390625 0.5336221944444445 0.30733768437500003 0.5336221944444445 0.30733768437500003 0.508110375
2 0.25711129140625 0.5123623472222222 0.25711129140625 0.5633859819444444 0.29298728671875 0.5633859819444444 0.29298728671875 0.5123623472222222
2 0.3635434078125 0.5144883319444444 0.3635434078125 0.5357481819444445 0.386264871875 0.5357481819444445 0.386264871875 0.5144883319444444
2 0.296574884375 0.5038584069444444 0.296574884375 0.5548820416666667 0.36354340625 0.5548820416666667 0.36354340625 0.5038584069444444
2 0.35397647578125 0.5336221958333334 0.35397647578125 0.5506300749999999 0.40539873281250005 0.5506300749999999 0.40539873281250005 0.5336221958333334
2 0.1698130390625 0.48685053055555555 0.1698130390625 0.6633072722222222 0.27744102187499997 0.6633072722222222 0.27744102187499997 0.48685053055555555
7 0.58717043828125 0.41286626527777776 0.58717043828125 0.4681418694444444 0.62424229921875 0.4681418694444444 0.62424229921875 0.41286626527777776
2 0.23438982890625 0.5442521194444445 0.23438982890625 0.872078976388889 0.459212725 0.872078976388889 0.459212725 0.5442521194444445
2 0 0.4808977652777778 0 0.7700317041666667 0.16861717265625 0.7700317041666667 0.16861717265625 0.4808977652777778
2 0.58573540234375 0.2831811902777778 0.58573540234375 0.5468033124999999 0.69695098203125 0.5468033124999999 0.69695098203125 0.2831811902777778