7 0.129174134375 0.3184831902777778 0.129174134375 0.3824641902777778 0.16756273515625 0.3824641902777778 0.16756273515625 0.3184831902777778
7 0.143569859375 0.3824641902777778 0.143569859375 0.4037911888888889 0.17955917109375 0.4037911888888889 0.17955917109375 0.3824641902777778
7 0.53465372421875 0.3078196902777778 0.53465372421875 0.3739333902777778 0.5706430359375 0.3739333902777778 0.5706430359375 0.3078196902777778
7 0.49866441015624996 0.3632698902777778 0.49866441015624996 0.38459689027777777 0.5130601367187501 0.38459689027777777 0.5130601367187501 0.3632698902777778
7 0.45547723515625 0.42298549027777776 0.45547723515625 0.44431249027777775 0.46987296015625 0.44431249027777775 0.46987296015625 0.42298549027777776
2 0.37870003515625 0.45710869027777784 0.37870003515625 0.48270109027777774 0.39549504765625 0.48270109027777774 0.39549504765625 0.45710869027777784
2 0.36670359765625 0.4635067902777778 0.36670359765625 0.48270109027777774 0.38109932265625 0.48270109027777774 0.38109932265625 0.4635067902777778
2 0.349908584375 0.46137409027777776 0.349908584375 0.48696649166666667 0.36910288515625 0.48696649166666667 0.36910288515625 0.46137409027777776
2 0.317518203125 0.45710869027777784 0.317518203125 0.5040280888888888 0.35590680468749997 0.5040280888888888 0.35590680468749997 0.45710869027777784
2 0.289926396875 0.46137409027777776 0.289926396875 0.5210896902777777 0.33551286015625 0.5210896902777777 0.33551286015625 0.46137409027777776
7 0.2683328109375 0.40592389027777775 0.2683328109375 0.42298549027777776 0.28032924765625 0.42298549027777776 0.28032924765625 0.40592389027777775
3 0.19635418437500002 0.47417029027777774 0.19635418437500002 0.5978668916666666 0.241940646875 0.5978668916666666 0.241940646875 0.47417029027777774
9 0.40389255390625 0.4400470902777778 0.40389255390625 0.4763029902777778 0.41708863515625005 0.4763029902777778 0.41708863515625005 0.4400470902777778
9 0.40869112890625 0.45071059027777777 0.40869112890625 0.48270109027777774 0.43388364765625004 0.48270109027777774 0.43388364765625004 0.45071059027777777
2 0.42668578515625005 0.4549759902777778 0.42668578515625005 0.48270109027777774 0.4482793734375 0.48270109027777774 0.4482793734375 0.4549759902777778
2 0.44348079765625004 0.4592413902777778 0.44348079765625004 0.5040280902777777 0.47347189140625 0.5040280902777777 0.47347189140625 0.4592413902777778
2 0.46267509765625 0.45284329027777775 0.46267509765625 0.5168242888888889 0.50946120546875 0.5168242888888889 0.50946120546875 0.45284329027777775
2 0.5394522976562499 0.44431249027777775 0.5394522976562499 0.5893360888888889 0.6630156046875 0.5893360888888889 0.6630156046875 0.44431249027777775
2 0.7697839 0.3206158902777778 0.7697839 0.7578193930555556 1 0.7578193930555556 1 0.3206158902777778
2 0.02360548515625 0.4293835902777778 0.02360548515625 0.6405208902777778 0.23114385390624997 0.6405208902777778 0.23114385390624997 0.4293835902777778
2 0 0.5274877902777777 0 0.7364923902777778 0.05959479609375 0.7364923902777778 0.05959479609375 0.5274877902777777