6 0.37697182812499996 0.56860925 0.37697182812499996 0.5900662027777778 0.38401239062500003 0.5900662027777778 0.38401239062500003 0.56860925
6 0.41619782031249997 0.588278125 0.41619782031249997 0.6061589180555556 0.42122679218750003 0.6061589180555556 0.42122679218750003 0.588278125
6 0.45240642890625005 0.5793377277777777 0.45240642890625005 0.5972185208333334 0.45743540234375 0.5972185208333334 0.45743540234375 0.5793377277777777
6 0.4725223203125 0.5829138861111111 0.4725223203125 0.6007946777777777 0.4765455 0.6007946777777777 0.4765455 0.5829138861111111
6 0.48056867734375003 0.5847019652777777 0.48056867734375003 0.6007946777777777 0.48760924218749996 0.6007946777777777 0.48760924218749996 0.5847019652777777
6 0.43229053515625004 0.6007946777777777 0.43229053515625004 0.6150993152777778 0.43933109843749996 0.6150993152777778 0.43933109843749996 0.6007946777777777
2 0.36389649765625 0.618675475 0.36389649765625 0.6472847458333333 0.39105295390625 0.6472847458333333 0.39105295390625 0.618675475
2 0.34277480859375 0.6222516319444444 0.34277480859375 0.640132425 0.35283275546875 0.640132425 0.35283275546875 0.6222516319444444
2 0.33070527421875 0.6204635527777778 0.33070527421875 0.6419205069444445 0.34277481015625 0.6419205069444445 0.34277481015625 0.6204635527777778
2 0.30757199609375 0.6204635527777778 0.30757199609375 0.6508609027777778 0.33070527265625 0.6508609027777778 0.33070527265625 0.6204635527777778
2 0.44938904375 0.609735075 0.44938904375 0.6258277902777778 0.46347016953125 0.6258277902777778 0.46347016953125 0.609735075
2 0.4765455 0.6204635527777778 0.4765455 0.6472847444444444 0.49263821484375 0.6472847444444444 0.49263821484375 0.6204635527777778
2 0.49565559921875 0.6079469972222222 0.49565559921875 0.640132425 0.5258294375 0.640132425 0.5258294375 0.6079469972222222
2 0.6042814203125 0.5900662027777778 0.6042814203125 0.6794701722222223 0.67770443203125 0.6794701722222223 0.67770443203125 0.5900662027777778
2 0.6485363875 0.6007946777777777 0.6485363875 0.6919867291666666 0.749115853125 0.6919867291666666 0.749115853125 0.6007946777777777