7 0.69891125859375 0.4457809375 0.69891125859375 0.47156217083333335 0.71209484296875 0.47156217083333335 0.71209484296875 0.4457809375
7 0.261216246875 0.2582810652777778 0.261216246875 0.3285935166666667 0.30340371796875 0.3285935166666667 0.30340371796875 0.2582810652777778
2 0.60398944921875 0.48328091111111116 0.60398944921875 0.5043746458333334 0.6264015429687501 0.5043746458333334 0.6264015429687501 0.48328091111111116
2 0.58157735546875 0.4809371611111111 0.58157735546875 0.5090621430555555 0.60662616640625 0.5090621430555555 0.60662616640625 0.4809371611111111
2 0.55125511015625 0.4809371611111111 0.55125511015625 0.5067183930555555 0.580258996875 0.5067183930555555 0.580258996875 0.4809371611111111
2 0.5354348085937499 0.48328091111111116 0.5354348085937499 0.5020308972222222 0.5499367515625 0.5020308972222222 0.5499367515625 0.48328091111111116
2 0.51565943125 0.49265590416666666 0.51565943125 0.534843375 0.5683937703125 0.534843375 0.5683937703125 0.49265590416666666
2 0.48533718593749997 0.48562465972222224 0.48533718593749997 0.5043746458333334 0.50115748828125 0.5043746458333334 0.50115748828125 0.48562465972222224
2 0.4602883765625 0.49265590416666666 0.4602883765625 0.5535933625 0.48797390468749996 0.5535933625 0.48797390468749996 0.49265590416666666
2 0.39964388671875 0.48796840694444443 0.39964388671875 0.5676558527777777 0.46951688515625 0.5676558527777777 0.46951688515625 0.48796840694444443
2 0.36404820781249997 0.4739059166666667 0.36404820781249997 0.5559371111111111 0.40359896015625 0.5559371111111111 0.40359896015625 0.4739059166666667
2 0.2743998328125 0.49499965277777774 0.2743998328125 0.5629683555555556 0.31658730390625 0.5629683555555556 0.31658730390625 0.49499965277777774
2 0.2150737015625 0.49968714999999997 0.2150737015625 0.5699996013888889 0.261216246875 0.5699996013888889 0.261216246875 0.49968714999999997
2 0.09246636328124999 0.4739059166666667 0.09246636328124999 0.5535933625 0.15047413671875 0.5535933625 0.15047413671875 0.4739059166666667
2 0.11619681640624999 0.49968714999999997 0.11619681640624999 0.5934370847222222 0.22430221015625001 0.5934370847222222 0.22430221015625001 0.49968714999999997
2 0.7859229179687499 0.48562465972222224 0.7859229179687499 0.5371871222222222 0.81756352109375 0.5371871222222222 0.81756352109375 0.48562465972222224
2 0.799106503125 0.47859341388888893 0.799106503125 0.5418746194444444 0.86766114296875 0.5418746194444444 0.86766114296875 0.47859341388888893
2 0.82679203046875 0.47859341388888893 0.82679203046875 0.5301558791666667 0.88479980078125 0.5301558791666667 0.88479980078125 0.47859341388888893
2 0.82679203046875 0.4739059166666667 0.82679203046875 0.5887495888888888 0.9441259335937501 0.5887495888888888 0.9441259335937501 0.4739059166666667
2 0 0.4645309236111111 0 0.6121870708333333 0.10301323124999999 0.6121870708333333 0.10301323124999999 0.4645309236111111
2 0.9151220484374999 0.4457809375 0.9151220484374999 0.64499955 0.9994969906250001 0.64499955 0.9994969906250001 0.4457809375
2 0.46951688515625 0.49265590416666666 0.46951688515625 0.5629683555555556 0.5420266015624999 0.5629683555555556 0.5420266015624999 0.49265590416666666