7 0.26319811875 0.47657272361111114 0.26319811875 0.5094995680555556 0.28659350703125 0.5094995680555556 0.28659350703125 0.47657272361111114
7 0.2320042671875 0.47830571805555555 0.2320042671875 0.5094995694444445 0.25247523203125 0.5094995694444445 0.25247523203125 0.47830571805555555
7 0.2563744625 0.43324793194444444 0.2563744625 0.47483973194444445 0.29049273750000004 0.47483973194444445 0.29049273750000004 0.43324793194444444
7 0.25929888671875 0.4107190388888889 0.25929888671875 0.43324793194444444 0.28659350703125 0.43324793194444444 0.28659350703125 0.4107190388888889
7 0.22518061171874998 0.4349809236111111 0.22518061171874998 0.47483973055555556 0.2573492703125 0.47483973055555556 0.2573492703125 0.4349809236111111
7 0.2281050359375 0.41245203055555557 0.2281050359375 0.4384469055555556 0.25539965625 0.4384469055555556 0.25539965625 0.41245203055555557
9 0.12477540390625 0.5302954666666666 0.12477540390625 0.5545573513888888 0.1364730984375 0.5545573513888888 0.1364730984375 0.5302954666666666
7 0.10138001562500001 0.5268294847222222 0.10138001562500001 0.5458923916666667 0.1101532875 0.5458923916666667 0.1101532875 0.5268294847222222
2 0.20470964687499998 0.5580233361111111 0.20470964687499998 0.5961491541666667 0.23005465078124998 0.5961491541666667 0.23005465078124998 0.5580233361111111
2 0.21640734140625 0.5510913680555555 0.21640734140625 0.6082800944444444 0.2904927390625 0.6082800944444444 0.2904927390625 0.5510913680555555
2 0.3090140875 0.5389604263888889 0.3090140875 0.6117460791666667 0.384074290625 0.6117460791666667 0.384074290625 0.5389604263888889
2 0.34898120859375 0.5528243597222222 0.34898120859375 0.6238770194444445 0.400646025 0.6238770194444445 0.400646025 0.5528243597222222
2 0.3850491 0.5441594013888889 0.3850491 0.6342749722222222 0.450361225 0.6342749722222222 0.450361225 0.5441594013888889
2 0.6287510609375 0.5441594013888889 0.6287510609375 0.5926831694444444 0.65409606484375 0.5926831694444444 0.65409606484375 0.5441594013888889
2 0.649222025 0.5493583777777777 0.649222025 0.5978821458333333 0.6774914523437501 0.5978821458333333 0.6774914523437501 0.5493583777777777
2 0.74767761796875 0.5476253861111111 0.74767761796875 0.6030811208333333 0.78959435546875 0.6030811208333333 0.78959435546875 0.5476253861111111
2 0.7739974296875001 0.5302954666666666 0.7739974296875001 0.5857512013888889 0.8246874390625001 0.5857512013888889 0.8246874390625001 0.5302954666666666
9 0.13452348281249998 0.5302954666666666 0.13452348281249998 0.5996151375 0.1900875296875 0.5996151375 0.1900875296875 0.5302954666666666
2 0.1520700234375 0.5510913680555555 0.1520700234375 0.5996151375 0.21055849453125003 0.5996151375 0.21055849453125003 0.5510913680555555
2 0.0497152 0.5510913680555555 0.0497152 0.5996151375 0.10722886328125 0.5996151375 0.10722886328125 0.5510913680555555
2 0.42306660546875 0.5528243597222222 0.42306660546875 0.6758667736111111 0.5010512328125001 0.6758667736111111 0.5010512328125001 0.5528243597222222
2 0.55953970390625 0.5302954666666666 0.55953970390625 0.6342749708333333 0.639473946875 0.6342749708333333 0.639473946875 0.5302954666666666
2 0.80519128046875 0.5441594013888889 0.80519128046875 0.5961491541666667 0.8734278296875001 0.5961491541666667 0.8734278296875001 0.5441594013888889