7 0.64434798671875 0.31887047777777777 0.64434798671875 0.35006432916666663 0.657995296875 0.35006432916666663 0.657995296875 0.31887047777777777
2 0.0594632796875 0.34139936944444443 0.0594632796875 0.5268294833333333 0.2592988875 0.5268294833333333 0.2592988875 0.34139936944444443
2 0.29829120078125004 0.32233645972222225 0.29829120078125004 0.41938399722222225 0.38114986796875 0.41938399722222225 0.38114986796875 0.32233645972222225
2 0.45426045703125 0.3032735513888889 0.45426045703125 0.45750981527777773 0.55076643203125 0.45750981527777773 0.55076643203125 0.3032735513888889
2 0.37237659765625 0.3292684277777778 0.37237659765625 0.3951221138888889 0.41526814296875003 0.3951221138888889 0.41526814296875003 0.3292684277777778
2 0.40746968046875 0.33100141944444444 0.40746968046875 0.37779219722222224 0.44256276171875 0.37779219722222224 0.44256276171875 0.33100141944444444
2 0.43573910624999995 0.3240694513888889 0.43573910624999995 0.36739424583333335 0.46205891875000005 0.36739424583333335 0.46205891875000005 0.3240694513888889
2 0.5419931625000001 0.33620039444444444 0.5419931625000001 0.3951221138888889 0.566363359375 0.3951221138888889 0.566363359375 0.33620039444444444
2 0.540043546875 0.31887047777777777 0.540043546875 0.3448653541666667 0.5566152796875 0.3448653541666667 0.5566152796875 0.31887047777777777
2 0.56148931953125 0.33273441111111113 0.56148931953125 0.35872928888888883 0.57318701328125 0.35872928888888883 0.57318701328125 0.33273441111111113
2 0.57304232265625 0.3292684277777778 0.57304232265625 0.3569962986111111 0.59853201640625 0.3569962986111111 0.59853201640625 0.3292684277777778
2 0.624851828125 0.3171374861111111 0.624851828125 0.3431323611111111 0.639473946875 0.3431323611111111 0.639473946875 0.3171374861111111
2 0.60633048046875 0.31887047777777777 0.60633048046875 0.33966637777777775 0.62192740546875 0.33966637777777775 0.62192740546875 0.31887047777777777
7 0.191555609375 0.12014208888888889 0.191555609375 0.16492879166666666 0.227544921875 0.16492879166666666 0.227544921875 0.12014208888888889