6 0.31263222734374996 0.37312473611111113 0.31263222734374996 0.3965622208333333 0.31922401953125 0.3965622208333333 0.31922401953125 0.37312473611111113
6 0.37459507578125 0.37781223333333336 0.37459507578125 0.3989059680555555 0.38250522734375003 0.3989059680555555 0.38250522734375003 0.37781223333333336
6 0.3680032828125 0.37781223333333336 0.3680032828125 0.40124971666666664 0.37591343359375 0.40124971666666664 0.37591343359375 0.37781223333333336
6 0.3047220765625 0.3707809875 0.3047220765625 0.3989059680555555 0.31263222812499997 0.3989059680555555 0.31263222812499997 0.3707809875
6 0.420737621875 0.4481246847222222 0.420737621875 0.46687467222222223 0.43128448984374995 0.46687467222222223 0.43128448984374995 0.4481246847222222
6 0.443149715625 0.4364059430555556 0.443149715625 0.45984342638888887 0.45369658359375 0.45984342638888887 0.45369658359375 0.4364059430555556
2 0.371958359375 0.4739059166666667 0.371958359375 0.5371871222222222 0.398325528125 0.5371871222222222 0.398325528125 0.4739059166666667
2 0.44183135703125 0.47156216944444446 0.44183135703125 0.49265590416666666 0.461606734375 0.49265590416666666 0.461606734375 0.47156216944444446
2 0.45633330078125 0.47156216944444446 0.45633330078125 0.5020308958333334 0.48270046874999994 0.5020308958333334 0.48270046874999994 0.47156216944444446
2 0.47742703515624996 0.4739059166666667 0.47742703515624996 0.5301558791666667 0.5037942046875 0.5301558791666667 0.5037942046875 0.4739059166666667
2 0.49852077109375 0.4457809361111111 0.49852077109375 0.5395308708333333 0.5301613749999999 0.5395308708333333 0.5301613749999999 0.4457809361111111
9 0.53675316796875 0.3965622208333333 0.53675316796875 0.4457809361111111 0.63431169375 0.4457809361111111 0.63431169375 0.3965622208333333
2 0.5697121296875001 0.41296845972222224 0.5697121296875001 0.45281218194444445 0.6633155796875 0.45281218194444445 0.6633155796875 0.41296845972222224
9 0.524887940625 0.4364059430555556 0.524887940625 0.5629683555555556 0.6778175234375 0.5629683555555556 0.6778175234375 0.4364059430555556
9 0.5776222796875 0.3707809875 0.5776222796875 0.4739059166666667 0.73318857890625 0.4739059166666667 0.73318857890625 0.3707809875
9 0.64749527890625 0.3426560069444444 0.64749527890625 0.5864058402777778 0.870297859375 0.5864058402777778 0.870297859375 0.3426560069444444
9 0.751645596875 0.38953097500000006 0.751645596875 0.49265590416666666 0.9058935375000001 0.49265590416666666 0.9058935375000001 0.38953097500000006
9 0.74241708828125 0.3965622208333333 0.74241708828125 0.6426558013888889 0.9309423492187501 0.6426558013888889 0.9309423492187501 0.3965622208333333
2 0.8412939734375 0.5301558791666667 0.8412939734375 0.680155775 0.9493993671875 0.680155775 0.9493993671875 0.5301558791666667
9 0.8588794804687501 0.1754642277777778 0.8588794804687501 0.6942182652777777 0.99949698984375 0.6942182652777777 0.99949698984375 0.1754642277777778
2 0.31790566171875 0.48796840694444443 0.31790566171875 0.5278121305555555 0.34031775625 0.5278121305555555 0.34031775625 0.48796840694444443
2 0.36009313203125004 0.4809371638888889 0.36009313203125004 0.502030898611111 0.37063999999999997 0.502030898611111 0.37063999999999997 0.4809371638888889
2 0.3864603015625 0.4739059166666667 0.3864603015625 0.5512496138888889 0.43787628281249996 0.5512496138888889 0.43787628281249996 0.4739059166666667
9 0.1728862296875 0.4410934416666667 0.1728862296875 0.6473432958333334 0.30867715234375004 0.6473432958333334 0.30867715234375004 0.4410934416666667