6 0.044824188281249996 0.23027327916666668 0.044824188281249996 0.309960725 0.0645995640625 0.309960725 0.0645995640625 0.23027327916666668
6 0.068554640625 0.1248046013888889 0.068554640625 0.20449204861111112 0.08833001640625 0.20449204861111112 0.08833001640625 0.1248046013888889
6 0.43670624296874994 0.22324203333333334 0.43670624296874994 0.26777325277777775 0.44593475312499997 0.26777325277777775 0.44593475312499997 0.22324203333333334
6 0.3866086203125 0.1599608277777778 0.3866086203125 0.2162107902777778 0.39847384765625 0.2162107902777778 0.39847384765625 0.1599608277777778
6 0.50624965234375 0.29109355138888887 0.50624965234375 0.33796852083333334 0.518114878125 0.33796852083333334 0.518114878125 0.29109355138888887
6 0.39287082421875 0.15046865 0.39287082421875 0.21140610833333334 0.41000948359375 0.21140610833333334 0.41000948359375 0.15046865
6 0.507568009375 0.4106247194444444 0.507568009375 0.4387496986111111 0.5233883109375 0.4387496986111111 0.5233883109375 0.4106247194444444
2 0.055371056249999995 0.4804684194444444 0.055371056249999995 0.5484371236111111 0.11865226328125 0.5484371236111111 0.11865226328125 0.4804684194444444
2 0.14897450703124998 0.44296844583333334 0.14897450703124998 0.6117183291666667 0.2649900515625 0.6117183291666667 0.2649900515625 0.44296844583333334
7 0.1054686765625 0.4406246972222222 0.1054686765625 0.4687496777777778 0.11733390390625001 0.4687496777777778 0.11733390390625001 0.4406246972222222
7 0.0988768859375 0.3703122472222222 0.0988768859375 0.400780975 0.1120604703125 0.400780975 0.1120604703125 0.3703122472222222
7 0.0988768859375 0.40781221944444446 0.0988768859375 0.4195309625 0.10942375390625 0.4195309625 0.10942375390625 0.40781221944444446
2 0 0.48749966666666666 0 0.5179683944444444 0.01713866015625 0.5179683944444444 0.01713866015625 0.48749966666666666
4 0.0105468671875 0.47343717500000004 0.0105468671875 0.546093375 0.03032224375 0.546093375 0.03032224375 0.47343717500000004