7 0.331552084375 0.2618060597222222 0.331552084375 0.29851300555555554 0.34914082890625 0.29851300555555554 0.34914082890625 0.2618060597222222
7 0.49367443203125 0.30259155694444445 0.49367443203125 0.3338604402777778 0.5097337203125 0.3338604402777778 0.5097337203125 0.30259155694444445
6 0.38508304765625 0.3161867222222222 0.38508304765625 0.32842237083333337 0.39273032812499997 0.32842237083333337 0.39273032812499997 0.3161867222222222
6 0.40573070624999996 0.3216247888888889 0.40573070624999996 0.3338604375 0.41031907343749996 0.3338604375 0.41031907343749996 0.3216247888888889
6 0.4187310828125 0.32842237083333337 0.4187310828125 0.34065802222222225 0.42484890625 0.34065802222222225 0.42484890625 0.32842237083333337
2 0.327164571875 0.350033025 0.327164571875 0.3663472222222222 0.336341309375 0.3663472222222222 0.336341309375 0.350033025
2 0.31569365078125 0.35275205694444445 0.31569365078125 0.3704257708333333 0.32945875546875 0.3704257708333333 0.32945875546875 0.35275205694444445
2 0.37993080703125004 0.3459544736111111 0.37993080703125004 0.3622686736111111 0.38910754296875 0.3622686736111111 0.38910754296875 0.3459544736111111
2 0.388342815625 0.3459544736111111 0.388342815625 0.3677067361111111 0.39446063984375 0.3677067361111111 0.39446063984375 0.3459544736111111
2 0.39446063984375 0.3473139875 0.39446063984375 0.36770673333333337 0.40210792109375 0.36770673333333337 0.40210792109375 0.3473139875
2 0.40210792109375 0.3473139875 0.40210792109375 0.3649877027777778 0.4105199296875 0.3649877027777778 0.4105199296875 0.3473139875
2 0.43881486796875 0.3445949569444445 0.43881486796875 0.3717852875 0.45334470078125 0.3717852875 0.45334470078125 0.3445949569444445
2 0.46175670859375 0.3459544736111111 0.46175670859375 0.35683060694444446 0.47169817265624997 0.35683060694444446 0.47169817265624997 0.3459544736111111
2 0.45028578750000003 0.34323543888888886 0.45028578750000003 0.3581901222222222 0.46252143671874996 0.3581901222222222 0.46252143671874996 0.34323543888888886
2 0.47246290078125003 0.3405164055555555 0.47246290078125003 0.3785828680555555 0.49158110156249996 0.3785828680555555 0.49158110156249996 0.3405164055555555
2 0.5779953718749999 0.33643785694444445 0.5779953718749999 0.3880994847222222 0.62617323828125 0.3880994847222222 0.62617323828125 0.33643785694444445
2 0.6197078031250001 0.3866163736111111 0.6197078031250001 0.6054985375 0.8537145882812499 0.6054985375 0.8537145882812499 0.3866163736111111
2 0.42553640234375 0.34175233055555554 0.42553640234375 0.35670701388888887 0.43394841093750003 0.35670701388888887 0.43394841093750003 0.34175233055555554
2 0.29935627265625003 0.35534749722222225 0.29935627265625003 0.3757402458333334 0.31312137734375 0.3757402458333334 0.31312137734375 0.35534749722222225
2 0.3233409296875 0.3485499138888889 0.3233409296875 0.4532326888888889 0.39981373593749997 0.4532326888888889 0.39981373593749997 0.3485499138888889
2 0.44799160390625004 0.350033025 0.44799160390625004 0.3962565847222222 0.474757084375 0.3962565847222222 0.474757084375 0.350033025
2 0.509169846875 0.3377973736111111 0.509169846875 0.4424801486111111 0.5833484671875 0.4424801486111111 0.5833484671875 0.3377973736111111
2 0.82618437421875 0.4191211722222222 0.82618437421875 0.8945811944444445 0.99901291328125 0.8945811944444445 0.99901291328125 0.4191211722222222
4 0.8529498570312499 0.29960731944444446 0.8529498570312499 0.4940181861111111 0.9103044609375001 0.4940181861111111 0.9103044609375001 0.29960731944444446
7 0.5389942414062501 0.2752596152777778 0.5389942414062501 0.2902142986111111 0.55811244296875 0.2902142986111111 0.55811244296875 0.2752596152777778