6 0.72132335234375 0.1926561111111111 0.72132335234375 0.23249983333333332 0.7305518625 0.23249983333333332 0.7305518625 0.1926561111111111
6 0.74505380546875 0.2512498208333333 0.74505380546875 0.29109354444444446 0.7542823140625 0.29109354444444446 0.7542823140625 0.2512498208333333
6 0.60135273203125 0.2418748263888889 0.60135273203125 0.2770310527777778 0.6092628828125 0.2770310527777778 0.6092628828125 0.2418748263888889
6 0.5881691484375 0.2418748263888889 0.5881691484375 0.2770310527777778 0.598716015625 0.2770310527777778 0.598716015625 0.2418748263888889
6 0.70682140859375 0.1926561111111111 0.70682140859375 0.2395310777777778 0.71736827734375 0.2395310777777778 0.71736827734375 0.1926561111111111
7 0.48270046953124995 0.29578104027777774 0.48270046953124995 0.31453102638888886 0.5011574875 0.31453102638888886 0.5011574875 0.29578104027777774
7 0.48533718671875 0.2582810638888889 0.48533718671875 0.28640604583333334 0.49720241328125 0.28640604583333334 0.49720241328125 0.2582810638888889
7 0.366684925 0.2582810638888889 0.366684925 0.3028122833333333 0.38777866015625 0.3028122833333333 0.38777866015625 0.2582810638888889
4 0.3732767171875 0.37781223333333336 0.3732767171875 0.47859341388888893 0.38777866015625 0.47859341388888893 0.38777866015625 0.37781223333333336
4 0.3772317921875 0.38953097500000006 0.3772317921875 0.45515592916666664 0.38909701874999997 0.45515592916666664 0.38909701874999997 0.38953097500000006
4 0.43787628203124995 0.3871872263888889 0.43787628203124995 0.4762496652777778 0.451059865625 0.4762496652777778 0.451059865625 0.3871872263888889
4 0.32977088671875 0.38015598194444444 0.32977088671875 0.48328090972222226 0.346909546875 0.48328090972222226 0.346909546875 0.38015598194444444
4 0.216392059375 0.37781223333333336 0.216392059375 0.5512496138888889 0.2506693796875 0.5512496138888889 0.2506693796875 0.37781223333333336
0 0.36272984921874996 0.44343718749999994 0.36272984921874996 0.5301558791666667 0.391733734375 0.5301558791666667 0.391733734375 0.44343718749999994
0 0.31395058593749997 0.4621871736111111 0.31395058593749997 0.5512496138888889 0.36009313203125004 0.5512496138888889 0.36009313203125004 0.4621871736111111
4 0.7503272390625 0.35203100277777777 0.7503272390625 0.6660932861111112 0.82679203046875 0.6660932861111112 0.82679203046875 0.35203100277777777
2 0.46688016875000005 0.40124971805555554 0.46688016875000005 0.5301558805555556 0.5512551109375 0.5301558805555556 0.5512551109375 0.40124971805555554
2 0.5644386945312501 0.3590622458333333 0.5644386945312501 0.41999970416666665 0.67254408984375 0.41999970416666665 0.67254408984375 0.3590622458333333
1 0.26319811875 0.3102055194444444 0.26319811875 0.4384469069444445 0.74670281015625 0.4384469069444445 0.74670281015625 0.3102055194444444
2 0.51038599765625 0.41296845833333334 0.51038599765625 0.7621869694444445 0.7727393328125001 0.7621869694444445 0.7727393328125001 0.41296845833333334