2 0.352780609375 0.5229922708333333 0.352780609375 0.5442521194444445 0.36234754140625 0.5442521194444445 0.36234754140625 0.5229922708333333
2 0.303750084375 0.5008820416666666 0.303750084375 0.5604096152777778 0.35397647578125 0.5604096152777778 0.35397647578125 0.5008820416666666
2 0.29418315234375003 0.5030080263888889 0.29418315234375003 0.5434017375 0.30972941640624996 0.5434017375 0.30972941640624996 0.5030080263888889
2 0.365935140625 0.532771813888889 0.365935140625 0.5455277236111111 0.379089671875 0.5455277236111111 0.379089671875 0.532771813888889
2 0.19253450234375 0.45836234444444446 0.19253450234375 0.5867718166666667 0.3003269125 0.5867718166666667 0.3003269125 0.45836234444444446
2 0.136328778125 0.46686628333333335 0.136328778125 0.5731655263888888 0.21884356484374998 0.5731655263888888 0.21884356484374998 0.46686628333333335
2 0.07175198828125 0.47537022361111114 0.07175198828125 0.5625356027777778 0.14828744296875002 0.5625356027777778 0.14828744296875002 0.47537022361111114
2 0.0466387921875 0.4626143138888889 0.0466387921875 0.5178899236111111 0.08490651953125 0.5178899236111111 0.08490651953125 0.4626143138888889
2 0.008371065625 0.45623635972222226 0.008371065625 0.5221418902777778 0.07175198828125 0.5221418902777778 0.07175198828125 0.45623635972222226
1 0.42094499843750005 0.4243465875 0.42094499843750005 0.5774174958333333 0.49987218515625004 0.5774174958333333 0.49987218515625004 0.4243465875
2 0.49867631953125 0.524267875 0.49867631953125 0.5667875708333333 0.5213977828125 0.5667875708333333 0.5213977828125 0.524267875
2 0.50744601796875 0.4882678638888889 0.50744601796875 0.7391340763888888 0.73824824765625 0.7391340763888888 0.73824824765625 0.4882678638888889
2 0.7466990546875001 0.5361733708333334 0.7466990546875001 0.7275120055555555 0.9751095507812501 0.7275120055555555 0.9751095507812501 0.5361733708333334
2 0.9576498929687499 0.6235209847222223 0.9576498929687499 0.8359372333333334 0.9982068296875 0.8359372333333334 0.9982068296875 0.6235209847222223
2 0.387625165625 0.5314962097222222 0.387625165625 0.5506300749999999 0.40077969765625 0.5506300749999999 0.40077969765625 0.5314962097222222
2 0.4031714296875 0.5336221958333334 0.4031714296875 0.5485040888888888 0.41632596171875 0.5485040888888888 0.41632596171875 0.5336221958333334