4 0.10055578671875001 0.4405193569444445 0.10055578671875001 0.5813468097222222 0.12513988984375 0.5813468097222222 0.12513988984375 0.4405193569444445
4 0.17977122890625 0.45265965277777775 0.17977122890625 0.5570662125 0.20845268125 0.5570662125 0.20845268125 0.45265965277777775
4 0.343665246875 0.44537547361111113 0.343665246875 0.6614727708333333 0.40102815312500006 0.6614727708333333 0.40102815312500006 0.44537547361111113
4 0.87905236796875 0.5085050208333333 0.87905236796875 0.5449259138888889 0.89407598671875 0.5449259138888889 0.89407598671875 0.5085050208333333
4 0.9787545609375 0.5862029263888888 0.9787545609375 0.6323360569444445 0.99650974609375 0.6323360569444445 0.99650974609375 0.5862029263888888
4 0.750668721875 0.43080711666666666 0.750668721875 0.812012461111111 0.858565615625 0.812012461111111 0.858565615625 0.43080711666666666
7 0.13743194140624998 0.09330684722222223 0.13743194140624998 0.1710047527777778 0.17567387890625 0.1710047527777778 0.17567387890625 0.09330684722222223
7 0.1592844765625 0.23170623750000002 0.1592844765625 0.27783936805555554 0.23167100078125 0.27783936805555554 0.23167100078125 0.23170623750000002
7 0.452927925 0.27783936805555554 0.452927925 0.3312566777777778 0.4979987796875 0.3312566777777778 0.4979987796875 0.27783936805555554
4 0.84763934921875 0.5012208444444445 0.84763934921875 0.5376417375 0.8640287507812501 0.5376417375 0.8640287507812501 0.5012208444444445
7 0.0937268703125 0.27055519027777775 0.0937268703125 0.3021199625 0.11284783984374999 0.3021199625 0.11284783984374999 0.27055519027777775
4 0.034998181249999996 0.3968142819444444 0.034998181249999996 0.44537547083333334 0.0500217984375 0.44537547083333334 0.0500217984375 0.3968142819444444
6 0.134700375 0.30697608333333337 0.134700375 0.35796533333333336 0.15382134296875 0.35796533333333336 0.15382134296875 0.30697608333333337
6 0.1893317140625 0.27783936805555554 0.1893317140625 0.3166883208333333 0.209818465625 0.3166883208333333 0.209818465625 0.27783936805555554
6 0.15791869375 0.3094041416666667 0.15791869375 0.3652495097222222 0.1852343625 0.3652495097222222 0.1852343625 0.3094041416666667
2 0 0.4016704027777778 0 0.5570662097222222 0.054119150000000005 0.5570662097222222 0.054119150000000005 0.4016704027777778
2 0.9787545609375 0.6056274013888889 0.9787545609375 0.7051778402777777 0.99924131328125 0.7051778402777777 0.99924131328125 0.6056274013888889
2 0.735645103125 0.5206453194444444 0.735645103125 0.7148900777777778 0.9896808296874999 0.7148900777777778 0.9896808296874999 0.5206453194444444
2 0.52258288125 0.5230733805555556 0.52258288125 0.7003217236111111 0.7697896914062501 0.7003217236111111 0.7697896914062501 0.5230733805555556