2 0.48642911484375 0.37519270833333335 0.48642911484375 0.4011875847222222 0.505925271875 0.4011875847222222 0.505925271875 0.37519270833333335
2 0.5010512328125001 0.37692570000000003 0.5010512328125001 0.39945459305555553 0.51957258203125 0.39945459305555553 0.51957258203125 0.37692570000000003
2 0.51664815859375 0.371726725 0.51664815859375 0.4011875833333333 0.52932066015625 0.4011875833333333 0.52932066015625 0.371726725
2 0.51859777421875 0.37519270833333335 0.51859777421875 0.4029205763888889 0.53127027578125 0.4029205763888889 0.53127027578125 0.37519270833333335
2 0.5234718132812499 0.3734597166666666 0.5234718132812499 0.41158553472222226 0.5380939312499999 0.41158553472222226 0.5380939312499999 0.3734597166666666
9 0.52737104453125 0.3353338986111111 0.52737104453125 0.46704127083333336 0.61510375078125 0.46704127083333336 0.61510375078125 0.3353338986111111
2 0.43573910703124996 0.3890566430555556 0.43573910703124996 0.4063865597222222 0.448411609375 0.4063865597222222 0.448411609375 0.3890566430555556
2 0.42306660546875 0.38559065972222223 0.42306660546875 0.4098525430555556 0.43866353125 0.4098525430555556 0.43866353125 0.38559065972222223
2 0.4084444875 0.38559065972222223 0.4084444875 0.4115855361111111 0.42501622109375 0.4115855361111111 0.42501622109375 0.38559065972222223
2 0.39382236953125 0.38732365138888886 0.39382236953125 0.4150515180555555 0.4094192953125 0.4150515180555555 0.4094192953125 0.38732365138888886
2 0.376275828125 0.38732365138888886 0.376275828125 0.42371647638888893 0.39674679375 0.42371647638888893 0.39674679375 0.38732365138888886
2 0.33630870703125 0.382124675 0.33630870703125 0.44451237777777775 0.38212467578125 0.44451237777777775 0.38212467578125 0.382124675
2 0.28366908281250003 0.39425561805555553 0.28366908281250003 0.4601093027777778 0.33338428359375 0.4601093027777778 0.33338428359375 0.39425561805555553
2 0.0906571296875 0.4211169888888889 0.0906571296875 0.5458923930555556 0.20276003203125 0.5458923930555556 0.20276003203125 0.4211169888888889
2 0.1364730984375 0.4089860472222222 0.1364730984375 0.5944161625000001 0.32071178125 0.5944161625000001 0.32071178125 0.4089860472222222
4 0.098090025 0.40106379027777783 0.098090025 0.47731542777777775 0.11661137343750001 0.47731542777777775 0.11661137343750001 0.40106379027777783
4 0.59329241015625 0.3837338722222222 0.59329241015625 0.40626276527777777 0.60206568125 0.40626276527777777 0.60206568125 0.3837338722222222
7 0.707344928125 0.2468275263888889 0.707344928125 0.2676234277777778 0.7375639710937499 0.2676234277777778 0.7375639710937499 0.2468275263888889
7 0.699546465625 0.26242445138888887 0.699546465625 0.2849533444444444 0.7063701203125 0.2849533444444444 0.7063701203125 0.26242445138888887
7 0.17412503671875 0.30055026944444446 0.17412503671875 0.3317441208333333 0.20336927265625002 0.3317441208333333 0.20336927265625002 0.30055026944444446
7 0 0.2728224027777778 0 0.3421420708333333 0.03667713046875 0.3421420708333333 0.03667713046875 0.2728224027777778
7 0.0171809734375 0.2901523194444445 0.0171809734375 0.3248121541666667 0.03472751484375 0.3248121541666667 0.03472751484375 0.2901523194444445