2 0.82996903359375 0.4980030833333334 0.82996903359375 0.5712234083333333 0.949238078125 0.5712234083333333 0.949238078125 0.4980030833333334
4 0.92950291328125 0.49190139027777774 0.92950291328125 0.5056301986111111 0.9380834195312501 0.5056301986111111 0.9380834195312501 0.49190139027777774
2 0.7115580382812501 0.49952850694444445 0.7115580382812501 0.5651217166666667 0.8291109828125001 0.5651217166666667 0.8291109828125001 0.49952850694444445
6 0.68324236484375 0.2005455125 0.68324236484375 0.25698618194444445 0.69697117578125 0.25698618194444445 0.69697117578125 0.2005455125
6 0.32200302734375 0.29054549583333333 0.32200302734375 0.32715565694444443 0.331441584375 0.32715565694444443 0.331441584375 0.29054549583333333
6 0.30570006484375 0.29054549583333333 0.30570006484375 0.3332573513888889 0.314280571875 0.3332573513888889 0.314280571875 0.29054549583333333
6 0.20187593203124998 0.43393529861111113 0.20187593203124998 0.45224038055555554 0.21303059140624997 0.45224038055555554 0.21303059140624997 0.43393529861111113
6 0.69782922734375 0.21122347500000002 0.69782922734375 0.2600370263888889 0.70211948125 0.2600370263888889 0.70211948125 0.21122347500000002
6 0.2147466921875 0.43393529861111113 0.2147466921875 0.45376580555555557 0.22246914765625 0.45376580555555557 0.22246914765625 0.43393529861111113
6 0.60945000703125 0.4415624166666667 0.60945000703125 0.45986749583333336 0.6231788179687501 0.45986749583333336 0.6231788179687501 0.4415624166666667
7 0.20359203359375 0.36224039722222223 0.20359203359375 0.3729183597222222 0.22161109687499997 0.3729183597222222 0.22161109687499997 0.36224039722222223
7 0.22418524921875 0.3896980208333334 0.22418524921875 0.4034268305555555 0.2310496546875 0.4034268305555555 0.2310496546875 0.3896980208333334
4 0.34173819375000003 0.4873251194444444 0.34173819375000003 0.5513929055555555 0.36576361328125 0.5513929055555555 0.36576361328125 0.4873251194444444
2 0.43612376875000003 0.4949522361111111 0.43612376875000003 0.5498674819444445 0.4773102015625 0.5498674819444445 0.4773102015625 0.4949522361111111
2 0.28167464531249997 0.4949522361111111 0.28167464531249997 0.5498674819444445 0.32457717890625004 0.5498674819444445 0.32457717890625004 0.4949522361111111
2 0.43097546484375 0.5010539305555556 0.43097546484375 0.5391895166666667 0.44470427578124994 0.5391895166666667 0.44470427578124994 0.5010539305555556
2 0.42582716015625 0.5010539305555556 0.42582716015625 0.5361386694444444 0.43612376796875 0.5361386694444444 0.43612376796875 0.5010539305555556
2 0.4189627546875 0.49342681250000003 0.4189627546875 0.5315623986111111 0.44127207265625 0.5315623986111111 0.44127207265625 0.49342681250000003
2 0.298835659375 0.4873251194444444 0.298835659375 0.5422403625000001 0.3314415859375 0.5422403625000001 0.3314415859375 0.4873251194444444
2 0.3314415859375 0.49342681250000003 0.3314415859375 0.5437657875 0.337447940625 0.5437657875 0.337447940625 0.49342681250000003
2 0.37606022109375 0.49952850694444445 0.37606022109375 0.5132573180555556 0.38378267734375 0.5132573180555556 0.38378267734375 0.49952850694444445
2 0.35632505390625 0.4980030833333334 0.35632505390625 0.5193590111111112 0.3657636109375 0.5193590111111112 0.3657636109375 0.4980030833333334
2 0.36747971484374997 0.4949522361111111 0.36747971484374997 0.5147827430555556 0.37434411953125 0.5147827430555556 0.37434411953125 0.4949522361111111