2 0.3349508875 0.5261328972222222 0.3349508875 0.5444863722222222 0.34412762421875 0.5444863722222222 0.34412762421875 0.5261328972222222
2 0.35559854453125 0.524093625 0.35559854453125 0.5383685500000001 0.36477528046874996 0.5383685500000001 0.36477528046874996 0.524093625
2 0.367069465625 0.524093625 0.367069465625 0.5342899986111111 0.37624620234375 0.5342899986111111 0.37624620234375 0.524093625
2 0.32347996640625 0.524093625 0.32347996640625 0.5444863722222222 0.33839216250000004 0.5444863722222222 0.33839216250000004 0.524093625
2 0.30971486015625 0.5261328972222222 0.30971486015625 0.5526434708333333 0.32921542578124996 0.5526434708333333 0.32921542578124996 0.5261328972222222
2 0.3854229375 0.520015075 0.3854229375 0.5424470972222223 0.40377641015625 0.5424470972222223 0.40377641015625 0.520015075
2 0.40377641171875 0.51389725 0.40377641171875 0.5363292708333334 0.41524733046874995 0.5363292708333334 0.41524733046874995 0.51389725
2 0.40951187109375004 0.515936525 0.40951187109375004 0.5444863722222222 0.42671825234374994 0.5444863722222222 0.42671825234374994 0.515936525
2 0.4783373953125 0.5281721736111111 0.4783373953125 0.54652565 0.49095540859375 0.54652565 0.49095540859375 0.5281721736111111
3 0.55289838046875 0.5322507236111111 0.55289838046875 0.5689576694444445 0.58386986796875 0.5689576694444445 0.58386986796875 0.5322507236111111
2 0.49065430078125 0.5220543486111111 0.49065430078125 0.5913896930555556 0.5365379835937499 0.5913896930555556 0.5365379835937499 0.5220543486111111
2 0.2841777265625 0.5281721736111111 0.2841777265625 0.5648791194444445 0.31170793671874997 0.5648791194444445 0.31170793671874997 0.5281721736111111
2 0.3521572671875 0.5302114486111111 0.3521572671875 0.6117824416666667 0.4106589625 0.6117824416666667 0.4106589625 0.5302114486111111
2 0.23744806015625 0.5322507236111111 0.23744806015625 0.6015860666666667 0.28677301875 0.6015860666666667 0.28677301875 0.5322507236111111
2 0.0780022609375 0.5342899986111111 0.0780022609375 0.6362537375 0.1640341671875 0.6362537375 0.1640341671875 0.5342899986111111
7 0.49210250078125 0.3996978611111111 0.49210250078125 0.45679755555555557 0.52536816953125 0.45679755555555557 0.52536816953125 0.3996978611111111
7 0.7579267546875 0.10604229027777777 0.7579267546875 0.15498488472222222 0.86345922578125 0.15498488472222222 0.86345922578125 0.10604229027777777
6 0.53309670625 0.17537763194444445 0.53309670625 0.2630664486111111 0.55833273359375 0.2630664486111111 0.55833273359375 0.17537763194444445
6 0.65124719140625 0.35891236527777776 0.65124719140625 0.40989423472222225 0.6638652031250001 0.40989423472222225 0.6638652031250001 0.35891236527777776
7 0.5419190742187501 0.4253344680555555 0.5419190742187501 0.4600021430555556 0.56256673125 0.4600021430555556 0.56256673125 0.4253344680555555
7 0.47325741640625 0.4786469319444444 0.47325741640625 0.49903967777777775 0.48587542890625 0.49903967777777775 0.48587542890625 0.4786469319444444
7 0.5643693015625 0.42722807083333336 0.5643693015625 0.4598564666666667 0.5873111429687501 0.4598564666666667 0.5873111429687501 0.42722807083333336