6 0.27341857734374997 0.29121746388888886 0.27341857734374997 0.3557013305555556 0.28979956015625 0.3557013305555556 0.28979956015625 0.29121746388888886
6 0.4465889625 0.30785846111111115 0.4465889625 0.35362120555555554 0.45711959375 0.35362120555555554 0.45711959375 0.30785846111111115
6 0.5600857687499999 0.4701081916666666 0.5600857687499999 0.4992299375 0.57997696015625 0.4992299375 0.57997696015625 0.4701081916666666
6 0.293309771875 0.2974578375 0.293309771875 0.35362120555555554 0.3073506125 0.35362120555555554 0.3073506125 0.2974578375
6 0.0534453859375 0.23921434583333334 0.0534453859375 0.3161789611111111 0.082697140625 0.3161789611111111 0.082697140625 0.23921434583333334
6 0.7262357335937499 0.28289696527777775 0.7262357335937499 0.3702622041666667 0.77771881953125 0.3702622041666667 0.77771881953125 0.28289696527777775
6 0.16343198203125 0.5075504361111111 0.16343198203125 0.5325119333333334 0.17396261328125 0.5325119333333334 0.17396261328125 0.5075504361111111
6 0.14939114140625 0.5075504361111111 0.14939114140625 0.5345920583333333 0.16343198203125 0.5345920583333333 0.16343198203125 0.5075504361111111
7 0.5355142953125 0.43058582083333335 0.5355142953125 0.4555473180555556 0.56359597890625 0.4555473180555556 0.56359597890625 0.43058582083333335
7 0.6560315218749999 0.3161789611111111 0.6560315218749999 0.44098644305555557 0.72623573203125 0.44098644305555557 0.72623573203125 0.3161789611111111
7 0.9778008179687501 0.37234232916666665 0.9778008179687501 0.4389063208333333 0.9976920109374999 0.4389063208333333 0.9976920109374999 0.37234232916666665
4 0.4091467171875 0.5470728069444445 0.4091467171875 0.6469187944444444 0.4325481203125 0.6469187944444444 0.4325481203125 0.5470728069444445
4 0.9169571695312501 0.4784286902777778 0.9169571695312501 0.7488449069444444 0.9731205375 0.7488449069444444 0.9731205375 0.4784286902777778
4 0.9696103265625 0.5096305611111112 0.9696103265625 0.7446846569444444 0.9988620812500001 0.7446846569444444 0.9988620812500001 0.5096305611111112
2 0.24182668281250003 0.5782746777777779 0.24182668281250003 0.6365181708333334 0.29799005078124996 0.6365181708333334 0.29799005078124996 0.5782746777777779
2 0.33894250703125 0.5512330569444445 0.33894250703125 0.6240374222222222 0.38574531328125 0.6240374222222222 0.38574531328125 0.5512330569444445
2 0.4711604359375 0.5491529319444445 0.4711604359375 0.5865951763888889 0.49807205000000004 0.5865951763888889 0.49807205000000004 0.5491529319444445
4 0.22895591093749998 0.5657939291666666 0.22895591093749998 0.607396425 0.2406566140625 0.607396425 0.2406566140625 0.5657939291666666
2 0.21725520937499998 0.5553933055555555 0.21725520937499998 0.5990759250000001 0.25235731484375 0.5990759250000001 0.25235731484375 0.5553933055555555
2 0.28160906875 0.5637138041666667 0.28160906875 0.6240374222222222 0.32607173515625 0.6240374222222222 0.32607173515625 0.5637138041666667
2 0.32724180546875 0.5657939291666666 0.32724180546875 0.607396425 0.34596292812499996 0.607396425 0.34596292812499996 0.5657939291666666
2 0.381065034375 0.5574734305555555 0.381065034375 0.5969958 0.39393580625 0.5969958 0.39393580625 0.5574734305555555
2 0.4325481203125 0.5533131805555556 0.4325481203125 0.5637138041666667 0.44424882187500003 0.5637138041666667 0.44424882187500003 0.5533131805555556
2 0.46414001484374995 0.5470728069444445 0.46414001484374995 0.5678740541666667 0.47350057578125 0.5678740541666667 0.47350057578125 0.5470728069444445
2 0.805800503125 0.4992299375 0.805800503125 0.6510790444444444 0.9988620820312499 0.6510790444444444 0.9988620820312499 0.4992299375
7 0.634970259375 0.14352860694444444 0.634970259375 0.2017721 0.72740580234375 0.2017721 0.72740580234375 0.14352860694444444