2 0.44061314609375 0.4505778486111111 0.44061314609375 0.5562903444444445 0.513723734375 0.5562903444444445 0.513723734375 0.4505778486111111
7 0.8697952875 0.13421755833333332 0.8697952875 0.32233646111111114 0.9475132265624999 0.32233646111111114 0.9475132265624999 0.13421755833333332
2 0.3197369734375 0.45750981527777773 0.3197369734375 0.5112325583333334 0.36360332734375 0.5112325583333334 0.36360332734375 0.45750981527777773
2 0.3733514046875 0.46097579861111115 0.3733514046875 0.4956356347222223 0.40064602578124997 0.4956356347222223 0.40064602578124997 0.46097579861111115
2 0 0.4384469069444445 0 0.5164315347222223 0.0497152 0.5164315347222223 0.0497152 0.4384469069444445
2 0.0409419296875 0.4523108388888889 0.0409419296875 0.5164315333333334 0.06141289453125 0.5164315333333334 0.06141289453125 0.4523108388888889
2 0.07213578046875 0.45924280694444447 0.07213578046875 0.5025676 0.12282578828124999 0.5025676 0.12282578828124999 0.45924280694444447
2 0.12282578828124999 0.47137375 0.12282578828124999 0.4956356319444445 0.15791887109375 0.4956356319444445 0.15791887109375 0.47137375
2 0.15791887109375 0.4627087902777778 0.15791887109375 0.4887036680555556 0.19398676171875 0.4887036680555556 0.19398676171875 0.4627087902777778
2 0.193011953125 0.4644417819444444 0.193011953125 0.4956356319444445 0.23882792187500002 0.4956356319444445 0.23882792187500002 0.4644417819444444
2 0.2320042671875 0.46964075833333335 0.2320042671875 0.49390264166666664 0.27099658125000003 0.49390264166666664 0.27099658125000003 0.46964075833333335
2 0.26612254218750003 0.4644417819444444 0.26612254218750003 0.48697067499999996 0.280744659375 0.48697067499999996 0.280744659375 0.4644417819444444
9 0.27879504375 0.4534661791666667 0.27879504375 0.4794610541666666 0.3125883875 0.4794610541666666 0.3125883875 0.4534661791666667
2 0.30340894218750003 0.46704127083333336 0.30340894218750003 0.49130315416666664 0.32387990703125 0.49130315416666664 0.32387990703125 0.46704127083333336
2 0.43500800078125 0.4635752861111111 0.43500800078125 0.4878371708333334 0.44865531015625004 0.4878371708333334 0.44865531015625004 0.4635752861111111
2 0.36677145234375 0.4635752861111111 0.36677145234375 0.47917221249999997 0.37944395468750003 0.47917221249999997 0.37944395468750003 0.4635752861111111
2 0.39796530390624996 0.4601093027777778 0.39796530390624996 0.47397323750000003 0.40771338124999995 0.47397323750000003 0.40771338124999995 0.4601093027777778
2 0.4067385734375 0.4566433194444444 0.4067385734375 0.47050725416666667 0.41453703671875 0.47050725416666667 0.41453703671875 0.4566433194444444
2 0.409662996875 0.46184229444444447 0.409662996875 0.4722402444444444 0.41843626796875 0.4722402444444444 0.41843626796875 0.46184229444444447
2 0.41551184453124995 0.4583763111111111 0.41551184453124995 0.47050725416666667 0.42623473046875004 0.47050725416666667 0.42623473046875004 0.4583763111111111
2 0.42623473046875004 0.4549103277777778 0.42623473046875004 0.47050725416666667 0.43695761796875 0.47050725416666667 0.43695761796875 0.4549103277777778
2 0.40088972656250005 0.40811955138888883 0.40088972656250005 0.4219834861111111 0.42331030781249995 0.4219834861111111 0.42331030781249995 0.40811955138888883
2 0.15231372578125 0.4219834847222222 0.15231372578125 0.43238143611111113 0.1601121890625 0.43238143611111113 0.1601121890625 0.4219834847222222
2 0.1601121890625 0.4133185263888889 0.1601121890625 0.43411442777777776 0.172784690625 0.43411442777777776 0.172784690625 0.4133185263888889
2 0.20300373359375 0.4133185263888889 0.20300373359375 0.42371647638888893 0.21567623593750002 0.42371647638888893 0.21567623593750002 0.4133185263888889
2 0.21665104375 0.4133185263888889 0.21665104375 0.42718246111111113 0.23127316250000002 0.42718246111111113 0.23127316250000002 0.4133185263888889
7 0.069820596875 0.42012669861111107 0.069820596875 0.4426555930555555 0.07956867578125 0.4426555930555555 0.07956867578125 0.42012669861111107
7 0.60206568125 0.4339906333333333 0.60206568125 0.45305354166666667 0.6098641437500001 0.45305354166666667 0.6098641437500001 0.4339906333333333
7 0.67517626953125 0.41146174027777777 0.67517626953125 0.42705866527777775 0.68492434765625 0.42705866527777775 0.68492434765625 0.41146174027777777
7 0.6215618375 0.40106379027777783 0.6215618375 0.4149277236111111 0.63033510859375 0.4149277236111111 0.63033510859375 0.40106379027777783