6 0.3996623703125 0.24627459583333333 0.3996623703125 0.2705551875 0.411954421875 0.2705551875 0.411954421875 0.24627459583333333
6 0.504827696875 0.2195659388888889 0.504827696875 0.24384653333333334 0.51575396484375 0.24384653333333334 0.51575396484375 0.2195659388888889
2 0.28149640625 0.29977339583333334 0.28149640625 0.37624620138888887 0.35720448203125 0.37624620138888887 0.35720448203125 0.29977339583333334
2 0.38327296640625 0.2899796638888889 0.38327296640625 0.3433969763888889 0.40649128515625 0.3433969763888889 0.40649128515625 0.2899796638888889
2 0.4010281546875 0.26306645 0.4010281546875 0.3507552638888889 0.45585438359374997 0.3507552638888889 0.45585438359374997 0.26306645
2 0.5075592640625 0.2851235472222222 0.5075592640625 0.3166883208333333 0.52668023359375 0.3166883208333333 0.52668023359375 0.2851235472222222
2 0.51366785234375 0.28345919722222224 0.51366785234375 0.39765858611111116 0.59625848125 0.39765858611111116 0.59625848125 0.28345919722222224
2 0.00221937734375 0.26812713055555554 0.00221937734375 0.5959151611111111 0.29176547343750003 0.5959151611111111 0.29176547343750003 0.26812713055555554
2 0.86129718203125 0.2268501152777778 0.86129718203125 0.4380912958333333 0.99924131328125 0.4380912958333333 0.99924131328125 0.2268501152777778
2 0.2574074734375 0.32832324166666665 0.2574074734375 0.3555372694444444 0.27537607265625 0.3555372694444444 0.27537607265625 0.32832324166666665
2 0.35146902265625 0.31200904583333333 0.35146902265625 0.35687309027777775 0.37211667890625 0.35687309027777775 0.37211667890625 0.31200904583333333
2 0.4868258703125 0.2916162958333333 0.4868258703125 0.31200904305555555 0.5063264359375 0.31200904305555555 0.5063264359375 0.2916162958333333
2 0.46273693671875 0.2916162958333333 0.46273693671875 0.31404831944444445 0.48453168671875 0.31404831944444445 0.48453168671875 0.2916162958333333
7 0.2840200046875 0.25083080138888886 0.2840200046875 0.267145 0.3081089390625 0.267145 0.3081089390625 0.25083080138888886
6 0.324856471875 0.24675225138888887 0.324856471875 0.26714499722222224 0.3340332078125 0.26714499722222224 0.3340332078125 0.24675225138888887
7 0.63434191875 0.00407855 0.63434191875 0.03262839583333333 0.6905494304687501 0.03262839583333333 0.6905494304687501 0.00407855
7 0.62401808828125 0.10400301527777778 0.62401808828125 0.1305135888888889 0.644665746875 0.1305135888888889 0.644665746875 0.10400301527777778
7 0.65269539140625 0.11419938888888889 0.65269539140625 0.14274923472222223 0.67563723203125 0.14274923472222223 0.67563723203125 0.11419938888888889