7 0.9075461046875001 0.3968551041666667 0.9075461046875001 0.41938399722222225 0.9416643796875 0.41938399722222225 0.9416643796875 0.3968551041666667
7 0.88220110078125 0.3292684277777778 0.88220110078125 0.3968551041666667 0.9416643796875 0.3968551041666667 0.9416643796875 0.3292684277777778
7 0.8899995625000001 0.2668807263888889 0.8899995625000001 0.32753543611111113 0.9250926453125 0.32753543611111113 0.9250926453125 0.2668807263888889
7 0.69113876328125 0.42631596527777776 0.69113876328125 0.4644417791666667 0.7242822304687501 0.4644417791666667 0.7242822304687501 0.42631596527777776
7 0.7184333820312501 0.3985880972222222 0.7184333820312501 0.4141850236111111 0.73500511484375 0.4141850236111111 0.73500511484375 0.3985880972222222
7 0.696012803125 0.37952518749999997 0.696012803125 0.3968551041666667 0.7242822304687501 0.3968551041666667 0.7242822304687501 0.37952518749999997
7 0.70088684140625 0.33446740277777776 0.70088684140625 0.3483313375 0.719408190625 0.3483313375 0.719408190625 0.33446740277777776
7 0.69991203359375 0.31540449444444446 0.69991203359375 0.33100142083333334 0.72038299921875 0.33100142083333334 0.72038299921875 0.31540449444444446
7 0.56636335859375 0.4141850208333333 0.56636335859375 0.4419128888888889 0.5848847078125 0.4419128888888889 0.5848847078125 0.4141850208333333
7 0.7252570375 0.4315149402777778 0.7252570375 0.46097579722222226 0.74182877109375 0.46097579722222226 0.74182877109375 0.4315149402777778
7 0.6297258679687501 0.4523108402777778 0.6297258679687501 0.4679077652777778 0.6384991390625 0.4679077652777778 0.6384991390625 0.4523108402777778
7 0.6151037515625 0.44364588194444443 0.6151037515625 0.46617477500000004 0.6384991390625 0.46617477500000004 0.6384991390625 0.44364588194444443
7 0.16766694843750002 0.37779219583333334 0.16766694843750002 0.41938399722222225 0.19593637734375 0.41938399722222225 0.19593637734375 0.37779219583333334
7 0.14232194453125 0.3985880972222222 0.14232194453125 0.42631596527777776 0.1657173328125 0.42631596527777776 0.1657173328125 0.3985880972222222
7 0.17936464296875002 0.3465983472222222 0.17936464296875002 0.3656612541666666 0.19496156874999998 0.3656612541666666 0.19496156874999998 0.3465983472222222
6 0.38212467578125 0.35872928888888883 0.38212467578125 0.3933891222222222 0.39187275390625 0.3933891222222222 0.39187275390625 0.35872928888888883
6 0.6375243312500001 0.4817717013888889 0.6375243312500001 0.5025676 0.64532279375 0.5025676 0.64532279375 0.4817717013888889
6 0.3928475609375 0.3604622791666667 0.3928475609375 0.4107190388888889 0.40454525546875003 0.4107190388888889 0.40454525546875003 0.3604622791666667
6 0.51274892734375 0.4055200638888889 0.51274892734375 0.42631596527777776 0.5176229679687501 0.42631596527777776 0.5176229679687501 0.4055200638888889
6 0.3119385109375 0.38645715555555554 0.3119385109375 0.4228499791666666 0.31876216562500004 0.4228499791666666 0.31876216562500004 0.38645715555555554
6 0.303165240625 0.48523768333333334 0.303165240625 0.5025676 0.31096370390625 0.5025676 0.31096370390625 0.48523768333333334
6 0.29146754609375003 0.4887036666666667 0.29146754609375003 0.5008346083333333 0.30219043125 0.5008346083333333 0.30219043125 0.4887036666666667
6 0.15499444843750002 0.4609758 0.15499444843750002 0.49216965138888885 0.17254098984375 0.49216965138888885 0.17254098984375 0.4609758
6 0.23980273046875 0.3483313375 0.23980273046875 0.3881901472222223 0.25442484765625 0.3881901472222223 0.25442484765625 0.3483313375
2 0.513723734375 0.51296555 0.513723734375 0.5545573513888888 0.53711912265625 0.5545573513888888 0.53711912265625 0.51296555
2 0.52932066015625 0.5043005902777777 0.52932066015625 0.5372274333333333 0.54589239296875 0.5372274333333333 0.54589239296875 0.5043005902777777
2 0.48545430703125003 0.5198975194444444 0.48545430703125003 0.5302954694444445 0.5010512328125001 0.5302954694444445 0.5010512328125001 0.5198975194444444
2 0.45523526328125 0.5094995680555556 0.45523526328125 0.5684212861111111 0.49130315468749997 0.5684212861111111 0.49130315468749997 0.5094995680555556
2 0.41819256484375 0.5287496347222223 0.41819256484375 0.5909501805555556 0.45133603203124995 0.5909501805555556 0.45133603203124995 0.5287496347222223
2 0.3353338984375 0.5181645263888889 0.3353338984375 0.5874841916666667 0.37432621093749996 0.5874841916666667 0.37432621093749996 0.5181645263888889
2 0.36750255703125 0.5146985444444444 0.36750255703125 0.5510913708333334 0.38797352265625 0.5510913708333334 0.38797352265625 0.5146985444444444
2 0.262223309375 0.5094995680555556 0.262223309375 0.5233635013888889 0.29341716171875 0.5233635013888889 0.29341716171875 0.5094995680555556
2 0.54199316171875 0.5302954680555556 0.54199316171875 0.5909501777777778 0.58293509140625 0.5909501777777778 0.58293509140625 0.5302954680555556
2 0.48252988359375 0.5268294861111111 0.48252988359375 0.5840182097222222 0.52249700546875 0.5840182097222222 0.52249700546875 0.5268294861111111
2 0.36847736640625 0.5146985444444444 0.36847736640625 0.6308089902777778 0.44646199375 0.6308089902777778 0.44646199375 0.5146985444444444
2 0.08773270625 0.45750981527777773 0.08773270625 0.8006421777777777 0.35190563203125 0.8006421777777777 0.35190563203125 0.45750981527777773
4 0.09943040078125 0.5146985444444444 0.09943040078125 0.5961491555555556 0.11892655703124999 0.5961491555555556 0.11892655703124999 0.5146985444444444
4 0.08188385859375 0.5250964916666667 0.08188385859375 0.6446729222222223 0.098455590625 0.6446729222222223 0.098455590625 0.5250964916666667
4 0.05848847109375001 0.5112325597222223 0.05848847109375001 0.6325419805555555 0.08188385859375 0.6325419805555555 0.08188385859375 0.5112325597222223
4 0.0165717328125 0.51296555 0.0165717328125 0.6464059138888889 0.046790775 0.6464059138888889 0.046790775 0.51296555
4 0.944588803125 0.5302954680555556 0.944588803125 0.7365214833333333 0.993329196875 0.7365214833333333 0.993329196875 0.5302954680555556
4 0.8656293679687501 0.5302954680555556 0.8656293679687501 0.6966626736111111 0.90559648984375 0.6966626736111111 0.90559648984375 0.5302954680555556
4 0.792518778125 0.51296555 0.792518778125 0.6273430013888889 0.816888975 0.6273430013888889 0.816888975 0.51296555
4 0.7700981984374999 0.5112325597222223 0.7700981984374999 0.6360079625 0.79446839453125 0.6360079625 0.79446839453125 0.5112325597222223
4 0.71355934296875 0.5164315347222223 0.71355934296875 0.5770862458333333 0.7242822304687501 0.5770862458333333 0.7242822304687501 0.5164315347222223
4 0.6784662609375001 0.5268294861111111 0.6784662609375001 0.5944161625000001 0.69503799296875 0.5944161625000001 0.69503799296875 0.5268294861111111
4 0.6667685664062499 0.5164315347222223 0.6667685664062499 0.5909501777777778 0.6813906843749999 0.5909501777777778 0.6813906843749999 0.5164315347222223
4 0.65019683203125 0.5233635013888889 0.65019683203125 0.5788192361111111 0.66384414296875 0.5788192361111111 0.66384414296875 0.5233635013888889
4 0.635574715625 0.5233635013888889 0.635574715625 0.5840182111111111 0.64532279375 0.5840182111111111 0.64532279375 0.5233635013888889
4 0.6180281734374999 0.5198975194444444 0.6180281734374999 0.5510913708333334 0.62777625234375 0.5510913708333334 0.62777625234375 0.5198975194444444
4 0.316587303125 0.5310933819444444 0.316587303125 0.57796835 0.33372596171875 0.57796835 0.33372596171875 0.5310933819444444