2 0.22040826249999998 0.4129593736111111 0.22040826249999998 0.4971430847222222 0.27895420625 0.4971430847222222 0.27895420625 0.4129593736111111
2 0.11020413203124999 0.39765324444444444 0.11020413203124999 0.5201022791666666 0.22901796015625 0.5201022791666666 0.22901796015625 0.39765324444444444
2 0.2849809953125 0.4203063208333333 0.2849809953125 0.48459206250000003 0.33577821171875 0.48459206250000003 0.33577821171875 0.4203063208333333
2 0.33061239296875 0.4248981597222222 0.33061239296875 0.47540838611111114 0.35816342578125 0.47540838611111114 0.35816342578125 0.4248981597222222
2 0.34869275859375 0.4203063208333333 0.34869275859375 0.46316348055555556 0.37279991328125 0.46316348055555556 0.37279991328125 0.4203063208333333
2 0.3796876703125 0.4203063208333333 0.3796876703125 0.4524491916666667 0.39432415625 0.4524491916666667 0.39432415625 0.4203063208333333
2 0.39088027734374997 0.4248981597222222 0.39088027734374997 0.4524491916666667 0.40982161250000004 0.4524491916666667 0.40982161250000004 0.4248981597222222
2 0.40723870390625 0.42336754583333336 0.40723870390625 0.45091858194444445 0.42445809843750004 0.45091858194444445 0.42445809843750004 0.42336754583333336
2 0.42359712890625 0.4279593847222222 0.42359712890625 0.44938796666666664 0.43565070546875007 0.44938796666666664 0.43565070546875007 0.4279593847222222
2 0.43737264609375004 0.4279593847222222 0.43737264609375004 0.4447961277777778 0.44770428203124996 0.4447961277777778 0.44770428203124996 0.4279593847222222
2 0.53173493828125 0.4294899986111111 0.53173493828125 0.4585716458333333 0.546371425 0.4585716458333333 0.546371425 0.4294899986111111
2 0.5429275453125 0.4310206097222222 0.5429275453125 0.4646940944444444 0.56359081953125 0.4646940944444444 0.56359081953125 0.4310206097222222
2 0.56186888046875 0.43714306388888885 0.56186888046875 0.4708165486111111 0.5876979734375001 0.4708165486111111 0.5876979734375001 0.43714306388888885
2 0.5756443960937501 0.44326551388888885 0.5756443960937501 0.48367368888888884 0.6009569031249999 0.48367368888888884 0.6009569031249999 0.44326551388888885
2 0.694630403125 0.45091858055555556 0.694630403125 0.543061475 0.7252809328125001 0.543061475 0.7252809328125001 0.45091858055555556
2 0.71675733671875 0.45397980555555556 0.71675733671875 0.5655614777777778 0.8117222921874999 0.5655614777777778 0.8117222921874999 0.45397980555555556
2 0.76927649296875 0.3298470875 0.76927649296875 0.7232146111111111 0.998294453125 0.7232146111111111 0.998294453125 0.3298470875
2 0 0.40408181249999997 0 0.5693880097222223 0.027551032812499997 0.5693880097222223 0.027551032812499997 0.40408181249999997
2 0.465268075 0.40683691805555555 0.465268075 0.5002043083333334 0.5203701398437499 0.5002043083333334 0.5203701398437499 0.40683691805555555
2 0.6231699125 0.4095985333333333 0.6231699125 0.5119090444444445 0.6933053124999999 0.5119090444444445 0.6933053124999999 0.4095985333333333