2 0.09602217265625 0.3158062569444444 0.09602217265625 0.5917810930555555 0.34968074531250004 0.5917810930555555 0.34968074531250004 0.3158062569444444
2 0.47691012421875 0.4096946027777778 0.47691012421875 0.43956816666666665 0.49931529843750005 0.43956816666666665 0.49931529843750005 0.4096946027777778
2 0.33927834375 0.3684406333333334 0.33927834375 0.49647019583333335 0.426498484375 0.49647019583333335 0.426498484375 0.3684406333333334
2 0.7153651867187499 0.3727082847222222 0.7153651867187499 0.5860908916666666 0.91061027109375 0.5860908916666666 0.91061027109375 0.3727082847222222
2 0.6641533609375 0.3812435888888889 0.6641533609375 0.5234986611111111 0.7601755328124999 0.5234986611111111 0.7601755328124999 0.3812435888888889
2 0.6233439375 0.3798210388888889 0.6233439375 0.4993152986111111 0.70016167578125 0.4993152986111111 0.70016167578125 0.3798210388888889
2 0.59053636171875 0.3812435888888889 0.59053636171875 0.47086428333333336 0.6473494804687501 0.47086428333333336 0.6473494804687501 0.3812435888888889
2 0.5721321125000001 0.4068495013888889 0.5721321125000001 0.453793675 0.6025391328125 0.453793675 0.6025391328125 0.4068495013888889
2 0.56493044921875 0.4125397041666667 0.56493044921875 0.44099072083333335 0.578533590625 0.44099072083333335 0.578533590625 0.4125397041666667
2 0.554528046875 0.4096946027777778 0.554528046875 0.4438358208333334 0.57053174296875 0.4438358208333334 0.57053174296875 0.4096946027777778
2 0.54572601484375 0.41822990694444445 0.54572601484375 0.44099071944444446 0.5593291554687501 0.44099071944444446 0.5593291554687501 0.41822990694444445
2 0.5377241671874999 0.41822990694444445 0.5377241671874999 0.43956816666666665 0.54892675390625 0.43956816666666665 0.54892675390625 0.41822990694444445
2 0.49851511328125 0.41396225555555555 0.49851511328125 0.4381456180555556 0.50491659140625 0.4381456180555556 0.50491659140625 0.41396225555555555
2 0.503316221875 0.41822990694444445 0.503316221875 0.44099071944444446 0.51131806953125 0.44099071944444446 0.51131806953125 0.41822990694444445
2 0.5137186234375 0.4210750097222222 0.5137186234375 0.44099071944444446 0.5201201023437501 0.44099071944444446 0.5201201023437501 0.4210750097222222
2 0.8321921632812501 0.38266614027777773 0.8321921632812501 0.728345961111111 0.99943078046875 0.728345961111111 0.99943078046875 0.38266614027777773
7 0.41769645078125006 0.31438370555555556 0.41769645078125006 0.3300317638888889 0.4369008859375 0.3300317638888889 0.4369008859375 0.31438370555555556
7 0.60333931796875 0.3556376763888889 0.60333931796875 0.36701808194444446 0.61534208984375 0.36701808194444446 0.61534208984375 0.3556376763888889