6 0.65803205 0.000924025 0.65803205 0.047125269444444444 0.675704025 0.047125269444444444 0.675704025 0.000924025
6 0.67445162265625 0 0.67445162265625 0.042132654166666665 0.6954550562499999 0.042132654166666665 0.6954550562499999 0
6 0.6439984203125 0.000924025 0.6439984203125 0.04527721944444445 0.6627099249999999 0.04527721944444445 0.6627099249999999 0.000924025
6 0.8472261476562499 0.27073929444444444 0.8472261476562499 0.30400419305555554 0.866457415625 0.30400419305555554 0.866457415625 0.27073929444444444
6 0.83063012578125 0.2705949152777778 0.83063012578125 0.3084799388888889 0.844143990625 0.3084799388888889 0.844143990625 0.2705949152777778
6 0.13693419765624998 0.22808976944444445 0.13693419765624998 0.26320271666666667 0.156165465625 0.26320271666666667 0.156165465625 0.22808976944444445
6 0.169159565625 0.2336339222222222 0.169159565625 0.26597479027777776 0.17903508203125001 0.26597479027777776 0.17903508203125001 0.2336339222222222
7 0.12873363124999998 0.12782344027777778 0.12873363124999998 0.15000003888888888 0.1619985265625 0.15000003888888888 0.1619985265625 0.12782344027777778
7 0.1661566375 0.1518480875 0.1661566375 0.17402468333333332 0.1827890859375 0.17402468333333332 0.1827890859375 0.1518480875
7 0.16095899921875 0.1675565125 0.16095899921875 0.19804933333333333 0.17655191875 0.19804933333333333 0.17655191875 0.1675565125
7 0.16511711093749998 0.19804933194444443 0.16511711093749998 0.22484605416666667 0.18746696406250002 0.22484605416666667 0.18746696406250002 0.19804933194444443
7 0.39329350859375 0.26765921527777775 0.39329350859375 0.28429166111111115 0.40368878906249994 0.28429166111111115 0.40368878906249994 0.26765921527777775
2 0.5367483828124999 0.35328551527777774 0.5367483828124999 0.3625257638888889 0.5435053140624999 0.3625257638888889 0.5435053140624999 0.35328551527777774
2 0.5306844749999999 0.34958941388888887 0.5306844749999999 0.3625257625 0.5348425867187501 0.3625257625 0.5348425867187501 0.34958941388888887
2 0.52652636171875 0.35143746666666664 0.52652636171875 0.3643738125 0.53120423828125 0.3643738125 0.53120423828125 0.35143746666666664
2 0.52288801484375 0.34958941388888887 0.52288801484375 0.3643738125 0.52704612734375 0.3643738125 0.52704612734375 0.34958941388888887
2 0.51769037421875 0.34866539027777776 0.51769037421875 0.3662218611111111 0.52444730546875 0.3662218611111111 0.52444730546875 0.34866539027777776
2 0.5130124992187499 0.34774136527777777 0.5130124992187499 0.3662218611111111 0.5213287234374999 0.3662218611111111 0.5213287234374999 0.34774136527777777
2 0.50365674765625 0.34219721666666664 0.50365674765625 0.3708419902777778 0.51665084765625 0.3708419902777778 0.51665084765625 0.34219721666666664
2 0.48858359062499995 0.3440452638888889 0.48858359062499995 0.37915821250000004 0.507814859375 0.37915821250000004 0.507814859375 0.3440452638888889
2 0.47039184921875005 0.34312124166666663 0.47039184921875005 0.3902465097222222 0.49430099375000003 0.3902465097222222 0.49430099375000003 0.34312124166666663
2 0.45895704140625 0.33572904166666667 0.45895704140625 0.4050309097222222 0.47974760156249996 0.4050309097222222 0.47974760156249996 0.33572904166666667
2 0.40386205625000005 0.31817257083333333 0.40386205625000005 0.4161192069444445 0.47039184921875005 0.4161192069444445 0.47039184921875005 0.31817257083333333
2 0.54315881171875 0.34866539027777776 0.54315881171875 0.36067771249999997 0.55043550703125 0.36067771249999997 0.55043550703125 0.34866539027777776
2 0.54783668671875 0.3523614902777778 0.54783668671875 0.3634497875 0.55615291171875 0.3634497875 0.55615291171875 0.3523614902777778
2 0.5530343265625 0.34958941388888887 0.5530343265625 0.36529783750000006 0.5597912578125 0.36529783750000006 0.5597912578125 0.34958941388888887
2 0.557712203125 0.3468173402777778 0.557712203125 0.3680699138888889 0.56498889921875 0.3680699138888889 0.56498889921875 0.3468173402777778
2 0.5618703148437499 0.34774136527777777 0.5618703148437499 0.3726900347222222 0.5753841796875 0.3726900347222222 0.5753841796875 0.34774136527777777
2 0.5712260671875 0.33572904166666667 0.5712260671875 0.3883984597222222 0.60293167109375 0.3883984597222222 0.60293167109375 0.33572904166666667
2 0.5883782789062499 0.34219721666666664 0.5883782789062499 0.39948675972222225 0.6180048289062501 0.39948675972222225 0.6180048289062501 0.34219721666666664
2 0.60241190625 0.33110891666666664 0.60241190625 0.4161192069444445 0.6647835875 0.4161192069444445 0.6647835875 0.33110891666666664
2 0.624761759375 0.36160174027777775 0.624761759375 0.42905555972222226 0.6595859484375 0.42905555972222226 0.6595859484375 0.36160174027777775
2 0.63255821953125 0.3625257638888889 0.63255821953125 0.45492825694444444 0.71000305703125 0.45492825694444444 0.71000305703125 0.3625257638888889
2 0.6637440609375 0.33572904166666667 0.6637440609375 0.3939426125 0.7126018765625 0.3939426125 0.7126018765625 0.33572904166666667
2 0.3789133859375 0.35390153611111114 0.3789133859375 0.43983585138888887 0.44752223359375 0.43983585138888887 0.44752223359375 0.35390153611111114
2 0.84947305390625 0.3603697111111111 0.84947305390625 0.44907610277777776 0.9825326390625 0.44907610277777776 0.9825326390625 0.3603697111111111
2 0.88828211015625 0.3557495875 0.88828211015625 0.46201245138888886 0.9989918453125 0.46201245138888886 0.9989918453125 0.3557495875
2 0.00075076953125 0.33288959166666665 0.00075076953125 0.4456206263888889 0.0678003265625 0.4456206263888889 0.0678003265625 0.33288959166666665
9 0.7201041523437499 0.28853639722222224 0.7201041523437499 0.4132797597222222 0.87187524296875 0.4132797597222222 0.87187524296875 0.28853639722222224