7 0.21762087734375002 0.33572368750000003 0.21762087734375002 0.3605921083333334 0.26158469218749997 0.3605921083333334 0.26158469218749997 0.33572368750000003
7 0.2525920953125 0.3179605263888889 0.2525920953125 0.34105263333333335 0.281568246875 0.34105263333333335 0.281568246875 0.3179605263888889
7 0.7571768015625 0.2700000013888889 0.7571768015625 0.31440789583333334 0.78615295234375 0.31440789583333334 0.78615295234375 0.2700000013888889
7 0.8201249921875 0.39434210555555554 0.8201249921875 0.4085526333333333 0.8391093671875 0.4085526333333333 0.8391093671875 0.39434210555555554
7 0.82112416953125 0.4174342125 0.82112416953125 0.43697368472222226 0.85409703125 0.43697368472222226 0.85409703125 0.4174342125
6 0.6862351890625 0.20605263333333335 0.6862351890625 0.2664473666666667 0.70022367578125 0.2664473666666667 0.70022367578125 0.20605263333333335
6 0.46741528515624997 0.2664473680555556 0.46741528515624997 0.3108552638888889 0.47940541718749996 0.3108552638888889 0.47940541718749996 0.2664473680555556
6 0.6642532796875 0.20605263333333335 0.6642532796875 0.2682236847222222 0.6842368328124999 0.2682236847222222 0.6842368328124999 0.20605263333333335
2 0.46541693124999994 0.49203947638888884 0.46541693124999994 0.5346710555555556 0.4873988390625 0.5346710555555556 0.4873988390625 0.49203947638888884
2 0.4114613375 0.49203947638888884 0.4114613375 0.5346710555555556 0.43644077890625 0.5346710555555556 0.43644077890625 0.49203947638888884
2 0.42544982578125 0.4902631611111111 0.42544982578125 0.5595394763888889 0.47141199765625 0.5595394763888889 0.47141199765625 0.4902631611111111
2 0.35250985859375 0.47960526666666664 0.35250985859375 0.5577631611111111 0.41345969374999997 0.5577631611111111 0.41345969374999997 0.47960526666666664
4 0.2925592 0.47605263472222226 0.2925592 0.5773026347222222 0.3095452203125 0.5773026347222222 0.3095452203125 0.47605263472222226
4 0.14068419921875 0.47072368750000004 0.14068419921875 0.5897368486111111 0.16066775234375 0.5897368486111111 0.16066775234375 0.47072368750000004
4 0.17965212656250001 0.44585526666666664 0.17965212656250001 0.5577631611111111 0.20063485625 0.5577631611111111 0.20063485625 0.44585526666666664
4 0.2645822265625 0.47427631805555553 0.2645822265625 0.5151315819444444 0.27956989062500004 0.5151315819444444 0.27956989062500004 0.47427631805555553
4 0.21961923125 0.47960526666666664 0.21961923125 0.564868425 0.2336077203125 0.564868425 0.2336077203125 0.47960526666666664
4 0.234606896875 0.4653947388888889 0.234606896875 0.5506578972222222 0.24759620703125 0.5506578972222222 0.24759620703125 0.4653947388888889
4 0.20762910078125 0.46006579166666667 0.20762910078125 0.5382236874999999 0.22061841015625 0.5382236874999999 0.22061841015625 0.46006579166666667
4 0.10871051406250001 0.4476315819444444 0.10871051406250001 0.5737500027777778 0.1286940671875 0.5737500027777778 0.1286940671875 0.4476315819444444
4 0.06474669921875001 0.4511842125 0.06474669921875001 0.5755263194444444 0.09272367265625 0.5755263194444444 0.09272367265625 0.4511842125
4 0.036769724999999996 0.45473684583333335 0.036769724999999996 0.5701973722222222 0.058751632812499996 0.5701973722222222 0.058751632812499996 0.45473684583333335
4 0 0.43164473888888893 0 0.5559868458333332 0.029775481250000003 0.5559868458333332 0.029775481250000003 0.43164473888888893
4 0.71621051796875 0.5133552666666666 0.71621051796875 0.5755263222222222 0.7272014718750001 0.5755263222222222 0.7272014718750001 0.5133552666666666
4 0.7012228539062499 0.5151315819444444 0.7012228539062499 0.5684210555555556 0.71221380703125 0.5684210555555556 0.71221380703125 0.5151315819444444
4 0.67424505703125 0.5169078972222222 0.67424505703125 0.5613157930555556 0.6852360117187499 0.5613157930555556 0.6852360117187499 0.5169078972222222
4 0.6472672609375001 0.5151315819444444 0.6472672609375001 0.5524342138888889 0.6582582140625 0.5524342138888889 0.6582582140625 0.5151315819444444
1 0.48540048437500005 0.34282894722222224 0.48540048437500005 0.6092763194444444 0.632279596875 0.6092763194444444 0.632279596875 0.34282894722222224
4 0.6365495234375 0.5129655513888889 0.6365495234375 0.5562903444444445 0.6443479859375 0.5562903444444445 0.6443479859375 0.5129655513888889
2 0.71745857421875 0.42804895694444445 0.71745857421875 0.8127731194444444 0.9982032343749999 0.8127731194444444 0.9982032343749999 0.42804895694444445