7 0.16279291015625 0.3292684277777778 0.16279291015625 0.38645715555555554 0.19691118515625 0.38645715555555554 0.19691118515625 0.3292684277777778
6 0.15791887109375 0.4055200638888889 0.15791887109375 0.46790776666666667 0.177415028125 0.46790776666666667 0.177415028125 0.4055200638888889
6 0.227130228125 0.24435183333333335 0.227130228125 0.3015405597222222 0.24272715234375003 0.3015405597222222 0.24272715234375003 0.24435183333333335
6 0.24760119296875 0.246084825 0.24760119296875 0.3015405597222222 0.26709735 0.3015405597222222 0.26709735 0.246084825
6 0.15791887109375 0.47830571666666666 0.15791887109375 0.5025676 0.17156618125 0.5025676 0.17156618125 0.47830571666666666
9 0 0.256482775 0 0.7503854166666667 0.0965059765625 0.7503854166666667 0.0965059765625 0.256482775
2 0.1423219453125 0.5632223111111111 0.1423219453125 0.5926831736111111 0.1764402203125 0.5926831736111111 0.1764402203125 0.5632223111111111
1 0.1764402203125 0.5112325597222223 0.1764402203125 0.5822852194444444 0.25247523203125 0.5822852194444444 0.25247523203125 0.5112325597222223
2 0.41234371875000003 0.5406934180555556 0.41234371875000003 0.6256100125 0.46985738203125005 0.6256100125 0.46985738203125005 0.5406934180555556
2 0.42794064453124997 0.5181645263888889 0.42794064453124997 0.5649553027777777 0.47083218984375 0.5649553027777777 0.47083218984375 0.5181645263888889
2 0.47083218984375 0.5285624763888889 0.47083218984375 0.5649553027777777 0.49910161640624995 0.5649553027777777 0.49910161640624995 0.5285624763888889
2 0.5030008484375 0.5198975180555555 0.5030008484375 0.5632223111111111 0.5254214273437501 0.5632223111111111 0.5254214273437501 0.5198975180555555
0 0.5488168171875001 0.5354944430555555 0.5488168171875001 0.5666882916666667 0.5585648953125 0.5666882916666667 0.5585648953125 0.5354944430555555
2 0.28366908281250003 0.5302954680555556 0.28366908281250003 0.5684212861111111 0.30608966328125 0.5684212861111111 0.30608966328125 0.5302954680555556