4 0.193954896875 0.5424166902777777 0.193954896875 0.655795875 0.21925062734375 0.655795875 0.21925062734375 0.5424166902777777
2 0.159165228125 0.5850706930555556 0.159165228125 0.6106630930555556 0.191555609375 0.6106630930555556 0.191555609375 0.5850706930555556
2 0.01160904609375 0.5786725930555556 0.01160904609375 0.6533170944444444 0.16156451562500002 0.6533170944444444 0.16156451562500002 0.5786725930555556
2 0 0.6021322930555556 0 0.6789094916666667 0.054796222656250004 0.6789094916666667 0.054796222656250004 0.6021322930555556
2 0.21794777187499997 0.5765398930555555 0.21794777187499997 0.6127957930555555 0.2659335234375 0.6127957930555555 0.2659335234375 0.5765398930555555
2 0.259935303125 0.5765398930555555 0.259935303125 0.6021322930555556 0.29232568515625 0.6021322930555556 0.29232568515625 0.5765398930555555
2 0.325915709375 0.5744071902777778 0.325915709375 0.5978668944444444 0.36790324218750003 0.5978668944444444 0.36790324218750003 0.5744071902777778
2 0.36910288515625 0.5744071902777778 0.36910288515625 0.5936014930555555 0.38349861015625 0.5936014930555555 0.38349861015625 0.5744071902777778
2 0.41948792265624996 0.5637436902777778 0.41948792265624996 0.5936014930555555 0.44228115390625 0.5936014930555555 0.44228115390625 0.5637436902777778
2 0.44228115390625 0.5680090902777778 0.44228115390625 0.5893360930555556 0.45547723515625 0.5893360930555556 0.45547723515625 0.5680090902777778
2 0.49146654765625 0.5552128902777778 0.49146654765625 0.5850706930555556 0.50946120546875 0.5850706930555556 0.50946120546875 0.5552128902777778
2 0.50586227265625 0.5488147902777778 0.50586227265625 0.6021322944444445 0.5394523 0.6021322944444445 0.5394523 0.5488147902777778
2 0.55264837890625 0.5253550902777778 0.55264837890625 0.6469189902777778 0.64742023515625 0.6469189902777778 0.64742023515625 0.5253550902777778
9 0.6426216609375001 0.5338858902777778 0.6426216609375001 0.5893360930555556 0.69540598671875 0.5893360930555556 0.69540598671875 0.5338858902777778
2 0.7014042046875 0.5488147902777778 0.7014042046875 0.5680090902777778 0.73139529921875 0.5680090902777778 0.73139529921875 0.5488147902777778
2 0.7337945859375 0.5381512902777777 0.7337945859375 0.5594782902777777 0.7649853249999999 0.5594782902777777 0.7649853249999999 0.5381512902777777
7 0.9569283242187501 0.2694310888888889 0.9569283242187501 0.32274859305555553 1 0.32274859305555553 1 0.2694310888888889