6 0.92801706953125 0 0.92801706953125 0.28594363472222223 0.9923543867187499 0.28594363472222223 0.9923543867187499 0
6 0.44061314609375 0.17676515555555555 0.44061314609375 0.2963415847222222 0.464008534375 0.2963415847222222 0.464008534375 0.17676515555555555
6 0.50495046328125 0.5164315333333334 0.50495046328125 0.5684212847222222 0.5166481578125001 0.5684212847222222 0.5166481578125001 0.5164315333333334
6 0.5234718140625 0.5060335833333334 0.5234718140625 0.5718872694444445 0.5390687398437499 0.5718872694444445 0.5390687398437499 0.5060335833333334
6 0.23980273046875 0.3517973208333333 0.23980273046875 0.41765100555555557 0.26027369453125 0.41765100555555557 0.26027369453125 0.3517973208333333
6 0.0672617421875 0.32233646111111114 0.0672617421875 0.39165612916666664 0.08773270625 0.39165612916666664 0.08773270625 0.32233646111111114
7 0.09553116874999999 0.3413993708333333 0.09553116874999999 0.37605920416666666 0.11502732578125 0.37605920416666666 0.11502732578125 0.3413993708333333
7 0.38309948359375 0.45924280694444447 0.38309948359375 0.48697067499999996 0.43183987578125 0.48697067499999996 0.43183987578125 0.45924280694444447
7 0.65507087265625 0.02079590138888889 0.65507087265625 0.20102703888888887 0.76522415859375 0.20102703888888887 0.76522415859375 0.02079590138888889
7 0.59463278671875 0.5684212861111111 0.59463278671875 0.6065471041666667 0.6258266375 0.6065471041666667 0.6258266375 0.5684212861111111
7 0.601456440625 0.6065471041666667 0.601456440625 0.6325419805555555 0.61997778984375 0.6325419805555555 0.61997778984375 0.6065471041666667
7 0.60243124765625 0.6308089902777778 0.60243124765625 0.6637358305555555 0.6160785578125 0.6637358305555555 0.6160785578125 0.6308089902777778
7 0.8217630140625 0.5528243611111111 0.8217630140625 0.6092763194444444 0.8411077226562499 0.6092763194444444 0.8411077226562499 0.5528243611111111
7 0.8617301359375 0.6065471041666667 0.8617301359375 0.6273430027777778 0.8744026375 0.6273430027777778 0.8744026375 0.6065471041666667
2 0.41526814140625 0.6412069388888889 0.41526814140625 0.6706677986111111 0.4269658359375 0.6706677986111111 0.4269658359375 0.6412069388888889
2 0.37920025234375 0.6481389055555555 0.37920025234375 0.6620028388888889 0.38797352265625 0.6620028388888889 0.38797352265625 0.6481389055555555
2 0.37042698046875 0.6498718972222222 0.37042698046875 0.6706677986111111 0.380175059375 0.6706677986111111 0.380175059375 0.6498718972222222
2 0.34508197734375 0.6446729236111112 0.34508197734375 0.6810657486111111 0.372376596875 0.6810657486111111 0.372376596875 0.6446729236111112
2 0.38407429140625 0.6394739472222223 0.38407429140625 0.6845317319444444 0.41624295078125 0.6845317319444444 0.41624295078125 0.6394739472222223
2 0.32852959453124997 0.6516048888888889 0.32852959453124997 0.6741337819444445 0.3450819765625 0.6741337819444445 0.3450819765625 0.6516048888888889
2 0.30608966328125 0.6498718972222222 0.30608966328125 0.6724007902777778 0.314862934375 0.6724007902777778 0.314862934375 0.6498718972222222
2 0.0926067453125 0.6290759958333333 0.0926067453125 0.7139925902777777 0.1501204078125 0.7139925902777777 0.1501204078125 0.6290759958333333
9 0.24760119296875 0.5822852194444444 0.24760119296875 0.6897307083333334 0.30998889609375 0.6897307083333334 0.30998889609375 0.5822852194444444
2 0.131599059375 0.6273430055555556 0.131599059375 0.7261235333333333 0.25929888671875 0.7261235333333333 0.25929888671875 0.6273430055555556
2 0.07116097265625 0.6654688222222223 0.07116097265625 0.6897307069444445 0.08675789843750001 0.6897307069444445 0.08675789843750001 0.6654688222222223