1 0.33444106328125 0.30543804999999996 0.33444106328125 0.47129906666666666 0.43156152578125007 0.47129906666666666 0.43156152578125007 0.30543804999999996
7 0.5047205140625 0.341691825 0.5047205140625 0.37160118888888893 0.5200150742187499 0.37160118888888893 0.5200150742187499 0.341691825
7 0.5047205140625 0.37160118750000004 0.5047205140625 0.38111780138888884 0.52154453125 0.38111780138888884 0.52154453125 0.37160118750000004
2 0.4287575421875 0.3879153986111111 0.4287575421875 0.4055891125 0.43640482265624997 0.4055891125 0.43640482265624997 0.3879153986111111
2 0.475405953125 0.3851963666666667 0.475405953125 0.40015104861111106 0.48152377734374996 0.40015104861111106 0.48152377734374996 0.3851963666666667
2 0.47081758515625005 0.3879153986111111 0.47081758515625005 0.40287008194444446 0.47770013828125 0.40287008194444446 0.47770013828125 0.3879153986111111
2 0.45858193671874997 0.3879153986111111 0.45858193671874997 0.41102718055555554 0.4715823140625 0.41102718055555554 0.4715823140625 0.3879153986111111
2 0.43487536796875004 0.3879153986111111 0.43487536796875004 0.4232628277777778 0.45858193671874997 0.4232628277777778 0.45858193671874997 0.3879153986111111
2 0.27377264296875004 0.3747733986111111 0.27377264296875004 0.43731115833333334 0.32195051015625 0.43731115833333334 0.32195051015625 0.3747733986111111
2 0.153210390625 0.3598187152777778 0.153210390625 0.4930618625 0.26994900078125 0.4930618625 0.26994900078125 0.3598187152777778
2 0.0091767359375 0.3557401680555556 0.0091767359375 0.4814038305555555 0.15058733359375 0.4814038305555555 0.15058733359375 0.3557401680555556