2 0.00160036953125 0.45806132777777775 0.00160036953125 0.655795875 0.05121182578125 0.655795875 0.05121182578125 0.45806132777777775
9 0.78098033828125 0 0.78098033828125 0.8165441055555556 0.99943078046875 0.8165441055555556 0.99943078046875 0
2 0.0024005546874999997 0.4082720527777778 0.0024005546874999997 0.5590624277777778 0.1736400953125 0.5590624277777778 0.1736400953125 0.4082720527777778
2 0.360083146875 0.4310328625 0.360083146875 0.5135408055555555 0.42329774374999996 0.5135408055555555 0.42329774374999996 0.4310328625
2 0.43770107031250005 0.42676521388888894 0.43770107031250005 0.6188095583333334 0.56973155859375 0.6188095583333334 0.56973155859375 0.42676521388888894
2 0.6953605671875 0.4594838763888889 0.6953605671875 0.5462594708333334 0.78258070625 0.5462594708333334 0.78258070625 0.4594838763888889
2 0.5777334046875 0.45521622777777776 0.5777334046875 0.4765544861111111 0.5945372859375 0.4765544861111111 0.5945372859375 0.45521622777777776
9 0.34167889765625004 0.4224975597222222 0.34167889765625004 0.5050055027777778 0.41129497265625004 0.5050055027777778 0.41129497265625004 0.4224975597222222
9 0.45130421171875 0.38835634166666666 0.45130421171875 0.45806132638888886 0.5777334062499999 0.45806132638888886 0.5777334062499999 0.38835634166666666
9 0.41689626640625 0.4381456180555556 0.41689626640625 0.48224468888888894 0.42889903828125 0.48224468888888894 0.42889903828125 0.4381456180555556
2 0.30967150703125 0.4353005166666667 0.30967150703125 0.4765544861111111 0.34167889765625004 0.4765544861111111 0.34167889765625004 0.4353005166666667
9 0.26966226796875004 0.41538480555555557 0.26966226796875004 0.4779770375 0.301669659375 0.4779770375 0.301669659375 0.41538480555555557
2 0.561729709375 0.452371125 0.561729709375 0.4765544847222222 0.578533590625 0.4765544847222222 0.578533590625 0.452371125
2 0.673755578125 0.45806132777777775 0.673755578125 0.5249212111111111 0.72256684921875 0.5249212111111111 0.72256684921875 0.45806132777777775
2 0.65455114375 0.43956816805555554 0.65455114375 0.5149633555555556 0.7081635234375 0.5149633555555556 0.7081635234375 0.43956816805555554
2 0.6457491109375 0.44810347222222224 0.6457491109375 0.5121182541666667 0.6601524375000001 0.5121182541666667 0.6601524375000001 0.44810347222222224
2 0.63614689375 0.452371125 0.63614689375 0.5135408055555555 0.666553915625 0.5135408055555555 0.666553915625 0.452371125
2 0.6313457859375 0.44668092222222217 0.6313457859375 0.4850897902777778 0.6489498499999999 0.4850897902777778 0.6489498499999999 0.44668092222222217
2 0.6169424593749999 0.44952602361111105 0.6169424593749999 0.4722868347222222 0.63534671015625 0.4722868347222222 0.63534671015625 0.44952602361111105
2 0.59133654765625 0.45521622777777776 0.59133654765625 0.46944173472222217 0.5993383953125 0.46944173472222217 0.5993383953125 0.45521622777777776
7 0.08882051015625 0.35848277777777776 0.08882051015625 0.3968916472222222 0.10722476015625 0.3968916472222222 0.10722476015625 0.35848277777777776
7 0.805786065625 0.22903066388888887 0.805786065625 0.3044258513888889 0.849796228125 0.3044258513888889 0.849796228125 0.22903066388888887
7 0.8273910546875 0.19631199722222223 0.8273910546875 0.21765025972222224 0.849796228125 0.21765025972222224 0.849796228125 0.19631199722222223
2 0.0009748078125000001 0.41453161527777777 0.0009748078125000001 0.44745845833333336 0.009748078125 0.44745845833333336 0.009748078125 0.41453161527777777
9 0.0009748078125000001 0.37120682222222223 0.0009748078125000001 0.4405264916666667 0.027294619531249998 0.4405264916666667 0.027294619531249998 0.37120682222222223