2 0.06354535078125 0.47196863611111106 0.06354535078125 0.5208662861111111 0.101813078125 0.5208662861111111 0.101813078125 0.47196863611111106
2 0.02647349140625 0.4655906805555555 0.02647349140625 0.4847245430555555 0.0408238890625 0.4847245430555555 0.0408238890625 0.4655906805555555
2 0.088658546875 0.45283477083333334 0.088658546875 0.5357481791666667 0.19509066328125 0.5357481791666667 0.19509066328125 0.45283477083333334
2 0.21302866015625002 0.45283477083333334 0.21302866015625002 0.4974804513888889 0.25727571875 0.4974804513888889 0.25727571875 0.45283477083333334
2 0.18552373203125 0.46133871111111113 0.18552373203125 0.4996064361111111 0.2178121265625 0.4996064361111111 0.2178121265625 0.46133871111111113
2 0.26086331875 0.4549607555555556 0.26086331875 0.4911024986111111 0.2871723796875 0.4911024986111111 0.2871723796875 0.4549607555555556
2 0.29075998125 0.46133871111111113 0.29075998125 0.4911024986111111 0.34098637265625 0.4911024986111111 0.34098637265625 0.46133871111111113
2 0.37207890078125 0.4570867402777778 0.37207890078125 0.47834658888888887 0.38762516484375 0.47834658888888887 0.38762516484375 0.4570867402777778
2 0.4557895546875 0.4400788611111111 0.4557895546875 0.4698426486111111 0.48090274921875 0.4698426486111111 0.48090274921875 0.4400788611111111
2 0.44383088906249996 0.4294489361111111 0.44383088906249996 0.44433083055555556 0.4557895515625 0.44433083055555556 0.4557895515625 0.4294489361111111
2 0.50003661328125 0.42519696805555557 0.50003661328125 0.4379528763888889 0.5191704765625 0.4379528763888889 0.5191704765625 0.42519696805555557
2 0.5562423390625 0.40393712083333333 0.5562423390625 0.4230709833333333 0.56461340390625 0.4230709833333333 0.56461340390625 0.40393712083333333
2 0.5048200796875 0.4103150736111111 0.5048200796875 0.42944893472222223 0.52036634375 0.42944893472222223 0.52036634375 0.4103150736111111
2 0.51677874375 0.4018111333333333 0.51677874375 0.41456704305555553 0.526345675 0.41456704305555553 0.526345675 0.4018111333333333
2 0.55743820546875 0.4230709833333333 0.55743820546875 0.44220484583333336 0.571788603125 0.44220484583333336 0.571788603125 0.4230709833333333
2 0.56102580390625 0.43370090833333336 0.56102580390625 0.4655906819444445 0.5801596671875 0.4655906819444445 0.5801596671875 0.43370090833333336
2 0.5717886015625 0.39543318055555554 0.5717886015625 0.4209449986111111 0.59092246484375 0.4209449986111111 0.59092246484375 0.39543318055555554
2 0.57896380078125 0.4124410611111111 0.57896380078125 0.4485828013888889 0.5969017984375 0.4485828013888889 0.5969017984375 0.4124410611111111
2 0.587334865625 0.42519696805555557 0.587334865625 0.4677166638888889 0.60646872890625 0.4677166638888889 0.60646872890625 0.42519696805555557
2 0.62201499296875 0.43370090833333336 0.62201499296875 0.4911024986111111 0.662674453125 0.4911024986111111 0.662674453125 0.43370090833333336
2 0.64951992265625 0.41881901388888887 0.64951992265625 0.5017324236111111 0.70452978046875 0.5017324236111111 0.70452978046875 0.41881901388888887
2 0.67941658515625 0.42732295277777776 0.67941658515625 0.5208662861111111 0.754756171875 0.5208662861111111 0.754756171875 0.42732295277777776
2 0.7152925781249999 0.4315749208333334 0.7152925781249999 0.5485040861111111 0.784652834375 0.5485040861111111 0.784652834375 0.4315749208333334
2 0.7738900359375 0.25937015 0.7738900359375 0.6484253763888889 0.9975170664062499 0.6484253763888889 0.9975170664062499 0.25937015
2 0.5287374093749999 0.4060631055555555 0.5287374093749999 0.4209449986111111 0.5430878070312499 0.4209449986111111 0.5430878070312499 0.4060631055555555
2 0.541891940625 0.38692924305555554 0.541891940625 0.40393712083333333 0.5514588726562499 0.40393712083333333 0.5514588726562499 0.38692924305555554