2 0.16376771796875 0.42804895694444445 0.16376771796875 0.6134790708333333 0.3392331296875 0.6134790708333333 0.3392331296875 0.42804895694444445
2 0.32948505156249996 0.4731067416666667 0.32948505156249996 0.5458923930555556 0.3587292875 0.5458923930555556 0.3587292875 0.4731067416666667
2 0.35483005703125003 0.4679077652777778 0.35483005703125003 0.5372274333333333 0.3957719859375 0.5372274333333333 0.3957719859375 0.4679077652777778
2 0.406494871875 0.4557768236111111 0.406494871875 0.5164315347222223 0.45815968671874996 0.5164315347222223 0.45815968671874996 0.4557768236111111
2 0.48837873046875 0.4609758 0.48837873046875 0.5060335847222223 0.524446621875 0.5060335847222223 0.524446621875 0.4609758
2 0.64532279375 0.45750981527777773 0.64532279375 0.5285624763888889 0.70381126484375 0.5285624763888889 0.70381126484375 0.45750981527777773
2 0.74182877109375 0.3084725291666667 0.74182877109375 0.8283700458333333 0.99949698984375 0.8283700458333333 0.99949698984375 0.3084725291666667
2 0.7184333820312501 0.45750981527777773 0.7184333820312501 0.5268294861111111 0.765224159375 0.5268294861111111 0.765224159375 0.45750981527777773
2 0.69016395390625 0.45750981527777773 0.69016395390625 0.5008346083333333 0.71160972734375 0.5008346083333333 0.71160972734375 0.45750981527777773
2 0.46888257421875 0.4644417819444444 0.46888257421875 0.5043005902777777 0.49032834531249997 0.5043005902777777 0.49032834531249997 0.4644417819444444
2 0.524446621875 0.4609758 0.524446621875 0.48523768472222223 0.53224508359375 0.48523768472222223 0.53224508359375 0.4609758
2 0.53516950703125 0.4627087902777778 0.53516950703125 0.4817717013888889 0.5458923945312499 0.4817717013888889 0.5458923945312499 0.4627087902777778
2 0.5478420093749999 0.4661747722222222 0.5478420093749999 0.4800387069444444 0.55953970390625 0.4800387069444444 0.55953970390625 0.4661747722222222
2 0.60633048046875 0.4557768236111111 0.60633048046875 0.47483973472222224 0.62095259765625 0.47483973472222224 0.62095259765625 0.4557768236111111
2 0.6258266375 0.45750981527777773 0.6258266375 0.47830571666666666 0.6384991390625 0.47830571666666666 0.6384991390625 0.45750981527777773
2 0.571237396875 0.4609758 0.571237396875 0.47483973472222224 0.579035859375 0.47483973472222224 0.579035859375 0.4609758
2 0.5809854750000001 0.4557768236111111 0.5809854750000001 0.4731067416666667 0.58975874609375 0.4731067416666667 0.58975874609375 0.4557768236111111
2 0.5956075937499999 0.4592428055555555 0.5956075937499999 0.47483973194444445 0.60730528828125 0.47483973194444445 0.60730528828125 0.4592428055555555