2 0.07886599296874999 0.4123712 0.07886599296874999 0.4865980166666667 0.15077322109375 0.4865980166666667 0.15077322109375 0.4123712
7 0.0672680515625 0.36975950138888886 0.0672680515625 0.45635745277777773 0.102061871875 0.45635745277777773 0.102061871875 0.36975950138888886
5 0.0023195890625 0.38556707222222225 0.0023195890625 0.5030928652777777 0.03247423125 0.5030928652777777 0.03247423125 0.38556707222222225
3 0 0.4178694777777778 0 0.5292097027777778 0.04059278984375 0.5292097027777778 0.04059278984375 0.4178694777777778
2 0.3490979953125 0.4508591763888889 0.3490979953125 0.4632303111111111 0.3618557296875 0.4632303111111111 0.3618557296875 0.4508591763888889
2 0.33286087890625 0.4508591763888889 0.33286087890625 0.46735402499999995 0.34677840703124996 0.46735402499999995 0.34677840703124996 0.4508591763888889
2 0.31082479375 0.4467354625 0.31082479375 0.4673540222222222 0.3317010859375 0.4673540222222222 0.3317010859375 0.4467354625
2 0.28067014921875 0.4405498972222222 0.28067014921875 0.46529216805555557 0.29922685234375 0.46529216805555557 0.29922685234375 0.4405498972222222
2 0.269072209375 0.4405498972222222 0.269072209375 0.46529216805555557 0.28067014921875 0.46529216805555557 0.28067014921875 0.4405498972222222
2 0.2563144765625 0.4426117486111111 0.2563144765625 0.46735402083333333 0.27023200390625 0.46735402083333333 0.27023200390625 0.4426117486111111
2 0.19716498046875 0.4116839125 0.19716498046875 0.4714777375 0.25051550390625 0.4714777375 0.25051550390625 0.4116839125
2 0.3618557296875 0.4309279041666667 0.3618557296875 0.4659794569444444 0.39780934453125 0.4659794569444444 0.39780934453125 0.4309279041666667
6 0.89768056015625 0.1250859263888889 0.89768056015625 0.22817872777777776 0.93943314375 0.22817872777777776 0.93943314375 0.1250859263888889