7 0.3178435953125 0.4199690375 0.3178435953125 0.4296712916666667 0.3412329609375 0.4296712916666667 0.3412329609375 0.4199690375
7 0.32096217734375 0.2799793583333333 0.32096217734375 0.33126270694444443 0.3880116890625 0.33126270694444443 0.3880116890625 0.2799793583333333
7 0.42075680000000004 0.2661189944444444 0.42075680000000004 0.3257185597222222 0.4846877296875 0.3257185597222222 0.4846877296875 0.2661189944444444
7 0.51587355 0.26096950555555554 0.51587355 0.3160163055555556 0.5813637703125 0.3160163055555556 0.5813637703125 0.26096950555555554
7 0.7185813765625 0.24671448333333335 0.7185813765625 0.29799783055555557 0.77627514296875 0.29799783055555557 0.77627514296875 0.24671448333333335
7 0.663226546875 0.2522586291666667 0.663226546875 0.30215594027777776 0.7209203125 0.30215594027777776 0.7209203125 0.2522586291666667
7 0.612549590625 0.23562619305555554 0.612549590625 0.3243325236111111 0.66244690234375 0.3243325236111111 0.66244690234375 0.23562619305555554
7 0.5232980625 0.36646803333333333 0.5232980625 0.3928027263888889 0.56228033671875 0.3928027263888889 0.56228033671875 0.36646803333333333
7 0.57085643671875 0.4094351625 0.57085643671875 0.41913741527777776 0.5770936007812499 0.41913741527777776 0.5770936007812499 0.4094351625
7 0.5817714742187501 0.4052770527777778 0.5817714742187501 0.4186226375 0.5887882828125 0.4186226375 0.5887882828125 0.4052770527777778
7 0.80586770859375 0.3160715708333333 0.80586770859375 0.3484495597222222 0.8282529226562501 0.3484495597222222 0.8282529226562501 0.3160715708333333
7 0.837183340625 0.36508199722222223 0.837183340625 0.40250497916666667 0.8605727054687501 0.40250497916666667 0.8605727054687501 0.36508199722222223
7 0.7693541835937501 0.3761702861111111 0.7693541835937501 0.3928027263888889 0.7810488656250001 0.3928027263888889 0.7810488656250001 0.3761702861111111
7 0.18134554296875 0.392802725 0.18134554296875 0.4357698541666667 0.22422604375000002 0.4357698541666667 0.22422604375000002 0.392802725
2 0.59939144296875 0.4019505638888889 0.59939144296875 0.4296712916666667 0.62044187109375 0.4296712916666667 0.62044187109375 0.4019505638888889
2 0.6867117375 0.41026678194444444 0.6867117375 0.4296712916666667 0.7085418117187501 0.4296712916666667 0.7085418117187501 0.41026678194444444
2 0.78026919609375 0.39640641805555554 0.78026919609375 0.4296712916666667 0.8457594171875 0.4296712916666667 0.8457594171875 0.39640641805555554
2 0.3842092875 0.4324433638888889 0.3842092875 0.46432220277777775 0.39668361484375 0.46432220277777775 0.39668361484375 0.4324433638888889
2 0.38810751484375 0.3381928875 0.38810751484375 0.5793632263888889 0.53857909375 0.5793632263888889 0.53857909375 0.3381928875
2 0.00062370703125 0.4199690375 0.00062370703125 0.7151947958333333 0.26258459140625 0.7151947958333333 0.26258459140625 0.4199690375
7 0.910045025 0.3478477291666667 0.910045025 0.36468447083333333 0.96600806015625 0.36468447083333333 0.96600806015625 0.3478477291666667
7 0.7326852781250001 0.3788267013888889 0.7326852781250001 0.4063777333333333 0.764541159375 0.4063777333333333 0.764541159375 0.3788267013888889
2 0.53810610859375 0.4247450888888889 0.53810610859375 0.4431124444444444 0.54843774609375 0.4431124444444444 0.54843774609375 0.4247450888888889