7 0.55864659765625 0.15853069166666667 0.55864659765625 0.23530789166666669 0.58743804765625 0.23530789166666669 0.58743804765625 0.15853069166666667
7 0.576641253125 0.26729838888888885 0.576641253125 0.2822272875 0.601833771875 0.2822272875 0.601833771875 0.26729838888888885
7 0.55864659765625 0.2822272875 0.55864659765625 0.30142158888888887 0.58983733515625 0.30142158888888887 0.58983733515625 0.2822272875
7 0.5598462421875 0.3078196888888889 0.5598462421875 0.33981018888888886 0.59103697890625 0.33981018888888886 0.59103697890625 0.3078196888888889
7 0.576641253125 0.3462082902777778 0.576641253125 0.36753529027777776 0.59103697890625 0.36753529027777776 0.59103697890625 0.3462082902777778
7 0.81537036015625 0.2992888875 0.81537036015625 0.3227485902777778 0.8321653734375 0.3227485902777778 0.8321653734375 0.2992888875
6 0.381099321875 0.3867295916666667 0.381099321875 0.40592389166666665 0.3882971859375 0.40592389166666665 0.3882971859375 0.3867295916666667
6 0.4446804421875 0.3568717902777778 0.4446804421875 0.3803314916666667 0.4578765234375 0.3803314916666667 0.4578765234375 0.3568717902777778
6 0.6030334164062501 0.3227485902777778 0.6030334164062501 0.3504736888888889 0.61742914296875 0.3504736888888889 0.61742914296875 0.3227485902777778
7 0.312719628125 0.39312769166666667 0.312719628125 0.4101892916666667 0.32471606484375004 0.4101892916666667 0.32471606484375004 0.39312769166666667
2 0.34630965390625 0.4379143916666667 0.34630965390625 0.4571086916666667 0.36310466875 0.4571086916666667 0.36310466875 0.4379143916666667
2 0.30672140937500003 0.43151629027777777 0.30672140937500003 0.4507105930555555 0.31751820468749997 0.4507105930555555 0.31751820468749997 0.43151629027777777
2 0.299523546875 0.43151629027777777 0.299523546875 0.4571086916666667 0.310320340625 0.4571086916666667 0.310320340625 0.43151629027777777
2 0.29112604062499997 0.43578169027777774 0.29112604062499997 0.46137409027777776 0.30192283515625 0.46137409027777776 0.30192283515625 0.43578169027777774
2 0.36910288515625 0.43151629027777777 0.36910288515625 0.44857789027777784 0.37870003515625 0.44857789027777784 0.37870003515625 0.43151629027777777
2 0.38829718515625 0.42725089166666663 0.38829718515625 0.47417029166666663 0.41828827890625 0.47417029166666663 0.41828827890625 0.42725089166666663
2 0.45067866093750003 0.4037911916666666 0.45067866093750003 0.5168242888888889 0.52265728515625 0.5168242888888889 0.52265728515625 0.4037911916666666
2 0.21434884062499998 0.39739309027777775 0.21434884062499998 0.5082934916666667 0.297124259375 0.5082934916666667 0.297124259375 0.39739309027777775
0 0.7913774859375 0.4464451902777778 0.7913774859375 0.5466820902777778 0.8405628796875 0.5466820902777778 0.8405628796875 0.4464451902777778
5 0.8009746359375001 0.4016584902777778 0.8009746359375001 0.5232223916666666 0.8309657312500001 0.5232223916666666 0.8309657312500001 0.4016584902777778
2 0.5886376921875 0.4187200902777778 0.5886376921875 0.49123189027777775 0.6978052742187499 0.49123189027777775 0.6978052742187499 0.4187200902777778
2 0.54185158515625 0.4251181902777778 0.54185158515625 0.46563949027777773 0.5970351968750001 0.46563949027777773 0.5970351968750001 0.4251181902777778
2 0.5286555046875 0.4187200902777778 0.5286555046875 0.46137409027777776 0.56824374921875 0.46137409027777776 0.56824374921875 0.4187200902777778
2 0.6978052734375 0.42085279166666667 0.6978052734375 0.5168242888888889 0.80217427890625 0.5168242888888889 0.80217427890625 0.42085279166666667
2 0.83816359140625 0.3718006902777778 0.83816359140625 0.5509474902777778 1 0.5509474902777778 1 0.3718006902777778
2 0.8489603851562499 0.42298549027777776 0.8489603851562499 0.7535539916666666 1 0.7535539916666666 1 0.42298549027777776