6 0.44842315 0.1668748763888889 0.44842315 0.2278123347222222 0.46160673359375004 0.2278123347222222 0.46160673359375004 0.1668748763888889
6 0.43260284843749996 0.1739061236111111 0.43260284843749996 0.23249983333333332 0.44710479140625 0.23249983333333332 0.44710479140625 0.1739061236111111
6 0.4589700171875 0.1739061236111111 0.4589700171875 0.2301560847222222 0.47479031875000005 0.2301560847222222 0.47479031875000005 0.1739061236111111
4 0.09905815546874999 0.44343718749999994 0.09905815546874999 0.5489058652777777 0.12410696562500001 0.5489058652777777 0.12410696562500001 0.44343718749999994
4 0.1544292109375 0.4692184208333333 0.1544292109375 0.5395308722222222 0.17156787109375 0.5395308722222222 0.17156787109375 0.4692184208333333
4 0.1913432484375 0.4621871736111111 0.1913432484375 0.5114058930555555 0.20320847265625003 0.5114058930555555 0.20320847265625003 0.4621871736111111
2 0.25989788828125 0.4739059166666667 0.25989788828125 0.534843375 0.28758341640624996 0.534843375 0.28758341640624996 0.4739059166666667
2 0.27703654843750003 0.4645309236111111 0.27703654843750003 0.5746871 0.31395058515624996 0.5746871 0.31395058515624996 0.4645309236111111
1 0.27703654843750003 0.3989059680555555 0.27703654843750003 0.4926559013888889 0.31526894453125 0.4926559013888889 0.31526894453125 0.3989059680555555
2 0.1913432484375 0.4645309236111111 0.1913432484375 0.5535933652777778 0.26517132265625 0.5535933652777778 0.26517132265625 0.4645309236111111
1 0.30999551015625004 0.098906175 0.30999551015625004 0.7012495111111111 0.9994969890625001 0.7012495111111111 0.9994969890625001 0.098906175