6 0.33070527421875 0.44344369166666664 0.33070527421875 0.47920528055555556 0.33774583828125004 0.47920528055555556 0.33774583828125004 0.44344369166666664
6 0.5670670195312499 0.4488079291666667 0.5670670195312499 0.4827814388888889 0.5761191718750001 0.4827814388888889 0.5761191718750001 0.4488079291666667
6 0.3387516296875 0.4488079291666667 0.3387516296875 0.4756291208333333 0.34679798828125 0.4756291208333333 0.34679798828125 0.4488079291666667
6 0.25325908515625 0.5310595833333334 0.25325908515625 0.5525165361111112 0.26231123749999996 0.5525165361111112 0.26231123749999996 0.5310595833333334
6 0.5670670195312499 0.5560926930555555 0.5670670195312499 0.5775496472222221 0.58617711953125 0.5775496472222221 0.58617711953125 0.5560926930555555
7 0.56404963515625 0.5292715055555556 0.56404963515625 0.5543046152777779 0.57511337734375 0.5543046152777779 0.57511337734375 0.5292715055555556
7 0.5560032781250001 0.5042383930555556 0.5560032781250001 0.5149668680555556 0.57511337734375 0.5149668680555556 0.57511337734375 0.5042383930555556
7 0.5680728148437499 0.4917218361111111 0.5680728148437499 0.5042383930555556 0.5841655273437499 0.5042383930555556 0.5841655273437499 0.4917218361111111
7 0.59623506484375 0.4988741541666667 0.59623506484375 0.5203311083333333 0.61936834140625 0.5203311083333333 0.61936834140625 0.4988741541666667
7 0.59724086015625 0.47026488333333333 0.59724086015625 0.49529799305555555 0.611321984375 0.49529799305555555 0.611321984375 0.47026488333333333
7 0.77828389921875 0.4148344222222222 0.77828389921875 0.42913905694444443 0.8225388648437499 0.42913905694444443 0.8225388648437499 0.4148344222222222
7 0.78532446171875 0.36298011944444447 0.78532446171875 0.4130463388888889 0.8134867109374999 0.4130463388888889 0.8134867109374999 0.36298011944444447
7 0.49967877656250004 0.5471522958333334 0.49967877656250004 0.5757615680555556 0.50772513359375 0.5757615680555556 0.50772513359375 0.5471522958333334
9 0.412174640625 0.5757615680555556 0.412174640625 0.6079469972222222 0.4292731515625 0.6079469972222222 0.4292731515625 0.5757615680555556
9 0.39507613125 0.5668211708333334 0.39507613125 0.5990066000000001 0.41619782031249997 0.5990066000000001 0.41619782031249997 0.5668211708333334
2 0.377977621875 0.5811258055555555 0.377977621875 0.5990065972222222 0.38401238984375 0.5990065972222222 0.38401238984375 0.5811258055555555
2 0.3679196765625 0.5757615680555556 0.3679196765625 0.5918542833333333 0.37496023984375004 0.5918542833333333 0.37496023984375004 0.5757615680555556
2 0.35886752421875 0.5757615680555556 0.35886752421875 0.5900662027777778 0.3679196765625 0.5900662027777778 0.3679196765625 0.5757615680555556
2 0.35182696171875 0.5721854083333333 0.35182696171875 0.5972185194444445 0.35786172890625 0.5972185194444445 0.35786172890625 0.5721854083333333
2 0.33573424765625004 0.5757615680555556 0.33573424765625004 0.6043708402777778 0.3508211671875 0.6043708402777778 0.3508211671875 0.5757615680555556
2 0.32567629921874997 0.5829138861111111 0.32567629921874997 0.6061589180555556 0.34277480859375 0.6061589180555556 0.34277480859375 0.5829138861111111
4 0.3166241484375 0.5811258055555555 0.3166241484375 0.6383443472222222 0.33070527265625 0.6383443472222222 0.33070527265625 0.5811258055555555
2 0.22006786171875 0.5578807736111111 0.22006786171875 0.6508609027777778 0.28544451406250004 0.6508609027777778 0.28544451406250004 0.5578807736111111
2 0.16072597500000002 0.5703973277777779 0.16072597500000002 0.6615893791666667 0.2512474953125 0.6615893791666667 0.2512474953125 0.5703973277777779
1 0.43128473984375004 0.5543046152777779 0.43128473984375004 0.6150993152777778 0.472522321875 0.6150993152777778 0.472522321875 0.5543046152777779
2 0.46246437421875 0.5829138861111111 0.46246437421875 0.6347681902777778 0.48459185703124996 0.6347681902777778 0.48459185703124996 0.5829138861111111
2 0.43933109609375 0.5972185208333334 0.43933109609375 0.6347681902777778 0.46749334609375 0.6347681902777778 0.46749334609375 0.5972185208333334
4 0.57511337734375 0.5990066000000001 0.57511337734375 0.6687416972222222 0.5841655289062501 0.6687416972222222 0.5841655289062501 0.5990066000000001
4 0.566061225 0.5972185208333334 0.566061225 0.6294039499999999 0.57511337734375 0.6294039499999999 0.57511337734375 0.5972185208333334
4 0.85673588359375 0.6240397125 0.85673588359375 0.7545695083333332 0.8869097234375 0.7545695083333332 0.8869097234375 0.6240397125
4 0.00583359609375 0.5578807736111111 0.00583359609375 0.6329801097222222 0.04204220390625 0.6329801097222222 0.04204220390625 0.5578807736111111