7 0.27380986328125 0.5659282569444445 0.27380986328125 0.5827565222222222 0.29694872499999997 0.5827565222222222 0.29694872499999997 0.5659282569444445
7 0.27871810390624996 0.6076872708333333 0.27871810390624996 0.6226457263888888 0.30606403125 0.6226457263888888 0.30606403125 0.6076872708333333
7 0.35234175390625 0.5347647972222223 0.35234175390625 0.5590722888888888 0.41018890703125 0.5590722888888888 0.41018890703125 0.5347647972222223
7 0.44945486562500003 0.5216761486111111 0.44945486562500003 0.5665515180555556 0.47259372656250004 0.5665515180555556 0.47259372656250004 0.5216761486111111
6 0.478553725 0.5092107875 0.478553725 0.5690446097222221 0.49327845468750003 0.5690446097222221 0.49327845468750003 0.5092107875
6 0.49538198828124996 0.6750003222222222 0.49538198828124996 0.7049172333333333 0.50589965234375 0.7049172333333333 0.50589965234375 0.6750003222222222
7 0.47013959375000003 0.6880889708333333 0.47013959375000003 0.6993078138888889 0.4880196234375 0.6993078138888889 0.4880196234375 0.6880889708333333
6 0.26294160703124997 0.6463299583333334 0.26294160703124997 0.6687676416666667 0.27766633671875 0.6687676416666667 0.27766633671875 0.6463299583333334
6 0.2769651625 0.6438368902777778 0.2769651625 0.6700141875 0.28432752734375 0.6700141875 0.28432752734375 0.6438368902777778
7 0.9525498171875 0.5216761486111111 0.9525498171875 0.5702911305555556 0.987258109375 0.5702911305555556 0.987258109375 0.5216761486111111
7 0.89365089765625 0.46932155277777776 0.89365089765625 0.5272855694444444 0.933618021875 0.5272855694444444 0.933618021875 0.46932155277777776
6 0.8799779335937499 0.45872598472222226 0.8799779335937499 0.5129503888888889 0.89365089765625 0.5129503888888889 0.89365089765625 0.45872598472222226
6 0.8557873062500001 0.461842325 0.8557873062500001 0.5085874986111111 0.87366733515625 0.5085874986111111 0.87366733515625 0.461842325
7 0.68540114453125 0.6587953472222222 0.68540114453125 0.6774934194444444 0.72957533359375 0.6774934194444444 0.72957533359375 0.6587953472222222
2 0.44945486562500003 0.7011776194444445 0.44945486562500003 0.7984075819444445 0.49152552265624994 0.7984075819444445 0.49152552265624994 0.7011776194444445
2 0.4883702234375 0.7423133736111112 0.4883702234375 0.7741000902777778 0.49993965390625006 0.7741000902777778 0.49993965390625006 0.7423133736111112
9 0.355497053125 0.6432136027777777 0.355497053125 0.8021471958333333 0.429120703125 0.8021471958333333 0.429120703125 0.6432136027777777
2 0.37232531562500004 0.7198756888888889 0.37232531562500004 0.8133660388888889 0.47224312578124994 0.8133660388888889 0.47224312578124994 0.7198756888888889
2 0.38003828125 0.7217454958333333 0.38003828125 0.8245848805555555 0.45892076328125003 0.8245848805555555 0.45892076328125003 0.7217454958333333
2 0.670325815625 0.6968147458333334 0.670325815625 0.8351804652777778 0.7786577578125 0.8351804652777778 0.7786577578125 0.6968147458333334
2 0.49187612109375 0.6432136027777777 0.49187612109375 0.8376735291666667 0.6801423132812501 0.8376735291666667 0.6801423132812501 0.6432136027777777
2 0.00056531484375 0.30290873194444445 0.00056531484375 0.8040170041666667 0.2614033890625 0.8040170041666667 0.2614033890625 0.30290873194444445