2 0.43589498984375 0.4369146277777778 0.43589498984375 0.473621575 0.4553955546875 0.473621575 0.4553955546875 0.4369146277777778
2 0.4163944234375 0.4328360763888889 0.4163944234375 0.4634251986111111 0.43589499062500003 0.4634251986111111 0.43589499062500003 0.4328360763888889
2 0.44277754140625003 0.45118955 0.44277754140625003 0.5144070666666667 0.4794844875 0.5144070666666667 0.4794844875 0.45118955
2 0.36821655625 0.4552680986111111 0.36821655625 0.4980928722222222 0.39918804140624997 0.4980928722222222 0.39918804140624997 0.4552680986111111
2 0.45998392265625 0.45118955 0.45998392265625 0.5653889388888889 0.54486873515625 0.5653889388888889 0.54486873515625 0.45118955
2 0.35674563515625 0.4634251986111111 0.35674563515625 0.5144070666666667 0.39345258203125 0.5144070666666667 0.39345258203125 0.4634251986111111
2 0.351010175 0.46954302361111117 0.351010175 0.5327605416666666 0.37854038515625 0.5327605416666666 0.37854038515625 0.46954302361111117
2 0.3177445046875 0.4634251986111111 0.3177445046875 0.5674282138888889 0.37395201718750004 0.5674282138888889 0.37395201718750004 0.4634251986111111
2 0.37739329296875 0.4389539013888889 0.37739329296875 0.47566084861111113 0.40492350234375 0.47566084861111113 0.40492350234375 0.4389539013888889
2 0.40836477968749996 0.4369146277777778 0.40836477968749996 0.4715822986111112 0.4301595265625 0.4715822986111112 0.4301595265625 0.4369146277777778
2 0.2761624171875 0.4715822972222223 0.2761624171875 0.5898602347222222 0.3621943203125 0.5898602347222222 0.3621943203125 0.4715822972222223
2 0.0282949375 0.4731117541666667 0.0282949375 0.7728851527777778 0.290979021875 0.7728851527777778 0.290979021875 0.4731117541666667
4 0.40262931796875 0.4527190055555555 0.40262931796875 0.5159365263888889 0.42212988515624994 0.5159365263888889 0.42212988515624994 0.4527190055555555
9 0.5276623546875 0.2535498375 0.5276623546875 0.6682023861111112 0.699726165625 0.6682023861111112 0.699726165625 0.2535498375
7 0.7299329359375 0.1984894111111111 0.7299329359375 0.2820996777777778 0.78155208046875 0.2820996777777778 0.78155208046875 0.1984894111111111
2 0.71177063203125 0.38134438749999994 0.71177063203125 0.9523413291666666 0.99969074296875 0.9523413291666666 0.99969074296875 0.38134438749999994