2 0.3503888765625 0.5336221958333334 0.3503888765625 0.5655119680555555 0.37430620625 0.5655119680555555 0.37430620625 0.5336221958333334
2 0.37430620625 0.54000015 0.37430620625 0.5527560583333333 0.39344006953125 0.5527560583333333 0.39344006953125 0.54000015
2 0.313317015625 0.5187403013888889 0.313317015625 0.5761418930555555 0.35397647578125 0.5761418930555555 0.35397647578125 0.5187403013888889
2 0.25232782578125 0.5208662861111111 0.25232782578125 0.5974017402777778 0.326471546875 0.5974017402777778 0.326471546875 0.5208662861111111
2 0.49867631953125 0.48047257361111106 0.49867631953125 0.5548820430555556 0.5489027109375 0.5548820430555556 0.5489027109375 0.48047257361111106
2 0.38945384453125 0.48897651388888885 0.38945384453125 0.7483466638888889 0.5604627507812501 0.7483466638888889 0.5604627507812501 0.48897651388888885
2 0.728880615625 0.4241339763888889 0.728880615625 0.7557876097222221 0.92021925078125 0.7557876097222221 0.92021925078125 0.4241339763888889
2 0.9837994820312501 0.5144883319444444 0.9837994820312501 0.5974017402777778 0.9981498796875 0.5974017402777778 0.9981498796875 0.5144883319444444
9 0.00141330390625 0.4540487555555555 0.00141330390625 0.8856236777777777 0.2071023359375 0.8856236777777777 0.2071023359375 0.4540487555555555
6 0.15307090859375 0.38055128611111105 0.15307090859375 0.4230709833333333 0.162637840625 0.4230709833333333 0.162637840625 0.38055128611111105
6 0.6027167023437501 0.22535439305555557 0.6027167023437501 0.29551189305555553 0.6218505664062499 0.29551189305555553 0.6218505664062499 0.22535439305555557
6 0.7115405515625 0.3635434083333334 0.7115405515625 0.40606310416666663 0.72230335 0.40606310416666663 0.72230335 0.3635434083333334
6 0.70914881875 0.43370090694444446 0.70914881875 0.45921272916666667 0.72828268203125 0.45921272916666667 0.72828268203125 0.43370090694444446
6 0.8658073265624999 0.340157575 0.8658073265624999 0.3911812111111111 0.87776599140625 0.3911812111111111 0.87776599140625 0.340157575
7 0.15785437421874998 0.26574810555555556 0.15785437421874998 0.3231496958333333 0.18416343671875 0.3231496958333333 0.18416343671875 0.26574810555555556
7 0.6780562906250001 0.27637802916666665 0.6780562906250001 0.3040158319444445 0.7378496140624999 0.3040158319444445 0.7378496140624999 0.27637802916666665
7 0.6756645570312501 0.3486615138888889 0.6756645570312501 0.4124410597222222 0.69958188671875 0.4124410597222222 0.69958188671875 0.3486615138888889
4 0.89241535546875 0.46824816111111106 0.89241535546875 0.5979332361111112 0.9378582812499999 0.5979332361111112 0.9378582812499999 0.46824816111111106
4 0.9605797445312501 0.4639961916666666 0.9605797445312501 0.5702954333333333 0.98688880703125 0.5702954333333333 0.98688880703125 0.4639961916666666