6 0.22148429765625002 0.47249983472222223 0.22148429765625002 0.4912498277777778 0.23624991718750002 0.4912498277777778 0.23624991718750002 0.47249983472222223
6 0.30374989375 0.4162498541666667 0.30374989375 0.4593748388888889 0.31535145234375 0.4593748388888889 0.31535145234375 0.4162498541666667
6 0.571640425 0.3993748597222222 0.571640425 0.4443748444444444 0.5800779203124999 0.4443748444444444 0.5800779203124999 0.3993748597222222
6 0.47988264453124996 0.5193748180555555 0.47988264453124996 0.5381248069444444 0.48832014296875004 0.5381248069444444 0.48832014296875004 0.5193748180555555
6 0.421874853125 0.5193748180555555 0.421874853125 0.5399998111111112 0.42925766328125 0.5399998111111112 0.42925766328125 0.5193748180555555
7 0.5737497992187499 0.5062498208333334 0.5737497992187499 0.5324998125 0.58640604296875 0.5324998125 0.58640604296875 0.5062498208333334
7 0.65601539609375 0.4712498236111111 0.65601539609375 0.4881248180555555 0.67289038984375 0.4881248180555555 0.67289038984375 0.4712498236111111
4 0.05589841796875 0.5681248013888889 0.05589841796875 0.6674997625 0.0759374734375 0.6674997625 0.0759374734375 0.5681248013888889
2 0.43874984609374995 0.5746872986111111 0.43874984609374995 0.5896872958333333 0.4503514046875 0.5896872958333333 0.4503514046875 0.5746872986111111
2 0.43242172421875 0.5746872986111111 0.43242172421875 0.5896872958333333 0.439804534375 0.5896872958333333 0.439804534375 0.5746872986111111
2 0.42609360078125 0.5746872986111111 0.42609360078125 0.5934372916666667 0.43347641171875007 0.5934372916666667 0.43347641171875007 0.5746872986111111
2 0.44824203046875005 0.5728123013888888 0.44824203046875005 0.5878122958333333 0.45773421484375004 0.5878122958333333 0.45773421484375004 0.5728123013888888
2 0.49253888984375005 0.5784372972222223 0.49253888984375005 0.5971872916666666 0.50203107421875 0.5971872916666666 0.50203107421875 0.5784372972222223
2 0.49886701328124994 0.5765622986111112 0.49886701328124994 0.5971872916666666 0.5178513812500001 0.5971872916666666 0.5178513812500001 0.5765622986111112
2 0.5125779453125 0.5784372972222223 0.5125779453125 0.6065622875 0.5252341914062499 0.6065622875 0.5252341914062499 0.5784372972222223
2 0.51996075546875 0.5840622958333334 0.51996075546875 0.6178122833333333 0.53472637421875 0.6178122833333333 0.53472637421875 0.5840622958333334
2 0.526288878125 0.5878122944444445 0.526288878125 0.6196872833333333 0.5410544984375 0.6196872833333333 0.5410544984375 0.5878122944444445
2 0.5357810625 0.5878122944444445 0.5357810625 0.6253122805555555 0.5484373078125 0.6253122805555555 0.5484373078125 0.5878122944444445
2 0.54421855859375 0.5878122944444445 0.54421855859375 0.6290622763888889 0.561093553125 0.6290622763888889 0.561093553125 0.5878122944444445
2 0.5526560546875 0.5840622958333334 0.5526560546875 0.6403122763888889 0.59062479140625 0.6403122763888889 0.59062479140625 0.5840622958333334
2 0.17507806484375 0.5443747986111112 0.17507806484375 0.6568747611111111 0.23203116796874998 0.6568747611111111 0.23203116796874998 0.5443747986111112
9 0.37441393203125 0.505312325 0.37441393203125 0.6215622819444444 0.41976547890625 0.6215622819444444 0.41976547890625 0.505312325
9 0.47988264453124996 0.5596873041666667 0.47988264453124996 0.5934372916666667 0.49886701406249995 0.5934372916666667 0.49886701406249995 0.5596873041666667
9 0.31429676484375 0.5559373055555555 0.31429676484375 0.5971872916666666 0.3585936234375 0.5971872916666666 0.3585936234375 0.5559373055555555
2 0.33342615000000003 0.5741247930555555 0.33342615000000003 0.6547497652777777 0.38616050546874997 0.6547497652777777 0.38616050546874997 0.5741247930555555
2 0.47039046015624997 0.5696247986111111 0.47039046015624997 0.5864997930555556 0.47882795703125 0.5864997930555556 0.47882795703125 0.5696247986111111
2 0.45878890156249996 0.5733747972222223 0.45878890156249996 0.5902497916666667 0.4693357734375 0.5902497916666667 0.4693357734375 0.5733747972222223
2 0.56018388359375 0.5909997930555556 0.56018388359375 0.6453747736111111 0.60553542890625 0.6453747736111111 0.60553542890625 0.5909997930555556
2 0.1931527609375 0.5553748069444444 0.1931527609375 0.7353747402777778 0.33553552343750004 0.7353747402777778 0.33553552343750004 0.5553748069444444
2 0.0269155078125 0.5378318430555555 0.0269155078125 0.6784567944444445 0.18511857734374998 0.6784567944444445 0.18511857734374998 0.5378318430555555
2 0.60277468046875 0.5603318347222223 0.60277468046875 0.6878317902777777 0.681876215625 0.6878317902777777 0.681876215625 0.5603318347222223
2 0.86484344765625 0.6524997736111111 0.86484344765625 0.8887496902777777 0.99878871328125 0.8887496902777777 0.99878871328125 0.6524997736111111
2 0 0.5906247916666666 0 0.7031247541666666 0.01582030703125 0.7031247541666666 0.01582030703125 0.5906247916666666