2 0 0.38299117222222223 0 0.43498092499999996 0.035093083593750005 0.43498092499999996 0.035093083593750005 0.38299117222222223
2 0.76814858359375 0.35531225833333335 0.76814858359375 0.5170308972222222 0.99949698984375 0.5170308972222222 0.99949698984375 0.35531225833333335
2 0.02924423515625 0.37779219583333334 0.02924423515625 0.4401798986111111 0.08773270625 0.4401798986111111 0.08773270625 0.37779219583333334
2 0.10332963203125001 0.33100141805555555 0.10332963203125001 0.43324793194444444 0.14719598359375 0.43324793194444444 0.14719598359375 0.33100141805555555
2 0.24955080859374998 0.3379333875 0.24955080859374998 0.37779219583333334 0.27782023671875 0.37779219583333334 0.27782023671875 0.3379333875
2 0.12185098046875001 0.3188704763888889 0.12185098046875001 0.5123434 0.2638529640625 0.5123434 0.2638529640625 0.3188704763888889
2 0.47668103593750005 0.3899231375 0.47668103593750005 0.4211169875 0.51177411875 0.4211169875 0.51177411875 0.3899231375
2 0.7408539617187501 0.3951221138888889 0.7408539617187501 0.47483973194444445 0.8061660875 0.47483973194444445 0.8061660875 0.3951221138888889
2 0.7145341507812499 0.3951221138888889 0.7145341507812499 0.4644417819444444 0.78666993125 0.4644417819444444 0.78666993125 0.3951221138888889
2 0.2524752328125 0.2634147416666667 0.2524752328125 0.615212061111111 0.4698573828125 0.615212061111111 0.4698573828125 0.2634147416666667
7 0.60925490390625 0.22702191666666668 0.60925490390625 0.2911426097222222 0.6482472171875 0.2911426097222222 0.6482472171875 0.22702191666666668
7 0.54589239296875 0.2946085930555556 0.54589239296875 0.34313236249999995 0.56538855 0.34313236249999995 0.56538855 0.2946085930555556
7 0.52737104375 0.35006432916666663 0.52737104375 0.36219527083333336 0.54394277734375 0.36219527083333336 0.54394277734375 0.35006432916666663
7 0.48252988359375 0.3431323597222222 0.48252988359375 0.3569962958333333 0.49520238515625004 0.3569962958333333 0.49520238515625004 0.3431323597222222
6 0.5575900875 0.3483313375 0.5575900875 0.3899231375 0.56343893515625 0.3899231375 0.56343893515625 0.3483313375
6 0.53224508359375 0.3084725291666667 0.53224508359375 0.35006432916666663 0.5390687398437499 0.35006432916666663 0.5390687398437499 0.3084725291666667
6 0.1842386828125 0.28940961805555554 0.1842386828125 0.31540449444444446 0.19008753046875 0.31540449444444446 0.19008753046875 0.28940961805555554
2 0.53614431484375 0.42631596527777776 0.53614431484375 0.4523108402777778 0.5468672015625 0.4523108402777778 0.5468672015625 0.42631596527777776
2 0.62192740625 0.39165613194444443 0.62192740625 0.4523108416666667 0.67749145390625 0.4523108416666667 0.67749145390625 0.39165613194444443
2 0.69113876328125 0.37086023055555556 0.69113876328125 0.4072530569444444 0.79056916328125 0.4072530569444444 0.79056916328125 0.37086023055555556
2 0.66871818125 0.3968551041666667 0.66871818125 0.4679077652777778 0.7242822289062499 0.4679077652777778 0.7242822289062499 0.3968551041666667