4 0.1731069859375 0.4335644583333333 0.1731069859375 0.5117760861111111 0.18458369140625 0.5117760861111111 0.18458369140625 0.4335644583333333
4 0.1759761625 0.42506319444444446 0.1759761625 0.5117760861111111 0.1922348296875 0.5117760861111111 0.1922348296875 0.42506319444444446
4 0.158761103125 0.42166268749999997 0.158761103125 0.5134763402777778 0.1721505921875 0.5134763402777778 0.1721505921875 0.42166268749999997
4 0.08798808203125 0.44206572222222223 0.08798808203125 0.5049750777777778 0.10233396328125 0.5049750777777778 0.10233396328125 0.44206572222222223
4 0.017215059375 0.4471664819444444 0.017215059375 0.5372798805555555 0.04208125546875 0.5372798805555555 0.04208125546875 0.4471664819444444
4 0.7542109148437499 0.39785915000000005 0.7542109148437499 0.47777102777777775 0.7704695820312499 0.47777102777777775 0.7704695820312499 0.39785915000000005
4 0.68056871640625 0.4114611722222222 0.68056871640625 0.5015745694444445 0.69491459921875 0.5015745694444445 0.69491459921875 0.4114611722222222
4 0.658571696875 0.4114611722222222 0.658571696875 0.49477355833333336 0.6729175781250001 0.49477355833333336 0.6729175781250001 0.4114611722222222
4 0.57345279140625 0.4097609194444445 0.57345279140625 0.44376597500000003 0.58301671328125 0.44376597500000003 0.58301671328125 0.4097609194444445
4 0.59162424296875 0.4114611722222222 0.59162424296875 0.44376597500000003 0.60118816484375 0.44376597500000003 0.60118816484375 0.4114611722222222
4 0.60501373359375 0.4080606666666666 0.60501373359375 0.4658692611111111 0.61649043984375 0.4658692611111111 0.61649043984375 0.4080606666666666
4 0.85730998046875 0.39785915000000005 0.85730998046875 0.43866521666666664 0.86783029453125 0.43866521666666664 0.86783029453125 0.39785915000000005
4 0.0679038453125 0.4369649638888889 0.0679038453125 0.5355796263888889 0.08990086640625 0.5355796263888889 0.08990086640625 0.4369649638888889
4 0.1425024359375 0.4369649638888889 0.1425024359375 0.5219776027777777 0.16354306406250002 0.5219776027777777 0.16354306406250002 0.4369649638888889
4 0.001912784375 0.4488667319444445 0.001912784375 0.5389801319444445 0.0219970203125 0.5389801319444445 0.0219970203125 0.4488667319444445
4 0.88867963359375 0.3876576347222222 0.88867963359375 0.5015745680555556 0.91545861484375 0.5015745680555556 0.91545861484375 0.3876576347222222
4 0.93554285078125 0.351952325 0.93554285078125 0.5185770972222222 0.98336246015625 0.5185770972222222 0.98336246015625 0.351952325
4 0.85711869140625 0.40125965555555554 0.85711869140625 0.4964738111111111 0.88389767265625 0.4964738111111111 0.88389767265625 0.40125965555555554
4 0.7325964164062501 0.40125965555555554 0.7325964164062501 0.4794712819444444 0.75268065390625 0.4794712819444444 0.75268065390625 0.40125965555555554
4 0.69051516015625 0.41656193194444446 0.69051516015625 0.5032748236111111 0.71155578828125 0.5032748236111111 0.71155578828125 0.41656193194444446
4 0.5635062890625 0.41656193194444446 0.5635062890625 0.4335644583333333 0.57020103515625 0.4335644583333333 0.57020103515625 0.41656193194444446
4 0.55585515078125 0.41656193194444446 0.55585515078125 0.4335644583333333 0.562549896875 0.4335644583333333 0.562549896875 0.41656193194444446
0 0.8397123414062501 0.4335644583333333 0.8397123414062501 0.49477355833333336 0.88370638125 0.49477355833333336 0.88370638125 0.4335644583333333
6 0.1501535734375 0.3766059902777778 0.1501535734375 0.4004095291666667 0.16449945625 0.4004095291666667 0.16449945625 0.3766059902777778
6 0.5848338234375 0.1691751513888889 0.5848338234375 0.21593210138888888 0.597266921875 0.21593210138888888 0.597266921875 0.1691751513888889
6 0 0.2524875375 0 0.2983943611111111 0.00860752890625 0.2983943611111111 0.00860752890625 0.2524875375
6 0.13102572968749998 0.3753308 0.13102572968749998 0.4008345916666667 0.1482407890625 0.4008345916666667 0.1482407890625 0.3753308
6 0.5673318578125001 0.16186406527777777 0.5673318578125001 0.2196726625 0.581677740625 0.2196726625 0.581677740625 0.16186406527777777
7 0.6421217390625 0.19042830972222222 0.6421217390625 0.21933260694444445 0.7023744468750001 0.21933260694444445 0.7023744468750001 0.19042830972222222
7 0.6851593874999999 0.30434524583333333 0.6851593874999999 0.31794726944444446 0.7014180546875 0.31794726944444446 0.7014180546875 0.30434524583333333
7 0.76033178984375 0.3128465111111111 0.76033178984375 0.33494979444444445 0.79093633984375 0.33494979444444445 0.79093633984375 0.3128465111111111
7 0.8597965773437499 0.2894680361111111 0.8597965773437499 0.321347775 0.8674477156249999 0.321347775 0.8674477156249999 0.2894680361111111
6 0.75315884765625 0.351952325 0.75315884765625 0.37405561111111113 0.76492246015625 0.37405561111111113 0.76492246015625 0.351952325
2 0.34640524765624997 0.42506319444444446 0.34640524765624997 0.4692697652777778 0.36553309140625 0.4692697652777778 0.36553309140625 0.42506319444444446
2 0.44778281953125 0.4301639527777778 0.44778281953125 0.44036546944444444 0.45734674062499997 0.44036546944444444 0.45734674062499997 0.4301639527777778
2 0.44969560390624996 0.4267634472222222 0.44969560390624996 0.44376597361111114 0.46021591796875 0.44376597361111114 0.46021591796875 0.4267634472222222
2 0.43343693671874994 0.4080606666666666 0.43343693671874994 0.4471664819444444 0.45160838828124994 0.4471664819444444 0.45160838828124994 0.4080606666666666
2 0.43534972109375003 0.4199624347222222 0.43534972109375003 0.45056698472222223 0.44778281953125 0.45056698472222223 0.44778281953125 0.4199624347222222
2 0.41335270078124997 0.4080606666666666 0.41335270078124997 0.45906824999999996 0.4391752890625 0.45906824999999996 0.4391752890625 0.4080606666666666
2 0.4057015640625 0.41316142499999997 0.4057015640625 0.4658692611111111 0.43630611249999995 0.4658692611111111 0.43630611249999995 0.41316142499999997
2 0.39613764140624996 0.4114611722222222 0.39613764140624996 0.4777710319444444 0.42004744609375005 0.4777710319444444 0.42004744609375005 0.4114611722222222
2 0.49694138671875 0.42166268749999997 0.49694138671875 0.44036546805555554 0.505548915625 0.44036546805555554 0.505548915625 0.42166268749999997
2 0.47972632734375004 0.43186420555555555 0.47972632734375004 0.44206572222222223 0.48737746484375 0.44206572222222223 0.48737746484375 0.43186420555555555
2 0.47398797421875 0.42846369999999995 0.47398797421875 0.44036546944444444 0.4816391125 0.44036546944444444 0.4816391125 0.42846369999999995
2 0.45772930703125 0.42846369999999995 0.45772930703125 0.44206572222222223 0.464424053125 0.44206572222222223 0.464424053125 0.42846369999999995
2 0.36075113046874996 0.41180121805555553 0.36075113046874996 0.4934133486111111 0.41526548515624995 0.4934133486111111 0.41526548515624995 0.41180121805555553
2 0.48584723203125 0.42710349305555556 0.48584723203125 0.44240576805555554 0.49732393828125004 0.44240576805555554 0.49732393828125004 0.42710349305555556
9 0.50363613359375 0.38595738055555556 0.50363613359375 0.44546623055555556 0.51606923046875 0.44546623055555556 0.51606923046875 0.38595738055555556
9 0.25177024375 0.3583282736111111 0.25177024375 0.5130512763888889 0.35410420859374997 0.5130512763888889 0.35410420859374997 0.3583282736111111
9 0.5090397421875 0.3787313069444444 0.5090397421875 0.45014192361111116 0.5444262531249999 0.45014192361111116 0.5444262531249999 0.3787313069444444