7 0.36619915234375 0.44744919583333337 0.36619915234375 0.4612247125 0.39202824609375 0.4612247125 0.39202824609375 0.44744919583333337
7 0.25656899375000003 0.47602062083333335 0.25656899375000003 0.4852043027777778 0.26690063046875 0.4852043027777778 0.26690063046875 0.47602062083333335
2 0.000016814843750000002 0.46227500000000005 0.000016814843750000002 0.8280914930555555 0.20062277265625 0.8280914930555555 0.20062277265625 0.46227500000000005
2 0.908339928125 0.6964587791666667 0.908339928125 0.9520711416666666 0.9987417531249999 0.9520711416666666 0.9987417531249999 0.6964587791666667
2 0.36304225859375 0.4846941041666667 0.36304225859375 0.5015308472222222 0.3690690484375 0.5015308472222222 0.3690690484375 0.4846941041666667
2 0.42847596171875 0.4801022638888889 0.42847596171875 0.5091839083333334 0.4491392375 0.5091839083333334 0.4491392375 0.4801022638888889
2 0.46635863125 0.475510425 0.46635863125 0.5000002319444444 0.48960481640625 0.5000002319444444 0.48960481640625 0.475510425
2 0.43708566015625 0.48163287638888885 0.43708566015625 0.5336737194444444 0.46721960312500005 0.5336737194444444 0.46721960312500005 0.48163287638888885
2 0.50165839375 0.47397981111111115 0.50165839375 0.4954083916666667 0.52146069609375 0.4954083916666667 0.52146069609375 0.47397981111111115
2 0.4818560890625 0.4892859416666667 0.4818560890625 0.5229594277777777 0.5059632421875 0.5229594277777777 0.5059632421875 0.4892859416666667
2 0.5854594468750001 0.4811226805555555 0.5854594468750001 0.4979594222222222 0.595791084375 0.4979594222222222 0.595791084375 0.4811226805555555
2 0.54843774609375 0.4704083916666667 0.54843774609375 0.5239798416666667 0.59406914375 0.5239798416666667 0.59406914375 0.4704083916666667
2 0.6507209710937499 0.4806124625 0.6507209710937499 0.5464288166666667 0.7152937046875001 0.5464288166666667 0.7152937046875001 0.4806124625
1 0.30753840703125 0.42887773888888886 0.30753840703125 0.5314288027777778 0.36264047265625 0.5314288027777778 0.36264047265625 0.42887773888888886
2 0.2860141640625 0.4732655138888889 0.2860141640625 0.554388 0.335089440625 0.554388 0.335089440625 0.4732655138888889
2 0.24996822109375 0.49387778055555553 0.24996822109375 0.5887757819444445 0.319706771875 0.5887757819444445 0.319706771875 0.49387778055555553
2 0.3541455625 0.4693879736111111 0.3541455625 0.623979875 0.4445473890625 0.623979875 0.4445473890625 0.4693879736111111
2 0.44713029765625 0.4846941041666667 0.44713029765625 0.5459186208333333 0.48501296875 0.5459186208333333 0.48501296875 0.4846941041666667
2 0.49620557578125 0.48775532916666664 0.49620557578125 0.5780614916666666 0.5642221882812499 0.5780614916666666 0.5642221882812499 0.48775532916666664
2 0.57541480078125 0.4663267472222223 0.57541480078125 0.5719390402777778 0.6640946875 0.5719390402777778 0.6640946875 0.4663267472222223
2 0.7274656484375 0.48918390277777773 0.7274656484375 0.6453064208333333 0.9220448179687499 0.6453064208333333 0.9220448179687499 0.48918390277777773
2 0.14593437734375 0.5020410416666667 0.14593437734375 0.5158165583333333 0.15884892578125 0.5158165583333333 0.15884892578125 0.5020410416666667
2 0.17606831875 0.4989798138888889 0.17606831875 0.5127553305555556 0.18209510625 0.5127553305555556 0.18209510625 0.4989798138888889
2 0.15884892421875002 0.5005104305555556 0.15884892421875002 0.5142859472222222 0.16745862265625 0.5142859472222222 0.16745862265625 0.5005104305555556
2 0.23375329374999998 0.4943879763888889 0.23375329374999998 0.5051022652777778 0.24408493046875002 0.5051022652777778 0.24408493046875002 0.4943879763888889
2 0.21136808046875002 0.49591859027777774 0.21136808046875002 0.5081634930555556 0.22342165625 0.5081634930555556 0.22342165625 0.49591859027777774
2 0.2001754734375 0.4989798138888889 0.2001754734375 0.5127553305555556 0.20964613984375 0.5127553305555556 0.20964613984375 0.4989798138888889
2 0.18209510625 0.4928573625 0.18209510625 0.5081634930555556 0.20103644140625 0.5081634930555556 0.20103644140625 0.4928573625