7 0.37042698125 0.038125819444444445 0.37042698125 0.07798462916666667 0.39187275390625 0.07798462916666667 0.39187275390625 0.038125819444444445
6 0.36847736640625 0.07798462777777779 0.36847736640625 0.20969199861111112 0.3996712171875 0.20969199861111112 0.3996712171875 0.07798462777777779
6 0.6345999078125 0.4453788722222223 0.6345999078125 0.4887036652777778 0.65117164140625 0.4887036652777778 0.65117164140625 0.4453788722222223
6 0.2778202359375 0.5094995666666667 0.2778202359375 0.5493583777777777 0.28659350781250004 0.5493583777777777 0.28659350781250004 0.5094995666666667
6 0.6628693343750001 0.4505778472222222 0.6628693343750001 0.4921696486111111 0.68041587578125 0.4921696486111111 0.68041587578125 0.4505778472222222
6 0.56733816640625 0.5198975180555555 0.56733816640625 0.5614893180555556 0.575136628125 0.5614893180555556 0.575136628125 0.5198975180555555
6 0.22128138203124997 0.5961491541666667 0.22128138203124997 0.6342749722222222 0.23005465234375003 0.6342749722222222 0.23005465234375003 0.5961491541666667
6 0.21250811015624999 0.5978821458333333 0.21250811015624999 0.6394739472222223 0.22128138203124997 0.6394739472222223 0.22128138203124997 0.5978821458333333
6 0.57903586015625 0.5441594027777779 0.57903586015625 0.5718872708333333 0.5868343234375 0.5718872708333333 0.5868343234375 0.5441594027777779
6 0.19593637734375 0.48523768333333334 0.19593637734375 0.5268294833333333 0.20860887890625 0.5268294833333333 0.20860887890625 0.48523768333333334
6 0.48155507578125 0.5944161625000001 0.48155507578125 0.6134790708333333 0.48642911484375 0.6134790708333333 0.48642911484375 0.5944161625000001
2 0.045815968750000005 0.6672018138888889 0.045815968750000005 0.7694483263888888 0.13257386640625 0.7694483263888888 0.13257386640625 0.6672018138888889
2 0.25539965546875 0.6446729222222223 0.25539965546875 0.7122596013888889 0.30219043203124996 0.7122596013888889 0.30219043203124996 0.6446729222222223
2 0.34508197734375 0.6290759972222222 0.34508197734375 0.6966626736111111 0.38602390625 0.6966626736111111 0.38602390625 0.6290759972222222
2 0 0.6741337819444445 0 0.738254475 0.06238770234375 0.738254475 0.06238770234375 0.6741337819444445
2 0.30121562421875 0.6533378805555555 0.30121562421875 0.6845317305555555 0.31876216562500004 0.6845317305555555 0.31876216562500004 0.6533378805555555
2 0.33143466796875 0.6464059138888889 0.33143466796875 0.6827987402777778 0.34995601640624996 0.6827987402777778 0.34995601640624996 0.6464059138888889
2 0.3138881265625 0.6516048888888889 0.3138881265625 0.6810657486111111 0.32558582109375 0.6810657486111111 0.32558582109375 0.6516048888888889
2 0.3230513203125 0.6533378805555555 0.3230513203125 0.6775997652777778 0.3289001671875 0.6775997652777778 0.3289001671875 0.6533378805555555
2 0.5086547359375 0.6186780458333333 0.5086547359375 0.6637358305555555 0.549596665625 0.6637358305555555 0.549596665625 0.6186780458333333
2 0.5213272390625 0.6152120624999999 0.5213272390625 0.6637358305555555 0.58274013359375 0.6637358305555555 0.58274013359375 0.6152120624999999
2 0.56811801640625 0.6030811222222222 0.56811801640625 0.6585368569444445 0.64025379609375 0.6585368569444445 0.64025379609375 0.6030811222222222
2 0.62855610234375 0.5996151375 0.62855610234375 0.6100130875 0.6607247609375 0.6100130875 0.6607247609375 0.5996151375
2 0.6188080234375 0.6048141125 0.6188080234375 0.6429399319444444 0.67242245390625 0.6429399319444444 0.67242245390625 0.6048141125
2 0.69484303515625 0.5961491541666667 0.69484303515625 0.6342749722222222 0.72993611796875 0.6342749722222222 0.72993611796875 0.5961491541666667
2 0.7133643843749999 0.5874841944444444 0.7133643843749999 0.6169450541666667 0.75333150625 0.6169450541666667 0.75333150625 0.5874841944444444
2 0.72896131015625 0.5909501777777778 0.72896131015625 0.6290759972222222 0.78355055 0.6290759972222222 0.78355055 0.5909501777777778
2 0.7601551609375 0.5840182111111111 0.7601551609375 0.6238770208333334 0.835215365625 0.6238770208333334 0.835215365625 0.5840182111111111
2 0.83229094140625 0.5822852194444444 0.83229094140625 0.6134790708333333 0.87420767890625 0.6134790708333333 0.87420767890625 0.5822852194444444
2 0.8313161335937499 0.5545573527777777 0.8313161335937499 0.5892171875 0.89857787578125 0.5892171875 0.89857787578125 0.5545573527777777
2 0.93367097265625 0.5554159166666667 0.93367097265625 0.6107063013888888 1 0.6107063013888888 1 0.5554159166666667
4 0.6652088734375 0.5510913708333334 0.6652088734375 0.6966626736111111 0.696402725 0.6966626736111111 0.696402725 0.5510913708333334
5 0.49169307812499996 0.6256100138888889 0.49169307812499996 0.655070873611111 0.5024159640625 0.655070873611111 0.5024159640625 0.6256100138888889
3 0.48291980703125 0.6446729222222223 0.48291980703125 0.6672018138888889 0.5053403875 0.6672018138888889 0.5053403875 0.6446729222222223
6 0.47804576796875003 0.48697067499999996 0.47804576796875003 0.5181645263888889 0.4858442296875 0.5181645263888889 0.4858442296875 0.48697067499999996
6 0.5501815484375 0.5424264097222222 0.5501815484375 0.5805522277777778 0.5618792421875 0.5805522277777778 0.5618792421875 0.5424264097222222
7 0.65741041171875 0.4072530555555555 0.65741041171875 0.4401799 0.67690656796875 0.4401799 0.67690656796875 0.4072530555555555
7 0.5735769359375 0.49910161666666664 0.5735769359375 0.5146985444444444 0.5784509757812499 0.5146985444444444 0.5784509757812499 0.49910161666666664
7 0.5501815484375 0.5233635013888889 0.5501815484375 0.5372274347222222 0.5550555875 0.5372274347222222 0.5550555875 0.5233635013888889
4 0.47628331015625003 0.6151514874999999 0.47628331015625003 0.6440557847222222 0.48584723203125 0.6440557847222222 0.48584723203125 0.6151514874999999
2 0.9130357625000001 0.5656174333333334 0.9130357625000001 0.5877207194444445 0.94746588125 0.5877207194444445 0.94746588125 0.5656174333333334
2 0.8633033687499999 0.57581895 0.8633033687499999 0.6132245111111112 0.937901959375 0.6132245111111112 0.937901959375 0.57581895