2 0.44047185546875 0.4959182625 0.44047185546875 0.5106121361111111 0.4745662359375 0.5106121361111111 0.4745662359375 0.4959182625
2 0.42704073593749997 0.5032652000000001 0.42704073593749997 0.5234692777777777 0.43943869218750004 0.5234692777777777 0.43943869218750004 0.5032652000000001
2 0.40431114921875 0.5069386694444444 0.40431114921875 0.5399998847222223 0.43117338828124996 0.5399998847222223 0.43117338828124996 0.5069386694444444
2 0.48386470390624997 0.5051019319444444 0.48386470390624997 0.5308162125 0.49729582343749995 0.5308162125 0.49729582343749995 0.5051019319444444
2 0.49213000781250005 0.5051019319444444 0.49213000781250005 0.5381631513888888 0.5034948015625 0.5381631513888888 0.5034948015625 0.5051019319444444
2 0.4993621484375 0.5032652000000001 0.4993621484375 0.5436733541666666 0.5231248984375 0.5436733541666666 0.5231248984375 0.5032652000000001
2 0.5158927578125 0.5087754041666667 0.5158927578125 0.5528570263888889 0.53655601796875 0.5528570263888889 0.53655601796875 0.5087754041666667
2 0.52725755078125 0.5032652000000001 0.52725755078125 0.5638774319444445 0.56135193125 0.5638774319444445 0.56135193125 0.5032652000000001
2 0.53862234609375 0.4959182625 0.53862234609375 0.5840815083333333 0.6099105953125 0.5840815083333333 0.6099105953125 0.4959182625
2 0.619209046875 0.5142856041666667 0.619209046875 0.6538774125 0.744221775 0.6538774125 0.744221775 0.5142856041666667
2 0.33963943984375 0.5087754041666667 0.33963943984375 0.5473468236111111 0.352037396875 0.5473468236111111 0.352037396875 0.5087754041666667
2 0.31277720078125004 0.4977549972222222 0.31277720078125004 0.5546937611111111 0.34377209296875 0.5546937611111111 0.34377209296875 0.4977549972222222
2 0.25725759921875 0.48581622361111115 0.25725759921875 0.5629590625 0.31924738124999996 0.5629590625 0.31924738124999996 0.48581622361111115
2 0.23659433671875002 0.5096937694444444 0.23659433671875002 0.5758162041666667 0.28825248984375 0.5758162041666667 0.28825248984375 0.5096937694444444
2 0.15910711015625 0.5069386694444444 0.15910711015625 0.6015304847222223 0.24692596875 0.6015304847222223 0.24692596875 0.5069386694444444
2 0.0007619617187500001 0.49408152777777775 0.0007619617187500001 0.5748978388888889 0.09994561328125 0.5748978388888889 0.09994561328125 0.49408152777777775
2 0.3435654546875 0.48857132361111105 0.3435654546875 0.5767345708333333 0.40555523750000005 0.5767345708333333 0.40555523750000005 0.48857132361111105
2 0.4222924828125 0.5087754041666667 0.4222924828125 0.6153059930555556 0.49771338515624997 0.6153059930555556 0.49771338515624997 0.5087754041666667
2 0.72273629296875 0.5300815333333333 0.72273629296875 0.7872243347222222 0.99859082578125 0.7872243347222222 0.99859082578125 0.5300815333333333
2 0.9283357390625 0.6355100694444444 0.9283357390625 0.8853059347222222 0.9975576640625 0.8853059347222222 0.9975576640625 0.6355100694444444
6 0.4637023703125 0.4618812805555556 0.4637023703125 0.47657515694444447 0.47093451093749994 0.47657515694444447 0.47093451093749994 0.4618812805555556
6 0.42237584765624997 0.46555474861111107 0.42237584765624997 0.4802486222222222 0.430641153125 0.4802486222222222 0.430641153125 0.46555474861111107