7 0.68522965703125 0.20687950972222222 0.68522965703125 0.24102072638888888 0.70763482890625 0.24102072638888888 0.70763482890625 0.20687950972222222
7 0.2803361625 0.30645805833333334 0.2803361625 0.31641591666666663 0.28913819531249996 0.31641591666666663 0.28913819531249996 0.30645805833333334
7 0.2715341296875 0.3164159138888889 0.2715341296875 0.32779631944444443 0.28593745546875 0.32779631944444443 0.28593745546875 0.3164159138888889
6 0.41103657578124997 0.32149645972222224 0.41103657578124997 0.33714451666666667 0.41743805390625 0.33714451666666667 0.41743805390625 0.32149645972222224
6 0.46704951015624996 0.3229190097222222 0.46704951015624996 0.33287686666666666 0.47345098828125 0.33287686666666666 0.47345098828125 0.3229190097222222
6 0.44784507578125005 0.34425727083333335 0.44784507578125005 0.3556376763888889 0.455846925 0.3556376763888889 0.455846925 0.34425727083333335
2 0.36520433046875 0.3798210388888889 0.36520433046875 0.4224975597222222 0.398812090625 0.4224975597222222 0.398812090625 0.3798210388888889
2 0.45802576406249995 0.36275043055555556 0.45802576406249995 0.37413083611111114 0.46922835078125 0.37413083611111114 0.46922835078125 0.36275043055555556
2 0.46522742656249993 0.3641729805555555 0.46522742656249993 0.3769759375 0.4772302 0.3769759375 0.4772302 0.3641729805555555
2 0.45722557890625 0.36986318333333335 0.45722557890625 0.3883563430555555 0.46522742656249993 0.3883563430555555 0.46522742656249993 0.36986318333333335
2 0.45962613359375004 0.3727082847222222 0.45962613359375004 0.4068495013888889 0.47562982890625005 0.4068495013888889 0.47562982890625005 0.3727082847222222
2 0.47562982890625005 0.36275043055555556 0.47562982890625005 0.3869337902777778 0.48603223046875 0.3869337902777778 0.48603223046875 0.36275043055555556
2 0.4780303828125 0.37128573472222226 0.4780303828125 0.39546909583333334 0.4908333390625 0.39546909583333334 0.4908333390625 0.37128573472222226
2 0.4841117875 0.36879627083333333 0.4841117875 0.40720514027777777 0.5065169609375 0.40720514027777777 0.5065169609375 0.36879627083333333
2 0.49051326562500003 0.37448647361111115 0.49051326562500003 0.41574044444444447 0.50571677578125 0.41574044444444447 0.50571677578125 0.37448647361111115
2 0.5001154828125001 0.36595116944444445 0.5001154828125001 0.4256982986111111 0.5169193625 0.4256982986111111 0.5169193625 0.36595116944444445
2 0.50491659140625 0.3574158652777778 0.50491659140625 0.43707870416666667 0.54492583046875 0.43707870416666667 0.54492583046875 0.3574158652777778
2 0.5193199171875 0.3602609666666667 0.5193199171875 0.4456140083333333 0.5617297101562501 0.4456140083333333 0.5617297101562501 0.3602609666666667
2 0.52732176484375 0.36879627083333333 0.52732176484375 0.45557186388888893 0.5569286015625 0.45557186388888893 0.5569286015625 0.36879627083333333
2 0.54012472109375 0.3503031111111111 0.54012472109375 0.4897130805555555 0.5889359921875 0.4897130805555555 0.5889359921875 0.3503031111111111
2 0.560129340625 0.3243415611111111 0.560129340625 0.5320339638888889 0.70016167421875 0.5320339638888889 0.70016167421875 0.3243415611111111
2 0.6303455546875 0.33714451805555556 0.6303455546875 0.6814017888888889 0.9976303648437501 0.6814017888888889 0.9976303648437501 0.33714451805555556
2 0.32567520234375 0.3902530805555555 0.32567520234375 0.4357747027777778 0.37208591874999997 0.4357747027777778 0.37208591874999997 0.3902530805555555
2 0.2896668875 0.4030560375 0.2896668875 0.4684933694444444 0.340078528125 0.4684933694444444 0.340078528125 0.4030560375
2 0.2387217921875 0.4144364541666667 0.2387217921875 0.48840909027777774 0.29793546718749997 0.48840909027777774 0.29793546718749997 0.4144364541666667
2 0.1563027609375 0.4144364541666667 0.1563027609375 0.5325081625 0.25792622578125 0.5325081625 0.25792622578125 0.4144364541666667
2 0.00032007421875 0.43672306666666666 0.00032007421875 0.6244997597222223 0.1411525953125 0.6244997597222223 0.1411525953125 0.43672306666666666
2 0.38360858750000004 0.3641729805555555 0.38360858750000004 0.5050055013888889 0.4748296515625 0.5050055013888889 0.4748296515625 0.3641729805555555