2 0.26265919453125003 0.5281831347222222 0.26265919453125003 0.5532494527777778 0.29488731953124997 0.5532494527777778 0.29488731953124997 0.5281831347222222
2 0.18410314375 0.5246022333333333 0.18410314375 0.5747348680555555 0.25863067812499996 0.5747348680555555 0.25863067812499996 0.5246022333333333
2 0.0008056906250000001 0.5604112597222222 0.0008056906250000001 0.5836871263888889 0.014905496093750002 0.5836871263888889 0.014905496093750002 0.5604112597222222
2 0.0008056906250000001 0.5317640402777778 0.0008056906250000001 0.6409815680555556 0.1125969953125 0.6409815680555556 0.1125969953125 0.5317640402777778
2 0.4318568421875 0.5174404291666667 0.4318568421875 0.5407162944444445 0.44092100234375 0.5407162944444445 0.44092100234375 0.5174404291666667
2 0.44494951875 0.5084881736111111 0.44494951875 0.5496685499999999 0.50537724921875 0.5496685499999999 0.50537724921875 0.5084881736111111
2 0.5144414109375 0.5102786222222222 0.5144414109375 0.5568303569444445 0.55674082265625 0.5568303569444445 0.55674082265625 0.5102786222222222
2 0.55271230546875 0.4995359152777778 0.55271230546875 0.5622017111111112 0.59501171796875 0.5622017111111112 0.59501171796875 0.4995359152777778
2 0.58292617265625 0.5102786222222222 0.58292617265625 0.5729444166666666 0.60911152265625 0.5729444166666666 0.60911152265625 0.5102786222222222
2 0.6101186515625 0.47805050000000004 0.6101186515625 0.6194961527777778 0.69975311953125 0.6194961527777778 0.69975311953125 0.47805050000000004
2 0.6715535125 0.4744695972222222 0.6715535125 0.6427720194444445 0.770252140625 0.6427720194444445 0.770252140625 0.4744695972222222
2 0.7470881765625 0.43328921527777775 0.7470881765625 0.6714192388888889 0.9515353375 0.6714192388888889 0.9515353375 0.43328921527777775
2 0.8175921117187499 0.45023159305555555 0.8175921117187499 0.7233423291666666 0.999877521875 0.7233423291666666 0.999877521875 0.45023159305555555
9 0.57990478671875 0.27572950138888885 0.57990478671875 0.37062342083333333 0.67558202890625 0.37062342083333333 0.67558202890625 0.27572950138888885
2 0.0350480734375 0.3545093611111111 0.0350480734375 0.374204325 0.07029758124999999 0.374204325 0.07029758124999999 0.3545093611111111
7 0.1879659296875 0.19528534444444443 0.1879659296875 0.25598683194444444 0.25762088671875 0.25598683194444444 0.25762088671875 0.19528534444444443