6 0.3145411078125 0.24513158055555556 0.3145411078125 0.27532894722222223 0.324532884375 0.27532894722222223 0.324532884375 0.24513158055555556
6 0.4953922609375 0.19184210833333332 0.4953922609375 0.22914473888888892 0.50838156953125 0.22914473888888892 0.50838156953125 0.19184210833333332
6 0.32553206171875 0.24690789444444444 0.32553206171875 0.28065789583333334 0.3335254828125 0.28065789583333334 0.3335254828125 0.24690789444444444
6 0.48440130625 0.19184210833333332 0.48440130625 0.22914473888888892 0.49639143828125 0.22914473888888892 0.49639143828125 0.19184210833333332
6 0.5163749906249999 0.25934210555555554 0.5163749906249999 0.2948684208333333 0.5233692328124999 0.2948684208333333 0.5233692328124999 0.25934210555555554
9 0.336523015625 0.3570394736111111 0.336523015625 0.4085526333333333 0.36350081171875004 0.4085526333333333 0.36350081171875004 0.3570394736111111
2 0.73919160390625 0.3481578986111111 0.73919160390625 0.3872368458333333 0.8081348609375001 0.3872368458333333 0.8081348609375001 0.3481578986111111
2 0.6952277875 0.33750000277777775 0.6952277875 0.3907894763888889 0.772164465625 0.3907894763888889 0.772164465625 0.33750000277777775
7 0.1736570609375 0.24690789444444444 0.1736570609375 0.29842105416666664 0.2166216984375 0.29842105416666664 0.2166216984375 0.24690789444444444
7 0.61929028671875 0.20960526388888887 0.61929028671875 0.21848684305555557 0.6452689046875 0.21848684305555557 0.6452689046875 0.20960526388888887
7 0.5983075570312499 0.2344736861111111 0.5983075570312499 0.29309210694444443 0.6222878203125 0.29309210694444443 0.6222878203125 0.2344736861111111
7 0.62128864140625 0.2255921055555556 0.62128864140625 0.27888158055555556 0.67924094453125 0.27888158055555556 0.67924094453125 0.2255921055555556
6 0.28356660078124996 0.34105263333333335 0.28356660078124996 0.3694736847222222 0.2955567328125 0.3694736847222222 0.2955567328125 0.34105263333333335
6 0.12869406640625 0.27888158055555556 0.12869406640625 0.3001973694444445 0.1406841984375 0.3001973694444445 0.1406841984375 0.27888158055555556
2 0.27956989062500004 0.3605921069444444 0.27956989062500004 0.44940789583333335 0.34551561406250003 0.44940789583333335 0.34551561406250003 0.3605921069444444
2 0.38348436484375 0.3179605277777778 0.38348436484375 0.44230263333333336 0.45242762109375 0.44230263333333336 0.45242762109375 0.3179605277777778
2 0.50438485859375 0.3446052652777778 0.50438485859375 0.4440789513888889 0.5963092015625 0.4440789513888889 0.5963092015625 0.3446052652777778
2 0.73819242578125 0.12967105277777777 0.73819242578125 0.7194078986111112 0.999976965625 0.7194078986111112 0.999976965625 0.12967105277777777
2 0.592312490625 0.34638158055555557 0.592312490625 0.4014473694444444 0.67024834765625 0.4014473694444444 0.67024834765625 0.34638158055555557