2 0.03947033203125 0.4884406041666667 0.03947033203125 0.5525083875 0.12023433359374999 0.5525083875 0.12023433359374999 0.4884406041666667
2 0.153591071875 0.4884406041666667 0.153591071875 0.5296270375 0.21937492500000003 0.5296270375 0.21937492500000003 0.4884406041666667
2 0.13900421093749998 0.48386433472222223 0.13900421093749998 0.5296270361111111 0.17332623671875 0.5296270361111111 0.17332623671875 0.48386433472222223
2 0.20988273828124998 0.4781248347222222 0.20988273828124998 0.5043748236111111 0.2425780390625 0.5043748236111111 0.2425780390625 0.4781248347222222
2 0.223593671875 0.48374983055555554 0.223593671875 0.5193748180555555 0.26894521953125 0.5193748180555555 0.26894521953125 0.48374983055555554
2 0.26789053046875 0.4762498319444444 0.26789053046875 0.5118748222222222 0.29320302265625 0.5118748222222222 0.29320302265625 0.4762498319444444
2 0.29320302421875 0.4799998319444444 0.29320302421875 0.5081248208333333 0.32273426015625 0.5081248208333333 0.32273426015625 0.4799998319444444
2 0.295312396875 0.4724998361111111 0.295312396875 0.4818748291666667 0.31746082734375 0.4818748291666667 0.31746082734375 0.4724998361111111
2 0.321679575 0.4724998361111111 0.321679575 0.502499825 0.35226550078124996 0.502499825 0.35226550078124996 0.4724998361111111
2 0.3533201890625 0.4762498319444444 0.3533201890625 0.4949998263888889 0.3638670609375 0.4949998263888889 0.3638670609375 0.4762498319444444
2 0.365976434375 0.4781248347222222 0.365976434375 0.4949998263888889 0.37335924375 0.4949998263888889 0.37335924375 0.4781248347222222
2 0.4630076515625 0.4706248333333333 0.4630076515625 0.5006248222222223 0.47988264609375 0.5006248222222223 0.47988264609375 0.4706248333333333
2 0.45035140390625 0.4706248333333333 0.45035140390625 0.4987498236111111 0.46300764921875004 0.4987498236111111 0.46300764921875004 0.4706248333333333
2 0.47988264531249997 0.46874983611111115 0.47988264531249997 0.49687482499999996 0.49359357812500004 0.49687482499999996 0.49359357812500004 0.46874983611111115
2 0.51363263359375 0.4668748347222222 0.51363263359375 0.48187483333333336 0.5273435671875 0.48187483333333336 0.5273435671875 0.4668748347222222
2 0.49464826328125 0.46237485 0.49464826328125 0.4754998402777778 0.51574200703125 0.4754998402777778 0.51574200703125 0.46237485
2 0.5273435656250001 0.4631248375 0.5273435656250001 0.47437483472222225 0.54105449921875 0.47437483472222225 0.54105449921875 0.4631248375
2 0.5220701296875 0.47437483472222225 0.5220701296875 0.5043748236111111 0.5399998109374999 0.5043748236111111 0.5399998109374999 0.47437483472222225
2 0.58957010546875 0.46874983611111115 0.58957010546875 0.5291248236111111 0.61994511328125 0.5291248236111111 0.61994511328125 0.46874983611111115
2 0.63998416953125 0.43437485555555555 0.63998416953125 0.8446872027777779 0.9982613703125001 0.8446872027777779 0.9982613703125001 0.43437485555555555
2 0.37757799375 0.45112485277777775 0.37757799375 0.5917498013888889 0.46406233828125 0.5917498013888889 0.46406233828125 0.45112485277777775
2 0.49148420234375 0.47174984583333335 0.49148420234375 0.5129998319444444 0.5210154421875 0.5129998319444444 0.5210154421875 0.47174984583333335
2 0.5252341914062499 0.46349983194444444 0.5252341914062499 0.5741248083333333 0.6030701203125 0.5741248083333333 0.6030701203125 0.46349983194444444
7 0.60117166484375 0.41062485833333334 0.60117166484375 0.44399985 0.62015603046875 0.44399985 0.62015603046875 0.41062485833333334
7 0.5790232359374999 0.4293748513888889 0.5790232359374999 0.4571248472222222 0.5958982296875 0.4571248472222222 0.5958982296875 0.4293748513888889
7 0.5695310499999999 0.4443748444444444 0.5695310499999999 0.4612498402777777 0.580077921875 0.4612498402777777 0.580077921875 0.4443748444444444
7 0.1982811796875 0.4522498486111111 0.1982811796875 0.4766248416666667 0.21199211328124998 0.4766248416666667 0.21199211328124998 0.4522498486111111