2 0.044072171874999996 0.29072169583333335 0.044072171874999996 0.3092784 0.06030928828125 0.3092784 0.06030928828125 0.29072169583333335
2 0 0.2865979861111111 0 0.3072165458333333 0.0139175265625 0.3072165458333333 0.0139175265625 0.2865979861111111
2 0.01159793984375 0.2927835527777778 0.01159793984375 0.3195876833333333 0.02551546796875 0.3195876833333333 0.02551546796875 0.2927835527777778
2 0.02435567421875 0.29072169583333335 0.02435567421875 0.3051546875 0.04175258515625 0.3051546875 0.04175258515625 0.29072169583333335
2 0.02551546796875 0.3030928361111111 0.02551546796875 0.3195876833333333 0.0347938203125 0.3195876833333333 0.0347938203125 0.3030928361111111
2 0.04523196484375 0.3030928361111111 0.04523196484375 0.31752582777777777 0.059149492968749995 0.31752582777777777 0.059149492968749995 0.3030928361111111
2 0 0.3051546888888889 0 0.3216495375 0.01043814453125 0.3216495375 0.01043814453125 0.3051546888888889
2 0 0.31134025694444445 0 0.3690722277777778 0.0347938203125 0.3690722277777778 0.0347938203125 0.31134025694444445
2 0.03363402578125 0.3051546888888889 0.03363402578125 0.33195881944444444 0.0510309375 0.33195881944444444 0.0510309375 0.3051546888888889
2 0.06030928828125 0.3072165458333333 0.06030928828125 0.36288665833333333 0.10206187109375 0.36288665833333333 0.10206187109375 0.3072165458333333
2 0.10206187343749999 0.3216495375 0.10206187343749999 0.3608248013888889 0.1298969296875 0.3608248013888889 0.1298969296875 0.3216495375
2 0.27371138671875 0.3195876819444444 0.27371138671875 0.35463923333333336 0.293427884375 0.35463923333333336 0.293427884375 0.3195876819444444
2 0.28994850234374997 0.3195876819444444 0.28994850234374997 0.35463923333333336 0.30502582500000003 0.35463923333333336 0.30502582500000003 0.3195876819444444
2 0.30270623515625 0.3237113916666667 0.30270623515625 0.35463923333333336 0.31894335156250003 0.35463923333333336 0.31894335156250003 0.3237113916666667
2 0.30850520703125 0.33195881944444444 0.30850520703125 0.36701037222222227 0.33170108671875 0.36701037222222227 0.33170108671875 0.33195881944444444
2 0.32474232265624997 0.3298969597222222 0.32474232265624997 0.3773196472222222 0.353737171875 0.3773196472222222 0.353737171875 0.3298969597222222
2 0.3618557296875 0.3237113916666667 0.3618557296875 0.3402062416666667 0.3827320234375 0.3402062416666667 0.3827320234375 0.3237113916666667
2 0.3885309921875 0.32577325 0.3885309921875 0.3793815055555555 0.42100522265625007 0.3793815055555555 0.42100522265625007 0.32577325
2 0.41984542890625 0.32783510555555556 0.41984542890625 0.37113408194444447 0.44652069140624995 0.37113408194444447 0.44652069140624995 0.32783510555555556
2 0.3456186140625 0.32783510555555556 0.3456186140625 0.40618563333333335 0.40012893203125 0.40618563333333335 0.40012893203125 0.32783510555555556
9 0.5750258890625 0.317525825 0.5750258890625 0.4247423361111111 0.6724485851562501 0.4247423361111111 0.6724485851562501 0.317525825
2 0.47899492421875 0.33195881944444444 0.47899492421875 0.45360832500000003 0.58453617890625 0.45360832500000003 0.58453617890625 0.33195881944444444
2 0.8882915406249999 0.3051546888888889 0.8882915406249999 0.5113402902777777 0.99929644609375 0.5113402902777777 0.99929644609375 0.3051546888888889
7 0.45695883828125006 0.28865984166666664 0.45695883828125006 0.3195876833333333 0.46623719062499996 0.3195876833333333 0.46623719062499996 0.28865984166666664
7 0.49639183437499995 0.24536086527777776 0.49639183437499995 0.25979385694444446 0.5184279203125 0.25979385694444446 0.5184279203125 0.24536086527777776
7 0.46507739609375004 0.2556701458333333 0.46507739609375004 0.31546396944444444 0.5219073023437499 0.31546396944444444 0.5219073023437499 0.2556701458333333
7 0.46623719062499996 0.31134025694444445 0.46623719062499996 0.32783510555555556 0.47667533671875006 0.32783510555555556 0.47667533671875006 0.31134025694444445