7 0.24649447890624998 0.5714625249999999 0.24649447890624998 0.5957063902777777 0.25438968515625 0.5957063902777777 0.25438968515625 0.5714625249999999
7 0.284535015625 0.5612545833333333 0.284535015625 0.5880504333333334 0.29601895078124996 0.5880504333333334 0.29601895078124996 0.5612545833333333
7 0.33334174296875 0.562530575 0.33334174296875 0.5842224555555556 0.34195469453125 0.5842224555555556 0.34195469453125 0.562530575
7 0.4223422453125 0.5727385180555555 0.4223422453125 0.5854984472222222 0.43382618125 0.5854984472222222 0.43382618125 0.5727385180555555
7 0.40655183359375 0.562530575 0.40655183359375 0.5816704694444444 0.4144470390625 0.5816704694444444 0.4144470390625 0.562530575
7 0.15605848359375002 0.5765664972222222 0.15605848359375002 0.6020863541666667 0.16826016640625 0.6020863541666667 0.16826016640625 0.5765664972222222
2 0.18015424296875 0.5920606902777779 0.18015424296875 0.603544625 0.19450916328125 0.603544625 0.19450916328125 0.5920606902777779
2 0.20527535234375 0.5907846972222223 0.20527535234375 0.6060966125 0.22034801874999999 0.6060966125 0.22034801874999999 0.5907846972222223
2 0.21747703437500002 0.5907846972222223 0.21747703437500002 0.6163045569444444 0.23111420859375 0.6163045569444444 0.23111420859375 0.5907846972222223
2 0.22680773203125 0.5895087055555556 0.22680773203125 0.6201325305555556 0.24977560312499997 0.6201325305555556 0.24977560312499997 0.5895087055555556
2 0.0887224421875 0.5805767555555555 0.0887224421875 0.6528812319444444 0.1668050546875 0.6528812319444444 0.1668050546875 0.5805767555555555
2 0.1858962109375 0.5933366833333333 0.1858962109375 0.6252365055555555 0.2095818296875 0.6252365055555555 0.2095818296875 0.5933366833333333
2 0.1708235453125 0.5971646625 0.1708235453125 0.6150285611111111 0.18733170390625 0.6150285611111111 0.18733170390625 0.5971646625
2 0.29977858984375 0.5831287402777777 0.29977858984375 0.6086485986111111 0.30982703359374997 0.6086485986111111 0.30982703359374997 0.5831287402777777
7 0.27896395546875 0.5869567194444444 0.27896395546875 0.5984406541666667 0.29116563828125 0.5984406541666667 0.29116563828125 0.5869567194444444
7 0.2940366203125 0.5805767555555555 0.2940366203125 0.5997166500000001 0.30049633515625 0.5997166500000001 0.30049633515625 0.5805767555555555
2 0.35073855390625003 0.5793007625 0.35073855390625003 0.6137525708333333 0.36939995 0.6137525708333333 0.36939995 0.5793007625
2 0.5237153375 0.5576088833333332 0.5237153375 0.6941401194444444 0.6407079343750001 0.6941401194444444 0.6407079343750001 0.5576088833333332
2 0.32322495078125 0.5844047333333333 0.32322495078125 0.6163045555555555 0.346192821875 0.6163045555555555 0.346192821875 0.5844047333333333
9 0.36389721640625 0.5520796069444445 0.36389721640625 0.63374315 0.41198619687500004 0.63374315 0.41198619687500004 0.5520796069444445