2 0.49628458671875003 0.3437008847222222 0.49628458671875003 0.35858277777777775 0.5070473828125001 0.35858277777777775 0.5070473828125001 0.3437008847222222
2 0.48671765546875 0.3465355305555556 0.48671765546875 0.3592914388888889 0.49628458671875003 0.3592914388888889 0.49628458671875003 0.3465355305555556
2 0.46040859218749997 0.34228355833333335 0.46040859218749997 0.3656693902777778 0.47475898984375 0.3656693902777778 0.47475898984375 0.34228355833333335
2 0.42692433125000007 0.33377961805555556 0.42692433125000007 0.3699213611111111 0.44127472890624997 0.3699213611111111 0.44127472890624997 0.33377961805555556
2 0.41855326562500006 0.33590560555555554 0.41855326562500006 0.3677953777777778 0.4340995296875 0.3677953777777778 0.4340995296875 0.33590560555555554
2 0.40659460000000003 0.3401575736111111 0.40659460000000003 0.37842529999999996 0.42094499843750005 0.37842529999999996 0.42094499843750005 0.3401575736111111
2 0.37071860703125 0.3295276513888889 0.37071860703125 0.38055128611111105 0.41018219921875004 0.38055128611111105 0.41018219921875004 0.3295276513888889
2 0.35517234296875 0.3401575736111111 0.35517234296875 0.38905522499999995 0.38028553828125 0.38905522499999995 0.38028553828125 0.3401575736111111
2 0.29418315234375003 0.31677174305555555 0.29418315234375003 0.4018111361111111 0.357564075 0.4018111361111111 0.357564075 0.31677174305555555
2 0.52976884765625 0.34228355833333335 0.52976884765625 0.36141742083333334 0.53933577890625 0.36141742083333334 0.53933577890625 0.34228355833333335
2 0.53813991328125 0.3380315902777778 0.53813991328125 0.3635434083333334 0.55129444296875 0.3635434083333334 0.55129444296875 0.3380315902777778
2 0.5489027109375 0.33590560555555554 0.5489027109375 0.3677953777777778 0.5620572421875 0.3677953777777778 0.5620572421875 0.33590560555555554
2 0.55846964375 0.3316536333333333 0.55846964375 0.3720473458333334 0.5823869734375 0.3720473458333334 0.5823869734375 0.3316536333333333
2 0.56923244140625 0.33519695694444446 0.56923244140625 0.38834657777777776 0.615871234375 0.38834657777777776 0.615871234375 0.33519695694444446
2 0.44605819375 0.339448925 0.44605819375 0.36708672777777773 0.46160445859375 0.36708672777777773 0.46160445859375 0.339448925
2 0.51183085078125 0.34370089444444446 0.51183085078125 0.35858278749999994 0.52378951640625 0.35858278749999994 0.52378951640625 0.34370089444444446
2 0.2104725 0.3415749097222222 0.2104725 0.43086627222222224 0.30614181796875 0.43086627222222224 0.30614181796875 0.3415749097222222
2 0.6130808851562499 0.3387402569444445 0.6130808851562499 0.3663780597222222 0.63101888203125 0.3663780597222222 0.63101888203125 0.3387402569444445
7 0.14589570937500002 0.22535439583333333 0.14589570937500002 0.2423622736111111 0.1650295734375 0.2423622736111111 0.1650295734375 0.22535439583333333
7 0.12437011328125 0.24023628888888887 0.12437011328125 0.2614961361111111 0.1470915765625 0.2614961361111111 0.1470915765625 0.24023628888888887
7 0.85162135703125 0.19006305138888888 0.85162135703125 0.2495906263888889 0.86293725390625 0.2495906263888889 0.86293725390625 0.19006305138888888
7 0.8545661890625 0.25937015 0.8545661890625 0.31464575833333336 0.86293725390625 0.31464575833333336 0.86293725390625 0.25937015