7 0.61547400703125 0.11479490694444444 0.61547400703125 0.12573240555555557 0.63041541171875 0.12573240555555557 0.63041541171875 0.11479490694444444
7 0.6119583828125 0.12729490555555556 0.6119583828125 0.13354490555555557 0.63832556640625 0.13354490555555557 0.63832556640625 0.12729490555555556
6 0.6005326015625 0.13041990555555555 0.6005326015625 0.1616699027777778 0.61020056953125 0.1616699027777778 0.61020056953125 0.13041990555555555
6 0.599653696875 0.1710449 0.599653696875 0.18823239861111113 0.60932166328125 0.18823239861111113 0.60932166328125 0.1710449
2 0.6066849453125001 0.21479489583333333 0.6066849453125001 0.26166989027777776 0.647114628125 0.26166989027777776 0.647114628125 0.21479489583333333
2 0.6014115078125 0.23979489166666668 0.6014115078125 0.2663573888888889 0.62602088046875 0.2663573888888889 0.62602088046875 0.23979489166666668
2 0.81938023046875 0.15854490277777777 0.81938023046875 0.3101073847222222 0.96879427578125 0.3101073847222222 0.96879427578125 0.15854490277777777
2 0.84398960390625 0.16479490277777778 0.84398960390625 0.30385738472222223 0.9723099 0.30385738472222223 0.9723099 0.16479490277777778
2 0.9151809999999999 0.1929198972222222 0.9151809999999999 0.31948238194444445 0.9731888062499999 0.31948238194444445 0.9731888062499999 0.1929198972222222
1 0.40805215781250004 0 0.40805215781250004 0.3601073777777778 0.59174354140625 0.3601073777777778 0.59174354140625 0
2 0.27709514296875 0.1741699 0.27709514296875 0.5882323486111111 0.5627396390625 0.5882323486111111 0.5627396390625 0.1741699
4 0.6611771265625 0.18979489861111112 0.6611771265625 0.29604488472222223 0.68842321640625 0.29604488472222223 0.68842321640625 0.18979489861111112