2 0.44183135703125 0.40359346527777773 0.44183135703125 0.42703095 0.45633330078125 0.42703095 0.45633330078125 0.40359346527777773
2 0.42205598046875004 0.40359346527777773 0.42205598046875004 0.43640594444444447 0.44578643359375 0.43640594444444447 0.44578643359375 0.40359346527777773
2 0.46292509296875 0.39890596666666667 0.46292509296875 0.44109344027777775 0.49061062031249997 0.44109344027777775 0.49061062031249997 0.39890596666666667
2 0.3680032828125 0.40593721388888887 0.3680032828125 0.4340621944444445 0.38777866015625 0.4340621944444445 0.38777866015625 0.40593721388888887
2 0.342954471875 0.40593721388888887 0.342954471875 0.4457809361111111 0.37195835859375 0.4457809361111111 0.37195835859375 0.40593721388888887
2 0.32186073671875 0.40359346527777773 0.32186073671875 0.45281218194444445 0.34822790625 0.45281218194444445 0.34822790625 0.40359346527777773
2 0.2862650578125 0.3942184722222223 0.2862650578125 0.45515593055555553 0.3271341703125 0.45515593055555553 0.3271341703125 0.3942184722222223
2 0.2506693796875 0.40124971666666664 0.2506693796875 0.47156217083333335 0.29681192578125 0.47156217083333335 0.29681192578125 0.40124971666666664
2 0.19397996484375 0.38953097500000006 0.19397996484375 0.47156217083333335 0.25198773828125 0.47156217083333335 0.25198773828125 0.38953097500000006
2 0.12410696562500001 0.4082809625 0.12410696562500001 0.49265590416666666 0.20057175703125002 0.49265590416666666 0.20057175703125002 0.4082809625
2 0.55125511015625 0.40593721388888887 0.55125511015625 0.41765595555555557 0.561801978125 0.41765595555555557 0.561801978125 0.40593721388888887
2 0.55521018671875 0.40124971666666664 0.55521018671875 0.44812468611111106 0.5802589953124999 0.44812468611111106 0.5802589953124999 0.40124971666666664
2 0.57234884609375 0.3942184722222223 0.57234884609375 0.45984342777777776 0.62112811015625 0.45984342777777776 0.62112811015625 0.3942184722222223
2 0.5934425812499999 0.40359346527777773 0.5934425812499999 0.4645309236111111 0.6277199007812501 0.4645309236111111 0.6277199007812501 0.40359346527777773
2 0.6132179585937501 0.40124971666666664 0.6132179585937501 0.4739059166666667 0.6488136359375 0.4739059166666667 0.6488136359375 0.40124971666666664
2 0.6316749765624999 0.37312473611111113 0.6316749765624999 0.49499965138888885 0.72396006953125 0.49499965138888885 0.72396006953125 0.37312473611111113
2 0.6764991648437501 0.4082809625 0.6764991648437501 0.5160933875 0.780649484375 0.5160933875 0.780649484375 0.4082809625
2 0.74109872890625 0.40593721388888887 0.74109872890625 0.5653121041666667 0.93621578203125 0.5653121041666667 0.93621578203125 0.40593721388888887
5 0.20848190859375001 0.38015598194444444 0.20848190859375001 0.4739059166666667 0.24012251171875 0.4739059166666667 0.24012251171875 0.38015598194444444
0 0.20452683203125002 0.41296845833333334 0.20452683203125002 0.48796840555555554 0.24012251093749998 0.48796840555555554 0.24012251093749998 0.41296845833333334
2 0 0.40124971666666664 0 0.5254683819444445 0.13333547578125 0.5254683819444445 0.13333547578125 0.40124971666666664
3 0.8949560804687501 0.4340621944444445 0.8949560804687501 0.6136688458333334 0.99949698984375 0.6136688458333334 0.99949698984375 0.4340621944444445
2 0.48006375234375 0.3637497416666667 0.48006375234375 0.4973434 0.55784690234375 0.4973434 0.55784690234375 0.3637497416666667
2 0.3825052265625 0.39890596666666667 0.3825052265625 0.45515593055555553 0.42469269687500005 0.45515593055555553 0.42469269687500005 0.39890596666666667
2 0.9683790906249999 0.5063840819444445 0.9683790906249999 0.6565827513888889 0.9985529304687499 0.6565827513888889 0.9985529304687499 0.5063840819444445