2 0.42176895625000005 0.48967280138888886 0.42176895625000005 0.6188920124999999 0.46863217265625 0.6188920124999999 0.46863217265625 0.48967280138888886
2 0.4112486421875 0.5304788666666667 0.4112486421875 0.5491816486111112 0.42368174140625003 0.5491816486111112 0.42368174140625003 0.5304788666666667
2 0.35577789375 0.5185770972222222 0.35577789375 0.6273932763888889 0.42463813203124995 0.6273932763888889 0.42463813203124995 0.5185770972222222
2 0.258225890625 0.5304788666666667 0.258225890625 0.6715998486111111 0.37490573828125 0.6715998486111111 0.37490573828125 0.5304788666666667
2 0.7775468640625001 0.4760707777777778 0.7775468640625001 0.5321791180555556 0.81675894453125 0.5321791180555556 0.81675894453125 0.4760707777777778
2 0.79189274765625 0.4998743180555556 0.79189274765625 0.7787157736111111 0.99942985234375 0.7787157736111111 0.99942985234375 0.4998743180555556
2 0 0.4095180347222222 0 0.8243797125000001 0.25959216406249996 0.8243797125000001 0.25959216406249996 0.4095180347222222
2 0.9257876539062501 0.6154915055555555 0.9257876539062501 0.9589425666666666 0.99942985234375 0.9589425666666666 0.99942985234375 0.6154915055555555
1 0.4667194015625 0.3106604736111111 0.4667194015625 0.5469956111111111 0.6446083484375 0.5469956111111111 0.6446083484375 0.3106604736111111
2 0.44472238203125 0.3604535888888889 0.44472238203125 0.8481411569444445 0.8244100812499999 0.8481411569444445 0.8244100812499999 0.3604535888888889
7 0.4361148390625 0.48865264999999997 0.4361148390625 0.4954536625 0.44472236875000004 0.4954536625 0.44472236875000004 0.48865264999999997