7 0.48155507578125 0.4557768236111111 0.48155507578125 0.47830571666666666 0.5429679710937501 0.47830571666666666 0.5429679710937501 0.4557768236111111
7 0.57903586015625 0.41938399722222225 0.57903586015625 0.47483973194444445 0.60048163359375 0.47483973194444445 0.60048163359375 0.41938399722222225
7 0.5917083625 0.4956356333333334 0.5917083625 0.5233635013888889 0.61022971171875 0.5233635013888889 0.61022971171875 0.4956356333333334
7 0.914369759375 0.33100141805555555 0.914369759375 0.37952518749999997 0.94653841796875 0.37952518749999997 0.94653841796875 0.33100141805555555
7 0.1403723296875 0.51296555 0.1403723296875 0.5562903444444445 0.161818103125 0.5562903444444445 0.161818103125 0.51296555
7 0.50592527265625 0.5649553041666666 0.50592527265625 0.5996151375 0.520547390625 0.5996151375 0.520547390625 0.5649553041666666
6 0.23687830546875 0.3812581791666667 0.23687830546875 0.4297819472222222 0.25052561640625004 0.4297819472222222 0.25052561640625004 0.3812581791666667
6 0.43183987578125 0.42631596527777776 0.43183987578125 0.4679077652777778 0.44256276171875 0.4679077652777778 0.44256276171875 0.42631596527777776
6 0.33338428359375 0.5562903444444445 0.33338428359375 0.5805522277777778 0.33923313125 0.5805522277777778 0.33923313125 0.5562903444444445
6 0.9211934140625001 0.43324793194444444 0.9211934140625001 0.4887036666666667 0.9426391867187499 0.4887036666666667 0.9426391867187499 0.43324793194444444
6 0.8675789828125 0.21142499027777775 0.8675789828125 0.2911426097222222 0.8977980249999999 0.2911426097222222 0.8977980249999999 0.21142499027777775
6 0.25052561640625004 0.3881901472222223 0.25052561640625004 0.4384469069444445 0.26417292734375 0.4384469069444445 0.26417292734375 0.3881901472222223
6 0.22615541953124998 0.3812581791666667 0.22615541953124998 0.4297819472222222 0.23785311328124997 0.4297819472222222 0.23785311328124997 0.3812581791666667
6 0.9504376499999999 0.44364588194444443 0.9504376499999999 0.49216965138888885 0.9816315015624999 0.49216965138888885 0.9816315015624999 0.44364588194444443
2 0.4493864171875 0.5944161625000001 0.4493864171875 0.6308089902777778 0.46888257421875 0.6308089902777778 0.46888257421875 0.5944161625000001
2 0.46205891796875004 0.6048141125 0.46205891796875004 0.6758667763888889 0.513723734375 0.6758667763888889 0.513723734375 0.6048141125
2 0.4737566125 0.6238770208333334 0.4737566125 0.6949296819444445 0.54296796953125 0.6949296819444445 0.54296796953125 0.6238770208333334
2 0.33143466796875 0.5718872694444445 0.33143466796875 0.7798462763888889 0.46595814921875 0.7798462763888889 0.46595814921875 0.5718872694444445
2 0.9377651484375 0.5840182111111111 0.9377651484375 0.7035946416666666 0.99949698984375 0.7035946416666666 0.99949698984375 0.5840182111111111
2 0.12867463515625 0.5770862458333333 0.12867463515625 0.6862647249999999 0.19691118515625 0.6862647249999999 0.19691118515625 0.5770862458333333
2 0.0009748078125000001 0.5424264097222222 0.0009748078125000001 0.9618104083333334 0.20665926328125 0.9618104083333334 0.20665926328125 0.5424264097222222
0 0.55271604765625 0.6342749722222222 0.55271604765625 0.8716948361111111 0.6219274046875001 0.8716948361111111 0.6219274046875001 0.6342749722222222
5 0.551741240625 0.5372274333333333 0.551741240625 0.8405009875 0.62387702109375 0.8405009875 0.62387702109375 0.5372274333333333
4 0.65019683203125 0.6204110361111111 0.65019683203125 0.6793327583333334 0.66481895 0.6793327583333334 0.66481895 0.6204110361111111
4 0.8295614765625 0.5302954680555556 0.8295614765625 0.8820927875 0.9075461046875001 0.8820927875 0.9075461046875001 0.5302954680555556
4 0.90169725703125 0.5493583777777777 0.90169725703125 0.76424935 0.9406895703125 0.76424935 0.9406895703125 0.5493583777777777