4 0.017104574218749998 0.30537620555555556 0.017104574218749998 0.4614986222222222 0.042933650000000004 0.4614986222222222 0.042933650000000004 0.30537620555555556
4 0.0449999765625 0.31272314305555554 0.0449999765625 0.4376210763888889 0.06566323828125001 0.4376210763888889 0.06566323828125001 0.31272314305555554
4 0.64423454296875 0.32558028333333333 0.64423454296875 0.40823332638888893 0.65663250078125 0.40823332638888893 0.65663250078125 0.32558028333333333
4 0.62047179296875 0.3366006888888889 0.62047179296875 0.4045598583333333 0.63286975 0.4045598583333333 0.63286975 0.3366006888888889
4 0.5956758796875 0.34394762638888887 0.5956758796875 0.40639659305555553 0.6070406734375 0.40639659305555553 0.6070406734375 0.34394762638888887
4 0.57501261875 0.34762109444444445 0.57501261875 0.4192537347222222 0.59051006484375 0.4192537347222222 0.59051006484375 0.34762109444444445
4 0.5626146624999999 0.34394762638888887 0.5626146624999999 0.42109046666666666 0.579145271875 0.42109046666666666 0.579145271875 0.34394762638888887
4 0.53471926015625 0.3696619069444444 0.53471926015625 0.4174169986111111 0.55124986953125 0.4174169986111111 0.55124986953125 0.3696619069444444
4 0.5212881406250001 0.3696619069444444 0.5212881406250001 0.4192537333333333 0.5357524234375 0.4192537333333333 0.5357524234375 0.3696619069444444
4 0.47892845546874996 0.36231496944444447 0.47892845546874996 0.4294991986111111 0.4924724359375 0.4294991986111111 0.4924724359375 0.36231496944444447
4 0.49132641250000003 0.36231496944444447 0.49132641250000003 0.4294991986111111 0.50682735546875 0.4294991986111111 0.50682735546875 0.36231496944444447
6 0.46239784687499996 0.2172129597222222 0.46239784687499996 0.25392258055555555 0.47335347890625 0.25392258055555555 0.47335347890625 0.2172129597222222
6 0.50372436875 0.3329272208333333 0.50372436875 0.3586415013888889 0.5130228359375 0.3586415013888889 0.5130228359375 0.3329272208333333
6 0.36999805703125 0.16715506527777776 0.36999805703125 0.215376225 0.3828442921875 0.215376225 0.3828442921875 0.16715506527777776
6 0.449999890625 0.22272316250000002 0.449999890625 0.25762111527777776 0.46136468359375 0.25762111527777776 0.46136468359375 0.22272316250000002
6 0.49649222734375 0.1878252111111111 0.49649222734375 0.22309937777777777 0.50685917109375 0.22309937777777777 0.50685917109375 0.1878252111111111
6 0.56984680390625 0.2971069638888889 0.56984680390625 0.32558028333333333 0.59298868984375 0.32558028333333333 0.59298868984375 0.2971069638888889
6 0.20100759609375 0.2906823319444444 0.20100759609375 0.3237435472222222 0.214438715625 0.3237435472222222 0.214438715625 0.2906823319444444
6 0.19687494453125 0.25578437916666663 0.19687494453125 0.30537620555555556 0.21237238984375 0.30537620555555556 0.21237238984375 0.25578437916666663
7 0.43140295546875 0.2521109111111111 0.43140295546875 0.27598845694444446 0.45103305390625004 0.27598845694444446 0.45103305390625004 0.2521109111111111
4 0.22728622812500002 0.32190681527777776 0.22728622812500002 0.5040171833333333 0.26748000312500003 0.5040171833333333 0.26748000312500003 0.32190681527777776
7 0.37457898828124997 0.36047823472222223 0.37457898828124997 0.37700884583333333 0.3828442921875 0.37700884583333333 0.3828442921875 0.36047823472222223
2 0.36631368359375 0.36598843750000004 0.36631368359375 0.39537618750000003 0.37457898828124997 0.39537618750000003 0.37457898828124997 0.36598843750000004
2 0.3580483796875 0.3696619069444444 0.3580483796875 0.40639659305555553 0.3683800109375 0.40639659305555553 0.3683800109375 0.3696619069444444
2 0.34668358593750004 0.3696619069444444 0.34668358593750004 0.4121456958333334 0.36078698125 0.4121456958333334 0.36078698125 0.3696619069444444
2 0.25989788984375 0.36231496944444447 0.25989788984375 0.4568054472222222 0.30767377812499996 0.4568054472222222 0.30767377812499996 0.36231496944444447
2 0.18034433515624998 0.3457843611111111 0.18034433515624998 0.49088637083333336 0.273329009375 0.49088637083333336 0.273329009375 0.3457843611111111
2 0.37974480312500003 0.3641517041666667 0.37974480312500003 0.3917027166666667 0.3942090859375 0.3917027166666667 0.3942090859375 0.3641517041666667
2 0.41383918359375 0.3641517041666667 0.41383918359375 0.42476393611111113 0.486160596875 0.42476393611111113 0.486160596875 0.3641517041666667
2 0.02950253046875 0.3586415013888889 0.02950253046875 0.58088635 0.230969325 0.58088635 0.230969325 0.3586415013888889
2 0.308456553125 0.37333537499999997 0.308456553125 0.4284374041666667 0.3477167484375 0.4284374041666667 0.3477167484375 0.37333537499999997
2 0 0.3641517041666667 0 0.6837434722222222 0.03156885625 0.6837434722222222 0.03156885625 0.3641517041666667
1 0.6370024015625 0.0023150458333333333 0.6370024015625 0.7553761097222222 0.99860946796875 0.7553761097222222 0.99860946796875 0.0023150458333333333
2 0.39007643359375 0.36231496944444447 0.39007643359375 0.38251904722222224 0.414872346875 0.38251904722222224 0.414872346875 0.36231496944444447