7 0.16824017109375 0.36638970416666666 0.16824017109375 0.38134438749999994 0.18124054765625 0.38134438749999994 0.18124054765625 0.36638970416666666
7 0.15447506718749998 0.37862535555555554 0.15447506718749998 0.39629906805555554 0.16441653046875 0.39629906805555554 0.16441653046875 0.37862535555555554
7 0.13918050625 0.4207703666666666 0.13918050625 0.4411631152777778 0.16824017109375 0.4411631152777778 0.16824017109375 0.4207703666666666
7 0.63051827890625 0.45679755555555557 0.63051827890625 0.4731117527777778 0.6557543046875 0.4731117527777778 0.6557543046875 0.45679755555555557
6 0.18812310078125 0.2525981763888889 0.18812310078125 0.3056193208333333 0.19882929296875002 0.3056193208333333 0.19882929296875002 0.2525981763888889
6 0.6383949906249999 0.41220540694444446 0.6383949906249999 0.4543504208333333 0.65063063984375 0.4543504208333333 0.65063063984375 0.41220540694444446
6 0.6621015609375 0.15743202083333332 0.6621015609375 0.25803624166666667 0.6789255773437499 0.25803624166666667 0.6789255773437499 0.15743202083333332
6 0.1995940203125 0.26034741666666666 0.1995940203125 0.31064952777777777 0.21030021406250002 0.31064952777777777 0.21030021406250002 0.26034741666666666
6 0.68232860390625 0.15906343472222223 0.68232860390625 0.2664652416666667 0.7098588125 0.2664652416666667 0.7098588125 0.15906343472222223
4 0.017508090625 0.47585734027777776 0.017508090625 0.8796337500000001 0.0901572546875 0.8796337500000001 0.0901572546875 0.47585734027777776
4 0 0.4749244361111111 0 0.8796337500000001 0.06645068359375 0.8796337500000001 0.06645068359375 0.4749244361111111
4 0.4278653453125 0.5129908972222222 0.4278653453125 0.8882174597222222 0.50116768359375 0.8882174597222222 0.50116768359375 0.5129908972222222
4 0.3911583984375 0.5206948319444444 0.3911583984375 0.8728096166666666 0.48445522109374994 0.8728096166666666 0.48445522109374994 0.5206948319444444
4 0.60222333984375 0.5451661305555555 0.60222333984375 0.8891238138888888 0.65269539140625 0.8891238138888888 0.65269539140625 0.5451661305555555
4 0.61292953203125 0.5234138666666667 0.61292953203125 0.8999999472222222 0.71616781796875 0.8999999472222222 0.71616781796875 0.5234138666666667
4 0.94788041953125 0.5397280624999999 0.94788041953125 0.9598186722222222 0.9998819257812499 0.9598186722222222 0.9998819257812499 0.5397280624999999
4 0.5709119640625 0.5663377652777778 0.5709119640625 0.6628634402777778 0.5976774460937501 0.6628634402777778 0.5976774460937501 0.5663377652777778
4 0.5089689921875 0.5785734125 0.5089689921875 0.6628634402777778 0.53114610625 0.6628634402777778 0.53114610625 0.5785734125
4 0.3116691546875 0.5527426 0.3116691546875 0.6275160097222222 0.3261989875 0.6275160097222222 0.3261989875 0.5527426
7 0.22449015703125 0.5282713013888889 0.22449015703125 0.5744948625 0.248961453125 0.5744948625 0.248961453125 0.5282713013888889
2 0.7406570390625 0.5778476319444444 0.7406570390625 0.7083612208333333 0.9035441140625 0.7083612208333333 0.9035441140625 0.5778476319444444