2 0.704715196875 0.5396526347222222 0.704715196875 0.6975574250000001 0.9848443679687501 0.6975574250000001 0.9848443679687501 0.5396526347222222
2 0.9897246656249999 0.605590898611111 0.9897246656249999 0.6645882944444444 0.9985092046874999 0.6645882944444444 0.9985092046874999 0.605590898611111
4 0.1454329140625 0.4910665444444444 0.1454329140625 0.6749995972222222 0.20009226406249997 0.6749995972222222 0.20009226406249997 0.4910665444444444
2 0.24108677812499998 0.4060408888888889 0.24108677812499998 0.44421567222222225 0.286961590625 0.44421567222222225 0.286961590625 0.4060408888888889
2 0.33088428125 0.4320691513888889 0.33088428125 0.4702439361111111 0.36407031640625 0.4702439361111111 0.36407031640625 0.4320691513888889
2 0.33674064062500003 0.45809741388888886 0.33674064062500003 0.5032130680555555 0.36309425546875 0.5032130680555555 0.36309425546875 0.45809741388888886
2 0.34162094062500004 0.48239045694444443 0.34162094062500004 0.5361821999999999 0.368950615625 0.5361821999999999 0.368950615625 0.48239045694444443
2 0.348453359375 0.48933132777777777 0.348453359375 0.5570048083333333 0.394328171875 0.5570048083333333 0.394328171875 0.48933132777777777
2 0.3562618375 0.49800741527777775 0.3562618375 0.5760922013888888 0.4148254265625 0.5760922013888888 0.4148254265625 0.49800741527777775
2 0.3650463765625 0.5101539388888889 0.3650463765625 0.6212078569444445 0.45093964140625 0.6212078569444445 0.45093964140625 0.5101539388888889
2 0.15324139375 0.4060408888888889 0.15324139375 0.4407452375 0.17276258984374998 0.4407452375 0.17276258984374998 0.4060408888888889
2 0.16983441015625 0.4060408888888889 0.16983441015625 0.44421567222222225 0.19814014609375 0.44421567222222225 0.19814014609375 0.4060408888888889
2 0.188379546875 0.40951132361111114 0.188379546875 0.4511565430555556 0.22839800000000002 0.4511565430555556 0.22839800000000002 0.40951132361111114
2 0.19033166640625002 0.449421325 0.19033166640625002 0.5014778486111111 0.2235177015625 0.5014778486111111 0.2235177015625 0.449421325
2 0.1854513671875 0.4650382833333333 0.1854513671875 0.5275061125 0.21278104296875 0.5275061125 0.21278104296875 0.4650382833333333
2 0.14836109375 0.46850871944444444 0.14836109375 0.5361821999999999 0.20009226562500002 0.5361821999999999 0.20009226562500002 0.46850871944444444
2 0.13567231640625 0.49453698055555556 0.13567231640625 0.5760922013888888 0.1620259328125 0.5760922013888888 0.1620259328125 0.49453698055555556
2 0.12200747812499999 0.4910665444444444 0.12200747812499999 0.5986500277777778 0.15226533359375 0.5986500277777778 0.15226533359375 0.4910665444444444
9 0 0.41645219305555553 0 0.6680587263888889 0.12883989765624998 0.6680587263888889 0.12883989765624998 0.41645219305555553