2 0.055354829687499996 0.5239217694444445 0.055354829687499996 0.6694555944444445 0.18867420859375 0.6694555944444445 0.18867420859375 0.5239217694444445
2 0.3523997609375 0.5363960972222223 0.3523997609375 0.5599587166666666 0.37267054375 0.5599587166666666 0.37267054375 0.5363960972222223
2 0.43504218281249996 0.5266938430555556 0.43504218281249996 0.6292605375 0.5215828328125001 0.6292605375 0.5215828328125001 0.5266938430555556
2 0.30951926015625003 0.5363960972222223 0.30951926015625003 0.5627307888888889 0.32901039765625 0.5627307888888889 0.32901039765625 0.5363960972222223
2 0.17386094453125 0.5377821333333332 0.17386094453125 0.6306465736111111 0.22297861015625 0.6306465736111111 0.22297861015625 0.5377821333333332
2 0.214402509375 0.5363960972222223 0.214402509375 0.6029258458333333 0.27443521249999997 0.6029258458333333 0.27443521249999997 0.5363960972222223
2 0.26897769375 0.5405542055555556 0.26897769375 0.5821352999999999 0.295485640625 0.5821352999999999 0.295485640625 0.5405542055555556
2 0.28612989453125 0.5391681694444445 0.28612989453125 0.5752051166666667 0.30484138671875 0.5752051166666667 0.30484138671875 0.5391681694444445
2 0.29938386796875 0.5391681694444445 0.29938386796875 0.5779771902777777 0.314976778125 0.5779771902777777 0.314976778125 0.5391681694444445
2 0.40385636328125 0.530851951388889 0.40385636328125 0.5779771902777777 0.44049970156249996 0.5779771902777777 0.44049970156249996 0.530851951388889
2 0.3976192 0.5128334777777778 0.3976192 0.5821352972222222 0.4319236015625 0.5821352972222222 0.4319236015625 0.5128334777777778
2 0.38826345390625 0.5322379875 0.38826345390625 0.5668889 0.40151742734375 0.5668889 0.40151742734375 0.5322379875
2 0.379687353125 0.5350100611111112 0.379687353125 0.5558006069444444 0.39450061875000003 0.5558006069444444 0.39450061875000003 0.5350100611111112
2 0.37656877187500004 0.5266938430555556 0.37656877187500004 0.5502564625 0.393720971875 0.5502564625 0.393720971875 0.5266938430555556
2 0.32823075078124997 0.5377821333333332 0.32823075078124997 0.5530285333333333 0.33602720546875 0.5530285333333333 0.33602720546875 0.5377821333333332
2 0.33290862421875 0.5350100611111112 0.33290862421875 0.548870425 0.340705078125 0.548870425 0.340705078125 0.5350100611111112
7 0.43114395546875006 0.4781825666666667 0.43114395546875006 0.5059032958333334 0.44829615624999997 0.5059032958333334 0.44829615624999997 0.4781825666666667
7 0.40853423671875 0.48927085833333334 0.40853423671875 0.4975870763888889 0.41944927343750005 0.4975870763888889 0.41944927343750005 0.48927085833333334
7 0.413212109375 0.4975870763888889 0.413212109375 0.5142195138888889 0.42178821015625 0.5142195138888889 0.42178821015625 0.4975870763888889