6 0.39835815078125003 0.40670545138888886 0.39835815078125003 0.4342564666666666 0.40662345546875 0.4342564666666666 0.40662345546875 0.40670545138888886
6 0.403523965625 0.40854218333333336 0.403523965625 0.4342564638888889 0.41178927187500003 0.4342564638888889 0.41178927187500003 0.40854218333333336
6 0.47481221640625 0.4691544152777778 0.47481221640625 0.48384829027777776 0.483077521875 0.48384829027777776 0.483077521875 0.4691544152777778
6 0.5522994453125001 0.41221565138888894 0.5522994453125001 0.43058299305555553 0.5595315875 0.43058299305555553 0.5595315875 0.41221565138888894
6 0.555398934375 0.41037891944444443 0.555398934375 0.4324197319444444 0.563664240625 0.4324197319444444 0.563664240625 0.41037891944444443
2 0.49033917968749996 0.5069386680555555 0.49033917968749996 0.5289794805555555 0.5006708093750001 0.5289794805555555 0.5006708093750001 0.5069386680555555
2 0.46657643046875 0.4977549958333333 0.46657643046875 0.5381631513888888 0.4934386703125 0.5381631513888888 0.4934386703125 0.4977549958333333
9 0.42215041875 0.4757141833333333 0.42215041875 0.5455100875000001 0.4676095921875 0.5455100875000001 0.4676095921875 0.4757141833333333
9 0.03795583046875 0.3820407347222222 0.03795583046875 0.6465304763888888 0.281782309375 0.6465304763888888 0.281782309375 0.3820407347222222
2 0.40972294453125 0.5003789 0.40972294453125 0.5573176611111111 0.437618346875 0.5573176611111111 0.437618346875 0.5003789
2 0.38182754218750004 0.5040523694444444 0.38182754218750004 0.5646646 0.4231540640625 0.5646646 0.4231540640625 0.5040523694444444
2 0.3353352046875 0.5132360416666667 0.3353352046875 0.5811952111111112 0.3869933578125 0.5811952111111112 0.3869933578125 0.5132360416666667
2 0.2805775640625 0.5058891055555556 0.2805775640625 0.6013992888888889 0.3466999984375 0.6013992888888889 0.3466999984375 0.5058891055555556
2 0.30847296640625 0.4151890527777778 0.30847296640625 0.5095625680555556 0.357819975 0.5095625680555556 0.357819975 0.4151890527777778
2 0 0.47387745138888887 0 0.6942855666666666 0.09891245078125001 0.6942855666666666 0.09891245078125001 0.47387745138888887
7 0.5938809132812499 0.4416772013888889 0.5938809132812499 0.4600445444444445 0.607312034375 0.4600445444444445 0.607312034375 0.4416772013888889
2 0.596980403125 0.46555474999999996 0.596980403125 0.5831057430555556 0.64140641328125 0.5831057430555556 0.64140641328125 0.46555474999999996
2 0.61661050078125 0.4563710763888889 0.61661050078125 0.6161669597222222 0.67446763046875 0.6161669597222222 0.67446763046875 0.4563710763888889
2 0.6486385554687499 0.4306567958333334 0.6486385554687499 0.6675955236111111 0.7839829125 0.6675955236111111 0.7839829125 0.4306567958333334
7 0.7808834250000001 0.33330987916666666 0.7808834250000001 0.3700445638888889 0.809811990625 0.3700445638888889 0.809811990625 0.33330987916666666
2 0.7361286703125 0.2902040194444444 0.7361286703125 0.8834692 0.9995852476562501 0.8834692 0.9995852476562501 0.2902040194444444
2 0.49340915234375 0.46889427083333335 0.49340915234375 0.5948395291666667 0.578128521875 0.5948395291666667 0.578128521875 0.46889427083333335