4 0.5202398890625 0.44768610833333333 0.5202398890625 0.48933132777777777 0.5288430164062501 0.48933132777777777 0.5288430164062501 0.44768610833333333
4 0.5114553515625 0.4424804555555556 0.5114553515625 0.4823904597222222 0.51926382890625 0.4823904597222222 0.51926382890625 0.4424804555555556
4 0.45777206093749995 0.42339306250000003 0.45777206093749995 0.49453698055555556 0.476317196875 0.49453698055555556 0.476317196875 0.42339306250000003
7 0.62467828984375 0.4511565430555556 0.62467828984375 0.46850871944444444 0.631510709375 0.46850871944444444 0.631510709375 0.4511565430555556
2 0.619797990625 0.4719791513888889 0.619797990625 0.4928017625 0.63053464921875 0.4928017625 0.63053464921875 0.4719791513888889
2 0.62467828984375 0.4719791513888889 0.62467828984375 0.4962721958333334 0.6373670687499999 0.4962721958333334 0.6373670687499999 0.4719791513888889
2 0.6334628289062499 0.4737143722222222 0.6334628289062499 0.5032130680555555 0.64517554765625 0.5032130680555555 0.64517554765625 0.4737143722222222
2 0.6402952484375 0.46677349999999995 0.6402952484375 0.5084187180555556 0.662744625 0.5084187180555556 0.662744625 0.46677349999999995
2 0.6539600867187499 0.4615678486111111 0.6539600867187499 0.5170948083333333 0.6842179414062499 0.5170948083333333 0.6842179414062499 0.4615678486111111
2 0.67152916328125 0.4580974111111111 0.67152916328125 0.5327117625 0.72521245234375 0.5327117625 0.72521245234375 0.4580974111111111
2 0.6998348976562501 0.4806552402777778 0.6998348976562501 0.5413878513888889 0.745709709375 0.5413878513888889 0.745709709375 0.4806552402777778
2 0.72228427421875 0.4858608930555555 0.72228427421875 0.558740025 0.77011120625 0.558740025 0.77011120625 0.4858608930555555
2 0.75547030859375 0.46677349999999995 0.75547030859375 0.5830330708333333 0.853076290625 0.5830330708333333 0.853076290625 0.46677349999999995
2 0.8179381367187499 0.47544958750000005 0.8179381367187499 0.6194726402777778 0.95556257265625 0.6194726402777778 0.95556257265625 0.47544958750000005
2 0.90773564140625 0.47718480416666664 0.90773564140625 0.6888813375 0.9994852640625 0.6888813375 0.9994852640625 0.47718480416666664
1 0.60320497421875 0.4442156736111111 0.60320497421875 0.4928017625 0.622726171875 0.4928017625 0.622726171875 0.4442156736111111
2 0.5456174445312499 0.4494213263888889 0.5456174445312499 0.5396526347222222 0.6071092140625 0.5396526347222222 0.6071092140625 0.4494213263888889