7 0.74637216328125 0.5254683819444445 0.74637216328125 0.5676558527777777 0.77010261484375 0.5676558527777777 0.77010261484375 0.5254683819444445
7 0.74505380546875 0.4903121555555555 0.74505380546875 0.5207808847222223 0.7727393328125001 0.5207808847222223 0.7727393328125001 0.4903121555555555
7 0.74637216328125 0.42703095 0.74637216328125 0.48562465972222224 0.77010261484375 0.48562465972222224 0.77010261484375 0.42703095
7 0.6277199023437501 0.3192185236111111 0.6277199023437501 0.3496872527777778 0.66990737265625 0.3496872527777778 0.66990737265625 0.3192185236111111
7 0.576303921875 0.34734350416666665 0.576303921875 0.40593721388888887 0.6778175242187501 0.40593721388888887 0.6778175242187501 0.34734350416666665
2 0.22430221015625001 0.5817183430555555 0.22430221015625001 0.6168745680555556 0.27703654843750003 0.6168745680555556 0.27703654843750003 0.5817183430555555
2 0.1821147390625 0.5957808347222222 0.1821147390625 0.6239058152777778 0.22957564375 0.6239058152777778 0.22957564375 0.5957808347222222
2 0.09642143828125001 0.5864058416666666 0.09642143828125001 0.628593311111111 0.1821147390625 0.628593311111111 0.1821147390625 0.5864058416666666
2 0.366684925 0.5746870986111111 0.366684925 0.6543745444444444 0.4049173203125 0.6543745444444444 0.4049173203125 0.5746870986111111
2 0.39946261562499996 0.5894527194444444 0.39946261562499996 0.6011714611111111 0.4245114265625 0.6011714611111111 0.4245114265625 0.5894527194444444
2 0.45615203046874997 0.5871089708333334 0.45615203046874997 0.6011714611111111 0.46669889765625 0.6011714611111111 0.46669889765625 0.5871089708333334
2 0.4614254640625 0.5894527194444444 0.4614254640625 0.6128902041666667 0.478564125 0.6128902041666667 0.478564125 0.5894527194444444
2 0.47065397343750004 0.5800777263888889 0.47065397343750004 0.5988277138888889 0.4798824828125 0.5988277138888889 0.4798824828125 0.5800777263888889
2 0.4798824828125 0.584765223611111 0.4798824828125 0.5988277125 0.49042935 0.5988277125 0.49042935 0.584765223611111
2 0.49306606718749996 0.584765223611111 0.49306606718749996 0.6105464555555555 0.50756801015625 0.6105464555555555 0.50756801015625 0.584765223611111
2 0.5312984625 0.584765223611111 0.5312984625 0.5964839638888889 0.56030234921875 0.5964839638888889 0.56030234921875 0.584765223611111
7 0.52866174609375 0.5636714875000001 0.52866174609375 0.584765223611111 0.5405269710937499 0.584765223611111 0.5405269710937499 0.5636714875000001
7 0.40605440859374997 0.5542964930555556 0.40605440859374997 0.5683589833333333 0.43110321953125 0.5683589833333333 0.43110321953125 0.5542964930555556
7 0.38496067265625 0.5542964930555556 0.38496067265625 0.5683589833333333 0.40473604921875 0.5683589833333333 0.40473604921875 0.5542964930555556
2 0.51038599765625 0.5817183430555555 0.51038599765625 0.6074995750000001 0.524887940625 0.6074995750000001 0.524887940625 0.5817183430555555
2 0.5683937703125 0.5864058416666666 0.5683937703125 0.6168745666666667 0.5908058640625 0.6168745666666667 0.5908058640625 0.5864058416666666
2 0.5235695812500001 0.5957808347222222 0.5235695812500001 0.6660932861111112 0.57103048671875 0.6660932861111112 0.57103048671875 0.5957808347222222
2 0.47347196171875006 0.5957808347222222 0.47347196171875006 0.6332808083333333 0.50379420546875 0.6332808083333333 0.50379420546875 0.5957808347222222
2 0.44183135703125 0.5817183430555555 0.44183135703125 0.6004683305555556 0.45369658359375 0.6004683305555556 0.45369658359375 0.5817183430555555
2 0.70550305078125 0.5864058416666666 0.70550305078125 0.6028120777777778 0.729233503125 0.6028120777777778 0.729233503125 0.5864058416666666
2 0.6712257312500001 0.5864058416666666 0.6712257312500001 0.6074995750000001 0.69891125859375 0.6074995750000001 0.69891125859375 0.5864058416666666
2 0.25330609609375 0.5676558527777777 0.25330609609375 0.7270307444444444 0.39700716953125 0.7270307444444444 0.39700716953125 0.5676558527777777
7 0.51762296640625 0.5562903444444445 0.51762296640625 0.5718872694444445 0.52542142890625 0.5718872694444445 0.52542142890625 0.5562903444444445
7 0.5839099 0.5510913694444444 0.5839099 0.5736202611111112 0.5917083625 0.5736202611111112 0.5917083625 0.5510913694444444