1 0.0019496156250000001 0.1992940486111111 0.0019496156250000001 0.32753543611111113 0.15596925625 0.32753543611111113 0.15596925625 0.1992940486111111
2 0.0009748078125000001 0.2980745763888889 0.0009748078125000001 0.5510913708333334 0.16571733359375002 0.5510913708333334 0.16571733359375002 0.2980745763888889
2 0.081883859375 0.2512838 0.081883859375 0.4453788722222223 0.26514773359375 0.4453788722222223 0.26514773359375 0.2512838
9 0.50397565625 0.24435183333333335 0.50397565625 0.2755456847222222 0.51859777421875 0.2755456847222222 0.51859777421875 0.24435183333333335
2 0.502026040625 0.2755456847222222 0.502026040625 0.3292684277777778 0.5478420093749999 0.3292684277777778 0.5478420093749999 0.2755456847222222
2 0.5390687390625 0.27207970138888893 0.5390687390625 0.32406945277777777 0.5751366289062501 0.32406945277777777 0.5751366289062501 0.27207970138888893
2 0.57221220625 0.2668807263888889 0.57221220625 0.3015405583333334 0.6004816328125 0.3015405583333334 0.6004816328125 0.2668807263888889
2 0.6384991390625 0.2876766263888889 0.6384991390625 0.3483313375 0.677491453125 0.3483313375 0.677491453125 0.2876766263888889
2 0.56831297421875 0.28074465972222223 0.56831297421875 0.4055200638888889 0.65312125703125 0.4055200638888889 0.65312125703125 0.28074465972222223
2 0.8617301359375 0.3032735513888889 0.8617301359375 0.3725932208333333 0.960185728125 0.3725932208333333 0.960185728125 0.3032735513888889
7 0.29341716171875 0.2530167916666667 0.29341716171875 0.2876766263888889 0.30901408671874997 0.2876766263888889 0.30901408671874997 0.2530167916666667
7 0.133548675 0.09011556944444445 0.133548675 0.11437745555555556 0.1783898359375 0.11437745555555556 0.1783898359375 0.09011556944444445
7 0.12964944375 0.05892171805555556 0.12964944375 0.07971761944444444 0.15012040859375 0.07971761944444444 0.15012040859375 0.05892171805555556
7 0.147195984375 0.03465983472222222 0.147195984375 0.060654708333333335 0.15791887109375 0.060654708333333335 0.15791887109375 0.03465983472222222
7 0.01949615703125 0.02079590138888889 0.01949615703125 0.11437745416666666 0.05848847109375001 0.11437745416666666 0.05848847109375001 0.02079590138888889
7 0.9650597671875 0.04852376805555555 0.9650597671875 0.09184856111111112 0.98553073203125 0.09184856111111112 0.98553073203125 0.04852376805555555
7 0.9787070773437501 0.0970475361111111 0.9787070773437501 0.13690634583333333 0.9982032343749999 0.13690634583333333 0.9982032343749999 0.0970475361111111
7 0.95433688125 0.10571249583333332 0.95433688125 0.13690634444444444 0.97285823125 0.13690634444444444 0.97285823125 0.10571249583333332
6 0.9504376499999999 0.1802311388888889 0.9504376499999999 0.2200899486111111 0.9748078460937499 0.2200899486111111 0.9748078460937499 0.1802311388888889
6 0.92509264609375 0.1802311388888889 0.92509264609375 0.2235559347222222 0.9397147625000001 0.2235559347222222 0.9397147625000001 0.1802311388888889
6 0.69796241796875 0.19236208194444443 0.69796241796875 0.21835695555555554 0.7067356890625 0.21835695555555554 0.7067356890625 0.19236208194444443
6 0.360678903125 0.02079590138888889 0.360678903125 0.07451864444444445 0.37627582734375 0.07451864444444445 0.37627582734375 0.02079590138888889
6 0.70381126484375 0.2287549083333333 0.70381126484375 0.2512838 0.71258453515625 0.2512838 0.71258453515625 0.2287549083333333
6 0.6921135703125 0.2304879 0.6921135703125 0.24955080833333332 0.6999120343749999 0.24955080833333332 0.6999120343749999 0.2304879
6 0.280744659375 0.22182294027777777 0.280744659375 0.23915285833333333 0.29536677734375 0.23915285833333333 0.29536677734375 0.22182294027777777
6 0.11600213359375 0.15943523888888889 0.11600213359375 0.19756105694444445 0.1462211765625 0.19756105694444445 0.1462211765625 0.15943523888888889
6 0.29146754609375003 0.11437745416666666 0.29146754609375003 0.15596925555555557 0.30219043125 0.15596925555555557 0.30219043125 0.11437745416666666
4 0.2758706203125 0.2963415847222222 0.2758706203125 0.33966637777777775 0.28756831484375 0.33966637777777775 0.28756831484375 0.2963415847222222
2 0.26222331015625 0.26861371805555556 0.26222331015625 0.33446740277777776 0.27879504453125004 0.33446740277777776 0.27879504453125004 0.26861371805555556
2 0.23980273046875 0.25474978333333337 0.23980273046875 0.3084725291666667 0.24955080859374998 0.3084725291666667 0.24955080859374998 0.25474978333333337
2 0.227130228125 0.2668807263888889 0.227130228125 0.3067395361111111 0.24175234609375 0.3067395361111111 0.24175234609375 0.2668807263888889
4 0.009748078125 0.23741986666666667 0.009748078125 0.2963415833333333 0.04094193046875 0.2963415833333333 0.04094193046875 0.23741986666666667
4 0.70381126484375 0.28940961805555554 0.70381126484375 0.33966637638888886 0.71550895859375 0.33966637638888886 0.71550895859375 0.28940961805555554
4 0.65409606484375 0.2668807263888889 0.65409606484375 0.2928756 0.6628693359375 0.2928756 0.6628693359375 0.2668807263888889
4 0.67261741328125 0.27034670972222224 0.67261741328125 0.28940961805555554 0.67944106953125 0.28940961805555554 0.67944106953125 0.27034670972222224
4 0.61997778984375 0.26514773472222225 0.61997778984375 0.2807446611111111 0.62972586875 0.2807446611111111 0.62972586875 0.26514773472222225
4 0.6384991390625 0.2755456847222222 0.6384991390625 0.2876766263888889 0.64922202421875 0.2876766263888889 0.64922202421875 0.2755456847222222
4 0.731105884375 0.28421064305555555 0.731105884375 0.34139936944444443 0.74280357890625 0.34139936944444443 0.74280357890625 0.28421064305555555
4 0.75352646484375 0.28074465972222223 0.75352646484375 0.3517973208333333 0.76912338984375 0.3517973208333333 0.76912338984375 0.28074465972222223
4 0.77399742890625 0.2755456847222222 0.77399742890625 0.35006432916666663 0.7856951234375 0.35006432916666663 0.7856951234375 0.2755456847222222
4 0.7856951234375 0.27727867638888887 0.7856951234375 0.3448653527777778 0.79544320234375 0.3448653527777778 0.79544320234375 0.27727867638888887
4 0.8812262929687501 0.27901166805555555 0.8812262929687501 0.3985880972222222 0.9016972578125 0.3985880972222222 0.9016972578125 0.27901166805555555
4 0.91242014375 0.2755456847222222 0.91242014375 0.31540449444444446 0.9260674546875001 0.31540449444444446 0.9260674546875001 0.2755456847222222
4 0.95433688125 0.2755456847222222 0.95433688125 0.41938399722222225 0.9874803476562499 0.41938399722222225 0.9874803476562499 0.2755456847222222
1 0.3246110125 0.1282413875 0.3246110125 0.4211169888888889 0.5088496953125 0.4211169888888889 0.5088496953125 0.1282413875
4 0.9858276390625 0.2816650402777778 0.9858276390625 0.4253426611111111 0.99863059609375 0.4253426611111111 0.99863059609375 0.2816650402777778