7 0.49986405312500004 0.2985780013888889 0.49986405312500004 0.3284358013888889 0.5094612046875 0.3284358013888889 0.5094612046875 0.2985780013888889
7 0.49866441093749997 0.3284358013888889 0.49866441093749997 0.3390993013888889 0.5118604921875 0.3390993013888889 0.5118604921875 0.3284358013888889
7 0.30312247812500004 0.3177723013888889 0.30312247812500004 0.3284358013888889 0.318717846875 0.3284358013888889 0.318717846875 0.3177723013888889
7 0.310320340625 0.3348339013888889 0.310320340625 0.35189550138888886 0.325915709375 0.35189550138888886 0.325915709375 0.3348339013888889
6 0.30312247812500004 0.3540282 0.30312247812500004 0.3753552 0.31751820390624996 0.3753552 0.31751820390624996 0.3540282
6 0.36430431093750004 0.2815164013888889 0.36430431093750004 0.3092415 0.3715021734375 0.3092415 0.3715021734375 0.2815164013888889
7 0.47707082187500005 0.35189550138888886 0.47707082187500005 0.3689571013888889 0.48426868515625 0.3689571013888889 0.48426868515625 0.35189550138888886
7 0.47707082187500005 0.3369666 0.47707082187500005 0.3497628013888889 0.48666797187500005 0.3497628013888889 0.48666797187500005 0.3369666
2 0.47947011093749997 0.3881514 0.47947011093749997 0.4563978 0.49626512343750007 0.4563978 0.49626512343750007 0.3881514
2 0.35950573515625 0.3966822013888889 0.35950573515625 0.4393362027777778 0.3739014609375 0.4393362027777778 0.3739014609375 0.3966822013888889
2 0.34990858515625 0.3860187013888889 0.34990858515625 0.4606632013888889 0.36910288671874997 0.4606632013888889 0.36910288671874997 0.3860187013888889
2 0.299523546875 0.3860187013888889 0.299523546875 0.47559210138888885 0.361905021875 0.47559210138888885 0.361905021875 0.3860187013888889
4 0.2755306734375 0.3924168027777778 0.2755306734375 0.4457809361111111 0.29232568671875 0.4457809361111111 0.29232568671875 0.3924168027777778
4 0.255136728125 0.40308030138888895 0.255136728125 0.4521324013888889 0.2695324546875 0.4521324013888889 0.2695324546875 0.40308030138888895
2 0.1952983234375 0.4009476013888889 0.1952983234375 0.4350708013888889 0.26953245234375 0.4350708013888889 0.26953245234375 0.4009476013888889
2 0.37750039062499996 0.3220377013888889 0.37750039062499996 0.5289096013888889 0.48066975390625 0.5289096013888889 0.48066975390625 0.3220377013888889
2 0.48906726093749997 0.405213 0.48906726093749997 0.4777248 0.52385693046875 0.4777248 0.52385693046875 0.405213
2 0.51425978046875 0.3966822013888889 0.51425978046875 0.49968714999999997 0.59463591171875 0.49968714999999997 0.59463591171875 0.3966822013888889
2 0.582639471875 0.3135069027777778 0.582639471875 0.5928906027777778 0.7205985046875 0.5928906027777778 0.7205985046875 0.3135069027777778
9 0.6654148921874999 0.0042654 0.6654148921874999 0.7507104013888889 0.99949698984375 0.7507104013888889 0.99949698984375 0.0042654
9 0.0001812703125 0.2772510013888889 0.0001812703125 0.7741701027777778 0.151967365625 0.7741701027777778 0.151967365625 0.2772510013888889
2 0.17815966328125 0.3989059680555555 0.17815966328125 0.41531220694444443 0.216392059375 0.41531220694444443 0.216392059375 0.3989059680555555
2 0.1597026453125 0.40359346527777773 0.1597026453125 0.42937469722222227 0.1821147390625 0.42937469722222227 0.1821147390625 0.40359346527777773