6 0.20980026640625 0.40124971805555554 0.20980026640625 0.44343718749999994 0.2216654921875 0.44343718749999994 0.2216654921875 0.40124971805555554
6 0.54861839296875 0.4692184208333333 0.54861839296875 0.5020308958333334 0.557846903125 0.5020308958333334 0.557846903125 0.4692184208333333
6 0.6778175234375 0.5770308458333333 0.6778175234375 0.6004683305555556 0.688364390625 0.6004683305555556 0.688364390625 0.5770308458333333
6 0.13992726796875 0.5278121305555555 0.13992726796875 0.5512496138888889 0.14915577734375002 0.5512496138888889 0.14915577734375002 0.5278121305555555
6 0.665952296875 0.5770308458333333 0.665952296875 0.5981245819444444 0.67518080625 0.5981245819444444 0.67518080625 0.5770308458333333
6 0.8821630859375 0.5559371125 0.8821630859375 0.5887495888888888 0.9098486140625001 0.5887495888888888 0.9098486140625001 0.5559371125
6 0.1689311546875 0.32624976805555556 0.1689311546875 0.37781223333333336 0.18211473828125 0.37781223333333336 0.18211473828125 0.32624976805555556
6 0.22430221015625001 0.4082809625 0.22430221015625001 0.4504684333333333 0.23616743593749998 0.4504684333333333 0.23616743593749998 0.4082809625
7 0.8887548781250001 0.4364059430555556 0.8887548781250001 0.4739059166666667 0.9098486140625001 0.4739059166666667 0.9098486140625001 0.4364059430555556
7 0.8847998031250001 0.48328090972222226 0.8847998031250001 0.5207808847222223 0.9019384609375001 0.5207808847222223 0.9019384609375001 0.48328090972222226
7 0.9019384632812499 0.4762496652777778 0.9019384632812499 0.534843375 0.9203954812499999 0.534843375 0.9203954812499999 0.4762496652777778
7 0.8637060671875 0.4809371625 0.8637060671875 0.5067183944444444 0.8847998039062499 0.5067183944444444 0.8847998039062499 0.4809371625
7 0.857114275 0.5067183944444444 0.857114275 0.534843375 0.89270995390625 0.534843375 0.89270995390625 0.5067183944444444
7 0.10564994765624999 0.4387496916666667 0.10564994765624999 0.4692184208333333 0.15574756953125 0.4692184208333333 0.15574756953125 0.4387496916666667
7 0.12674368359375 0.4082809625 0.12674368359375 0.4340621944444445 0.1452007015625 0.4340621944444445 0.1452007015625 0.4082809625
7 0.6672706546875 0.5512496138888889 0.6672706546875 0.5676558527777777 0.68309095703125 0.5676558527777777 0.68309095703125 0.5512496138888889
7 0.65804214609375 0.5090621430555555 0.65804214609375 0.5254683819444445 0.6791358828125 0.5254683819444445 0.6791358828125 0.5090621430555555
7 0.65804214609375 0.48328090972222226 0.65804214609375 0.5067183930555555 0.6778175234375 0.5067183930555555 0.6778175234375 0.48328090972222226
7 0.2862650578125 0.5231246319444445 0.2862650578125 0.5418746208333333 0.298130284375 0.5418746208333333 0.298130284375 0.5231246319444445
4 0.7371436554687499 0.6239058138888889 0.7371436554687499 0.7082807541666667 0.758237390625 0.7082807541666667 0.758237390625 0.6239058138888889
4 0.58157735546875 0.6168745708333334 0.58157735546875 0.6614057888888889 0.5921242234374999 0.6614057888888889 0.5921242234374999 0.6168745708333334
4 0.55389182734375 0.6192183166666667 0.55389182734375 0.6567182930555556 0.5631203375 0.6567182930555556 0.5631203375 0.6192183166666667
4 0.54070824140625 0.6192183166666667 0.54070824140625 0.6473433 0.5499367515625 0.6473433 0.5499367515625 0.6192183166666667
4 0.257261171875 0.5582808597222222 0.257261171875 0.6989057625 0.279673265625 0.6989057625 0.279673265625 0.5582808597222222
4 0.9045751796875001 0.6426558013888889 0.9045751796875001 0.680155775 0.9190771234374999 0.680155775 0.9190771234374999 0.6426558013888889
2 0.366684925 0.6051558277777778 0.366684925 0.6332808083333333 0.38646030234375 0.6332808083333333 0.38646030234375 0.6051558277777778
2 0.3825052265625 0.6051558277777778 0.3825052265625 0.6309370597222222 0.39964388671875 0.6309370597222222 0.39964388671875 0.6051558277777778
2 0.27044475625 0.5910933361111111 0.27044475625 0.6614057888888889 0.30340371796875 0.6614057888888889 0.30340371796875 0.5910933361111111
9 0.27044475625 0.5535933625 0.27044475625 0.6520307944444445 0.3271341703125 0.6520307944444445 0.3271341703125 0.5535933625
2 0.342954471875 0.6051558277777778 0.342954471875 0.6403120527777778 0.37063999999999997 0.6403120527777778 0.37063999999999997 0.6051558277777778
2 0.39964388671875 0.6121870722222222 0.39964388671875 0.6332808069444444 0.41282747109375 0.6332808069444444 0.41282747109375 0.6121870722222222
2 0.420737621875 0.6145308208333333 0.420737621875 0.6309370597222222 0.43260284687499995 0.6309370597222222 0.43260284687499995 0.6145308208333333
2 0.46028837578125004 0.6168745708333334 0.46028837578125004 0.6332808069444444 0.47479031875000005 0.6332808069444444 0.47479031875000005 0.6168745708333334
9 0.443149715625 0.6028120791666667 0.443149715625 0.6379683041666666 0.46028837578125004 0.6379683041666666 0.46028837578125004 0.6028120791666667
2 0.9019384632812499 0.6520307944444445 0.9019384632812499 0.7246869944444444 0.99686027265625 0.7246869944444444 0.99686027265625 0.6520307944444445
6 0.47960546015625 0.5684212861111111 0.47960546015625 0.5857512027777777 0.48545430703125003 0.5857512027777777 0.48545430703125003 0.5684212861111111
6 0.40357044843749995 0.5666882944444445 0.40357044843749995 0.5822852194444444 0.40746967968750003 0.5822852194444444 0.40746967968750003 0.5666882944444445