7 0.43988186640625004 0.3824641888888889 0.43988186640625004 0.4187200902777778 0.45547723515625 0.4187200902777778 0.45547723515625 0.3824641888888889
7 0.44348079765625004 0.4251181902777778 0.44348079765625004 0.44857789027777784 0.45547723515625 0.44857789027777784 0.45547723515625 0.4251181902777778
7 0.4122900609375 0.4187200902777778 0.4122900609375 0.4400470902777778 0.4314843609375 0.4400470902777778 0.4314843609375 0.4187200902777778
7 0.40509219765625 0.44217979027777776 0.40509219765625 0.45710869027777784 0.44108151093750003 0.45710869027777784 0.44108151093750003 0.44217979027777776
9 0.28272853671875 0.44217979027777776 0.28272853671875 0.49976269027777775 0.33071428671875 0.49976269027777775 0.33071428671875 0.44217979027777776
2 0.36430431093750004 0.5061607916666666 0.36430431093750004 0.5274877902777777 0.3739014609375 0.5274877902777777 0.3739014609375 0.5061607916666666
2 0.37270181640625 0.5040280902777777 0.37270181640625 0.5253550902777778 0.38949682890625004 0.5253550902777778 0.38949682890625004 0.5040280902777777
2 0.333113571875 0.49123189027777775 0.333113571875 0.5488147902777778 0.36550395468749997 0.5488147902777778 0.36550395468749997 0.49123189027777775
2 0.39789433515625 0.49123189027777775 0.39789433515625 0.5317531902777778 0.42068756640625005 0.5317531902777778 0.42068756640625005 0.49123189027777775
2 0.258735659375 0.48270109027777774 0.258735659375 0.5808052930555555 0.34031143515625 0.5808052930555555 0.34031143515625 0.48270109027777774
2 0.184357746875 0.49549729166666673 0.184357746875 0.5552128930555555 0.23714207265625 0.5552128930555555 0.23714207265625 0.49549729166666673
9 0 0.45284329027777775 0 0.5850706902777778 0.13637199687499998 0.5850706902777778 0.13637199687499998 0.45284329027777775
7 0.069191946875 0.3696679916666667 0.069191946875 0.4187200902777778 0.08838624687499999 0.4187200902777778 0.08838624687499999 0.3696679916666667
7 0 0.30568699027777774 0 0.3547390902777778 0.021206196875 0.3547390902777778 0.021206196875 0.30568699027777774