7 0.48843829453125 0.24870265277777778 0.48843829453125 0.27298325 0.53077758203125 0.27298325 0.53077758203125 0.24870265277777778
7 0.11011627187499999 0.013180881944444445 0.11011627187499999 0.05445789166666667 0.18660014609375 0.05445789166666667 0.18660014609375 0.013180881944444445
7 0.02680348046875 0.0010405819444444444 0.02680348046875 0.07932201805555555 0.05748939609375 0.07932201805555555 0.05748939609375 0.0010405819444444444
7 0.19342906484375 0 0.19342906484375 0.033123470833333335 0.22893943515625 0.033123470833333335 0.22893943515625 0
7 0.75886342109375 0.1515802722222222 0.75886342109375 0.2001414611111111 0.7875448734375 0.2001414611111111 0.7875448734375 0.1515802722222222
7 0.76569233984375 0.19042922499999998 0.76569233984375 0.24627459444444447 0.78071595703125 0.24627459444444447 0.78071595703125 0.19042922499999998
7 0.56082481875 0.3676775694444444 0.56082481875 0.38710204583333335 0.58404313671875 0.38710204583333335 0.58404313671875 0.3676775694444444
7 0.08006903671875 0.13943997777777778 0.08006903671875 0.1807169875 0.0950926546875 0.1807169875 0.0950926546875 0.13943997777777778
7 0.08143481953125001 0.17343280833333333 0.08143481953125001 0.2122817625 0.09236108671875 0.2122817625 0.09236108671875 0.17343280833333333
7 0.08689795078125 0.2122817625 0.08689795078125 0.25113071388888886 0.1060189203125 0.25113071388888886 0.1060189203125 0.2122817625
6 0.21255003203124997 0.3069760819444445 0.21255003203124997 0.36039338888888894 0.2248420828125 0.36039338888888894 0.2248420828125 0.3069760819444445
6 0.6659901453125 0.1782889277777778 0.6659901453125 0.26569906944444444 0.68647689921875 0.26569906944444444 0.68647689921875 0.1782889277777778
6 0.46112262499999995 0.21020057222222224 0.46112262499999995 0.2636178805555556 0.476146240625 0.2636178805555556 0.476146240625 0.21020057222222224
6 0.58677470546875 0.3264005583333333 0.58677470546875 0.3749617513888889 0.5977009734375 0.3749617513888889 0.5977009734375 0.3264005583333333
6 0.103287353125 0.2802674277777778 0.103287353125 0.33611279583333337 0.11967675468750001 0.33611279583333337 0.11967675468750001 0.2802674277777778
6 0.06777698515625 0.2802674277777778 0.06777698515625 0.3385408555555556 0.08689795390625 0.3385408555555556 0.08689795390625 0.2802674277777778
6 0.6523323117187501 0.19528534305555556 0.6523323117187501 0.2705551861111111 0.670087496875 0.2705551861111111 0.670087496875 0.19528534305555556
6 0.674184846875 0.2899796652777778 0.674184846875 0.3312566777777778 0.69740316640625 0.3312566777777778 0.69740316640625 0.2899796652777778
6 0.65916122890625 0.2948357847222222 0.65916122890625 0.33611279583333337 0.6755506273437499 0.33611279583333337 0.6755506273437499 0.2948357847222222
6 0.74520558828125 0.241418475 0.74520558828125 0.3118321986111111 0.7697896921875 0.3118321986111111 0.7697896921875 0.241418475
6 0.6851111140625 0.31426025972222227 0.6851111140625 0.3628214527777778 0.69740316640625 0.3628214527777778 0.69740316640625 0.31426025972222227
6 0.20025798203125 0.3652495111111111 0.20025798203125 0.38710204583333335 0.209818465625 0.38710204583333335 0.209818465625 0.3652495111111111
6 0.2070868984375 0.3676775694444444 0.2070868984375 0.38710204583333335 0.21118424765625 0.38710204583333335 0.21118424765625 0.3676775694444444
6 0.59087205546875 0.3846739875 0.59087205546875 0.4089545847222222 0.60316410546875 0.4089545847222222 0.60316410546875 0.3846739875
2 0.039095531249999996 0.3385408555555556 0.039095531249999996 0.4817963666666667 0.19069749765625 0.4817963666666667 0.19069749765625 0.3385408555555556
2 0.23576835156249998 0.40118636388888884 0.23576835156249998 0.46237189166666665 0.30542330859375 0.46237189166666665 0.30542330859375 0.40118636388888884
2 0.36688356640625003 0.3461719097222222 0.36688356640625003 0.5646972652777777 0.5239486648437499 0.5646972652777777 0.5239486648437499 0.3461719097222222
2 0.5949694062499999 0.3753086222222223 0.5949694062499999 0.6399671097222223 0.85173670078125 0.6399671097222223 0.85173670078125 0.3753086222222223
2 0.52668023203125 0.3968142819444444 0.52668023203125 0.48179636388888886 0.61818772578125 0.48179636388888886 0.61818772578125 0.3968142819444444
2 0 0.43080711666666666 0 0.780447686111111 0.05002179765625 0.780447686111111 0.05002179765625 0.43080711666666666
6 0.23821630859375 0 0.23821630859375 0.06363193888888889 0.258809525 0.06363193888888889 0.258809525 0