7 0.07428670390625 0.23922931111111112 0.07428670390625 0.2997036347222222 0.14632229375 0.2997036347222222 0.14632229375 0.23922931111111112
7 0.16733267578125 0.2979249777777778 0.16733267578125 0.33705542222222223 0.19134453984375 0.33705542222222223 0.19134453984375 0.2979249777777778
7 0.21335541484374998 0.25523721805555555 0.21335541484374998 0.29258900694444445 0.290393478125 0.29258900694444445 0.290393478125 0.25523721805555555
7 0.334415228125 0.2676878152777778 0.334415228125 0.3139328875 0.35342461953125 0.3139328875 0.35342461953125 0.2676878152777778
7 0.38343944921875 0.2676878152777778 0.38343944921875 0.31571154166666665 0.43546515390625 0.31571154166666665 0.43546515390625 0.2676878152777778
7 0.41745625703125 0.31926885555555556 0.41745625703125 0.35306332916666666 0.45747602890624994 0.35306332916666666 0.45747602890624994 0.31926885555555556
7 0.48548987109375 0.3228261680555556 0.48548987109375 0.3548419875 0.5215076671875 0.3548419875 0.5215076671875 0.3228261680555556
7 0.52050717265625 0.3228261680555556 0.52050717265625 0.35306332916666666 0.55552447421875 0.35306332916666666 0.55552447421875 0.3228261680555556
7 0.5555244734375 0.3281621388888889 0.5555244734375 0.34950601666666664 0.56753040546875 0.34950601666666664 0.56753040546875 0.3281621388888889
7 0.46848146796875 0.3548419875 0.46848146796875 0.3833004916666667 0.48448937656249996 0.3833004916666667 0.48448937656249996 0.3548419875
7 0.47148294921874995 0.3850791486111111 0.47148294921874995 0.40286571388888887 0.48148789374999995 0.40286571388888887 0.48148789374999995 0.3850791486111111
7 0.40945230234374996 0.3797431791666667 0.40945230234374996 0.40820168333333334 0.42846169453125 0.40820168333333334 0.42846169453125 0.3797431791666667
7 0.32541077890625003 0.3708498972222222 0.32541077890625003 0.3939724333333333 0.3444201703125 0.3939724333333333 0.3444201703125 0.3708498972222222
7 0.22235986328125001 0.37618586388888886 0.22235986328125001 0.3939724319444444 0.23536628984375 0.3939724319444444 0.23536628984375 0.37618586388888886
2 0.25837765859375 0.3939724319444444 0.25837765859375 0.4117589958333333 0.26938309609375 0.4117589958333333 0.26938309609375 0.3939724319444444
7 0.01925951484375 0.35306332916666666 0.01925951484375 0.3939724319444444 0.03826890703125 0.3939724319444444 0.03826890703125 0.35306332916666666
6 0.277762221875 0.29652745416666665 0.277762221875 0.3143140222222222 0.29377013125 0.3143140222222222 0.29377013125 0.29652745416666665
6 0.40982747265624997 0.3143140222222222 0.40982747265624997 0.32854327499999997 0.42083291015624996 0.32854327499999997 0.42083291015624996 0.3143140222222222
6 0.10167522031250001 0.2967815555555555 0.10167522031250001 0.31456811944444446 0.12168510703124999 0.31456811944444446 0.12168510703124999 0.2967815555555555
6 0.22273503359375 0.2914455847222222 0.22273503359375 0.3074534930555555 0.234740965625 0.3074534930555555 0.234740965625 0.2914455847222222
2 0.25612654765625 0.4049408236111111 0.25612654765625 0.4387352986111111 0.27313495078125 0.4387352986111111 0.27313495078125 0.4049408236111111
2 0.22911320000000002 0.4049408236111111 0.22911320000000002 0.45830052083333334 0.2651309953125 0.45830052083333334 0.2651309953125 0.4049408236111111
2 0.21910825703125 0.4102767944444444 0.21910825703125 0.47430843055555555 0.25512605234375 0.47430843055555555 0.25512605234375 0.4102767944444444
2 0.12906376875 0.3889329138888889 0.12906376875 0.5116602180555555 0.23011369453125 0.5116602180555555 0.23011369453125 0.3889329138888889
2 0 0.4049408236111111 0 0.5614626013888888 0.13506673359375002 0.5614626013888888 0.13506673359375002 0.4049408236111111
2 0.32315966640625 0.4013835097222222 0.32315966640625 0.43162067083333333 0.35117350703125 0.43162067083333333 0.35117350703125 0.4013835097222222
2 0.36217894453125 0.4067194791666667 0.36217894453125 0.43162067083333333 0.38919229140625 0.43162067083333333 0.38919229140625 0.4067194791666667
2 0.401198225 0.39782619722222223 0.401198225 0.4885376805555556 0.46422936718749996 0.4885376805555556 0.46422936718749996 0.39782619722222223
1 0.48924172343750005 0.36581037638888886 0.48924172343750005 0.44584992361111114 0.57928621328125 0.44584992361111114 0.57928621328125 0.36581037638888886
2 0.5422679234375 0.3889329138888889 0.5422679234375 0.4707511180555556 0.5892911562500001 0.4707511180555556 0.5892911562500001 0.3889329138888889