6 0.39782385703125 0.35486927916666666 0.39782385703125 0.371510275 0.40835448828125004 0.371510275 0.40835448828125004 0.35486927916666666
6 0.48604715781249996 0.3581974819444445 0.48604715781249996 0.37483848194444447 0.5012580703125 0.37483848194444447 0.5012580703125 0.3581974819444445
6 0.574972490625 0.3207552375 0.574972490625 0.3353161083333333 0.5925235437499999 0.3353161083333333 0.5925235437499999 0.3207552375
7 0.6139089960937499 0.32865971111111114 0.6139089960937499 0.39522370277777774 0.63146004921875 0.39522370277777774 0.63146004921875 0.32865971111111114
7 0.6404964015625 0.4014640736111111 0.6404964015625 0.42018519583333336 0.65804745390625 0.42018519583333336 0.65804745390625 0.4014640736111111
7 0.63932633125 0.4243454486111111 0.63932633125 0.4493069444444444 0.65921752421875 0.4493069444444444 0.65921752421875 0.4243454486111111
7 0.62879570078125 0.4264255736111111 0.62879570078125 0.4430665722222222 0.6381562609375 0.4430665722222222 0.6381562609375 0.4264255736111111
7 0.62879570078125 0.4451466944444445 0.62879570078125 0.47218831666666666 0.6404964015625 0.47218831666666666 0.6404964015625 0.4451466944444445
7 0.77271433046875 0.3661019541666667 0.77271433046875 0.4014640736111111 0.79728580390625 0.4014640736111111 0.79728580390625 0.3661019541666667
7 0.9646058375000001 0.4368261972222222 0.9646058375000001 0.45138707083333335 0.9739663992187501 0.45138707083333335 0.9739663992187501 0.4368261972222222
7 0.9634357687499999 0.3702622041666667 0.9634357687499999 0.3993839486111111 0.9727963304687499 0.3993839486111111 0.9727963304687499 0.3702622041666667
2 0.482068909375 0.4875812569444445 0.482068909375 0.5811868694444444 0.5452526984375 0.5811868694444444 0.5452526984375 0.4875812569444445
1 0.11732613750000001 0.1694651625 0.11732613750000001 0.6915764708333334 0.46600704765625 0.6915764708333334 0.46600704765625 0.1694651625
2 0.54993297890625 0.5000620055555556 0.54993297890625 0.5125427541666666 0.5616336796875 0.5125427541666666 0.5616336796875 0.5000620055555556
2 0.55344318828125 0.5021421305555556 0.55344318828125 0.5395843763888889 0.576844590625 0.5395843763888889 0.576844590625 0.5021421305555556
2 0.5370622054687499 0.49590175833333333 0.5370622054687499 0.560385625 0.5581234687500001 0.560385625 0.5581234687500001 0.49590175833333333
2 0.6435385914062499 0.48342100972222224 0.6435385914062499 0.5895073722222223 0.7336339953125 0.5895073722222223 0.7336339953125 0.48342100972222224
2 0.55671938984375 0.5063023819444444 0.55671938984375 0.5354241263888889 0.577780653125 0.5354241263888889 0.577780653125 0.5063023819444444
2 0.45492328437499996 0.49382163333333334 0.45492328437499996 0.5312638777777778 0.4794947578125 0.5312638777777778 0.4794947578125 0.49382163333333334
2 0.86702199453125 0.48758124166666666 0.86702199453125 0.5624657333333333 0.9337159937499999 0.5624657333333333 0.9337159937499999 0.48758124166666666
2 0.95243711484375 0.4792607444444445 0.95243711484375 0.5479048597222221 0.9980698515625 0.5479048597222221 0.9980698515625 0.4792607444444445
0 0.06903413984375 0.5408324319444445 0.06903413984375 0.5928355513888889 0.10296617578125 0.5928355513888889 0.10296617578125 0.5408324319444445
0 0.052653158593750006 0.5408324319444445 0.052653158593750006 0.5949156763888889 0.08424505234375 0.5949156763888889 0.08424505234375 0.5408324319444445
0 0.03978238515625 0.5553933055555555 0.03978238515625 0.5990759236111111 0.07020421015625 0.5990759236111111 0.07020421015625 0.5553933055555555
0 0.8756805054687501 0.5533131805555556 0.8756805054687501 0.6531591680555556 0.935354084375 0.6531591680555556 0.935354084375 0.5533131805555556
0 0.9376942250000001 0.5429125569444444 0.9376942250000001 0.6781206652777777 0.99970794375 0.6781206652777777 0.99970794375 0.5429125569444444
4 0.024571472656250003 0.5096305625 0.024571472656250003 0.5907554291666667 0.040952453906250005 0.5907554291666667 0.040952453906250005 0.5096305625
4 0.052653158593750006 0.5241914361111112 0.052653158593750006 0.5637138069444444 0.06201371875 0.5637138069444444 0.06201371875 0.5241914361111112
4 0.763587796875 0.4701081944444444 0.763587796875 0.5200311861111111 0.778798709375 0.5200311861111111 0.778798709375 0.4701081944444444
4 0.87357439375 0.47218831666666666 0.87357439375 0.5512330583333334 0.8958057273437501 0.5512330583333334 0.8958057273437501 0.47218831666666666
4 0.9482248562500001 0.4950696888888889 0.9482248562500001 0.5928355486111111 0.9669459781249999 0.5928355486111111 0.9669459781249999 0.4950696888888889