2 0.0003823578125 0.5873111444444444 0.0003823578125 0.6811177833333334 0.06461951406250001 0.6811177833333334 0.06461951406250001 0.5873111444444444
2 0.14996795390625 0.5669183944444445 0.14996795390625 0.6525679347222222 0.21535220234375002 0.6525679347222222 0.21535220234375002 0.5669183944444445
2 0.23141149140625 0.5750754944444444 0.23141149140625 0.6362537388888889 0.28647191171875 0.6362537388888889 0.28647191171875 0.5750754944444444
2 0.35759162109375 0.5669183944444445 0.35759162109375 0.6077038902777778 0.40347530390625 0.6077038902777778 0.40347530390625 0.5669183944444445
2 0.5560385484375 0.5750754944444444 0.5560385484375 0.6280966361111111 0.57783329765625 0.6280966361111111 0.57783329765625 0.5750754944444444
2 0.6776303085937501 0.5424470972222223 0.6776303085937501 0.6484893861111111 0.73154363515625 0.6484893861111111 0.73154363515625 0.5424470972222223
2 0.5732449296875 0.5526434708333333 0.5732449296875 0.6403322888888888 0.61568733671875 0.6403322888888888 0.61568733671875 0.5526434708333333
2 0.74760292421875 0.5424470972222223 0.74760292421875 0.6525679347222222 0.851988303125 0.6525679347222222 0.851988303125 0.5424470972222223
2 0.38168055390625 0.5114501180555555 0.38168055390625 0.8010271375000001 0.58242166640625 0.8010271375000001 0.58242166640625 0.5114501180555555
2 0.81964029375 0.5338821416666667 0.81964029375 0.7561630958333333 0.998393034375 0.7561630958333333 0.998393034375 0.5338821416666667
2 0.59188315390625 0.5383043833333333 0.59188315390625 0.6824173680555555 0.6991731515625 0.6824173680555555 0.6991731515625 0.5383043833333333