6 0.5855324304687499 0.11718741944444445 0.5855324304687499 0.19687486527777776 0.602671090625 0.19687486527777776 0.602671090625 0.11718741944444445
6 0.5710304875000001 0.1101561736111111 0.5710304875000001 0.18984361944444444 0.5934425812499999 0.18984361944444444 0.5934425812499999 0.1101561736111111
6 0.36932164140625 0.1265624125 0.36932164140625 0.19687486527777776 0.39173373515625 0.19687486527777776 0.39173373515625 0.1265624125
6 0.33504432109375004 0.33749976805555554 0.33504432109375004 0.37031224583333333 0.35086462265625 0.37031224583333333 0.35086462265625 0.33749976805555554
6 0.5090676390625 0.41484346527777777 0.5090676390625 0.43593719999999997 0.51565943125 0.43593719999999997 0.51565943125 0.41484346527777777
6 0.47610867734375006 0.3890622319444444 0.47610867734375006 0.40781221944444446 0.48138211171874995 0.40781221944444446 0.48138211171874995 0.3890622319444444
7 0.42864777265625 0.16406238750000002 0.42864777265625 0.21093735555555557 0.50774928046875 0.21093735555555557 0.50774928046875 0.16406238750000002
7 0.37459507578125 0.22968734166666668 0.37459507578125 0.26484356805555553 0.3825052265625 0.26484356805555553 0.3825052265625 0.22968734166666668
6 0.5960792984375 0.4171872125 0.5960792984375 0.4382809486111111 0.60135273203125 0.4382809486111111 0.60135273203125 0.4171872125
7 0.60398944921875 0.4171872125 0.60398944921875 0.4312497055555556 0.6224464671875001 0.4312497055555556 0.6224464671875001 0.4171872125
7 0.5710304875000001 0.4406246972222222 0.5710304875000001 0.46171843194444445 0.5776222796875 0.46171843194444445 0.5776222796875 0.4406246972222222
2 0.44183135703125 0.4289059555555556 0.44183135703125 0.44765594166666667 0.452378225 0.44765594166666667 0.452378225 0.4289059555555556
2 0.4550149421875 0.42656220694444447 0.4550149421875 0.4453121944444444 0.46292509296875 0.4453121944444444 0.46292509296875 0.42656220694444447
2 0.465561809375 0.43359345138888883 0.465561809375 0.4546871875 0.47347196171875006 0.4546871875 0.47347196171875006 0.43359345138888883
2 0.45765165859375 0.4406246972222222 0.45765165859375 0.4640621805555556 0.46688016796875004 0.4640621805555556 0.46688016796875004 0.4406246972222222
2 0.4497415078125 0.44999969027777775 0.4497415078125 0.47343717500000004 0.47083524375 0.47343717500000004 0.47083524375 0.44999969027777775
2 0.43523956484375 0.44765594166666667 0.43523956484375 0.4921871611111111 0.45633330078125 0.4921871611111111 0.45633330078125 0.44765594166666667
2 0.41282747109375 0.4523434388888889 0.41282747109375 0.5132808972222223 0.4550149421875 0.5132808972222223 0.4550149421875 0.4523434388888889
2 0.4774270359375 0.43593719999999997 0.4774270359375 0.44765594166666667 0.48797390390624995 0.44765594166666667 0.48797390390624995 0.43593719999999997
2 0.4866555453125 0.4406246972222222 0.4866555453125 0.46171843194444445 0.49720241328125 0.46171843194444445 0.49720241328125 0.4406246972222222
2 0.47479031875000005 0.4523434388888889 0.47479031875000005 0.47343717500000004 0.48929226249999996 0.47343717500000004 0.48929226249999996 0.4523434388888889
2 0.50379420546875 0.4453121944444444 0.50379420546875 0.4687496777777778 0.51697778984375 0.4687496777777778 0.51697778984375 0.4453121944444444
2 0.51697778984375 0.4453121944444444 0.51697778984375 0.4687496777777778 0.5314797328124999 0.4687496777777778 0.5314797328124999 0.4453121944444444
2 0.49588405468749996 0.4546871875 0.49588405468749996 0.4945309097222222 0.5182961484375 0.4945309097222222 0.5182961484375 0.4546871875
2 0.51961450703125 0.4593746847222222 0.51961450703125 0.4781246708333333 0.53411645 0.4781246708333333 0.53411645 0.4593746847222222
2 0.5301613749999999 0.4664059291666667 0.5301613749999999 0.49687465833333333 0.54730003359375 0.49687465833333333 0.54730003359375 0.4664059291666667
2 0.5499367515625 0.4664059291666667 0.5499367515625 0.48515591666666663 0.565757053125 0.48515591666666663 0.565757053125 0.4664059291666667
2 0.5776222796875 0.4664059291666667 0.5776222796875 0.48281216805555555 0.5934425812499999 0.48281216805555555 0.5934425812499999 0.4664059291666667
2 0.5855324304687499 0.4781246708333333 0.5855324304687499 0.4921871611111111 0.61980975078125 0.4921871611111111 0.61980975078125 0.4781246708333333
2 0.584214071875 0.48515591666666663 0.584214071875 0.5062496513888889 0.625083184375 0.5062496513888889 0.625083184375 0.48515591666666663
2 0.55652854375 0.47343717500000004 0.55652854375 0.5085934 0.58289571328125 0.5085934 0.58289571328125 0.47343717500000004
2 0.625083184375 0.4781246708333333 0.625083184375 0.4992184069444444 0.6409034859375 0.4992184069444444 0.6409034859375 0.4781246708333333
2 0.64222184453125 0.4781246708333333 0.64222184453125 0.4921871611111111 0.65540542890625 0.4921871611111111 0.65540542890625 0.4781246708333333
2 0.65804214609375 0.4804684194444444 0.65804214609375 0.4992184069444444 0.6725440890625001 0.4992184069444444 0.6725440890625001 0.4804684194444444
2 0.6409034859375 0.4921871611111111 0.6409034859375 0.5203121416666667 0.661997221875 0.5203121416666667 0.661997221875 0.4921871611111111
2 0.661997221875 0.4921871611111111 0.661997221875 0.5207808847222223 0.6817725984375 0.5207808847222223 0.6817725984375 0.4921871611111111
2 0.6778175234375 0.4945309097222222 0.6778175234375 0.5343746319444445 0.70550305078125 0.5343746319444445 0.70550305078125 0.4945309097222222
2 0.69891125859375 0.4992184069444444 0.69891125859375 0.5437496263888889 0.7226417109375001 0.5437496263888889 0.7226417109375001 0.4992184069444444
2 0.706821409375 0.4921871611111111 0.706821409375 0.5554683680555556 0.74241708828125 0.5554683680555556 0.74241708828125 0.4921871611111111
2 0.7279151453125 0.4921871611111111 0.7279151453125 0.5695308583333333 0.8043799359375001 0.5695308583333333 0.8043799359375001 0.4921871611111111
2 0.8017432195312499 0.4992184069444444 0.8017432195312499 0.5953120902777778 0.9111669718750001 0.5953120902777778 0.9111669718750001 0.4992184069444444
2 0.9098486140625001 0.5367183805555555 0.9098486140625001 0.5999995875 0.9467626507812501 0.5999995875 0.9467626507812501 0.5367183805555555
2 0.9164404062499999 0.5765621041666666 0.9164404062499999 0.6960932708333334 0.9981786312500001 0.6960932708333334 0.9981786312500001 0.5765621041666666
4 0.3825052265625 0.43593719999999997 0.3825052265625 0.4804684194444444 0.39305209375 0.4804684194444444 0.39305209375 0.43593719999999997
4 0.34427283046875 0.4710934263888889 0.34427283046875 0.5062496513888889 0.35613805703125 0.5062496513888889 0.35613805703125 0.4710934263888889
4 0.3007670015625 0.41953096111111116 0.3007670015625 0.4992184069444444 0.31658730390625 0.4992184069444444 0.31658730390625 0.41953096111111116
4 0.28758341640624996 0.40781221944444446 0.28758341640624996 0.5062496513888889 0.30208535937500003 0.5062496513888889 0.30208535937500003 0.40781221944444446
4 0.27176311484375 0.40312472222222223 0.27176311484375 0.5226558902777777 0.29285685 0.5226558902777777 0.29285685 0.40312472222222223
4 0.0001812703125 0.3656247486111111 0.0001812703125 0.6398433097222223 0.034458590625 0.6398433097222223 0.034458590625 0.3656247486111111
0 0.02918515703125 0.42656220694444447 0.02918515703125 0.5835933486111111 0.11751517421874999 0.5835933486111111 0.11751517421874999 0.42656220694444447
5 0.02918515703125 0.3140622847222222 0.02918515703125 0.5437496263888889 0.10828666484375 0.5437496263888889 0.10828666484375 0.3140622847222222