4 0.8434470398437499 0.5285422416666666 0.8434470398437499 0.6967147736111111 0.8798305210937499 0.6967147736111111 0.8798305210937499 0.5285422416666666
4 0.535226984375 0.5442506652777778 0.535226984375 0.6227927819444444 0.5497803765625 0.6227927819444444 0.5497803765625 0.5442506652777778
2 0.9614334695312501 0.5548769513888889 0.9614334695312501 0.6731521388888889 0.998856478125 0.6731521388888889 0.998856478125 0.5548769513888889
2 0 0.4637285 0 0.7815930652777778 0.1505366421875 0.7815930652777778 0.1505366421875 0.4637285
2 0.20270796249999998 0.556879025 0.20270796249999998 0.5925309666666667 0.21830088203125003 0.5925309666666667 0.21830088203125003 0.556879025
2 0.21570206249999999 0.5337784013888889 0.21570206249999999 0.6150925930555555 0.26715869921875 0.6150925930555555 0.26715869921875 0.5337784013888889
9 0.27859350703125 0.5294662666666666 0.27859350703125 0.5571870138888889 0.30614099921875 0.5571870138888889 0.30614099921875 0.5294662666666666
2 0.36006651484374996 0.5345484041666666 0.36006651484374996 0.6103184458333334 0.41308244375000003 0.6103184458333334 0.41308244375000003 0.5345484041666666
9 0.1590477859375 0.5269251986111111 0.1590477859375 0.5823666930555556 0.18555575 0.5823666930555556 0.18555575 0.5269251986111111
2 0.18763480625 0.5564939958333334 0.18763480625 0.5712783930555556 0.19543126640625 0.5712783930555556 0.19543126640625 0.5564939958333334
2 0.19647079375 0.5574180208333334 0.19647079375 0.5712783916666667 0.201668434375 0.5712783916666667 0.201668434375 0.5574180208333334
2 0.22694195078125 0.5541509402777778 0.22694195078125 0.7038429722222221 0.34596790859375004 0.7038429722222221 0.34596790859375004 0.5541509402777778
6 0.35012604375 0.27628344444444447 0.35012604375 0.331170525 0.36217156171875 0.331170525 0.36217156171875 0.27628344444444447
6 0.20894513046875002 0.5185627847222223 0.20894513046875002 0.5314991333333333 0.212583478125 0.5314991333333333 0.212583478125 0.5185627847222223
6 0.26144129453125 0.5194868097222223 0.26144129453125 0.5287270597222222 0.26559940703125 0.5287270597222222 0.26559940703125 0.5194868097222223
6 0.2863899671875 0.4963861875 0.2863899671875 0.5120946111111111 0.29262713515625 0.5120946111111111 0.29262713515625 0.4963861875
6 0.1871150421875 0.4908420375 0.1871150421875 0.5074744861111111 0.19127315312499998 0.5074744861111111 0.19127315312499998 0.4908420375
6 0.3380545140625 0.48622191249999996 0.3380545140625 0.5037783861111111 0.34429168203125 0.5037783861111111 0.34429168203125 0.48622191249999996
6 0.572909875 0.4642301111111111 0.572909875 0.4984190319444444 0.6030561875 0.4984190319444444 0.6030561875 0.4642301111111111
7 0.35512875703125 0.5511808513888888 0.35512875703125 0.6084703958333333 0.3868343609375 0.6084703958333333 0.3868343609375 0.5511808513888888
7 0.56459365078125 0.43290566527777774 0.56459365078125 0.4476900638888889 0.58434468359375 0.4476900638888889 0.58434468359375 0.43290566527777774
7 0.5755086953124999 0.4098050430555556 0.5755086953124999 0.4227413916666667 0.59318067109375 0.4227413916666667 0.59318067109375 0.4098050430555556
7 0.32758126484375 0.4994354583333333 0.32758126484375 0.5059036319444444 0.33693701640625 0.5059036319444444 0.33693701640625 0.4994354583333333
7 0.332259140625 0.5114477819444445 0.332259140625 0.5336243791666667 0.35772757734375 0.5336243791666667 0.35772757734375 0.5114477819444445