7 0.41574278203125 0.04655173333333334 0.41574278203125 0.0680371513888889 0.46005645234375 0.0680371513888889 0.46005645234375 0.04655173333333334
6 0.5688263671875 0 0.5688263671875 0.010742708333333333 0.57889765625 0.010742708333333333 0.57889765625 0
6 0.46408496718750003 0.012533159722222223 0.46408496718750003 0.03043767222222222 0.49228457499999995 0.03043767222222222 0.49228457499999995 0.012533159722222223
6 0.3835146578125 0.03222812361111111 0.3835146578125 0.0537135375 0.40466436406249995 0.0537135375 0.40466436406249995 0.03222812361111111
6 0.48724893046875 0.13428384861111112 0.48724893046875 0.1414456513888889 0.49530596171874997 0.1414456513888889 0.49530596171874997 0.13428384861111112
6 0.4660992234375 0.13965520277777776 0.4660992234375 0.14681700694444444 0.47516338359375 0.14681700694444444 0.47516338359375 0.13965520277777776
6 0.44494951875 0.14323610416666666 0.44494951875 0.1539788125 0.45300654921875 0.1539788125 0.45300654921875 0.14323610416666666
7 0.41574278203125 0.1683024236111111 0.41574278203125 0.17725467777777779 0.42782832890625 0.17725467777777779 0.42782832890625 0.1683024236111111
7 0.31502989531250003 0.17546422916666665 0.31502989531250003 0.18799738749999997 0.33416534453125 0.18799738749999997 0.33416534453125 0.17546422916666665
7 0.31805128203125 0.19694964583333333 0.31805128203125 0.21127325555555557 0.3230869265625 0.21127325555555557 0.3230869265625 0.19694964583333333
2 0.46005645078125 0.18262603333333335 0.46005645078125 0.19874009583333335 0.47012773984375 0.19874009583333335 0.47012773984375 0.18262603333333335
2 0.44494951875 0.17904513055555557 0.44494951875 0.1897878388888889 0.45401367734375003 0.1897878388888889 0.45401367734375003 0.17904513055555557
2 0.44394238984375 0.1862069375 0.44394238984375 0.21485415833333335 0.46106358046875 0.21485415833333335 0.46106358046875 0.1862069375
2 0.47516338437499994 0.17725467916666665 0.47516338437499994 0.1862069375 0.49228457499999995 0.1862069375 0.49228457499999995 0.17725467916666665
2 0.3996287203125 0.18799738749999997 0.3996287203125 0.21127325555555557 0.41171426718750004 0.21127325555555557 0.41171426718750004 0.18799738749999997
2 0.388550303125 0.2041114486111111 0.388550303125 0.21485415694444446 0.4006358484375 0.21485415694444446 0.4006358484375 0.2041114486111111
2 0.4681134828125 0.18262603333333335 0.4681134828125 0.2202255111111111 0.49530596171874997 0.2202255111111111 0.49530596171874997 0.18262603333333335
1 0.49228457499999995 0.14681700694444444 0.49228457499999995 0.20232099722222224 0.525519828125 0.20232099722222224 0.525519828125 0.14681700694444444
2 0.96563513984375 0.12533159305555555 0.96563513984375 0.26856769583333334 0.99987752109375 0.26856769583333334 0.99987752109375 0.12533159305555555
4 0.86592938046875 0.07519895555555556 0.86592938046875 0.14681700555555555 0.88808621640625 0.14681700555555555 0.88808621640625 0.07519895555555556
4 0.0018128203125 0.28940961805555554 0.0018128203125 0.7161805250000001 0.07432609765625 0.7161805250000001 0.07432609765625 0.28940961805555554
4 0.17403185625 0.26140589166666667 0.17403185625 0.2900531125 0.1851102734375 0.2900531125 0.1851102734375 0.26140589166666667
4 0.0753332265625 0.2918435638888889 0.0753332265625 0.3330239402777778 0.08943303046875 0.3330239402777778 0.08943303046875 0.2918435638888889
4 0.06224055234375 0.28289130833333337 0.06224055234375 0.3204907847222222 0.07331896953125 0.3204907847222222 0.07331896953125 0.28289130833333337
4 0.04814074609375 0.2900531125 0.04814074609375 0.3204907847222222 0.06324768046875 0.3204907847222222 0.06324768046875 0.2900531125
4 0.02195539765625 0.29900536805555555 0.02195539765625 0.3258621375 0.033033815625000004 0.3258621375 0.033033815625000004 0.29900536805555555
4 0.2425166171875 0.23813002361111113 0.2425166171875 0.2560345375 0.2515807765625 0.2560345375 0.2515807765625 0.23813002361111113
4 0.269709096875 0.23275866944444445 0.269709096875 0.2560345388888889 0.27474473984375003 0.2560345388888889 0.27474473984375003 0.23275866944444445
4 0.290858803125 0.23275866944444445 0.290858803125 0.24708228194444445 0.2958944453125 0.24708228194444445 0.2958944453125 0.23275866944444445
4 0.295894446875 0.22917776805555556 0.295894446875 0.2524536361111111 0.3029443484375 0.2524536361111111 0.3029443484375 0.22917776805555556
4 0.34423663125 0.2041114486111111 0.34423663125 0.23813002361111113 0.35632217890625 0.23813002361111113 0.35632217890625 0.2041114486111111
4 0.36740059609375 0.19694964583333333 0.36740059609375 0.21127325555555557 0.37445049765625 0.21127325555555557 0.37445049765625 0.19694964583333333
7 0.70966011171875 0.062387702777777776 0.70966011171875 0.10224651250000001 0.72915626875 0.10224651250000001 0.72915626875 0.062387702777777776
7 0.6375243312500001 0.09358155277777779 0.6375243312500001 0.10917847916666666 0.65312125703125 0.10917847916666666 0.65312125703125 0.09358155277777779