2 0.2267594015625 0.6490200041666666 0.2267594015625 0.7313928666666666 0.3177127734375 0.7313928666666666 0.3177127734375 0.6490200041666666
2 0.3031259109375 0.6474945805555555 0.3031259109375 0.7008844027777777 0.35117675078125 0.7008844027777777 0.35117675078125 0.6474945805555555
2 0.3340157375 0.6322403472222222 0.3340157375 0.6947827083333333 0.37691827187500004 0.6947827083333333 0.37691827187500004 0.6322403472222222
2 0.39064708203125 0.6444437333333333 0.39064708203125 0.6856301666666667 0.41724665312500003 0.6856301666666667 0.41724665312500003 0.6444437333333333
2 0.414672503125 0.6520708513888889 0.414672503125 0.6764776277777778 0.42754326249999997 0.6764776277777778 0.42754326249999997 0.6520708513888889
2 0.42239495781249997 0.6413928861111111 0.42239495781249997 0.6749522027777778 0.44556232656250006 0.6749522027777778 0.44556232656250006 0.6413928861111111
2 0.64720423671875 0.6673250847222222 0.64720423671875 0.772579301388889 0.7424478624999999 0.772579301388889 0.7424478624999999 0.6673250847222222
2 0.6017275507812501 0.6505454263888889 0.6017275507812501 0.7298674430555555 0.67122965546875 0.7298674430555555 0.67122965546875 0.6505454263888889
2 0.581992384375 0.6551216972222222 0.581992384375 0.6978335513888889 0.62060466640625 0.6978335513888889 0.62060466640625 0.6551216972222222
2 0.5716957765624999 0.6627488152777777 0.5716957765624999 0.6917318597222223 0.5922889921875 0.6917318597222223 0.5922889921875 0.6627488152777777
2 0.55367671328125 0.6535962736111111 0.55367671328125 0.6871555902777777 0.5742699289062501 0.6871555902777777 0.5742699289062501 0.6535962736111111
2 0.54252205390625 0.6566471194444444 0.54252205390625 0.6719013541666666 0.5545347625 0.6719013541666666 0.5545347625 0.6566471194444444
2 0.5356576484375 0.6535962736111111 0.5356576484375 0.6688505083333334 0.54681230625 0.6688505083333334 0.54681230625 0.6535962736111111
2 0.5287932421875 0.6581725444444444 0.5287932421875 0.6734267791666666 0.53565764921875 0.6734267791666666 0.53565764921875 0.6581725444444444
2 0.5210707859375 0.6596979680555555 0.5210707859375 0.6719013555555555 0.5279351929687499 0.6719013555555555 0.5279351929687499 0.6596979680555555
2 0.51163222890625 0.6581725444444444 0.51163222890625 0.6688505097222222 0.52107078671875 0.6688505097222222 0.52107078671875 0.6581725444444444
2 0.73472540625 0.6490200041666666 0.73472540625 0.7298674458333333 0.8308270820312501 0.7298674458333333 0.8308270820312501 0.6490200041666666
2 0.7947889546875 0.6642742375 0.7947889546875 0.7481725263888889 0.9277868101562501 0.7481725263888889 0.9277868101562501 0.6642742375
2 0.46014918906249996 0.6459691569444445 0.46014918906249996 0.6749522027777778 0.4807424046875 0.6749522027777778 0.4807424046875 0.6459691569444445
2 0.48331655625 0.6520708513888889 0.48331655625 0.6749522027777778 0.5021936703125001 0.6749522027777778 0.5021936703125001 0.6520708513888889
7 0.85227835078125 0.3729183597222222 0.85227835078125 0.4034268291666666 0.90633554453125 0.4034268291666666 0.90633554453125 0.3729183597222222
7 0.8582847062500001 0.3149522708333333 0.8582847062500001 0.3424098930555556 0.8720135171875001 0.3424098930555556 0.8720135171875001 0.3149522708333333
7 0.88059402421875 0.3271556583333333 0.88059402421875 0.35308785694444444 0.91834825390625 0.35308785694444444 0.91834825390625 0.3271556583333333
7 0.54938645859375 0.6291895 0.54938645859375 0.6474945805555555 0.55882501640625 0.6474945805555555 0.55882501640625 0.6291895
6 0.5279351921875 0.6307149236111111 0.5279351921875 0.6459691569444445 0.5330834953125 0.6459691569444445 0.5330834953125 0.6307149236111111
6 0.001092071875 0.43393529861111113 0.001092071875 0.5178335875000001 0.02168528828125 0.5178335875000001 0.02168528828125 0.43393529861111113