0 0.05239693359374999 0.5104261902777778 0.05239693359374999 0.5936014930555555 0.109979834375 0.5936014930555555 0.109979834375 0.5104261902777778
0 0.00321153984375 0.49976269027777775 0.00321153984375 0.6277246902777778 0.054796222656250004 0.6277246902777778 0.054796222656250004 0.49976269027777775
4 0.00201189609375 0.4187200902777778 0.00201189609375 0.5488147888888889 0.03440227890625 0.5488147888888889 0.03440227890625 0.4187200902777778
7 0.0128086890625 0.16706149305555554 0.0128086890625 0.23744059305555554 0.047598359374999996 0.23744059305555554 0.047598359374999996 0.16706149305555554
7 0.01040940234375 0.2438386902777778 0.01040940234375 0.34194289305555553 0.04519907265625 0.34194289305555553 0.04519907265625 0.2438386902777778
7 0.48186939765625 0.3931276902777778 0.48186939765625 0.42298549027777776 0.49146654765625 0.42298549027777776 0.49146654765625 0.3931276902777778
9 0.328314996875 0.40267547638888884 0.328314996875 0.6021322902777778 0.45341222265625003 0.6021322902777778 0.45341222265625003 0.40267547638888884
2 0.31151998515625 0.45710869027777784 0.31151998515625 0.5338858916666667 0.33311357265625 0.5338858916666667 0.33311357265625 0.45710869027777784
9 0.191555609375 0.33767749027777777 0.191555609375 0.5850706902777778 0.31991749140625003 0.5850706902777778 0.31991749140625003 0.33767749027777777
2 0.11237912187500002 0.44431248888888886 0.11237912187500002 0.6575824902777777 0.299523546875 0.6575824902777777 0.299523546875 0.44431248888888886
2 0.30312247812500004 0.4208527888888889 0.30312247812500004 0.8409946902777777 0.70020456171875 0.8409946902777777 0.70020456171875 0.4208527888888889
9 0.541851584375 0.0007108888888888888 0.541851584375 0.9305680916666665 1 0.9305680916666665 1 0.0007108888888888888
4 0.52381784921875 0.40267547638888884 0.52381784921875 0.43486090555555557 0.54292794765625 0.43486090555555557 0.54292794765625 0.40267547638888884