7 0.25857953046875004 0.4106247111111111 0.25857953046875004 0.4340621930555556 0.2783549078125 0.4340621930555556 0.2783549078125 0.4106247111111111
6 0.4563333015625 0.44343718749999994 0.4563333015625 0.4621871763888889 0.4642434515625 0.4621871763888889 0.4642434515625 0.44343718749999994
2 0.41923799296875003 0.4933590347222222 0.41923799296875003 0.509765275 0.43110321953125 0.509765275 0.43110321953125 0.4933590347222222
2 0.41660127578125 0.5003902805555556 0.41660127578125 0.5285152611111111 0.4297848609375 0.5285152611111111 0.4297848609375 0.5003902805555556
2 0.44296844453124995 0.4933590347222222 0.44296844453124995 0.5144527694444445 0.45351531328125 0.5144527694444445 0.45351531328125 0.4933590347222222
2 0.45351531328125 0.48867153888888887 0.45351531328125 0.5074215263888889 0.46142546328125 0.5074215263888889 0.46142546328125 0.48867153888888887
2 0.45747038828125 0.4910152875 0.45747038828125 0.5121090236111111 0.46801725625 0.5121090236111111 0.46801725625 0.4910152875
2 0.46274382265625 0.4910152875 0.46274382265625 0.5285152611111111 0.48383755859375005 0.5285152611111111 0.48383755859375005 0.4910152875
2 0.46933561484375 0.5003902805555556 0.46933561484375 0.5332027569444444 0.4798824828125 0.5332027569444444 0.4798824828125 0.5003902805555556
2 0.473290690625 0.49570278472222223 0.473290690625 0.5425777527777778 0.487792634375 0.5425777527777778 0.487792634375 0.49570278472222223
2 0.48120084140625 0.48398404166666664 0.48120084140625 0.5519527472222222 0.51943323671875 0.5519527472222222 0.51943323671875 0.48398404166666664
2 0.49570278515625 0.5074215263888889 0.49570278515625 0.5707027333333333 0.52734338828125 0.5707027333333333 0.52734338828125 0.5074215263888889
2 0.51020472734375 0.509765275 0.51020472734375 0.5871089708333334 0.5458004062499999 0.5871089708333334 0.5458004062499999 0.509765275
2 0.51943323671875 0.5144527708333334 0.51943323671875 0.6058589597222223 0.56689414140625 0.6058589597222223 0.56689414140625 0.5144527708333334
2 0.5378902554687499 0.5074215263888889 0.5378902554687499 0.6386714361111111 0.63808549921875 0.6386714361111111 0.63808549921875 0.5074215263888889
2 0.3612302203125 0.49570278472222223 0.3612302203125 0.5332027597222222 0.37177708828125 0.5332027597222222 0.37177708828125 0.49570278472222223
2 0.31508767421875 0.4933590347222222 0.31508767421875 0.5777339763888889 0.36518529609375 0.5777339763888889 0.36518529609375 0.4933590347222222
2 0.31772439140625003 0.5144527708333334 0.31772439140625003 0.5894527194444444 0.35991186171875 0.5894527194444444 0.35991186171875 0.5144527708333334
2 0.2610349765625 0.5167965194444445 0.2610349765625 0.6316401902777777 0.3427732015625 0.6316401902777777 0.3427732015625 0.5167965194444445
2 0.12147024921875 0.5090621430555555 0.12147024921875 0.6895307694444445 0.298130284375 0.6895307694444445 0.298130284375 0.5090621430555555
2 0.58289571328125 0.5114058916666667 0.58289571328125 0.7012495111111111 0.7305518625 0.7012495111111111 0.7305518625 0.5114058916666667
2 0.42732941484375003 0.49265590277777777 0.42732941484375003 0.5207808847222223 0.44578643281249997 0.5207808847222223 0.44578643281249997 0.49265590277777777
2 0.3587747734375 0.4692184208333333 0.3587747734375 0.5934370847222222 0.42732941484375003 0.5934370847222222 0.42732941484375003 0.4692184208333333
2 0 0.5278121305555555 0 0.8723431430555555 0.18079638125 0.8723431430555555 0.18079638125 0.5278121305555555
2 0.6672706546875 0.4645309236111111 0.6672706546875 0.9262493555555555 0.9994969890625001 0.9262493555555555 0.9994969890625001 0.4645309236111111