2 0.5101845953125 0.7950777347222222 0.5101845953125 0.8230570125 0.5193652953125001 0.8230570125 0.5193652953125001 0.7950777347222222
2 0.502315425 0.804404161111111 0.502315425 0.8277202250000001 0.512807653125 0.8277202250000001 0.512807653125 0.804404161111111
2 0.49575778125000003 0.7950777347222222 0.49575778125000003 0.8323834361111111 0.50756153828125 0.8323834361111111 0.50756153828125 0.7950777347222222
2 0.37509715859375004 0.7577720375 0.37509715859375004 0.9093264444444445 0.45772345625 0.9093264444444445 0.45772345625 0.7577720375
2 0.53641516640625 0.8020725555555556 0.53641516640625 0.8300518305555556 0.540349753125 0.8300518305555556 0.540349753125 0.8020725555555556
2 0.54166128125 0.7997409486111111 0.54166128125 0.8300518305555556 0.549530453125 0.8300518305555556 0.549530453125 0.7997409486111111
2 0.46296956953125 0.7904145250000001 0.46296956953125 0.8556995000000001 0.50100389609375 0.8556995000000001 0.50100389609375 0.7904145250000001
2 0.5482189234375 0.7997409486111111 0.5482189234375 0.8533678916666667 0.5796956078125 0.8533678916666667 0.5796956078125 0.7997409486111111
2 0.30952073125 0.7764248861111112 0.30952073125 0.9676166013888888 0.4367389984375 0.9676166013888888 0.4367389984375 0.7764248861111112
2 0.7593750148437499 0.7950777347222222 0.7593750148437499 0.9979274805555556 1 0.9979274805555556 1 0.7950777347222222
4 0.26886334765625 0.7577720375 0.26886334765625 0.8183938027777777 0.2832901609375 0.8183938027777777 0.2832901609375 0.7577720375
4 0.6137953484375 0.8137305861111112 0.6137953484375 0.8860103805555555 0.6282221625 0.8860103805555555 0.6282221625 0.8137305861111112
4 0.67937177578125 0.8137305861111112 0.67937177578125 0.8930052 0.6951101171875 0.8930052 0.6951101171875 0.8137305861111112
4 0.71478304609375 0.8020725555555556 0.71478304609375 0.9489637500000001 0.7397020875 0.9489637500000001 0.7397020875 0.8020725555555556
0 0.07738018203125 0.7787564944444444 0.07738018203125 0.9746114194444445 0.17443329296875001 0.9746114194444445 0.17443329296875001 0.7787564944444444
7 0.64002591953125 0.6983160777777778 0.64002591953125 0.7146373208333333 0.66494496171875 0.7146373208333333 0.66494496171875 0.6983160777777778
7 0.61641840625 0.7053108958333334 0.61641840625 0.7216321388888889 0.636091334375 0.7216321388888889 0.636091334375 0.7053108958333334
7 0.47608485390625 0.7519430222222222 0.47608485390625 0.7729274791666667 0.4878886109375 0.7729274791666667 0.4878886109375 0.7519430222222222
7 0.17574482265625 0.418523325 0.17574482265625 0.4791450875 0.21640220625 0.4791450875 0.21640220625 0.418523325