1 0.5105488 0.26490589861111113 0.5105488 0.29547196527777775 0.52630942734375 0.29547196527777775 0.52630942734375 0.26490589861111113
1 0.52630942734375 0.2615096625 0.52630942734375 0.2971700708333333 0.5449356234375 0.2971700708333333 0.5449356234375 0.2615096625
2 0.5392044859375 0.2742455222222222 0.5392044859375 0.30226441666666665 0.55783068203125 0.30226441666666665 0.55783068203125 0.2742455222222222
2 0.5506667617187501 0.27509458611111115 0.5506667617187501 0.30311348055555554 0.57072574140625 0.30311348055555554 0.57072574140625 0.27509458611111115
2 0.55926346640625 0.27509458611111115 0.55926346640625 0.31330216805555555 0.58648636796875 0.31330216805555555 0.58648636796875 0.27509458611111115
2 0.4847586828125 0.27169835277777776 0.4847586828125 0.29717007361111114 0.50195209453125 0.29717007361111114 0.50195209453125 0.27169835277777776
2 0.43747680000000005 0.26915117916666664 0.43747680000000005 0.2920757277777778 0.45180464374999996 0.2920757277777778 0.45180464374999996 0.26915117916666664
2 0.42888009453125 0.2742455222222222 0.42888009453125 0.2920757277777778 0.44034236953125 0.2920757277777778 0.44034236953125 0.2742455222222222
2 0.41455225078125 0.27169835277777776 0.41455225078125 0.30226441666666665 0.43174566328125 0.30226441666666665 0.43174566328125 0.27169835277777776
2 0.39735883984375 0.27169835277777776 0.39735883984375 0.3073587611111111 0.4188506046875 0.3073587611111111 0.4188506046875 0.27169835277777776
2 0.37873264453125 0.2742455222222222 0.37873264453125 0.2997172444444444 0.4016571921875 0.2997172444444444 0.4016571921875 0.2742455222222222
2 0.3586736640625 0.27169835277777776 0.3586736640625 0.28698138333333334 0.377299859375 0.28698138333333334 0.377299859375 0.27169835277777776
2 0.33574911484375003 0.2666040069444444 0.33574911484375003 0.31245310416666666 0.36153923359375 0.31245310416666666 0.36153923359375 0.2666040069444444
9 0.29133280156249997 0.2385851138888889 0.29133280156249997 0.31245310416666666 0.332883546875 0.31245310416666666 0.332883546875 0.2385851138888889
2 0.20679852734374998 0.27933986805555555 0.20679852734374998 0.32009462222222224 0.2282902921875 0.32009462222222224 0.2282902921875 0.27933986805555555
2 0.21252966562500003 0.27169835277777776 0.21252966562500003 0.34301917083333333 0.26840825234375 0.34301917083333333 0.26840825234375 0.27169835277777776
2 0.24548370468749997 0.2742455222222222 0.24548370468749997 0.3481135138888889 0.315690134375 0.3481135138888889 0.315690134375 0.2742455222222222
2 0.0004775875 0.27679269444444443 0.0004775875 0.33283048055555553 0.0348644109375 0.33283048055555553 0.0348644109375 0.27679269444444443
1 0.029133272656249997 0.21735867083333332 0.029133272656249997 0.35235879305555556 0.2025001734375 0.35235879305555556 0.2025001734375 0.21735867083333332
2 0.34577860546875 0.2776417583333333 0.34577860546875 0.35660409583333336 0.408821115625 0.35660409583333336 0.408821115625 0.2776417583333333
2 0.46040135 0.27933986805555555 0.46040135 0.3226417944444444 0.49192260546875 0.3226417944444444 0.49192260546875 0.27933986805555555
2 0.7283320140625 0.27169835277777776 0.7283320140625 0.3277361375 0.8114335046875001 0.3277361375 0.8114335046875001 0.27169835277777776
2 0.84438754296875 0.2818870375 0.84438754296875 0.3277361375 0.8845055039062499 0.3277361375 0.8845055039062499 0.2818870375
2 0.916026759375 0.27933986805555555 0.916026759375 0.4143399888888889 0.99912824921875 0.4143399888888889 0.99912824921875 0.27933986805555555
9 0.5836208 0.24622662916666668 0.5836208 0.3226417930555555 0.6380666039062499 0.3226417930555555 0.6380666039062499 0.24622662916666668
7 0.04775946953125 0.1417925736111111 0.04775946953125 0.16726429444444443 0.08931021484375 0.16726429444444443 0.08931021484375 0.1417925736111111
7 0.3085262125 0.1884907347222222 0.3085262125 0.2088681125 0.32571962499999996 0.2088681125 0.32571962499999996 0.1884907347222222
7 0.44464072187500003 0.23433983472222222 0.44464072187500003 0.2547172097222222 0.45467021250000006 0.2547172097222222 0.45467021250000006 0.23433983472222222
7 0.44464072187500003 0.24707569305555555 0.44464072187500003 0.27000024305555553 0.45467021250000006 0.27000024305555553 0.45467021250000006 0.24707569305555555
6 0.75842048515625 0.22415114444444445 0.75842048515625 0.24962286527777777 0.77561389765625 0.24962286527777777 0.77561389765625 0.22415114444444445
6 0.74839099609375 0.18084921944444443 0.74839099609375 0.21905679861111113 0.75842048515625 0.21905679861111113 0.75842048515625 0.18084921944444443
6 0.63090268203125 0.16047184027777778 0.63090268203125 0.18339639166666666 0.6380666039062499 0.18339639166666666 0.6380666039062499 0.16047184027777778
6 0.61944040859375 0.15792467083333334 0.61944040859375 0.1884907375 0.6266043296875 0.1884907375 0.6266043296875 0.15792467083333334
6 0.1681133515625 0.09679254027777778 0.1681133515625 0.14773598194444443 0.179575625 0.14773598194444443 0.179575625 0.09679254027777778
6 0.12226425234375 0.13245294861111112 0.12226425234375 0.16811335833333332 0.13372652812500002 0.16811335833333332 0.13372652812500002 0.13245294861111112
6 0.1351593125 0.13245294861111112 0.1351593125 0.16301901527777776 0.14662158671875 0.16301901527777776 0.14662158671875 0.13245294861111112
6 0.31998848671875 0.1120755736111111 0.31998848671875 0.198679425 0.33431633046875 0.198679425 0.33431633046875 0.1120755736111111
6 0.43174566328125 0.1961322527777778 0.43174566328125 0.23943417916666665 0.44034236953125 0.23943417916666665 0.44034236953125 0.1961322527777778
6 0.50911601484375 0.17320770416666667 0.50911601484375 0.20377376944444445 0.5205782906249999 0.20377376944444445 0.5205782906249999 0.17320770416666667
6 0.6237387609375 0.15537749722222222 0.6237387609375 0.19358507777777778 0.6323354671875 0.19358507777777778 0.6323354671875 0.15537749722222222
6 0.6673013851562499 0.2394341763888889 0.6673013851562499 0.262358725 0.681629228125 0.262358725 0.681629228125 0.2394341763888889