2 0.295312296875 0.48515591527777774 0.295312296875 0.5015621569444444 0.31245095703125003 0.5015621569444444 0.31245095703125003 0.48515591527777774
2 0.2860837875 0.4968746597222222 0.2860837875 0.5156246458333333 0.30058572968749997 0.5156246458333333 0.30058572968749997 0.4968746597222222
2 0.23730452265625002 0.5132808972222223 0.23730452265625002 0.5414058763888889 0.26103497578125 0.5414058763888889 0.26103497578125 0.5132808972222223
2 0.2069822796875 0.5085934 0.2069822796875 0.5437496277777778 0.22807601484375 0.5437496277777778 0.22807601484375 0.5085934
2 0.18325182734375 0.5132808972222223 0.18325182734375 0.5507808694444445 0.21752914687499997 0.5507808694444445 0.21752914687499997 0.5132808972222223
2 0.29794901484374997 0.5015621541666667 0.29794901484374997 0.5273433847222222 0.31904275000000004 0.5273433847222222 0.31904275000000004 0.5015621541666667
2 0.354638428125 0.5039059041666667 0.354638428125 0.5273433875 0.37441380625 0.5273433875 0.37441380625 0.5039059041666667
2 0.37045872890625 0.4921871611111111 0.37045872890625 0.5296871388888889 0.39418918125 0.5296871388888889 0.39418918125 0.4921871611111111
1 0.02636716953125 0.43359345138888883 0.02636716953125 0.5929683416666667 0.1792967515625 0.5929683416666667 0.1792967515625 0.43359345138888883
2 0.31376931640625 0.4992184055555556 0.31376931640625 0.5484371236111111 0.3559567875 0.5484371236111111 0.3559567875 0.4992184055555556
2 0.44428680390624997 0.48515591527777774 0.44428680390624997 0.5039059041666667 0.48779263281249996 0.5039059041666667 0.48779263281249996 0.48515591527777774
2 0.46406218125 0.4921871611111111 0.46406218125 0.5999995888888889 0.53393518046875 0.5999995888888889 0.53393518046875 0.4921871611111111
2 0.36254857890625003 0.4945309111111111 0.36254857890625003 0.6703120388888889 0.495702784375 0.6703120388888889 0.495702784375 0.4945309111111111
2 0 0.48749966666666666 0 0.6796870319444445 0.11865226328125 0.6796870319444445 0.11865226328125 0.48749966666666666
6 0.8397943453125001 0.26015607222222226 0.8397943453125001 0.33984351805555557 0.8898919671875 0.33984351805555557 0.8898919671875 0.26015607222222226
6 0.78969672265625 0.2906248 0.78969672265625 0.35624975555555555 0.81474553515625 0.35624975555555555 0.81474553515625 0.2906248
6 0.8397943453125001 0.011718741666666666 0.8397943453125001 0.19687486527777776 0.88593689140625 0.19687486527777776 0.88593689140625 0.011718741666666666
7 0.6644526671875 0.018749986111111113 0.6644526671875 0.07968744444444445 0.7936517976562499 0.07968744444444445 0.7936517976562499 0.018749986111111113
6 0.34409156015625003 0.4406246972222222 0.34409156015625003 0.46171843333333334 0.350683353125 0.46171843333333334 0.350683353125 0.4406246972222222
6 0.38100559765625 0.4687496763888889 0.38100559765625 0.48984341249999996 0.38891574921875 0.48984341249999996 0.38891574921875 0.4687496763888889
7 0.41791963359375 0.46171843333333334 0.41791963359375 0.4804684194444444 0.4324215765625 0.4804684194444444 0.4324215765625 0.46171843333333334
4 0.26205145937499996 0.5151765916666666 0.26205145937499996 0.535579625 0.27448455781250003 0.535579625 0.27448455781250003 0.5151765916666666