6 0.30414004765625 0.3188704763888889 0.30414004765625 0.37605920277777777 0.31778735859374996 0.37605920277777777 0.31778735859374996 0.3188704763888889
6 0.8100653203125001 0.4401798986111111 0.8100653203125001 0.47483973194444445 0.82176301328125 0.47483973194444445 0.82176301328125 0.4401798986111111
4 0.9397147632812499 0.49390264305555553 0.9397147632812499 0.6134790722222222 0.9670093828124999 0.6134790722222222 0.9670093828124999 0.49390264305555553
4 0.97285823046875 0.4956356333333334 0.97285823046875 0.6117460791666667 0.99422355546875 0.6117460791666667 0.99422355546875 0.4956356333333334
3 0.88804994765625 0.5354944430555555 0.88804994765625 0.6082800944444444 0.97578265390625 0.6082800944444444 0.97578265390625 0.5354944430555555
5 0.85295686484375 0.5043005902777777 0.85295686484375 0.6065471041666667 0.86952859765625 0.6065471041666667 0.86952859765625 0.5043005902777777
2 0.37920025156250003 0.5181645263888889 0.37920025156250003 0.5805522277777778 0.42111698906250006 0.5805522277777778 0.42111698906250006 0.5181645263888889
2 0.36067890234375 0.5164315347222223 0.36067890234375 0.5614893194444445 0.37822544453125 0.5614893194444445 0.37822544453125 0.5164315347222223
2 0.3216865890625 0.5112325597222223 0.3216865890625 0.5736202611111112 0.36067890390625 0.5736202611111112 0.36067890390625 0.5112325597222223
7 0.4737566125 0.48350469166666665 0.4737566125 0.5025676 0.4883787296875 0.5025676 0.4883787296875 0.48350469166666665
2 0.40357044843749995 0.5077665777777778 0.40357044843749995 0.6897307069444445 0.531270275 0.6897307069444445 0.531270275 0.5077665777777778
3 0.8315110914062499 0.5268294861111111 0.8315110914062499 0.6013481291666667 0.8997476414062501 0.6013481291666667 0.8997476414062501 0.5268294861111111
6 0.82415531328125 0.41531220694444443 0.82415531328125 0.4692184208333333 0.83733889765625 0.4692184208333333 0.83733889765625 0.41531220694444443
2 0.9863134046875001 0.5357808819444444 0.9863134046875001 0.6060933333333334 0.99949698984375 0.6060933333333334 0.99949698984375 0.5357808819444444