2 0 0.5182172597222222 0 0.8532894722222223 0.22347629921875 0.8532894722222223 0.22347629921875 0.5182172597222222
2 0.9459757585937499 0.4575157736111111 0.9459757585937499 0.7610232111111112 0.99949698984375 0.7610232111111112 0.99949698984375 0.4575157736111111
2 0.41810090468750005 0.3701056305555555 0.41810090468750005 0.7795307138888888 0.66872171328125 0.7795307138888888 0.66872171328125 0.3701056305555555
2 0.40375971875000005 0.5109330805555555 0.40375971875000005 0.5716345666666667 0.43244117109375 0.5716345666666667 0.43244117109375 0.5109330805555555
2 0.6414060445312499 0.44537547222222224 0.6414060445312499 0.5036489027777777 0.71242678515625 0.5036489027777777 0.71242678515625 0.44537547222222224
2 0.6946716000000001 0.43080711666666666 0.6946716000000001 0.4842244263888889 0.7370108875 0.4842244263888889 0.7370108875 0.43080711666666666
2 0.7233530515625 0.41138264166666666 0.7233530515625 0.4890805472222222 0.82715259609375 0.4890805472222222 0.82715259609375 0.41138264166666666
2 0.8435419976562499 0.39438622638888887 0.8435419976562499 0.45994383055555554 0.9118311703125 0.45994383055555554 0.9118311703125 0.39438622638888887
2 0.8804181515625 0.37496174722222225 0.8804181515625 0.44537547222222224 0.9981786312500001 0.44537547222222224 0.9981786312500001 0.37496174722222225
6 0.27537607265625 0.2438465361111111 0.27537607265625 0.2996919055555556 0.29039969140625 0.2996919055555556 0.29039969140625 0.2438465361111111
6 0.623650859375 0.08845072777777778 0.623650859375 0.16372057222222222 0.6427718265625 0.16372057222222222 0.6427718265625 0.08845072777777778
6 0.60316410625 0.09573490555555556 0.60316410625 0.16857669027777777 0.62501664140625 0.16857669027777777 0.62501664140625 0.09573490555555556
6 0.73564510234375 0.18071698888888887 0.73564510234375 0.22685011944444444 0.7493029375 0.22685011944444444 0.7493029375 0.18071698888888887
7 0.746571371875 0.13215579722222223 0.746571371875 0.21713787916666666 0.7711554742187501 0.21713787916666666 0.7711554742187501 0.13215579722222223
7 0.88724706875 0.037461476388888894 0.88724706875 0.15886445 0.9582678093749999 0.15886445 0.9582678093749999 0.037461476388888894
7 0.2617182375 0.4550877125 0.2617182375 0.4842244263888889 0.27810763828125 0.4842244263888889 0.27810763828125 0.4550877125
7 0.23849991796875 0.39195816527777777 0.23849991796875 0.41138264166666666 0.2644498046875 0.41138264166666666 0.2644498046875 0.39195816527777777
7 0.256255103125 0.42352293888888887 0.256255103125 0.4575157736111111 0.27947342265624997 0.4575157736111111 0.27947342265624997 0.42352293888888887
6 0.84900513125 0.3579653319444444 0.84900513125 0.37738980833333335 0.8626629664062501 0.37738980833333335 0.8626629664062501 0.3579653319444444
6 0.83534729765625 0.3628214527777778 0.83534729765625 0.38710204583333335 0.84900513125 0.38710204583333335 0.84900513125 0.3628214527777778