6 0.5768928609375 0.3505645611111111 0.5768928609375 0.3810484347222222 0.583016853125 0.3810484347222222 0.583016853125 0.3505645611111111
6 0.5119785375 0.30919358888888887 0.5119785375 0.3396774611111111 0.5181025296875 0.3396774611111111 0.5181025296875 0.30919358888888887
6 0.4127698546875 0.3701613375 0.4127698546875 0.38975811527777776 0.41766904921875003 0.38975811527777776 0.41766904921875003 0.3701613375
6 0.51810253125 0.31354842777777775 0.51810253125 0.3462097222222222 0.5254513226562499 0.3462097222222222 0.5254513226562499 0.31354842777777775
6 0.5058545453125001 0.30885057638888885 0.5058545453125001 0.33967746249999997 0.5119785375 0.33967746249999997 0.5119785375 0.30885057638888885
7 0.3717699671875 0.3658064986111111 0.3717699671875 0.3766935972222222 0.39562267421874997 0.3766935972222222 0.39562267421874997 0.3658064986111111
7 0.40909546093750004 0.3919355347222222 0.40909546093750004 0.4245968291666667 0.4188938484375 0.4245968291666667 0.4188938484375 0.3919355347222222
6 0.66875275234375 0.4006452125 0.66875275234375 0.4224194111111111 0.684675134375 0.4224194111111111 0.684675134375 0.4006452125
6 0.16658534765625 0.30919358888888887 0.16658534765625 0.3375000416666667 0.1739341375 0.3375000416666667 0.1739341375 0.30919358888888887
7 0.03798150078125 0.3440323027777778 0.03798150078125 0.36145165833333337 0.06860146484375 0.36145165833333337 0.06860146484375 0.3440323027777778
7 0.72019429140625 0.3440323027777778 0.72019429140625 0.3745161763888889 0.7373414703125001 0.3745161763888889 0.7373414703125001 0.3440323027777778
2 0.6785511390625001 0.45725812361111107 0.6785511390625001 0.5138710333333333 0.7422406632812499 0.5138710333333333 0.7422406632812499 0.45725812361111107
2 0.4127698546875 0.446371025 0.4127698546875 0.4725000611111111 0.42624263828125003 0.4725000611111111 0.42624263828125003 0.446371025
2 0.36132831640625 0.44419360555555554 0.36132831640625 0.4877419972222222 0.36990190625 0.4877419972222222 0.36990190625 0.44419360555555554
1 0.21925168515625 0.3483871416666667 0.21925168515625 0.5443549097222222 0.36622751015625 0.5443549097222222 0.36622751015625 0.3483871416666667
9 0.073500659375 0.32661294583333333 0.073500659375 0.53782265 0.22537567890625 0.53782265 0.22537567890625 0.32661294583333333
2 0.00001274609375 0.4354839277777778 0.00001274609375 0.5291129680555555 0.0624774734375 0.5291129680555555 0.0624774734375 0.4354839277777778
2 0.05512868125 0.446371025 0.05512868125 0.4877419986111111 0.07595025625 0.4877419986111111 0.07595025625 0.446371025
2 0.60383842890625 0.47467748055555553 0.60383842890625 0.6053226583333333 0.74469026015625 0.6053226583333333 0.74469026015625 0.47467748055555553
2 0.399297071875 0.38975811527777776 0.399297071875 0.7425000958333333 0.620985609375 0.7425000958333333 0.620985609375 0.38975811527777776
2 0.70672150546875 0.4796980027777778 0.70672150546875 0.7381452569444445 0.9981469671875001 0.7381452569444445 0.9981469671875001 0.4796980027777778
2 0.95903000703125 0.6205645958333333 0.95903000703125 0.8840323722222222 0.99822356015625 0.8840323722222222 0.99822356015625 0.6205645958333333
7 0.5339415468750001 0.33020650555555553 0.5339415468750001 0.3485115861111111 0.55110256015625 0.3485115861111111 0.55110256015625 0.33020650555555553
6 0.6609330484375 0.40037598333333335 0.6609330484375 0.4232573347222222 0.6695135546875 0.4232573347222222 0.6695135546875 0.40037598333333335