2 0.5207475078125 0.4134021291666667 0.5207475078125 0.43402068888888884 0.53350524375 0.43402068888888884 0.53350524375 0.4134021291666667
2 0.51262895234375 0.40515470694444444 0.51262895234375 0.4360825486111111 0.5219073023437499 0.4360825486111111 0.5219073023437499 0.40515470694444444
9 0.49291245312500004 0.3927835708333333 0.49291245312500004 0.4360825486111111 0.5137887453125 0.4360825486111111 0.5137887453125 0.3927835708333333
2 0.4813145125 0.40309285 0.4813145125 0.43195883749999997 0.49871142500000004 0.43195883749999997 0.49871142500000004 0.40309285
2 0.47667533671875006 0.4072165611111111 0.47667533671875006 0.4340206916666666 0.491752659375 0.4340206916666666 0.491752659375 0.4072165611111111
2 0.47087636484375006 0.40103099305555556 0.47087636484375006 0.4402062597222222 0.4847938921875 0.4402062597222222 0.4847938921875 0.40103099305555556
2 0.44652069218749996 0.39896913611111107 0.44652069218749996 0.44226811527777776 0.4766753375 0.44226811527777776 0.4766753375 0.39896913611111107
2 0.43956192890625 0.40515470694444444 0.43956192890625 0.44639182916666664 0.4662371921875 0.44639182916666664 0.4662371921875 0.40515470694444444
2 0.4233248109375 0.3907217138888889 0.4233248109375 0.44639182916666664 0.44884027968750007 0.44639182916666664 0.44884027968750007 0.3907217138888889
2 0.41636604765624996 0.40515470694444444 0.41636604765624996 0.44226811527777776 0.436082546875 0.44226811527777776 0.436082546875 0.40515470694444444
2 0.1809278640625 0.38865985833333333 0.1809278640625 0.47938152083333335 0.26211344453124996 0.47938152083333335 0.26211344453124996 0.38865985833333333
2 0.25631447500000004 0.25876292638888887 0.25631447500000004 0.5680413263888889 0.42564440078125 0.5680413263888889 0.42564440078125 0.25876292638888887
2 0 0.39896913611111107 0 0.4711340986111111 0.051030936718749996 0.4711340986111111 0.051030936718749996 0.39896913611111107
2 0 0.47525780972222226 0 0.5907217486111112 0.09046393203125 0.5907217486111112 0.09046393203125 0.47525780972222226
2 0.56945885703125 0.39896913611111107 0.56945885703125 0.4443299708333333 0.585695971875 0.4443299708333333 0.585695971875 0.39896913611111107
2 0.5358248296875 0.38453614166666666 0.5358248296875 0.4546392472222222 0.57525782421875 0.4546392472222222 0.57525782421875 0.38453614166666666
2 0.8217140515624999 0.3907217138888889 0.8217140515624999 0.4216495583333333 0.854188284375 0.4216495583333333 0.854188284375 0.3907217138888889
2 0.8425903453125001 0.39484542499999997 0.8425903453125001 0.4546392513888889 0.9202965445312501 0.4546392513888889 0.9202965445312501 0.39484542499999997
2 0.97596665625 0.38865985833333333 0.97596665625 0.45257739444444445 0.9968429484374999 0.45257739444444445 0.9968429484374999 0.38865985833333333
4 0.15541239765624998 0.38659800138888895 0.15541239765624998 0.47113409999999994 0.1751288953125 0.47113409999999994 0.1751288953125 0.38659800138888895
6 0.10322166484374999 0.3206186111111111 0.10322166484374999 0.34742274027777775 0.11829898828125 0.34742274027777775 0.11829898828125 0.3206186111111111
6 0.1194587828125 0.3206186111111111 0.1194587828125 0.34948459444444446 0.12873713281250002 0.34948459444444446 0.12873713281250002 0.3206186111111111
6 0.17512889453125 0.14536085 0.17512889453125 0.19690724861111114 0.19252580625 0.19690724861111114 0.19252580625 0.14536085
6 0.19020621796874998 0.14536085 0.19020621796874998 0.1927835375 0.20180415625 0.1927835375 0.20180415625 0.14536085
6 0.20064436328125002 0.1494845625 0.20064436328125002 0.19484539166666665 0.21108251171874998 0.19484539166666665 0.21108251171874998 0.1494845625
7 0.0997422859375 0.26288664305555554 0.0997422859375 0.2814433458333333 0.1252577546875 0.2814433458333333 0.1252577546875 0.26288664305555554
7 0.129896928125 0.2958763388888889 0.129896928125 0.3123711875 0.13801548671875 0.3123711875 0.13801548671875 0.2958763388888889
4 0.5880155625000001 0.39484542499999997 0.5880155625000001 0.4484536819444444 0.5972939148437499 0.4484536819444444 0.5972939148437499 0.39484542499999997
4 0.62396917578125 0.3907217138888889 0.62396917578125 0.46288667361111113 0.64368567421875 0.46288667361111113 0.64368567421875 0.3907217138888889
6 0.63440732109375 0.3432990263888889 0.63440732109375 0.36391758611111114 0.6448454671875 0.36391758611111114 0.6448454671875 0.3432990263888889
6 0.63904649609375 0.12886599861111112 0.63904649609375 0.18453611250000002 0.6506444375 0.18453611250000002 0.6506444375 0.12886599861111112
6 0.6286083515625001 0.13298971111111113 0.6286083515625001 0.18659796805555556 0.63904649921875 0.18659796805555556 0.63904649921875 0.13298971111111113
6 0.65412381953125 0.13917528194444445 0.65412381953125 0.18453611250000002 0.662242378125 0.18453611250000002 0.662242378125 0.13917528194444445
7 0.67847949453125 0.1206185763888889 0.67847949453125 0.26494849722222225 0.7097939328125 0.26494849722222225 0.7097939328125 0.1206185763888889
7 0.7544460015625 0.06082475 0.7544460015625 0.1206185736111111 0.792719203125 0.1206185736111111 0.792719203125 0.06082475
6 0.86578622578125 0.2010309597222222 0.86578622578125 0.22371137500000002 0.8947810781250001 0.22371137500000002 0.8947810781250001 0.2010309597222222
6 0.87042540234375 0.2793814888888889 0.87042540234375 0.32268046666666667 0.90173984140625 0.32268046666666667 0.90173984140625 0.2793814888888889
4 0.6796392874999999 0.38865985833333333 0.6796392874999999 0.46288667222222224 0.69471661015625 0.46288667222222224 0.69471661015625 0.38865985833333333
4 0.8495491109375 0.34536088333333337 0.8495491109375 0.5329897805555556 0.8959408710937501 0.5329897805555556 0.8959408710937501 0.34536088333333337
4 0.9400130421874999 0.35360830555555556 0.9400130421874999 0.5164949291666667 0.9759666570312501 0.5164949291666667 0.9759666570312501 0.35360830555555556
4 0.904059428125 0.35360830555555556 0.904059428125 0.5206186430555555 0.94929139609375 0.5206186430555555 0.94929139609375 0.35360830555555556