2 0.8511325140625001 0.5837498166666667 0.8511325140625001 0.7906247361111112 0.9987887125 0.7906247361111112 0.9987887125 0.5837498166666667
2 0.715781021875 0.5499998263888889 0.715781021875 0.7112497694444444 0.8634372203125 0.7112497694444444 0.8634372203125 0.5499998263888889
2 0.6440622968749999 0.5712498083333334 0.6440622968749999 0.6649997750000001 0.7252732046875 0.6649997750000001 0.7252732046875 0.5712498083333334
2 0.56742167578125 0.5862498041666666 0.56742167578125 0.6293747888888889 0.6053904109375 0.6293747888888889 0.6053904109375 0.5862498041666666
2 0.5206639015625 0.5806248083333334 0.5206639015625 0.6331247861111111 0.55863263828125 0.6331247861111111 0.55863263828125 0.5806248083333334
2 0.55265605703125 0.5874998138888888 0.55265605703125 0.6231248 0.5674216789062501 0.6231248 0.5674216789062501 0.5874998138888888
2 0.5069529687500001 0.5874998138888888 0.5069529687500001 0.6193748027777778 0.5238279625 0.6193748027777778 0.5238279625 0.5874998138888888
2 0.4802342171875 0.5893748125 0.4802342171875 0.6193748027777778 0.5034373328124999 0.6193748027777778 0.5034373328124999 0.5893748125
2 0.4784764015625 0.5799998180555556 0.4784764015625 0.6024998097222223 0.50484357890625 0.6024998097222223 0.50484357890625 0.5799998180555556
7 0.17613275078124999 0.34593738055555556 0.17613275078124999 0.3965623625 0.20671867812500003 0.3965623625 0.20671867812500003 0.34593738055555556
6 0.491484203125 0.16312494305555555 0.491484203125 0.2599999027777778 0.51574200703125 0.2599999027777778 0.51574200703125 0.16312494305555555
7 0.49781232500000006 0.12624991805555555 0.49781232500000006 0.15624990416666668 0.51468731875 0.15624990416666668 0.51468731875 0.12624991805555555