2 0 0.35110219861111114 0 0.47862115694444446 0.0449504328125 0.47862115694444446 0.0449504328125 0.35110219861111114
2 0.58244284375 0.35365257777777775 0.58244284375 0.4896728 0.7125121812499999 0.4896728 0.7125121812499999 0.35365257777777775
5 0.72622047109375 0.34571806666666666 0.72622047109375 0.43073070555555554 0.7522707828125 0.43073070555555554 0.7522707828125 0.34571806666666666
2 0.38829522890625 0.3530858291666667 0.38829522890625 0.3700883583333333 0.39498997421875004 0.3700883583333333 0.39498997421875004 0.3530858291666667
2 0.38255687578124997 0.351385575 0.38255687578124997 0.36668785 0.38829522890625 0.36668785 0.38829522890625 0.351385575
2 0.41507421015625 0.34968532361111115 0.41507421015625 0.36668785 0.4227253484375 0.36668785 0.4227253484375 0.34968532361111115
2 0.42368173984375 0.34968532361111115 0.42368173984375 0.37688936666666667 0.4389840140625 0.37688936666666667 0.4389840140625 0.34968532361111115
2 0.3618988140625 0.3519523236111111 0.3618988140625 0.3672546013888889 0.36859355859375 0.3672546013888889 0.36859355859375 0.3519523236111111
2 0.33225065546875 0.35535282916666666 0.33225065546875 0.3757558638888889 0.3513784984375 0.3757558638888889 0.3513784984375 0.35535282916666666
2 0.32555591015625 0.3519523236111111 0.32555591015625 0.3791563680555556 0.3351198328125 0.3791563680555556 0.3351198328125 0.3519523236111111
2 0.32077394921875 0.35365257777777775 0.32077394921875 0.3791563694444445 0.326512303125 0.3791563694444445 0.326512303125 0.35365257777777775
2 0.31216642031249997 0.35365257777777775 0.31216642031249997 0.3808566222222222 0.322686734375 0.3808566222222222 0.322686734375 0.35365257777777775
2 0.29686414453125 0.35535282916666666 0.29686414453125 0.3842571291666667 0.31886116484375 0.3842571291666667 0.31886116484375 0.35535282916666666
2 0.28443104609375 0.3604535888888889 0.28443104609375 0.3876576333333333 0.303558890625 0.3876576333333333 0.303558890625 0.3604535888888889
2 0.2547828875 0.3570530833333333 0.2547828875 0.3961588986111111 0.287300221875 0.3961588986111111 0.287300221875 0.3570530833333333
2 0.22609112109375 0.3604535888888889 0.22609112109375 0.4063604152777778 0.26530320234375 0.4063604152777778 0.26530320234375 0.3604535888888889
2 0.18496625859375 0.35535282916666666 0.18496625859375 0.4148616763888889 0.22800390703125 0.4148616763888889 0.22800390703125 0.35535282916666666
2 0.15340531562499998 0.3672546013888889 0.15340531562499998 0.43186420694444444 0.20409410078125 0.43186420694444444 0.20409410078125 0.3672546013888889
2 0.09697816718749999 0.3689548527777778 0.09697816718749999 0.44376597361111114 0.1629692296875 0.44376597361111114 0.1629692296875 0.3689548527777778
2 0.0315609421875 0.36215384166666664 0.0315609421875 0.4658692583333333 0.10520313984375 0.4658692583333333 0.10520313984375 0.36215384166666664
2 0.44089679921874997 0.35365257777777775 0.44089679921874997 0.3757558638888889 0.44950432734375 0.3757558638888889 0.44950432734375 0.35365257777777775
2 0.449504328125 0.3570530833333333 0.449504328125 0.3791563694444445 0.4600246421875 0.3791563694444445 0.4600246421875 0.3570530833333333
2 0.46002464375 0.3502520722222222 0.46002464375 0.3910581388888889 0.484890840625 0.3910581388888889 0.484890840625 0.3502520722222222
2 0.47723970234374996 0.35365257777777775 0.47723970234374996 0.4029599083333333 0.5097570375 0.4029599083333333 0.5097570375 0.35365257777777775
2 0.5030622914062499 0.3502520722222222 0.5030622914062499 0.4199624361111111 0.55088190078125 0.4199624361111111 0.55088190078125 0.3502520722222222
2 0.52505931171875 0.3570530833333333 0.52505931171875 0.4369649652777778 0.580530059375 0.4369649652777778 0.580530059375 0.3570530833333333
2 0.5514557421874999 0.3706551069444444 0.5514557421874999 0.4573679944444444 0.60405731171875 0.4573679944444444 0.60405731171875 0.3706551069444444
2 0.3981779578125 0.3502520722222222 0.3981779578125 0.3723553583333334 0.412523840625 0.3723553583333334 0.412523840625 0.3502520722222222
2 0.37044258515625 0.3519523236111111 0.37044258515625 0.3723553583333334 0.38000650703125 0.3723553583333334 0.38000650703125 0.3519523236111111
7 0.6446135117187499 0.2779381875 0.6446135117187499 0.3031307805555556 0.65991062421875 0.3031307805555556 0.65991062421875 0.2779381875
0 0.72115993515625 0.3774561152777777 0.72115993515625 0.4460329791666667 0.75472493828125 0.4460329791666667 0.75472493828125 0.3774561152777777
6 0.41564805078125 0.3087980361111111 0.41564805078125 0.3267885916666667 0.4213864046875 0.3267885916666667 0.4213864046875 0.3087980361111111