2 0.36056683671875 0.4255174291666667 0.36056683671875 0.4473699638888889 0.37695623828125 0.4473699638888889 0.37695623828125 0.4255174291666667
2 0.37422467265625003 0.4303735472222222 0.37422467265625003 0.46193832222222225 0.393345640625 0.46193832222222225 0.393345640625 0.4303735472222222
2 0.3851509390625 0.42794548888888884 0.3851509390625 0.4837908569444444 0.42885601171875 0.4837908569444444 0.42885601171875 0.42794548888888884
2 0.390614075 0.4352296666666667 0.390614075 0.5056433930555555 0.4452454125 0.5056433930555555 0.4452454125 0.4352296666666667
2 0.159796665625 0.4400857861111111 0.159796665625 0.46679444166666667 0.18574655234374998 0.46679444166666667 0.18574655234374998 0.4400857861111111
9 0.11609159375 0.38666847638888885 0.11609159375 0.4570822027777777 0.1816492015625 0.4570822027777777 0.1816492015625 0.38666847638888885
2 0.062826040625 0.4546541444444444 0.062826040625 0.6124780097222222 0.16799136718750002 0.6124780097222222 0.16799136718750002 0.4546541444444444
2 0 0.43280160833333337 0 0.5687729416666667 0.1010679765625 0.5687729416666667 0.1010679765625 0.43280160833333337
2 0.442513846875 0.4230893694444445 0.442513846875 0.5954815958333334 0.57909219296875 0.5954815958333334 0.57909219296875 0.4230893694444445
2 0.1051653265625 0.3939526541666667 0.1051653265625 0.8868487347222221 0.42612444296875 0.8868487347222221 0.42612444296875 0.3939526541666667
2 0.8913444203124999 0.7287647194444444 0.8913444203124999 0.9982793236111112 0.99787553046875 0.9982793236111112 0.99787553046875 0.7287647194444444