7 0.19691118515625 0.28594363472222223 0.19691118515625 0.2946085930555556 0.20958368671875 0.2946085930555556 0.20958368671875 0.28594363472222223
7 0.21153330234375 0.3015405597222222 0.21153330234375 0.3119385125 0.223230996875 0.3119385125 0.223230996875 0.3015405597222222
6 0.3597040953125 0.23915285833333333 0.3597040953125 0.26514773472222225 0.3675025578125 0.26514773472222225 0.3675025578125 0.23915285833333333
6 0.460109303125 0.2044930236111111 0.460109303125 0.23222089166666665 0.46888257421875 0.23222089166666665 0.46888257421875 0.2044930236111111
6 0.368477365625 0.23915285833333333 0.368477365625 0.2668807263888889 0.37432621250000003 0.2668807263888889 0.37432621250000003 0.23915285833333333
6 0.46985738203125005 0.20276003194444445 0.46985738203125005 0.23222089166666665 0.47668103671875006 0.23222089166666665 0.47668103671875006 0.20276003194444445
6 0.456210071875 0.2044930236111111 0.456210071875 0.23395388333333333 0.4610841109375 0.23395388333333333 0.4610841109375 0.2044930236111111
6 0.19593637734375 0.3379333861111111 0.19593637734375 0.3569962958333333 0.20763407109375 0.3569962958333333 0.20763407109375 0.3379333861111111
2 0 0.4384469069444445 0 0.6238770208333334 0.055564046874999995 0.6238770208333334 0.055564046874999995 0.4384469069444445
2 0.1920371453125 0.37779219583333334 0.1920371453125 0.48523768333333334 0.30219043203124996 0.48523768333333334 0.30219043203124996 0.37779219583333334
2 0.28171946718749996 0.3604622791666667 0.28171946718749996 0.4471118652777778 0.35677967265625 0.4471118652777778 0.35677967265625 0.3604622791666667
2 0.3714017890625 0.3431323611111111 0.3714017890625 0.44364588194444443 0.40746967968750003 0.44364588194444443 0.40746967968750003 0.3431323611111111
2 0.34313236171875 0.3725932208333333 0.34313236171875 0.4159180138888888 0.3714017890625 0.4159180138888888 0.3714017890625 0.3725932208333333
2 0.39187275390625 0.2668807263888889 0.39187275390625 0.6065471041666667 0.58098547578125 0.6065471041666667 0.58098547578125 0.2668807263888889