6 0.60404822734375 0.35385737777777776 0.60404822734375 0.391357375 0.61459510078125 0.391357375 0.61459510078125 0.35385737777777776
6 0.40629434687500005 0.3991698722222222 0.40629434687500005 0.42885736944444447 0.41244668906250004 0.42885736944444447 0.41244668906250004 0.3991698722222222
6 0.40102090859375006 0.3960448736111111 0.40102090859375006 0.42885736944444447 0.40541543984375006 0.42885736944444447 0.40541543984375006 0.3960448736111111
6 0.41244668906250004 0.39760737222222226 0.41244668906250004 0.42729486805555555 0.41859903203125004 0.42729486805555555 0.41859903203125004 0.39760737222222226
6 0.59789588515625 0.3663573763888889 0.59789588515625 0.3913573722222222 0.60580604140625 0.3913573722222222 0.60580604140625 0.3663573763888889
6 0.6137161953125 0.35698237777777775 0.6137161953125 0.38823237222222223 0.6216263507812501 0.38823237222222223 0.6216263507812501 0.35698237777777775
6 0.30873576406250003 0.4757323625 0.30873576406250003 0.5007323569444444 0.32367716875 0.5007323569444444 0.32367716875 0.4757323625
7 0.39486856640625 0.4413573694444445 0.39486856640625 0.45541986805555557 0.42826700000000006 0.45541986805555557 0.42826700000000006 0.4413573694444445
7 0.57855994921875 0.4101073694444445 0.57855994921875 0.4257323680555556 0.6031693203125 0.4257323680555556 0.6031693203125 0.4101073694444445
2 0.374653725 0.5257323555555555 0.374653725 0.57573235 0.4352982484375 0.57573235 0.4352982484375 0.5257323555555555
2 0.44496621562499994 0.5132323583333332 0.44496621562499994 0.5882323513888889 0.47397011874999995 0.5882323513888889 0.47397011874999995 0.5132323583333332
2 0.46342324375 0.47416986250000004 0.46342324375 0.6569823402777778 0.55922401328125 0.6569823402777778 0.55922401328125 0.47416986250000004
9 0.001118615625 0.40698237083333333 0.001118615625 0.7382323291666667 0.23227093046874997 0.7382323291666667 0.23227093046874997 0.40698237083333333
2 0.25160686484375 0.5507323513888889 0.25160686484375 0.6335448430555556 0.26479045625 0.6335448430555556 0.26479045625 0.5507323513888889
2 0.25688030156249997 0.49760735972222225 0.25688030156249997 0.6913573361111112 0.4018998140625 0.6913573361111112 0.4018998140625 0.49760735972222225
2 0.48012246171874995 0.49448235972222226 0.48012246171874995 0.8335448180555556 0.71479040078125 0.8335448180555556 0.71479040078125 0.49448235972222226
7 0.58910682265625 0.4491698638888889 0.58910682265625 0.4757323625 0.60141150859375 0.4757323625 0.60141150859375 0.4491698638888889
7 0.58431906953125 0.3854605277777778 0.58431906953125 0.4014473708333333 0.59531002421875 0.4014473708333333 0.59531002421875 0.3854605277777778