2 0.23354384218750002 0.6128496222222223 0.23354384218750002 0.6255854847222223 0.24643890078125003 0.6255854847222223 0.24643890078125003 0.6128496222222223
2 0.20632093984375 0.6103024499999999 0.20632093984375 0.6357741722222222 0.230678271875 0.6357741722222222 0.230678271875 0.6103024499999999
2 0.1576062734375 0.6153967958333333 0.1576062734375 0.6485100291666667 0.180530821875 0.6485100291666667 0.180530821875 0.6153967958333333
2 0.11605552890625 0.602660936111111 0.11605552890625 0.6637930680555556 0.1604718421875 0.6637930680555556 0.1604718421875 0.602660936111111
2 0.0558785875 0.6128496222222223 0.0558785875 0.6892647875 0.11892109609374998 0.6892647875 0.11892109609374998 0.6128496222222223
2 0.29515356718749997 0.6077552763888889 0.29515356718749997 0.6306798277777778 0.3051830578125 0.6306798277777778 0.3051830578125 0.6077552763888889
2 0.30375027265625 0.6077552763888889 0.30375027265625 0.6306798277777778 0.32237646875000003 0.6306798277777778 0.32237646875000003 0.6077552763888889
2 0.31377976328125 0.6052081083333334 0.31377976328125 0.633227 0.33240595859375 0.633227 0.33240595859375 0.6052081083333334
2 0.323809253125 0.5975665902777778 0.323809253125 0.6434156888888889 0.359628859375 0.6434156888888889 0.359628859375 0.5975665902777778
2 0.33813709609375 0.5848307305555556 0.33813709609375 0.6790760972222223 0.39258290078125 0.6790760972222223 0.39258290078125 0.5848307305555556
2 0.49479175078125 0.5718401361111111 0.49479175078125 0.6800452027777778 0.60750054453125 0.6800452027777778 0.60750054453125 0.5718401361111111
2 0.37538948828124996 0.5896703416666667 0.37538948828124996 0.7042930847222222 0.475684390625 0.7042930847222222 0.475684390625 0.5896703416666667
2 0.504340075 0.5336325527777778 0.504340075 0.943727261111111 0.9141163851562499 0.943727261111111 0.9141163851562499 0.5336325527777778
2 0 0.6215099916666667 0 0.7081138444444445 0.05922174375 0.7081138444444445 0.05922174375 0.6215099916666667
9 0.16935511171875 0.5833024083333334 0.16935511171875 0.6418873694444445 0.20660750234375 0.6418873694444445 0.20660750234375 0.5833024083333334
2 0.257328059375 0.6087741333333334 0.257328059375 0.6266043347222222 0.26879033125 0.6266043347222222 0.26879033125 0.6087741333333334
2 0.45064207265625 0.5903442680555555 0.45064207265625 0.682287725 0.5048831054687499 0.682287725 0.5048831054687499 0.5903442680555555