4 0.35595678671875 0.5179683944444444 0.35595678671875 0.6452626833333334 0.38645243671874996 0.6452626833333334 0.38645243671874996 0.5179683944444444
4 0.48515591562499993 0.5273433861111111 0.48515591562499993 0.6636300375 0.51679651953125 0.6636300375 0.51679651953125 0.5273433861111111
7 0.16347645 0.31312478194444443 0.16347645 0.3365622652777778 0.1937986953125 0.3365622652777778 0.1937986953125 0.31312478194444443
7 0.16347645 0.33749976944444443 0.16347645 0.3656247458333333 0.19511705390625 0.3656247458333333 0.19511705390625 0.33749976944444443
7 0.2003904875 0.3515622583333334 0.2003904875 0.37968723750000005 0.23071273359375 0.37968723750000005 0.23071273359375 0.3515622583333334
7 0.2043455625 0.3773434930555556 0.2043455625 0.4031247236111111 0.23994124140625 0.4031247236111111 0.23994124140625 0.3773434930555556
7 0.1792967515625 0.40312472222222223 0.1792967515625 0.43359345 0.21225571250000003 0.43359345 0.21225571250000003 0.40312472222222223
6 0.2069822796875 0.20859360694444445 0.2069822796875 0.27656230694444445 0.22675765625 0.27656230694444445 0.22675765625 0.20859360694444445
2 0.68950147890625 0.5437496263888889 0.68950147890625 0.6406708444444444 0.76464791171875 0.6406708444444444 0.76464791171875 0.5437496263888889
2 0.9221917476562499 0.5534259069444445 0.9221917476562499 0.5900386611111111 0.9434998804687501 0.5900386611111111 0.9434998804687501 0.5534259069444445
2 0.9128313960937501 0.5474996208333334 0.9128313960937501 0.5826558444444444 0.920873390625 0.5826558444444444 0.920873390625 0.5474996208333334
2 0.89318786328125 0.5519527472222222 0.89318786328125 0.5800777263888889 0.9103265234375 0.5800777263888889 0.9103265234375 0.5519527472222222
2 0.88264099453125 0.5542964930555556 0.88264099453125 0.5871089694444445 0.8918695039062501 0.5871089694444445 0.8918695039062501 0.5542964930555556
2 0.85363710703125 0.5542964930555556 0.85363710703125 0.6152339513888888 0.88659606953125 0.6152339513888888 0.88659606953125 0.5542964930555556
2 0.74816843125 0.5472652486111111 0.74816843125 0.6105464555555555 0.77980903515625 0.6105464555555555 0.77980903515625 0.5472652486111111
2 0.7811273937500001 0.48867153888888887 0.7811273937500001 0.6363276861111111 0.85627382421875 0.6363276861111111 0.85627382421875 0.48867153888888887
2 0.95449153046875 0.5624996138888889 0.95449153046875 0.5812496013888888 0.97163018984375 0.5812496013888888 0.97163018984375 0.5624996138888889
2 0.9856874 0.5396503902777777 0.9856874 0.584765223611111 0.99832695078125 0.584765223611111 0.99832695078125 0.5396503902777777