6 0.6328127968749999 0.10583094444444444 0.6328127968749999 0.1808309777777778 0.65003219296875 0.1808309777777778 0.65003219296875 0.10583094444444444
7 0.33786913749999997 0.18892136527777778 0.33786913749999997 0.25473772083333335 0.36972501874999997 0.25473772083333335 0.36972501874999997 0.18892136527777778
6 0.6256790421875 0.22237619166666667 0.6256790421875 0.2698251930555555 0.6515081351562501 0.2698251930555555 0.6515081351562501 0.22237619166666667
2 0.79553607109375 0.3642858777777778 0.79553607109375 0.3918369111111111 0.8136164367187501 0.3918369111111111 0.8136164367187501 0.3642858777777778
2 0.890242746875 0.34591852222222225 0.890242746875 0.3841838458333333 0.9109060203125001 0.3841838458333333 0.9109060203125001 0.34591852222222225
2 0.8601088046875001 0.34285729722222225 0.8601088046875001 0.39489813611111113 0.8885208070312499 0.39489813611111113 0.8885208070312499 0.34285729722222225
2 0.811894496875 0.3535715875 0.811894496875 0.4147961041666666 0.8652746234375 0.4147961041666666 0.8652746234375 0.3535715875
2 0.71632685234375 0.3535715875 0.71632685234375 0.4806124611111111 0.80672867890625 0.4806124611111111 0.80672867890625 0.3535715875
4 0.6371176328125 0.31071442499999996 0.6371176328125 0.5112247194444445 0.675861271875 0.5112247194444445 0.675861271875 0.31071442499999996
4 0.59665205390625 0.3183674902777778 0.59665205390625 0.4836736861111111 0.6319518140625 0.4836736861111111 0.6319518140625 0.3183674902777778
4 0.5424109578125 0.3382654583333333 0.5424109578125 0.45918387916666664 0.565657140625 0.45918387916666664 0.565657140625 0.3382654583333333
4 0.61903726796875 0.38877568472222224 0.61903726796875 0.4668369444444444 0.6293689046875001 0.4668369444444444 0.6293689046875001 0.38877568472222224
4 0.6810270914062501 0.35204097500000003 0.6810270914062501 0.4285716194444445 0.69394163828125 0.4285716194444445 0.69394163828125 0.35204097500000003
2 0 0.3750001680555555 0 0.6229594638888889 0.21265953437500001 0.6229594638888889 0.21265953437500001 0.3750001680555555
6 0.37281300859375 0.043229434722222224 0.37281300859375 0.15754396527777778 0.40343297187499993 0.15754396527777778 0.40343297187499993 0.043229434722222224