7 0.54131797890625 0.3009447416666667 0.54131797890625 0.32644853194444445 0.56809696015625 0.32644853194444445 0.56809696015625 0.3009447416666667
7 0.5805300585937501 0.28734271944444445 0.5805300585937501 0.3111462583333333 0.58818119609375 0.3111462583333333 0.58818119609375 0.28734271944444445
7 0.61878574609375 0.3026449944444444 0.61878574609375 0.3111462583333333 0.63504441328125 0.3111462583333333 0.63504441328125 0.3026449944444444
7 0.6178293539062499 0.26863993888888893 0.6178293539062499 0.27884145555555556 0.6321752359375 0.27884145555555556 0.6321752359375 0.26863993888888893
7 0.5738353132812499 0.3230480277777778 0.5738353132812499 0.3332495472222222 0.58531201953125 0.3332495472222222 0.58531201953125 0.3230480277777778
7 0.19319122187499999 0.3757558638888889 0.19319122187499999 0.38255687499999996 0.2075371046875 0.38255687499999996 0.2075371046875 0.3757558638888889
6 0.48010887890625 0.2992444888888889 0.48010887890625 0.3258817916666667 0.48776001640625 0.3258817916666667 0.48776001640625 0.2992444888888889
6 0.58339923515625 0.3502520722222222 0.58339923515625 0.36385409444444444 0.59105037265625 0.36385409444444444 0.59105037265625 0.3502520722222222
6 0.62356770703125 0.32474828055555555 0.62356770703125 0.3417508111111111 0.6331316289062501 0.3417508111111111 0.6331316289062501 0.32474828055555555
2 0.46863217265625 0.4114611722222222 0.46863217265625 0.43186420555555555 0.47628331015625003 0.43186420555555555 0.47628331015625003 0.4114611722222222
2 0.46002464296875 0.4114611722222222 0.46002464296875 0.4335644583333333 0.46958856484375 0.4335644583333333 0.46958856484375 0.4114611722222222
2 0.45237350546875 0.4114611722222222 0.45237350546875 0.4335644583333333 0.46289381953125003 0.4335644583333333 0.46289381953125003 0.4114611722222222
2 0.43611483828125 0.4080606666666666 0.43611483828125 0.43526471111111115 0.45619907421874994 0.43526471111111115 0.45619907421874994 0.4080606666666666
2 0.40646668046874995 0.4114611722222222 0.40646668046874995 0.44036546944444444 0.44376597578125 0.44036546944444444 0.44376597578125 0.4114611722222222
2 0.32039138359375 0.4097609194444445 0.32039138359375 0.47437052500000004 0.40742307421875 0.47437052500000004 0.40742307421875 0.4097609194444445
2 0.31178385390624996 0.4199624361111111 0.31178385390624996 0.5015745694444445 0.36342903203125 0.5015745694444445 0.36342903203125 0.4199624361111111
2 0.13293851406249999 0.39785915000000005 0.13293851406249999 0.5321791180555556 0.32517334453125 0.5321791180555556 0.32517334453125 0.39785915000000005
2 0.070773021875 0.41486167777777777 0.070773021875 0.4454662277777778 0.12624376875 0.4454662277777778 0.12624376875 0.41486167777777777
2 0.021040628125 0.41826218333333337 0.021040628125 0.44036546944444444 0.093726434375 0.44036546944444444 0.093726434375 0.41826218333333337
2 0 0.42506319444444446 0 0.6767006069444444 0.24005443906249999 0.6767006069444444 0.24005443906249999 0.42506319444444446
2 0.50880064453125 0.4063604138888889 0.50880064453125 0.4199624361111111 0.5212337429687499 0.4199624361111111 0.5212337429687499 0.4063604138888889
2 0.5374924101562499 0.3893578861111111 0.5374924101562499 0.42166268888888886 0.55948943046875 0.42166268888888886 0.55948943046875 0.3893578861111111
2 0.55470746953125 0.38255687499999996 0.55470746953125 0.4199624361111111 0.5776608828125 0.4199624361111111 0.5776608828125 0.38255687499999996
2 0.57574809765625 0.3808566222222222 0.57574809765625 0.4233629416666667 0.59009397890625 0.4233629416666667 0.59009397890625 0.3808566222222222
2 0.58722480390625 0.35365257777777775 0.58722480390625 0.4267634472222222 0.6283496679687499 0.4267634472222222 0.6283496679687499 0.35365257777777775
2 0.60922182421875 0.3672546 0.60922182421875 0.43186420555555555 0.64556472734375 0.43186420555555555 0.64556472734375 0.3672546
2 0.63695719765625 0.34855181944444447 0.63695719765625 0.44036546944444444 0.68477680703125 0.44036546944444444 0.68477680703125 0.34855181944444447
2 0.68382041484375 0.3230480277777778 0.68382041484375 0.4369649666666667 0.76415735859375 0.4369649666666667 0.76415735859375 0.3230480277777778
6 0.48170288515625004 0.3689548527777778 0.48170288515625004 0.38255687499999996 0.48744123828125 0.38255687499999996 0.48744123828125 0.3689548527777778
2 0.49509237578125004 0.40466016111111114 0.49509237578125004 0.42336293888888893 0.50656908203125 0.42336293888888893 0.50656908203125 0.40466016111111114
2 0.47883370859375 0.4114611722222222 0.47883370859375 0.42846369999999995 0.49031041484375004 0.42846369999999995 0.49031041484375004 0.4114611722222222
2 0.52091496484375 0.3995594027777778 0.52091496484375 0.4216626861111111 0.53239166953125 0.4216626861111111 0.53239166953125 0.3995594027777778
2 0.7239888867187501 0.3383503027777778 0.7239888867187501 0.47323704166666664 0.8750988523437501 0.47323704166666664 0.8750988523437501 0.3383503027777778
7 0.96379226875 0.11901769444444445 0.96379226875 0.15472300277777776 0.9991787796875 0.15472300277777776 0.9991787796875 0.11901769444444445
7 0.9781381515625001 0.15812350833333333 0.9781381515625001 0.1904283111111111 0.9982223875 0.1904283111111111 0.9982223875 0.15812350833333333
7 0.0105203140625 0.3774561166666666 0.0105203140625 0.3910581388888889 0.03443011875 0.3910581388888889 0.03443011875 0.3774561166666666