7 0.59173991796875 0.14773598194444443 0.59173991796875 0.4126418777777778 0.77370352421875 0.4126418777777778 0.77370352421875 0.14773598194444443
7 0.45304639296874993 0.35150975 0.45304639296874993 0.4086142805555556 0.50176106015625 0.4086142805555556 0.50176106015625 0.35150975
7 0.4172267859375 0.38717016111111113 0.4172267859375 0.43047208611111115 0.43442019765625 0.43047208611111115 0.43442019765625 0.38717016111111113
7 0.43585298124999994 0.3897173305555555 0.43585298124999994 0.41264187916666667 0.44874803906249994 0.41264187916666667 0.44874803906249994 0.3897173305555555
2 0.42639661718750005 0.43217019166666665 0.42639661718750005 0.44575511805555557 0.45361951953124996 0.44575511805555557 0.45361951953124996 0.43217019166666665
2 0.40060650078125004 0.4228305680555556 0.40060650078125004 0.4406607736111111 0.42496383359375 0.4406607736111111 0.42496383359375 0.4228305680555556
2 0.3676524609375 0.4279249125 0.3676524609375 0.44575511805555557 0.38198030312500003 0.44575511805555557 0.38198030312500003 0.4279249125
2 0.37911473671875 0.43301925555555554 0.37911473671875 0.45339663333333335 0.3963081484375 0.45339663333333335 0.3963081484375 0.43301925555555554
2 0.3132066578125 0.4279249125 0.3132066578125 0.47451980972222224 0.35772850312500004 0.47451980972222224 0.35772850312500004 0.4279249125
2 0.284550971875 0.4228305680555556 0.284550971875 0.43556642916666666 0.2988788140625 0.43556642916666666 0.2988788140625 0.4228305680555556
2 0.26305920703124996 0.4202833944444444 0.26305920703124996 0.43811360138888894 0.27881983359375 0.43811360138888894 0.27881983359375 0.4202833944444444
2 0.21176552499999998 0.41264187916666667 0.21176552499999998 0.43981170555555554 0.25761462265625 0.43981170555555554 0.25761462265625 0.41264187916666667
2 0.11118406249999999 0.40754753333333327 0.11118406249999999 0.43556642638888887 0.15560037578125002 0.43556642638888887 0.15560037578125002 0.40754753333333327
2 0.0085967046875 0.38717016111111113 0.0085967046875 0.43556643055555555 0.047281881250000005 0.43556643055555555 0.047281881250000005 0.38717016111111113
2 0.3792541 0.43811360138888894 0.3792541 0.5574332194444445 0.47133581796875 0.5574332194444445 0.47133581796875 0.43811360138888894
2 0.5371084749999999 0.4532599611111111 0.5371084749999999 0.6469817111111111 0.7140996890625 0.6469817111111111 0.7140996890625 0.4532599611111111
2 0.35772850312500004 0.41286624999999993 0.35772850312500004 0.4362520833333333 0.36968716796875 0.4362520833333333 0.36968716796875 0.41286624999999993