2 0.6921135703125 0.5961491541666667 0.6921135703125 0.6134790708333333 0.6999120343749999 0.6134790708333333 0.6999120343749999 0.5961491541666667
2 0.698937225 0.5926831722222222 0.698937225 0.6204110388888888 0.7077104953125 0.6204110388888888 0.7077104953125 0.5926831722222222
2 0.70673568828125 0.5926831722222222 0.70673568828125 0.6256100138888889 0.71355934296875 0.6256100138888889 0.71355934296875 0.5926831722222222
2 0.71160972734375 0.5944161625000001 0.71160972734375 0.6342749722222222 0.727206653125 0.6342749722222222 0.727206653125 0.5944161625000001
2 0.72135780703125 0.5909501805555556 0.72135780703125 0.6360079638888888 0.7428035796875 0.6360079638888888 0.7428035796875 0.5909501805555556
2 0.735005115625 0.5840182097222222 0.735005115625 0.6550708722222223 0.78959435546875 0.6550708722222223 0.78959435546875 0.5840182097222222
2 0.7739974296875001 0.5458923916666667 0.7739974296875001 0.7018616472222222 0.8500324414062501 0.7018616472222222 0.8500324414062501 0.5458923916666667
2 0.8071408960937501 0.5562903444444445 0.8071408960937501 0.7174585763888888 0.9153445671875 0.7174585763888888 0.9153445671875 0.5562903444444445
2 0.860755328125 0.5406934180555556 0.860755328125 0.8041081611111112 0.9991780421875 0.8041081611111112 0.9991780421875 0.5406934180555556
2 0.07213578046875 0.5545573541666666 0.07213578046875 0.5996151375 0.1462211765625 0.5996151375 0.1462211765625 0.5545573541666666
2 0.04679077578125 0.5389604263888889 0.04679077578125 0.6048141111111112 0.11892655625 0.6048141111111112 0.11892655625 0.5389604263888889
4 0.01364731015625 0.5112325597222223 0.01364731015625 0.6325419791666667 0.054589239062499996 0.6325419791666667 0.054589239062499996 0.5112325597222223
2 0 0.5597563277777778 0 0.6273430041666667 0.032168658593749996 0.6273430041666667 0.032168658593749996 0.5597563277777778
2 0 0.5614893194444445 0 0.6394739472222223 0.01364731015625 0.6394739472222223 0.01364731015625 0.5614893194444445