2 0.0007972414062500001 0.3840945916666667 0.0007972414062500001 0.6817324694444444 0.045044299999999995 0.6817324694444444 0.045044299999999995 0.3840945916666667
2 0.0007972414062500001 0.2884252708333333 0.0007972414062500001 0.5924411013888888 0.22562013749999998 0.5924411013888888 0.22562013749999998 0.2884252708333333
2 0.16582681328124999 0.3245670138888889 0.16582681328124999 0.5137796638888888 0.30693905859375004 0.5137796638888888 0.30693905859375004 0.3245670138888889
2 0.27823826484374997 0.36708671111111113 0.27823826484374997 0.48188988888888884 0.3416191875 0.48188988888888884 0.3416191875 0.36708671111111113
2 0.2949803953125 0.3543308013888889 0.2949803953125 0.4627560291666667 0.36673238359375004 0.4627560291666667 0.36673238359375004 0.3543308013888889
2 0.34520678515625003 0.3543308013888889 0.34520678515625003 0.45212610694444444 0.371515846875 0.45212610694444444 0.371515846875 0.3543308013888889
2 0.36434064921875 0.38196860416666667 0.36434064921875 0.4436221638888889 0.3810827796875 0.4436221638888889 0.3810827796875 0.38196860416666667
2 0.37390758046875 0.3798426180555556 0.37390758046875 0.4393701944444445 0.3906497125 0.4393701944444445 0.3906497125 0.3798426180555556
2 0.37629931484375 0.35858277083333334 0.37629931484375 0.4776379222222222 0.45283476796875 0.4776379222222222 0.45283476796875 0.35858277083333334
2 0.44326783671875003 0.3862205736111112 0.44326783671875003 0.42661428611111113 0.46240170078125004 0.42661428611111113 0.46240170078125004 0.3862205736111112
2 0.46000996718750004 0.3862205736111112 0.46000996718750004 0.41173239166666664 0.47196862968750003 0.41173239166666664 0.47196862968750003 0.3862205736111112
2 0.46957689843750006 0.39259852638888887 0.46957689843750006 0.4414961763888889 0.50784462734375 0.4414961763888889 0.50784462734375 0.39259852638888887
2 0.50425702734375 0.3904725416666666 0.50425702734375 0.42661428611111113 0.52578262265625 0.42661428611111113 0.52578262265625 0.3904725416666666
2 0.5006694265625 0.3798426180555556 0.5006694265625 0.5477954194444444 0.63221473984375 0.5477954194444444 0.63221473984375 0.3798426180555556
2 0.60231807734375 0.38196860416666667 0.60231807734375 0.4457481513888889 0.6585238015625 0.4457481513888889 0.6585238015625 0.38196860416666667
2 0.6286271390625 0.3755906513888889 0.6286271390625 0.5371654972222223 0.7685435171874999 0.5371654972222223 0.7685435171874999 0.3755906513888889
2 0.846837890625 0.4154174416666666 0.846837890625 0.7002994069444445 0.99871293125 0.7002994069444445 0.99871293125 0.4154174416666666