6 0.31395058593749997 0.2981247875 0.31395058593749997 0.34265600555555553 0.33768103828124996 0.34265600555555553 0.33768103828124996 0.2981247875
6 0.29417520859375 0.29109354444444446 0.29417520859375 0.3426560069444444 0.31526894453125 0.3426560069444444 0.31526894453125 0.29109354444444446
7 0.23353071953125001 0.33796851111111115 0.23353071953125001 0.3754684847222222 0.2506693796875 0.3754684847222222 0.2506693796875 0.33796851111111115
7 0.28890177499999997 0.18328111666666666 0.28890177499999997 0.21140609722222223 0.34427283046875 0.21140609722222223 0.34427283046875 0.18328111666666666
7 0.25989788828125 0 0.25989788828125 0.037968716666666666 0.29944864296875 0.037968716666666666 0.29944864296875 0
4 0.788559634375 0.29109354444444446 0.788559634375 0.8020306916666666 0.89930174609375 0.8020306916666666 0.89930174609375 0.29109354444444446
2 0.13992726796875 0.45281218055555555 0.13992726796875 0.4692184208333333 0.15179249453125002 0.4692184208333333 0.15179249453125002 0.45281218055555555
2 0.12938040078125 0.45281218055555555 0.12938040078125 0.47156216944444446 0.13992726875 0.47156216944444446 0.13992726875 0.45281218055555555
2 0.12015189062500001 0.45515593055555553 0.12015189062500001 0.4762496652777778 0.13069875859375 0.4762496652777778 0.13069875859375 0.45515593055555553
2 0.0726909859375 0.45984342638888887 0.0726909859375 0.49968714999999997 0.09246636328124999 0.49968714999999997 0.09246636328124999 0.45984342638888887
2 0.1003765140625 0.45515593055555553 0.1003765140625 0.48328091250000005 0.1227886078125 0.48328091250000005 0.1227886078125 0.45515593055555553
2 0.0370953078125 0.4574996777777778 0.0370953078125 0.5067183944444444 0.07400934453125 0.5067183944444444 0.07400934453125 0.4574996777777778
2 0.13860890937499998 0.45984342638888887 0.13860890937499998 0.5535933625 0.21375534218749997 0.5535933625 0.21375534218749997 0.45984342638888887
3 0.6277199023437501 0.4504684333333333 0.6277199023437501 0.6145308208333333 0.71604991875 0.6145308208333333 0.71604991875 0.4504684333333333
2 0.75691903125 0.47859341388888893 0.75691903125 0.5864058416666666 0.8188818796874999 0.5864058416666666 0.8188818796874999 0.47859341388888893
2 0.870297859375 0.34499975555555557 0.870297859375 0.6051558277777778 0.98367668828125 0.6051558277777778 0.98367668828125 0.34499975555555557