3 0.7964180109375001 0.5043005902777777 0.7964180109375001 0.6342749722222222 0.83833474765625 0.6342749722222222 0.83833474765625 0.5043005902777777
2 0.8285866695312499 0.3812581791666667 0.8285866695312499 0.7486524250000001 0.99917804296875 0.7486524250000001 0.99917804296875 0.3812581791666667
2 0.68968274921875 0.4679077652777778 0.68968274921875 0.5676558527777777 0.77399742890625 0.5676558527777777 0.77399742890625 0.4679077652777778
2 0.68431510859375 0.4679077652777778 0.68431510859375 0.5389604250000001 0.70673568828125 0.5389604250000001 0.70673568828125 0.4679077652777778
2 0.66481895 0.4609758 0.66481895 0.5302954694444445 0.6921135703125 0.5302954694444445 0.6921135703125 0.4609758
2 0.6443479859375 0.4731067416666667 0.6443479859375 0.5181645263888889 0.66774337421875 0.5181645263888889 0.66774337421875 0.4731067416666667
2 0.63362510078125 0.47483973472222224 0.63362510078125 0.5094995680555556 0.65019683359375 0.5094995680555556 0.65019683359375 0.47483973472222224
2 0.6229022132812501 0.4679077652777778 0.6229022132812501 0.5008346069444444 0.6375243312500001 0.5008346069444444 0.6375243312500001 0.4679077652777778
7 0.80909051171875 0.3292684277777778 0.80909051171875 0.37779219583333334 0.8471080171875001 0.37779219583333334 0.8471080171875001 0.3292684277777778
7 0.8120149367187499 0.3812581791666667 0.8120149367187499 0.4055200638888889 0.8480828257812499 0.4055200638888889 0.8480828257812499 0.3812581791666667
7 0.696012803125 0.3985880972222222 0.696012803125 0.4401798986111111 0.71063491953125 0.4401798986111111 0.71063491953125 0.3985880972222222
7 0.9416643796875 0.26514773472222225 0.9416643796875 0.2998075694444444 0.9787070765625 0.2998075694444444 0.9787070765625 0.26514773472222225