6 0.5265464796875 0.32783510555555556 0.5265464796875 0.3567010888888889 0.535824828125 0.3567010888888889 0.535824828125 0.32783510555555556
6 0.58569597265625 0.385567075 0.58569597265625 0.40618563472222224 0.5938145312499999 0.40618563472222224 0.5938145312499999 0.385567075
7 0.0011597937500000001 0.3209622625 0.0011597937500000001 0.3663230916666667 0.02319588046875 0.3663230916666667 0.02319588046875 0.3209622625
7 0.49059286406249997 0.3435052083333333 0.49059286406249997 0.36206191249999997 0.5161083328125 0.36206191249999997 0.5161083328125 0.3435052083333333
7 0.61353102734375 0.40536088888888894 0.61353102734375 0.4218557347222222 0.6239691734374999 0.4218557347222222 0.6239691734374999 0.40536088888888894
7 0.59265473671875 0.40123717638888884 0.59265473671875 0.41360831388888886 0.6123712343750001 0.41360831388888886 0.6123712343750001 0.40123717638888884
2 0.5880155609375 0.46185574583333333 0.5880155609375 0.48865987777777775 0.6100516460937501 0.48865987777777775 0.6100516460937501 0.46185574583333333
2 0.47783512968749997 0.45154646805555554 0.47783512968749997 0.5113402902777777 0.50798977421875 0.5113402902777777 0.50798977421875 0.45154646805555554
9 0.9637888195312501 0.4405498958333333 0.9637888195312501 0.6714777680555556 0.9985826375 0.6714777680555556 0.9985826375 0.4405498958333333
4 0.9684506468749999 0.3711743527777778 0.9684506468749999 0.49076200138888887 0.9974454968750001 0.49076200138888887 0.9974454968750001 0.3711743527777778
4 0.76685581171875 0.37525779305555557 0.76685581171875 0.5938145291666667 0.82252592265625 0.5938145291666667 0.82252592265625 0.37525779305555557
4 0.69262899453125 0.4329897638888889 0.69262899453125 0.5257732819444444 0.71350528671875 0.5257732819444444 0.71350528671875 0.4329897638888889
9 0.41567018203124995 0.43010316111111113 0.41567018203124995 0.5373196722222222 0.48432998281249995 0.5373196722222222 0.48432998281249995 0.43010316111111113
7 0.29435571875 0.4486598652777778 0.29435571875 0.4960825541666667 0.30678859062499997 0.4960825541666667 0.30678859062499997 0.4486598652777778
2 0.25445881640625 0.45690728888888893 0.25445881640625 0.5146392583333333 0.29273201953125 0.5146392583333333 0.29273201953125 0.45690728888888893
2 0.305489753125 0.4589691430555556 0.305489753125 0.5105155458333334 0.3368041890625 0.5105155458333334 0.3368041890625 0.4589691430555556
2 0.40987121328125 0.47134028194444444 0.40987121328125 0.5022681236111112 0.42262894765625003 0.5022681236111112 0.42262894765625003 0.47134028194444444
2 0.4762114265625 0.43216503055555555 0.4762114265625 0.5865336027777778 0.61065462109375 0.5865336027777778 0.61065462109375 0.43216503055555555
7 0.8545362093750001 0.28494850833333335 0.8545362093750001 0.32206191944444446 0.87657229375 0.32206191944444446 0.87657229375 0.28494850833333335