2 0.42005265234375005 0.4361707888888888 0.42005265234375005 0.46308107083333333 0.43266684609375006 0.46308107083333333 0.43266684609375006 0.4361707888888888
2 0.39986994296875 0.43168574444444446 0.39986994296875 0.4675661152777778 0.42005265234375005 0.4675661152777778 0.42005265234375005 0.43168574444444446
2 0.35067458671875 0.43168574444444446 0.35067458671875 0.4787787319444444 0.3620273609375 0.4787787319444444 0.3620273609375 0.43168574444444446
2 0.3367989734375 0.43168574444444446 0.3367989734375 0.4832637791666667 0.35319742578125 0.4832637791666667 0.35319742578125 0.43168574444444446
2 0.30652490859375 0.4294432208333333 0.30652490859375 0.4922338722222222 0.3367989734375 0.4922338722222222 0.3367989734375 0.4294432208333333
2 0.29769497421875 0.4406558375 0.29769497421875 0.4989614444444444 0.3229233609375 0.4989614444444444 0.3229233609375 0.4406558375
2 0.23840826328125 0.4272006972222222 0.23840826328125 0.5191441527777778 0.30652490859375 0.5191441527777778 0.30652490859375 0.4272006972222222
2 0.19425858359374998 0.42271564861111116 0.19425858359374998 0.5482969555555555 0.24471535859375 0.5482969555555555 0.24471535859375 0.42271564861111116
2 0 0.3756226583333333 0 0.5931474208333334 0.20182709999999998 0.5931474208333334 0.20182709999999998 0.3756226583333333
9 0.4679865890625 0.4070179875 0.4679865890625 0.47429368611111106 0.5033063304687501 0.47429368611111106 0.5033063304687501 0.4070179875
9 0.4995220734375 0.35543995 0.4995220734375 0.5079315361111111 0.5827757515624999 0.5079315361111111 0.5827757515624999 0.35543995
2 0.47933936328125004 0.4339282652777778 0.47933936328125004 0.4810212555555556 0.5033063304687501 0.4810212555555556 0.5033063304687501 0.4339282652777778
2 0.5329496859375 0.4384133138888889 0.5329496859375 0.5415693861111112 0.6136805265625 0.5415693861111112 0.6136805265625 0.4384133138888889
2 0.5846678820312501 0.4182306041666667 0.5846678820312501 0.5864198527777778 0.698195625 0.5864198527777778 0.698195625 0.4182306041666667
2 0.63386323671875 0.420473125 0.63386323671875 0.671635736111111 0.8886699515625001 0.671635736111111 0.8886699515625001 0.420473125
2 0.7890178203125 0.40029041527777776 0.7890178203125 0.8532801305555556 0.9971520171874999 0.8532801305555556 0.9971520171874999 0.40029041527777776
2 0.433928265625 0.4272006972222222 0.433928265625 0.46532359444444443 0.4553723953125 0.46532359444444443 0.4553723953125 0.4272006972222222
6 0.39856465859375 0.3870763041666666 0.39856465859375 0.4023305430555556 0.40392747734374995 0.4023305430555556 0.40392747734374995 0.3870763041666666
6 0.40500004062499995 0.38326274444444447 0.40500004062499995 0.4004237625 0.410362859375 0.4004237625 0.410362859375 0.38326274444444447