6 0.655405428125 0.2770310527777778 0.655405428125 0.34499975555555557 0.6936378249999999 0.34499975555555557 0.6936378249999999 0.2770310527777778
6 0.9296239906249999 0.4387496916666667 0.9296239906249999 0.4574996777777778 0.9388525 0.4574996777777778 0.9388525 0.4387496916666667
6 0.92171383984375 0.44109344027777775 0.92171383984375 0.45984342638888887 0.9309423499999999 0.45984342638888887 0.9309423499999999 0.44109344027777775
6 0.8412939734375 0.4739059166666667 0.8412939734375 0.49499965277777774 0.847885765625 0.49499965277777774 0.847885765625 0.4739059166666667
7 0.647495278125 0.15749988333333334 0.647495278125 0.19968735416666664 0.7094581265625 0.19968735416666664 0.7094581265625 0.15749988333333334
7 0.6936378249999999 0.03328121944444445 0.6936378249999999 0.10828116666666666 0.74637216328125 0.10828116666666666 0.74637216328125 0.03328121944444445
7 0.89270995390625 0.44343718749999994 0.89270995390625 0.45515593055555553 0.9111669718750001 0.45515593055555553 0.9111669718750001 0.44343718749999994
7 0.825473671875 0.4364059430555556 0.825473671875 0.46687467222222223 0.8412939734375 0.46687467222222223 0.8412939734375 0.4364059430555556
4 0.7358252960937499 0.4809371625 0.7358252960937499 0.5489058652777777 0.7661475398437501 0.5489058652777777 0.7661475398437501 0.4809371625
4 0.799106503125 0.5067183944444444 0.799106503125 0.5629683569444445 0.81229008671875 0.5629683569444445 0.81229008671875 0.5067183944444444
5 0.8650244257812499 0.5067183944444444 0.8650244257812499 0.6074995750000001 0.89402831171875 0.6074995750000001 0.89402831171875 0.5067183944444444
0 0.866342784375 0.5395308722222222 0.866342784375 0.6168745708333334 0.89270995390625 0.6168745708333334 0.89270995390625 0.5395308722222222
4 0.80569829453125 0.5020308958333334 0.80569829453125 0.6145308208333333 0.83206546484375 0.6145308208333333 0.83206546484375 0.5020308958333334
4 0.65145035390625 0.45281218055555555 0.65145035390625 0.6356245541666666 0.6936378249999999 0.6356245541666666 0.6936378249999999 0.45281218055555555
4 0.10564994765624999 0.3590622458333333 0.10564994765624999 0.9192181111111111 0.2559428125 0.9192181111111111 0.2559428125 0.3590622458333333
7 0.134653834375 0.316874775 0.134653834375 0.3848434777777778 0.17156787109375 0.3848434777777778 0.17156787109375 0.316874775
9 0.8979833875000001 0.4903121555555555 0.8979833875000001 0.5676558527777777 0.9269872734375 0.5676558527777777 0.9269872734375 0.4903121555555555
9 0.9230321984375 0.4504684333333333 0.9230321984375 0.605155825 0.9994969890625001 0.605155825 0.9994969890625001 0.4504684333333333
9 0.9467626507812501 0.4739059166666667 0.9467626507812501 0.6145308222222222 0.9994969890625001 0.6145308222222222 0.9994969890625001 0.4739059166666667