2 0.30052083828125 0.3424520597222222 0.30052083828125 0.35465419444444446 0.31175234609375 0.35465419444444446 0.31175234609375 0.3424520597222222
2 0.31362426484375 0.34356134444444447 0.31362426484375 0.3590913319444444 0.3229838546875 0.3590913319444444 0.3229838546875 0.34356134444444447
2 0.30426467421875 0.34799848333333333 0.30426467421875 0.3735120347222223 0.32173590859375 0.3735120347222223 0.32173590859375 0.34799848333333333
9 0.2799297390625 0.33801492083333334 0.2799297390625 0.3568727638888889 0.30239275625 0.3568727638888889 0.30239275625 0.33801492083333334
2 0.28304960234375 0.35132633888888887 0.28304960234375 0.38016774305555556 0.30676056484375 0.38016774305555556 0.30676056484375 0.35132633888888887
2 0.26994617578125 0.3502170541666667 0.26994617578125 0.3812770277777778 0.2849215203125 0.3812770277777778 0.2849215203125 0.3502170541666667
2 0.26245850390625003 0.35465419305555557 0.26245850390625003 0.3812770263888889 0.28367357578124996 0.3812770263888889 0.28367357578124996 0.35465419305555557
2 0.23562767812500002 0.3457799138888889 0.23562767812500002 0.36130989999999996 0.25247493984374997 0.36130989999999996 0.25247493984374997 0.3457799138888889
2 0.23687562343750002 0.3502170541666667 0.23687562343750002 0.3857141666666667 0.26682631171875004 0.3857141666666667 0.26682631171875004 0.3502170541666667
2 0.21503657890625 0.34356134444444447 0.21503657890625 0.38682344999999996 0.24810713203125 0.38682344999999996 0.24810713203125 0.34356134444444447
9 0.15887903671875 0.3302499277777778 0.15887903671875 0.34799848333333333 0.20193315390625002 0.34799848333333333 0.20193315390625002 0.3302499277777778
2 0.1688626 0.34356134444444447 0.1688626 0.3956977291666666 0.22127630703125 0.3956977291666666 0.22127630703125 0.34356134444444447
2 0.12518451171875 0.34356134444444447 0.12518451171875 0.3557634777777778 0.16262287343749998 0.3557634777777778 0.16262287343749998 0.34356134444444447
2 0.12268862109375 0.3524356236111111 0.12268862109375 0.40568129444444445 0.18009410859375 0.40568129444444445 0.18009410859375 0.3524356236111111
2 0.0003899734375 0.33817339444444444 0.0003899734375 0.3603590902777778 0.0122454546875 0.3603590902777778 0.0122454546875 0.33817339444444444
2 0.0003899734375 0.35148481249999997 0.0003899734375 0.42469760833333337 0.0409481984375 0.42469760833333337 0.0409481984375 0.35148481249999997
2 0.01037353671875 0.3337362555555556 0.01037353671875 0.42691617916666663 0.12892834765625 0.42691617916666663 0.12892834765625 0.3337362555555556
2 0.37726947890625 0.35148481249999997 0.37726947890625 0.37145193750000005 0.38912495859375 0.37145193750000005 0.38912495859375 0.35148481249999997
2 0.36978180703125 0.35259409722222224 0.36978180703125 0.3703426527777778 0.3772694796875 0.3703426527777778 0.3772694796875 0.35259409722222224
2 0.357302353125 0.3448291041666666 0.357302353125 0.3914190638888889 0.3729016703125 0.3914190638888889 0.3729016703125 0.3448291041666666
2 0.31924001875 0.3370641097222222 0.31924001875 0.4091676208333333 0.36666194218750003 0.4091676208333333 0.36666194218750003 0.3370641097222222
2 0.37102975234375 0.32708054722222224 0.37102975234375 0.5322982319444445 0.51703936171875 0.5322982319444445 0.51703936171875 0.32708054722222224
7 0.3450569171875 0.31774884999999997 0.3450569171875 0.33552398194444444 0.35878431640624997 0.33552398194444444 0.35878431640624997 0.31774884999999997
7 0.37001582499999996 0.317775425 0.37001582499999996 0.33774255138888887 0.38311925156250004 0.33774255138888887 0.38311925156250004 0.317775425
2 0.7411273578124999 0.3248150777777778 0.7411273578124999 0.3609980625 0.78534965703125 0.3609980625 0.78534965703125 0.3248150777777778
2 0.78558359453125 0.3248150777777778 0.78558359453125 0.36848419722222225 0.8213766781249999 0.36848419722222225 0.8213766781249999 0.3248150777777778
2 0.87260991328125 0.31608125277777777 0.87260991328125 0.3709795763888889 0.9077011710937499 0.3709795763888889 0.9077011710937499 0.31608125277777777
4 0.9102672187499999 0.32997479166666666 0.9102672187499999 0.36865315555555556 0.9214964203125 0.36865315555555556 0.9214964203125 0.32997479166666666