6 0.56006083828125 0.027551033333333332 0.56006083828125 0.09336739027777777 0.574697325 0.09336739027777777 0.574697325 0.027551033333333332
6 0.57986314375 0.18673477777777778 0.57986314375 0.2341837777777778 0.60483126796875 0.2341837777777778 0.60483126796875 0.18673477777777778
6 0.55919986875 0.1882653902777778 0.55919986875 0.2311225527777778 0.57986314375 0.2311225527777778 0.57986314375 0.1882653902777778
7 0.52734398671875 0.10102045555555556 0.52734398671875 0.11938780555555556 0.56178277890625 0.11938780555555556 0.56178277890625 0.10102045555555556
7 0.55317308046875 0.12551026111111113 0.55317308046875 0.14540822916666665 0.566087628125 0.14540822916666665 0.566087628125 0.12551026111111113
7 0.5652266570312501 0.14081639166666665 0.5652266570312501 0.17142865000000002 0.57900217421875 0.17142865000000002 0.57900217421875 0.14081639166666665
7 0.6685430296875 0.15306129444444444 0.6685430296875 0.21122458472222225 0.7133134578125 0.21122458472222225 0.7133134578125 0.15306129444444444
7 0.62549454140625 0.18367355277777778 0.62549454140625 0.20357151944444446 0.64099199609375 0.20357151944444446 0.64099199609375 0.18367355277777778
9 0.43807708359374997 0.23184002916666668 0.43807708359374997 0.33592170833333335 0.47165490625000006 0.33592170833333335 0.47165490625000006 0.23184002916666668
2 0.46218423671875 0.28541147916666665 0.46218423671875 0.3236768027777778 0.49145720859375003 0.3236768027777778 0.49145720859375003 0.28541147916666665
2 0.49145721015625005 0.29000331944444446 0.49145721015625005 0.3282686375 0.5147033953125 0.3282686375 0.5147033953125 0.29000331944444446
2 0.5181472734375 0.27928902638888886 0.5181472734375 0.3160237375 0.55947382265625 0.3160237375 0.55947382265625 0.27928902638888886
2 0.5594738218749999 0.2869420916666667 0.5594738218749999 0.33592170555555556 0.6154368578125 0.33592170555555556 0.6154368578125 0.2869420916666667
7 0.601661340625 0.23796247916666668 0.601661340625 0.2624522861111111 0.6206026734375001 0.2624522861111111 0.6206026734375001 0.23796247916666668
2 0.60941006796875 0.2731665763888889 0.60941006796875 0.32826864305555553 0.649875646875 0.32826864305555553 0.649875646875 0.2731665763888889
2 0.70583868359375 0.24561554444444442 0.70583868359375 0.2685747347222222 0.77988208359375 0.2685747347222222 0.77988208359375 0.24561554444444442
2 0.6894802578125 0.2624522861111111 0.6894802578125 0.3435747736111111 0.76955044765625 0.3435747736111111 0.76955044765625 0.2624522861111111
2 0.509537575 0.29153393194444444 0.509537575 0.32826864305555553 0.55344703359375 0.32826864305555553 0.55344703359375 0.29153393194444444
2 0.61974170546875 0.2731665763888889 0.61974170546875 0.3389829361111111 0.69550704609375 0.3389829361111111 0.69550704609375 0.2731665763888889
2 0.6870538804687499 0.27302743194444445 0.6870538804687499 0.7429256013888889 0.9978639703125 0.7429256013888889 0.9978639703125 0.27302743194444445
2 0.0015654078124999998 0.34649684861111113 0.0015654078124999998 0.6801704638888889 0.55602994375 0.6801704638888889 0.55602994375 0.34649684861111113