4 0.03438682421875 0.43047208611111115 0.03438682421875 0.5170759375 0.053013019531250004 0.5170759375 0.053013019531250004 0.43047208611111115
4 0.0186261953125 0.4279249125 0.0186261953125 0.5170759361111111 0.03438682421875 0.5170759361111111 0.03438682421875 0.4279249125
9 0.14041286171875 0.37952864305555556 0.14041286171875 0.5094344194444445 0.21491764609375 0.5094344194444445 0.21491764609375 0.37952864305555556
7 0.44273035 0.417736225 0.44273035 0.44320794444444445 0.46422211406249997 0.44320794444444445 0.46422211406249997 0.417736225
7 0.86998664765625 0.21905680000000002 0.86998664765625 0.24452852083333332 0.9158357453124999 0.24452852083333332 0.9158357453124999 0.21905680000000002
7 0.8814489218749999 0.24962286527777777 0.8814489218749999 0.28018893194444444 0.90867182265625 0.28018893194444444 0.90867182265625 0.24962286527777777
6 0.13324894062499998 0.20428320416666668 0.13324894062499998 0.2552266458333333 0.14327843203124999 0.2552266458333333 0.14327843203124999 0.20428320416666668
6 0.14614399843749998 0.2088681125 0.14614399843749998 0.2521700402777778 0.15617348828125 0.2521700402777778 0.15617348828125 0.2088681125
2 0.23354384296875003 0.4744108013888889 0.23354384296875003 0.4998825236111111 0.26363231171875 0.4998825236111111 0.26363231171875 0.4744108013888889
2 0.32810760625 0.45658059999999995 0.32810760625 0.4973353527777778 0.35246493984375 0.4973353527777778 0.35246493984375 0.45658059999999995
2 0.3467338015625 0.4081843277777778 0.3467338015625 0.5228070722222222 0.4155074484375 0.5228070722222222 0.4155074484375 0.4081843277777778
2 0.5290556046875 0.41837301666666665 0.5290556046875 0.5737505166666667 0.6594389765625001 0.5737505166666667 0.6594389765625001 0.41837301666666665
2 0.48034093828125 0.43620322222222224 0.48034093828125 0.5126183847222222 0.54481623125 0.5126183847222222 0.54481623125 0.43620322222222224
2 0.43449183984374995 0.4489390833333333 0.43449183984374995 0.5049768694444444 0.47747536874999996 0.5049768694444444 0.47747536874999996 0.4489390833333333
2 0.42159678281249996 0.4693164597222222 0.42159678281249996 0.49478818055555557 0.43162627265625 0.49478818055555557 0.43162627265625 0.4693164597222222
2 0.7704797601562501 0.42092019027777783 0.7704797601562501 0.5100712125 0.89799756328125 0.5100712125 0.89799756328125 0.42092019027777783
2 0.73263038984375 0.34047200833333335 0.73263038984375 0.9067932666666667 0.9991282710937501 0.9067932666666667 0.9991282710937501 0.34047200833333335
6 0.522393165625 0.2547172111111111 0.522393165625 0.29801913611111114 0.53242265625 0.29801913611111114 0.53242265625 0.2547172111111111
7 0.6192493734375 0.35405692222222224 0.6192493734375 0.36933995416666665 0.642173921875 0.36933995416666665 0.642173921875 0.35405692222222224
7 0.63357721484375 0.38717016111111113 0.63357721484375 0.4126418805555555 0.6522034109375 0.4126418805555555 0.6522034109375 0.38717016111111113
9 0.10029490234375 0.4253777402777778 0.10029490234375 0.49924573055555554 0.13754729375000002 0.49924573055555554 0.13754729375000002 0.4253777402777778
6 0.0320037484375 0.36728351249999996 0.0320037484375 0.39346080972222225 0.048832010937499996 0.39346080972222225 0.048832010937499996 0.36728351249999996
6 0.4247633859375 0.41536425833333335 0.4247633859375 0.4321925208333333 0.43002221796875 0.4321925208333333 0.43002221796875 0.41536425833333335
7 0.62880607265625 0.3296202583333333 0.62880607265625 0.34270890694444445 0.651944934375 0.34270890694444445 0.651944934375 0.3296202583333333
4 0.67403202890625 0.4249804138888889 0.67403202890625 0.4979028861111111 0.6866532265624999 0.4979028861111111 0.6866532265624999 0.4249804138888889
6 0.8731164 0.2997033458333333 0.8731164 0.3501881347222222 0.8878411296875001 0.3501881347222222 0.8878411296875001 0.2997033458333333
6 0.9120317578125 0.3053127666666666 0.9120317578125 0.34831832777777777 0.92570472109375 0.34831832777777777 0.92570472109375 0.3053127666666666
7 0.8930999625 0.29756641805555556 0.8930999625 0.34431159305555553 0.91097999140625 0.34431159305555553 0.91097999140625 0.29756641805555556