2 0.26086331875 0.31464575833333336 0.26086331875 0.8759057569444445 0.5586340703125 0.8759057569444445 0.5586340703125 0.31464575833333336
2 0.91739401328125 0.39543318055555554 0.91739401328125 0.6420474236111111 0.9975170664062499 0.6420474236111111 0.9975170664062499 0.39543318055555554
2 0.71050911328125 0.4932284833333333 0.71050911328125 0.5995277236111112 0.8157453625000001 0.5995277236111112 0.8157453625000001 0.4932284833333333
2 0.54547953984375 0.4825985583333333 0.54547953984375 0.5527560583333333 0.5753762015625 0.5527560583333333 0.5753762015625 0.4825985583333333
2 0.577767934375 0.48897651388888885 0.577767934375 0.5527560583333333 0.63397365859375 0.5527560583333333 0.63397365859375 0.48897651388888885
2 0.63397365859375 0.48897651388888885 0.63397365859375 0.5548820430555556 0.67941658515625 0.5548820430555556 0.67941658515625 0.48897651388888885
4 0.0958337453125 0.38905522638888884 0.0958337453125 0.5017324236111111 0.12214280625 0.5017324236111111 0.12214280625 0.38905522638888884
4 0.06952468359375 0.38055128611111105 0.06952468359375 0.48897651666666664 0.10061721015625 0.48897651666666664 0.10061721015625 0.38055128611111105
4 0.043215621875 0.38905522638888884 0.043215621875 0.4911025013888889 0.0719164171875 0.4911025013888889 0.0719164171875 0.38905522638888884
4 0.022885890625 0.39543318055555554 0.022885890625 0.4698426486111111 0.042019755468749996 0.4698426486111111 0.042019755468749996 0.39543318055555554
4 0.00136029375 0.3614174236111111 0.00136029375 0.47196863611111106 0.028865221875000003 0.47196863611111106 0.028865221875000003 0.3614174236111111
4 0.577767934375 0.48685052916666666 0.577767934375 0.5293702263888889 0.5885307320312501 0.5293702263888889 0.5885307320312501 0.48685052916666666
4 0.70452978046875 0.5102363611111111 0.70452978046875 0.5485040861111111 0.71050911328125 0.5485040861111111 0.71050911328125 0.5102363611111111
4 0.81694122890625 0.5272442388888889 0.81694122890625 0.5655119666666667 0.82531229375 0.5655119666666667 0.82531229375 0.5272442388888889
4 0.8277040281250001 0.5314962111111111 0.8277040281250001 0.5655119694444444 0.83487922578125 0.5655119694444444 0.83487922578125 0.5314962111111111
4 0.8444461585937499 0.5251182555555556 0.8444461585937499 0.5740159027777778 0.85401308984375 0.5740159027777778 0.85401308984375 0.5251182555555556
4 0.85401308984375 0.5251182555555556 0.85401308984375 0.5782678736111111 0.867167621875 0.5782678736111111 0.867167621875 0.5251182555555556
4 0.86597175546875 0.5272442388888889 0.86597175546875 0.5825198430555556 0.87793042109375 0.5825198430555556 0.87793042109375 0.5272442388888889
4 0.8767345531249999 0.5293702236111112 0.8767345531249999 0.5931497708333333 0.8863014828125 0.5931497708333333 0.8863014828125 0.5293702236111112
4 0.8827138859374999 0.5314962111111111 0.8827138859374999 0.5867718138888889 0.8946725515624999 0.5867718138888889 0.8946725515624999 0.5314962111111111
4 0.8994560164062501 0.5314962111111111 0.8994560164062501 0.5867718138888889 0.90902294609375 0.5867718138888889 0.90902294609375 0.5314962111111111
4 0.9114146804687501 0.5400001486111111 0.9114146804687501 0.5888977986111111 0.92098161171875 0.5888977986111111 0.92098161171875 0.5400001486111111
9 0.9102188140624999 0.4740946208333333 0.9102188140624999 0.5059843916666666 0.925765078125 0.5059843916666666 0.925765078125 0.4740946208333333
9 0.8803221515624999 0.47834658888888887 0.8803221515624999 0.5421261361111112 0.9544658726562499 0.5421261361111112 0.9544658726562499 0.47834658888888887
7 0.959249340625 0.3210237111111111 0.959249340625 0.35291348333333333 0.9831666703125 0.35291348333333333 0.9831666703125 0.3210237111111111
7 0.959249340625 0.35291348333333333 0.959249340625 0.3848032583333333 0.9831666703125 0.3848032583333333 0.9831666703125 0.35291348333333333
4 0.21422452656250002 0.4124410611111111 0.21422452656250002 0.48897651388888885 0.22737905781249998 0.48897651388888885 0.22737905781249998 0.4124410611111111
4 0.23694598984374998 0.43370090833333336 0.23694598984374998 0.5208662861111111 0.2512963890625 0.5208662861111111 0.2512963890625 0.43370090833333336
4 0.253688121875 0.43582689305555555 0.253688121875 0.5187403013888889 0.27640958437499996 0.5187403013888889 0.27640958437499996 0.43582689305555555
7 0.78345696796875 0.40393712083333333 0.78345696796875 0.4294489388888889 0.78943629765625 0.4294489388888889 0.78943629765625 0.40393712083333333
7 0.77628176875 0.40393712083333333 0.77628176875 0.43370090833333336 0.7822611015625001 0.43370090833333336 0.7822611015625001 0.40393712083333333
7 0.79063216640625 0.40393712083333333 0.79063216640625 0.43370090833333336 0.79900323203125 0.43370090833333336 0.79900323203125 0.40393712083333333