2 0.30822697187500003 0.5069386680555555 0.30822697187500003 0.5951019125 0.35988512265625 0.5951019125 0.35988512265625 0.5069386680555555
2 0.6088774171875 0.5179590736111112 0.6088774171875 0.5932651805555555 0.65846924375 0.5932651805555555 0.65846924375 0.5179590736111112
2 0.49109682890624995 0.5087754 0.49109682890624995 0.6630610805555556 0.62024221015625 0.6630610805555556 0.62024221015625 0.5087754
2 0.32579074218750004 0.4301082041666667 0.32579074218750004 0.7512243319444445 0.49729580859375 0.7512243319444445 0.49729580859375 0.4301082041666667
2 0.16351823125 0.5143214777777778 0.16351823125 0.6190153319444445 0.24100545859375 0.6190153319444445 0.24100545859375 0.5143214777777778
2 0.16145190546875 0.5179949486111112 0.16145190546875 0.6851377680555556 0.30609473046875 0.6851377680555556 0.30609473046875 0.5179949486111112
9 0.029207035937499997 0.44268884444444445 0.029207035937499997 0.582280651388889 0.18831414375 0.582280651388889 0.18831414375 0.44268884444444445
4 0.11599273125000001 0.5179949486111112 0.11599273125000001 0.6061581930555555 0.1418218078125 0.6061581930555555 0.1418218078125 0.5179949486111112
2 0.6119109921875 0.4886072 0.6119109921875 0.8945254833333334 0.9962476453125 0.8945254833333334 0.9962476453125 0.4886072
7 0.52879164140625 0.31126906944444444 0.52879164140625 0.3700445652777778 0.5484217390625 0.3700445652777778 0.5484217390625 0.31126906944444444
7 0.63830692578125 0.2725306638888889 0.63830692578125 0.3129388194444444 0.66723548984375 0.3129388194444444 0.66723548984375 0.2725306638888889
7 0.63830692578125 0.3147755513888889 0.63830692578125 0.3313061611111111 0.6713681421875 0.3313061611111111 0.6713681421875 0.3147755513888889
7 0.6114446859375 0.3441633055555556 0.6114446859375 0.3955918666666667 0.6362406 0.3955918666666667 0.6362406 0.3441633055555556
7 0.61247784765625 0.39742859861111113 0.61247784765625 0.4506938930555555 0.6445059023437499 0.4506938930555555 0.6445059023437499 0.39742859861111113
7 0.53085796875 0.45253062499999996 0.53085796875 0.4745714388888889 0.55565388125 0.4745714388888889 0.55565388125 0.45253062499999996
7 0.20334528203125002 0.3790612541666667 0.20334528203125002 0.41028573888888886 0.2167764015625 0.41028573888888886 0.2167764015625 0.3790612541666667
6 0.21057742421875 0.48191837638888885 0.21057742421875 0.5021224541666667 0.22814119453125 0.5021224541666667 0.22814119453125 0.48191837638888885
6 0.47403399999999996 0.3221224930555555 0.47403399999999996 0.35885717777777776 0.48643195703125003 0.35885717777777776 0.48643195703125003 0.3221224930555555
6 0.27876618359375 0.36436738055555556 0.27876618359375 0.3955918611111111 0.2849651640625 0.3955918611111111 0.2849651640625 0.36436738055555556
6 0.26843455546875 0.3662041152777778 0.26843455546875 0.39375512916666666 0.27566669609375 0.39375512916666666 0.27566669609375 0.3662041152777778
6 0.2849651640625 0.3662041152777778 0.2849651640625 0.3955918638888889 0.2921973046875 0.3955918638888889 0.2921973046875 0.3662041152777778
6 0.465768696875 0.32028575555555555 0.465768696875 0.35885717777777776 0.471967675 0.35885717777777776 0.471967675 0.32028575555555555
6 0.48643195781250004 0.3221224930555555 0.48643195781250004 0.36253064444444444 0.4936641 0.36253064444444444 0.4936641 0.3221224930555555
7 0.64967171796875 0.36987758333333337 0.64967171796875 0.4029388027777778 0.6651691640624999 0.4029388027777778 0.6651691640624999 0.36987758333333337
7 0.6982303812499999 0.43416328888888894 0.6982303812499999 0.48191837916666663 0.7085620109375 0.48191837916666663 0.7085620109375 0.43416328888888894
6 0.668268653125 0.42497961805555556 0.668268653125 0.45253063055555554 0.6909982390625 0.45253063055555554 0.6909982390625 0.42497961805555556
2 0.9482558390625 0.4984489861111111 0.9482558390625 0.5517142805555556 0.998880828125 0.5517142805555556 0.998880828125 0.4984489861111111
7 0.61557733671875 0.4598775638888889 0.61557733671875 0.5149795958333333 0.6445059023437499 0.5149795958333333 0.6445059023437499 0.4598775638888889
5 0.6403732515625 0.48742857916666665 0.6403732515625 0.575591825 0.66620232734375 0.575591825 0.66620232734375 0.48742857916666665
2 0.0010566828125 0.5476420013888889 0.0010566828125 0.5858495833333333 0.01538452578125 0.5858495833333333 0.01538452578125 0.5476420013888889