2 0.15776496484375 0.5525279625 0.15776496484375 0.5843146819444445 0.17564499375 0.5843146819444445 0.17564499375 0.5525279625
2 0.191421490625 0.5469185416666666 0.191421490625 0.5936637166666667 0.23138861484375 0.5936637166666667 0.23138861484375 0.5469185416666666
2 0.230336846875 0.5413091236111112 0.230336846875 0.565616613888889 0.25768277421875 0.565616613888889 0.25768277421875 0.5413091236111112
2 0.25242394375 0.5506581555555555 0.25242394375 0.5730958402777778 0.27661457109375 0.5730958402777778 0.27661457109375 0.5506581555555555
2 0.2219227171875 0.5525279625 0.2219227171875 0.5899241027777778 0.25873454218749997 0.5899241027777778 0.25873454218749997 0.5525279625
2 0.33656525703125 0.5431789305555556 0.33656525703125 0.5693562277777778 0.35339351953125 0.5693562277777778 0.35339351953125 0.5431789305555556
2 0.35549705390624997 0.5431789305555556 0.35549705390624997 0.5674864208333333 0.36601471796874996 0.5674864208333333 0.36601471796874996 0.5431789305555556
2 0.36811825 0.5413091236111112 0.36811825 0.5618770000000001 0.3786359140625 0.5618770000000001 0.3786359140625 0.5413091236111112
2 0.37863591484375003 0.5394393166666667 0.37863591484375003 0.5581373861111112 0.3912571125 0.5581373861111112 0.3912571125 0.5394393166666667
2 0.42806893593749995 0.5188714388888889 0.42806893593749995 0.6142315958333333 0.49222668828125 0.6142315958333333 0.49222668828125 0.5188714388888889
2 0.5700574046875 0.5319600888888889 0.5700574046875 0.5637468069444445 0.6058174632812501 0.5637468069444445 0.6058174632812501 0.5319600888888889
2 0.6636646164062501 0.5319600888888889 0.6636646164062501 0.608622175 0.71835647109375 0.608622175 0.71835647109375 0.5319600888888889
2 0.6194904265625001 0.5487883486111111 0.6194904265625001 0.6329296638888889 0.698372909375 0.6329296638888889 0.698372909375 0.5487883486111111
2 0.50800318515625 0.5338298958333334 0.50800318515625 0.5992731402777778 0.55322914140625 0.5992731402777778 0.55322914140625 0.5338298958333334
2 0.48801962421875 0.5394393166666667 0.48801962421875 0.5693562277777778 0.5037961203125 0.5693562277777778 0.5037961203125 0.5394393166666667
9 0.5037961195312499 0.501575725 0.5037961195312499 0.5857170388888889 0.54481501015625 0.5857170388888889 0.54481501015625 0.501575725
2 0.25452747656249997 0.5135736625 0.25452747656249997 0.6743770625000001 0.3523417546875 0.6743770625000001 0.3523417546875 0.5135736625
2 0 0.46745174444444443 0 0.9876320444444444 0.21456035234374998 0.9876320444444444 0.21456035234374998 0.46745174444444443
2 0.64893988671875 0.5818839277777778 0.64893988671875 0.9091001513888889 0.99917810859375 0.9091001513888889 0.99917810859375 0.5818839277777778
2 0.30921933046875 0.5538368222222222 0.30921933046875 0.8436569041666666 0.511158484375 0.8436569041666666 0.511158484375 0.5538368222222222
2 0.53710207734375 0.550969801388889 0.53710207734375 0.6575487972222223 0.6222951585937501 0.6575487972222223 0.6222951585937501 0.550969801388889
6 0.3635606 0.0012465333333333333 0.3635606 0.10969533888888888 0.39195829375 0.10969533888888888 0.39195829375 0.0012465333333333333
6 0.45050663125 0.46745174444444443 0.45050663125 0.48988942916666667 0.454713696875 0.48988942916666667 0.454713696875 0.46745174444444443
6 0.53079147890625 0.4768007805555555 0.53079147890625 0.49549885 0.5339467796874999 0.49549885 0.5339467796874999 0.4768007805555555
6 0.35023822187500003 0.45747945277777774 0.35023822187500003 0.47804732916666665 0.35549705390624997 0.47804732916666665 0.35549705390624997 0.45747945277777774
6 0.40913714062500006 0.4873963638888889 0.40913714062500006 0.5060944333333334 0.41334420625 0.5060944333333334 0.41334420625 0.4873963638888889
6 0.5356997109375 0.4755542625 0.5356997109375 0.4942523319444444 0.5399067765625001 0.4942523319444444 0.5399067765625001 0.4755542625
7 0 0.4057481138888889 0 0.4992384638888889 0.0957107453125 0.4992384638888889 0.0957107453125 0.4057481138888889
7 0.2380498046875 0.3621192958333333 0.2380498046875 0.4219531194444444 0.30220755546875 0.4219531194444444 0.30220755546875 0.3621192958333333
7 0.2832757609375 0.39203620694444447 0.2832757609375 0.43504176805555556 0.30851815546875 0.43504176805555556 0.30851815546875 0.39203620694444447
7 0.58197743515625 0.4649586805555555 0.58197743515625 0.4873963638888889 0.59354686640625 0.4873963638888889 0.59354686640625 0.4649586805555555
7 0.16617909609374998 0.4905127041666667 0.16617909609374998 0.49986173888888885 0.17459322734375 0.49986173888888885 0.17459322734375 0.4905127041666667
7 0.58127626796875 0.49674539861111106 0.58127626796875 0.5060944333333334 0.5938974648437501 0.5060944333333334 0.5938974648437501 0.49674539861111106
7 0.5844315671875 0.5098340472222223 0.5844315671875 0.5191830833333333 0.5928456984375 0.5191830833333333 0.5928456984375 0.5098340472222223
6 0.5616432726562499 0.5247925041666667 0.5616432726562499 0.5341415416666666 0.5700574046875 0.5341415416666666 0.5700574046875 0.5247925041666667
7 0.9103432757812501 0.3784489333333333 0.9103432757812501 0.402756425 0.9261197718749999 0.402756425 0.9261197718749999 0.3784489333333333
7 0.7588889109375 0.4438921777777778 0.7588889109375 0.483158125 0.77045834140625 0.483158125 0.77045834140625 0.4438921777777778
4 0.9728839460937501 0.5325210347222222 0.9728839460937501 0.6877150152777778 0.99917810703125 0.6877150152777778 0.99917810703125 0.5325210347222222