4 0.01657173359375 0.49390264166666664 0.01657173359375 0.6204110375 0.053614431250000004 0.6204110375 0.053614431250000004 0.49390264166666664
4 0.79154397109375 0.33620039444444444 0.79154397109375 0.4488448569444444 0.8227378218749999 0.4488448569444444 0.8227378218749999 0.33620039444444444
4 0.97090861484375 0.31540449444444446 0.97090861484375 0.476572725 0.9972284265625 0.476572725 0.9972284265625 0.31540449444444446
4 0.7622997351562499 0.3656612541666666 0.7622997351562499 0.44191289027777775 0.7798462765624999 0.44191289027777775 0.7798462765624999 0.3656612541666666
4 0.74670281015625 0.3639282625 0.74670281015625 0.4471118652777778 0.762299734375 0.4471118652777778 0.762299734375 0.3639282625
4 0.70673568828125 0.37952518749999997 0.70673568828125 0.44191289027777775 0.71550895859375 0.44191289027777775 0.71550895859375 0.37952518749999997
4 0.68723953125 0.37779219583333334 0.68723953125 0.44191289027777775 0.69698761015625 0.44191289027777775 0.69698761015625 0.37779219583333334
4 0.727206653125 0.39165613055555554 0.727206653125 0.46790776666666667 0.738904346875 0.46790776666666667 0.738904346875 0.39165613055555554
4 0.735005115625 0.3639282625 0.735005115625 0.4540438319444445 0.74767761796875 0.4540438319444445 0.74767761796875 0.3639282625
2 0.50397565625 0.4141850222222222 0.50397565625 0.4540438319444445 0.53321989140625 0.4540438319444445 0.53321989140625 0.4141850222222222
2 0.48740392265625 0.4072530555555555 0.48740392265625 0.45750981527777773 0.5107993109375 0.45750981527777773 0.5107993109375 0.4072530555555555
2 0.47570622890625 0.42631596527777776 0.47570622890625 0.46097579722222226 0.48642911484375 0.46097579722222226 0.48642911484375 0.42631596527777776
2 0.46205891875000005 0.43324793194444444 0.46205891875000005 0.4661747722222222 0.47473142109375 0.4661747722222222 0.47473142109375 0.43324793194444444
2 0.45133603281249995 0.4297819486111111 0.45133603281249995 0.47830571666666666 0.464008534375 0.47830571666666666 0.464008534375 0.4297819486111111
2 0.3275354359375 0.4471118652777778 0.3275354359375 0.5216305097222222 0.36652775000000004 0.5216305097222222 0.36652775000000004 0.4471118652777778
2 0.24272715390625002 0.45750981527777773 0.24272715390625002 0.5632223111111111 0.34118274609375 0.5632223111111111 0.34118274609375 0.45750981527777773
2 0.58780913125 0.3847241625 0.58780913125 0.41938399722222225 0.60243124765625 0.41938399722222225 0.60243124765625 0.3847241625
2 0.5946327859375 0.39165613055555554 0.5946327859375 0.4211169875 0.60925490390625 0.4211169875 0.60925490390625 0.39165613055555554
2 0.6004816328125 0.3951221138888889 0.6004816328125 0.4315149402777778 0.61802817421875 0.4315149402777778 0.61802817421875 0.3951221138888889
2 0.61022971171875 0.39165613055555554 0.61022971171875 0.4401798986111111 0.6287510609375 0.4401798986111111 0.6287510609375 0.39165613055555554
2 0.62192740546875 0.39165613055555554 0.62192740546875 0.4471118652777778 0.6443479859375 0.4471118652777778 0.6443479859375 0.39165613055555554
2 0.3587292875 0.4020540805555556 0.3587292875 0.5510913694444444 0.45426045625 0.5510913694444444 0.45426045625 0.4020540805555556
2 0.53224508359375 0.3881901472222223 0.53224508359375 0.5025675986111111 0.599506825 0.5025675986111111 0.599506825 0.3881901472222223
2 0.631675484375 0.39165613055555554 0.631675484375 0.4523108402777778 0.673592221875 0.4523108402777778 0.673592221875 0.39165613055555554
2 0.09163193750000001 0.46964075833333335 0.09163193750000001 0.6342749722222222 0.24760119296875 0.6342749722222222 0.24760119296875 0.46964075833333335
6 0.5829350921875001 0.33620039444444444 0.5829350921875001 0.3569962958333333 0.5868343234375 0.3569962958333333 0.5868343234375 0.33620039444444444
6 0.51567335078125 0.3517973208333333 0.51567335078125 0.3656612541666666 0.5234718132812499 0.3656612541666666 0.5234718132812499 0.3517973208333333
6 0.5848847078125 0.33620039444444444 0.5848847078125 0.3569962958333333 0.5926831703125 0.3569962958333333 0.5926831703125 0.33620039444444444
7 0.66871818203125 0.32060346944444446 0.66871818203125 0.35006432916666663 0.6813906843749999 0.35006432916666663 0.6813906843749999 0.32060346944444446