2 0.335513490625 0.5160667277777777 0.335513490625 0.5254157625 0.34497938984375 0.5254157625 0.34497938984375 0.5160667277777777
2 0.32394406015625 0.5141969208333333 0.32394406015625 0.5272855694444444 0.332358190625 0.5272855694444444 0.332358190625 0.5141969208333333
2 0.31552992890625 0.5104573069444445 0.31552992890625 0.5272855694444444 0.32499582656250003 0.5272855694444444 0.32499582656250003 0.5104573069444445
2 0.30185696484375 0.5029780791666667 0.30185696484375 0.5291553763888889 0.31973699453125 0.5291553763888889 0.31973699453125 0.5029780791666667
2 0.30185696484375 0.5141969208333333 0.30185696484375 0.5328949902777778 0.3144781640625 0.5328949902777778 0.3144781640625 0.5141969208333333
2 0.281873403125 0.5011082722222222 0.281873403125 0.5385044111111111 0.30606403125 0.5385044111111111 0.30606403125 0.5011082722222222
2 0.2797698703125 0.5123271138888889 0.2797698703125 0.542244025 0.29764989921875 0.542244025 0.29764989921875 0.5123271138888889
2 0.24611334453125 0.5029780791666667 0.24611334453125 0.5534628680555556 0.2808216375 0.5534628680555556 0.2808216375 0.5029780791666667
2 0.21140505234375 0.5029780791666667 0.21140505234375 0.5721609347222222 0.2513721765625 0.5721609347222222 0.2513721765625 0.5029780791666667
2 0.1535578984375 0.49549885138888883 0.1535578984375 0.5908590069444444 0.22928508203125003 0.5908590069444444 0.22928508203125003 0.49549885138888883
2 0.08834838046875 0.5179365361111111 0.08834838046875 0.6245155333333333 0.1977320890625 0.6245155333333333 0.1977320890625 0.5179365361111111
2 0.35023822031249996 0.4992384638888889 0.35023822031249996 0.5366346027777777 0.36391118359374997 0.5366346027777777 0.36391118359374997 0.4992384638888889
2 0.35234175390625 0.5123271138888889 0.35234175390625 0.5385044111111111 0.36601471640625 0.5385044111111111 0.36601471640625 0.5123271138888889
2 0.36338530234375 0.45155838749999994 0.36338530234375 0.5974033319444445 0.45068191406249997 0.5974033319444445 0.45068191406249997 0.45155838749999994
2 0.864743240625 0.4928269375 0.864743240625 0.6012757430555555 0.88788210234375 0.6012757430555555 0.88788210234375 0.4928269375
7 0 0.3730264930555555 0 0.38985475833333333 0.0054034468750000005 0.38985475833333333 0.0054034468750000005 0.3730264930555555
6 0.00119638203125 0.3930334222222222 0.00119638203125 0.4229503333333334 0.00540344765625 0.4229503333333334 0.00540344765625 0.3930334222222222