6 0.366883565625 0.21228176111111113 0.366883565625 0.2754113083333333 0.38463875078125 0.2754113083333333 0.38463875078125 0.21228176111111113
6 0.57584843671875 0.33611279583333337 0.57584843671875 0.3992423430555555 0.5881404890625 0.3992423430555555 0.5881404890625 0.33611279583333337
7 0.44746479062500005 0.3968142833333333 0.44746479062500005 0.43080711666666666 0.46112262578124996 0.43080711666666666 0.46112262578124996 0.3968142833333333
7 0.30815487578125 0.41381070000000003 0.30815487578125 0.43323517638888887 0.31771536015625 0.43323517638888887 0.31771536015625 0.41381070000000003
7 0.31771536015625 0.41381070000000003 0.31771536015625 0.4429474152777778 0.32727584453124997 0.4429474152777778 0.32727584453124997 0.41381070000000003
7 0.148358209375 0.3433969763888889 0.148358209375 0.37253368888888894 0.1647476109375 0.37253368888888894 0.1647476109375 0.3433969763888889
7 0.3382021109375 0.43809129444444445 0.3382021109375 0.46479994861111107 0.35185994609375004 0.46479994861111107 0.35185994609375004 0.43809129444444445
7 0.31361801015625 0.46237189027777775 0.31361801015625 0.4817963666666667 0.32317849453125 0.4817963666666667 0.32317849453125 0.46237189027777775
7 0.23030521640625 0.46237189027777775 0.23030521640625 0.4817963666666667 0.23986570078125 0.4817963666666667 0.23986570078125 0.46237189027777775
7 0.16747917578125 0.4429474152777778 0.16747917578125 0.46479994999999996 0.1770396609375 0.46479994999999996 0.1770396609375 0.4429474152777778
7 0.1647476109375 0.3433969763888889 0.1647476109375 0.39438622638888887 0.18250279609375 0.39438622638888887 0.18250279609375 0.3433969763888889
7 0.2344025671875 0.38710204583333335 0.2344025671875 0.42109488055555555 0.2494261859375 0.42109488055555555 0.2494261859375 0.38710204583333335
7 0.24532883593750002 0.394386225 0.24532883593750002 0.42837905694444445 0.2603524546875 0.42837905694444445 0.2603524546875 0.394386225
7 0.54306963359375 0.1807169875 0.54306963359375 0.2705551875 0.5717510875 0.2705551875 0.5717510875 0.1807169875
7 0.5676537359375 0.41623875972222224 0.5676537359375 0.4429474152777778 0.57858000390625 0.4429474152777778 0.57858000390625 0.41623875972222224
7 0.35459151328125 0.44537547361111113 0.35459151328125 0.46479994999999996 0.36551778203124996 0.46479994999999996 0.36551778203124996 0.44537547361111113
7 0.45565949140625 0.44780353333333334 0.45565949140625 0.46237189027777775 0.4693173265625 0.46237189027777775 0.4693173265625 0.44780353333333334
2 0.40375971953125 0.4720841291666667 0.40375971953125 0.4987927819444445 0.41332020312499995 0.4987927819444445 0.41332020312499995 0.4720841291666667
1 0.37917561640624997 0.4696560680555556 0.37917561640624997 0.5012208430555556 0.39419923515625 0.5012208430555556 0.39419923515625 0.4696560680555556
2 0.34503103046875 0.4769402472222222 0.34503103046875 0.5036489027777777 0.36142043125 0.5036489027777777 0.36142043125 0.4769402472222222
2 0.38463875078125 0.4817963666666667 0.38463875078125 0.5109330805555555 0.40375971953125 0.5109330805555555 0.40375971953125 0.4817963666666667
2 0.35732308125 0.4720841291666667 0.35732308125 0.5109330805555555 0.37917561640624997 0.5109330805555555 0.37917561640624997 0.4720841291666667
2 0.40922285234375 0.4817963666666667 0.40922285234375 0.5012208444444445 0.42288068671875 0.5012208444444445 0.42288068671875 0.4817963666666667
2 0.43107538984374993 0.47936830694444443 0.43107538984374993 0.5109330805555555 0.452927925 0.5109330805555555 0.452927925 0.47936830694444443
2 0.44063587265625 0.47936830694444443 0.44063587265625 0.5157892013888888 0.45565949140625 0.5157892013888888 0.45565949140625 0.47936830694444443
2 0.4501963578125 0.47936830694444443 0.4501963578125 0.5182172597222222 0.4693173265625 0.5182172597222222 0.4693173265625 0.47936830694444443
2 0.4638541921875 0.4696560680555556 0.4638541921875 0.5303575555555555 0.4993645625 0.5303575555555555 0.4993645625 0.4696560680555556
2 0.47887781015625003 0.4745121888888889 0.47887781015625003 0.5449259152777778 0.536240715625 0.5449259152777778 0.536240715625 0.4745121888888889
2 0.63730869296875 0.42352293888888887 0.63730869296875 0.7221742583333334 0.93368370703125 0.7221742583333334 0.93368370703125 0.42352293888888887
2 0.27401028906249997 0.484224425 0.27401028906249997 0.5133611388888889 0.295862825 0.5133611388888889 0.295862825 0.484224425
2 0.26581558828124996 0.4890805458333333 0.26581558828124996 0.5182172597222222 0.28357077343750003 0.5182172597222222 0.28357077343750003 0.4890805458333333
2 0.23713413515625 0.4866524861111111 0.23713413515625 0.5133611388888889 0.25352353671875 0.5133611388888889 0.25352353671875 0.4866524861111111
2 0.21801316640625 0.47936830694444443 0.21801316640625 0.5182172597222222 0.24396305234375001 0.5182172597222222 0.24396305234375001 0.47936830694444443
2 0.18523436328125 0.4745121888888889 0.18523436328125 0.5206453194444444 0.22893943437500003 0.5206453194444444 0.22893943437500003 0.4745121888888889
2 0.15245556015625 0.4866524861111111 0.15245556015625 0.5327856166666667 0.21255003281249998 0.5327856166666667 0.21255003281249998 0.4866524861111111
2 0.00085359453125 0.46479994999999996 0.00085359453125 0.56677845 0.0186087796875 0.56677845 0.0186087796875 0.46479994999999996
2 0.0063167265625 0.484224425 0.0063167265625 0.5279294958333334 0.0254376953125 0.5279294958333334 0.0254376953125 0.484224425
2 0.0841663859375 0.4745121888888889 0.0841663859375 0.5109330805555555 0.11694518984374999 0.5109330805555555 0.11694518984374999 0.4745121888888889
4 0.10465313828125 0.4745121888888889 0.10465313828125 0.5206453194444444 0.11694518984374999 0.5206453194444444 0.11694518984374999 0.4745121888888889
4 0.23986570234375 0.4429474152777778 0.23986570234375 0.5764906861111111 0.2794734234375 0.5764906861111111 0.2794734234375 0.4429474152777778
4 0.593603621875 0.4696560680555556 0.593603621875 0.5255014361111111 0.608627240625 0.5255014361111111 0.608627240625 0.4696560680555556
4 0.551264334375 0.45994383055555554 0.551264334375 0.5230733791666667 0.56355638671875 0.5230733791666667 0.56355638671875 0.45994383055555554
4 0.562190603125 0.46237189027777775 0.562190603125 0.5133611402777778 0.57311687109375 0.5133611402777778 0.57311687109375 0.46237189027777775
0 0.53077758203125 0.49150860416666664 0.53077758203125 0.5279294972222223 0.5485327671875 0.5279294972222223 0.5485327671875 0.49150860416666664
4 0.9787545617187501 0.46479994999999996 0.9787545617187501 0.5886309847222222 0.99924131484375 0.5886309847222222 0.99924131484375 0.46479994999999996
4 0.9302103867187499 0.4527440888888889 0.9302103867187499 0.5844514597222222 0.96042943046875 0.5844514597222222 0.96042943046875 0.4527440888888889
4 0.9760229953125 0.3628214513888889 0.9760229953125 0.45023159166666665 0.99650974765625 0.45023159166666665 0.99650974765625 0.3628214513888889
4 0.9664625109375 0.3652495097222222 0.9664625109375 0.46237189027777775 0.9869492624999999 0.46237189027777775 0.9869492624999999 0.3652495097222222
4 0.9350494906250001 0.3701056291666666 0.9350494906250001 0.43323517638888887 0.9569020265624999 0.43323517638888887 0.9569020265624999 0.3701056291666666
4 0.92275743984375 0.3652495097222222 0.92275743984375 0.4745121888888889 0.9418784078125 0.4745121888888889 0.9418784078125 0.3652495097222222
4 0.9048653828125 0.4215502375 0.9048653828125 0.46660802222222225 0.92533634765625 0.46660802222222225 0.92533634765625 0.4215502375
5 0.0554849328125 0.46237189027777775 0.0554849328125 0.5570662111111111 0.08826373671875 0.5570662111111111 0.08826373671875 0.46237189027777775
0 0.060948067187499996 0.49150860416666664 0.060948067187499996 0.5594942708333334 0.09509265390625 0.5594942708333334 0.09509265390625 0.49150860416666664
4 0.6181877250000001 0.4696560680555556 0.6181877250000001 0.5060769625 0.627748209375 0.5060769625 0.627748209375 0.4696560680555556
4 0.60726145703125 0.4696560680555556 0.60726145703125 0.5085050208333333 0.62091929140625 0.5085050208333333 0.62091929140625 0.4696560680555556
4 0.57858000390625 0.4769402472222222 0.57858000390625 0.4987927847222222 0.5867747046875 0.4987927847222222 0.5867747046875 0.4769402472222222
2 0.13196880703125 0.4866524861111111 0.13196880703125 0.5182172597222222 0.15518712578125 0.5182172597222222 0.15518712578125 0.4866524861111111
4 0.138797725 0.4890805458333333 0.138797725 0.5182172597222222 0.14562664140624998 0.5182172597222222 0.14562664140624998 0.4890805458333333