2 0.36541370624999997 0.5190049930555556 0.36541370624999997 0.5507917180555556 0.385397265625 0.5507917180555556 0.385397265625 0.5190049930555556
2 0.43588205703125 0.5171351902777778 0.43588205703125 0.5620105555555556 0.45902091796875 0.5620105555555556 0.45902091796875 0.5171351902777778
2 0.45271031953124996 0.4909578902777778 0.45271031953124996 0.593797275 0.48321154765624996 0.593797275 0.48321154765624996 0.4909578902777778
2 0.47374565 0.4442127180555556 0.47374565 0.6162349583333333 0.57050816484375 0.6162349583333333 0.57050816484375 0.4442127180555556
2 0.5189716062499999 0.4856155847222222 0.5189716062499999 0.663247251388889 0.61363058359375 0.663247251388889 0.61363058359375 0.4856155847222222
2 0.3191359828125 0.5174023083333333 0.3191359828125 0.5884549722222222 0.372776071875 0.5884549722222222 0.372776071875 0.5174023083333333
2 0.38329373515625 0.4968344277777778 0.38329373515625 0.6015436208333333 0.4432444203125 0.6015436208333333 0.4432444203125 0.4968344277777778
2 0.5610422609375 0.48313005694444444 0.5610422609375 0.7662049402777777 0.81335362890625 0.7662049402777777 0.81335362890625 0.48313005694444444
2 0.10420481171875 0.44821944583333334 0.10420481171875 0.6896694847222222 0.30511037734375 0.6896694847222222 0.30511037734375 0.44821944583333334
6 0.39907023203124997 0.4070836777777778 0.39907023203124997 0.43700059166666666 0.4043290625 0.43700059166666666 0.4043290625 0.4070836777777778
6 0.28102862109375 0.4065946 0.28102862109375 0.43210642222222223 0.2858120859375 0.43210642222222223 0.2858120859375 0.4065946
6 0.1518750421875 0.37045285833333336 0.1518750421875 0.40021664583333333 0.1590502390625 0.40021664583333333 0.1590502390625 0.37045285833333336
6 0.1423081109375 0.3725788444444445 0.1423081109375 0.40021664583333333 0.14948331015625 0.40021664583333333 0.14948331015625 0.3725788444444445