2 0.43623124296875 0.3909175805555556 0.43623124296875 0.41762623472222227 0.4553522109375 0.41762623472222227 0.4553522109375 0.3909175805555556
2 0.44032859140624997 0.3933456402777778 0.44032859140624997 0.41762623750000005 0.453986428125 0.41762623750000005 0.453986428125 0.3933456402777778
2 0.45262064453125 0.38848952222222216 0.45262064453125 0.4419068291666666 0.47857053046875003 0.4419068291666666 0.47857053046875003 0.38848952222222216
2 0.5099835484375 0.3909175805555556 0.5099835484375 0.4419068291666666 0.538665003125 0.4419068291666666 0.538665003125 0.3909175805555556
2 0.5509570539062499 0.37149310555555554 0.5509570539062499 0.4321945930555556 0.5960279078124999 0.4321945930555556 0.5960279078124999 0.37149310555555554
2 0.3501868828125 0.3787772833333334 0.3501868828125 0.3982017597222222 0.37067363515624996 0.3982017597222222 0.37067363515624996 0.3787772833333334
2 0.34882109921875004 0.38848952222222216 0.34882109921875004 0.4054859388888889 0.37203941796875 0.4054859388888889 0.37203941796875 0.38848952222222216
2 0.34608953203125 0.3982017597222222 0.34608953203125 0.4321945916666667 0.3693078515625 0.4321945916666667 0.3693078515625 0.3982017597222222
2 0.3256027796875 0.3933456402777778 0.3256027796875 0.42005429583333337 0.33926061484375 0.42005429583333337 0.33926061484375 0.3933456402777778
2 0.29965289375 0.3957737013888889 0.29965289375 0.41519817638888884 0.32013964609375 0.41519817638888884 0.32013964609375 0.3957737013888889
2 0.29692132734375 0.40305787777777774 0.29692132734375 0.4370507111111111 0.34062639843750003 0.4370507111111111 0.34062639843750003 0.40305787777777774
2 0.26823987421875 0.3982017597222222 0.26823987421875 0.4370507125 0.29555554453125 0.4370507125 0.29555554453125 0.3982017597222222
2 0.19175599921875 0.3957737013888889 0.19175599921875 0.45161906944444447 0.26550830859375 0.45161906944444447 0.26550830859375 0.3957737013888889
2 0.18492708203125 0.4006298194444444 0.18492708203125 0.41762623750000005 0.19995070078125 0.41762623750000005 0.19995070078125 0.4006298194444444
2 0.13439309453124998 0.40305787777777774 0.13439309453124998 0.41762623472222227 0.1521482796875 0.41762623472222227 0.1521482796875 0.40305787777777774
2 0.11117477499999999 0.4054859388888889 0.11117477499999999 0.42005429583333337 0.12210104296874999 0.42005429583333337 0.12210104296874999 0.4054859388888889
2 0.082493321875 0.4346226527777778 0.082493321875 0.4661874263888889 0.150782496875 0.4661874263888889 0.150782496875 0.4346226527777778
2 0.46491269453125 0.38848952222222216 0.46491269453125 0.4759491736111111 0.522275603125 0.4759491736111111 0.522275603125 0.38848952222222216
2 0.67524335 0.2646584875 0.67524335 0.6264393527777778 0.998934034375 0.6264393527777778 0.998934034375 0.2646584875
7 0.340933678125 0.04231759583333333 0.340933678125 0.1612925138888889 0.39966236796875 0.1612925138888889 0.39966236796875 0.04231759583333333
7 0.4201491203125 0.2705551888888889 0.4201491203125 0.3166883194444444 0.44336744140624995 0.3166883194444444 0.44336744140624995 0.2705551888888889
7 0.25762088671875 0.3094041416666667 0.25762088671875 0.3239724986111111 0.27401028906249997 0.3239724986111111 0.27401028906249997 0.3094041416666667
7 0.25762088671875 0.3215444375 0.25762088671875 0.3676775694444444 0.31908114296875 0.3676775694444444 0.31908114296875 0.3215444375