7 0.49103977031249996 0.35459200416666664 0.49103977031249996 0.39591855277777777 0.50309334765625 0.39591855277777777 0.50309334765625 0.35459200416666664
7 0.52892243984375 0.4545920402777778 0.52892243984375 0.4744900083333334 0.55475153359375 0.4744900083333334 0.55475153359375 0.4545920402777778
7 0.48300404375 0.4581634861111111 0.48300404375 0.47346961527777776 0.49247471093749995 0.47346961527777776 0.49247471093749995 0.4581634861111111
7 0.4821430734375 0.4780614541666667 0.4821430734375 0.49030635694444447 0.4950576203125 0.49030635694444447 0.4950576203125 0.4780614541666667
7 0.46406270859375 0.4811226819444444 0.46406270859375 0.50102065 0.47353337578125 0.50102065 0.47353337578125 0.4811226819444444
7 0.46147979921875004 0.5025512611111111 0.46147979921875004 0.5132655527777777 0.475255315625 0.5132655527777777 0.475255315625 0.5025512611111111
7 0.64056151171875 0.32091851944444444 0.64056151171875 0.3408164875 0.6560589679687501 0.3408164875 0.6560589679687501 0.32091851944444444
7 0.64142248203125 0.3469389388888889 0.64142248203125 0.37142874583333335 0.67844418203125 0.37142874583333335 0.67844418203125 0.3469389388888889
7 0.6362566632812501 0.4010205888888889 0.6362566632812501 0.41938794166666665 0.6569199375 0.41938794166666665 0.6569199375 0.4010205888888889
6 0.39174124765624996 0.28316339305555555 0.39174124765624996 0.33520423055555554 0.40465579296875004 0.33520423055555554 0.40465579296875004 0.28316339305555555
6 0.64802326796875 0.4739798125 0.64802326796875 0.49846961944444446 0.6686865421875 0.49846961944444446 0.6686865421875 0.4739798125
6 0.64716229765625 0.428061425 0.64716229765625 0.4724492 0.66782557265625 0.4724492 0.66782557265625 0.428061425
6 0.73612915703125 0.4341838763888889 0.73612915703125 0.4770410388888889 0.769706978125 0.4770410388888889 0.769706978125 0.4341838763888889
6 0.54298495546875 0.48163287777777775 0.54298495546875 0.5137757486111111 0.5593433812499999 0.5137757486111111 0.5593433812499999 0.48163287777777775
2 0.2304529140625 0.551530875 0.2304529140625 0.5852043597222223 0.25886491640625 0.5852043597222223 0.25886491640625 0.551530875
2 0.258003946875 0.5438778111111111 0.258003946875 0.5867349722222223 0.28813788906250004 0.5867349722222223 0.28813788906250004 0.5438778111111111
2 0.3587374109375 0.5295920749999999 0.3587374109375 0.569388011111111 0.3814096109375 0.569388011111111 0.3814096109375 0.5295920749999999
2 0.34237898359374996 0.5403063652777778 0.34237898359374996 0.5846941402777778 0.37165195624999997 0.5846941402777778 0.37165195624999997 0.5403063652777778
2 0.3822705796875 0.5280614611111111 0.3822705796875 0.5510206555555556 0.39604609609375 0.5510206555555556 0.39604609609375 0.5280614611111111
2 0.3926022171875 0.5326533 0.3926022171875 0.5525512680555555 0.41584840078124996 0.5525512680555555 0.41584840078124996 0.5326533
2 0.41670937109375006 0.5372451388888889 0.41670937109375006 0.5602043333333333 0.42790197812499997 0.5602043333333333 0.42790197812499997 0.5372451388888889
2 0.42790197812499997 0.5372451388888889 0.42790197812499997 0.569388011111111 0.4408165234375 0.569388011111111 0.4408165234375 0.5372451388888889
2 0.4322068265625 0.5448982041666667 0.4322068265625 0.577041075 0.4442604046875 0.577041075 0.4442604046875 0.5448982041666667
2 0.13861613359375 0.5479594291666667 0.13861613359375 0.6260206888888888 0.21524244375 0.6260206888888888 0.21524244375 0.5479594291666667
2 0.28153711640625 0.5326533 0.28153711640625 0.6244900763888889 0.34610984921875 0.6244900763888889 0.34610984921875 0.5326533
2 0.37739176015625 0.5494900430555556 0.37739176015625 0.6122451708333334 0.42560606796875 0.6122451708333334 0.42560606796875 0.5494900430555556
2 0.44110352343750003 0.5448982041666667 0.44110352343750003 0.5862247527777777 0.46951552578125 0.5862247527777777 0.46951552578125 0.5448982041666667
1 0 0.0007653069444444444 0 0.997194325 0.1825255921875 0.997194325 0.1825255921875 0.0007653069444444444
6 0.40723867734374997 0.27926245 0.40723867734374997 0.3221196125 0.41584837500000005 0.3221196125 0.41584837500000005 0.27926245