4 0.8199657039062499 0.38250769861111117 0.8199657039062499 0.43865370833333334 0.8480387132812499 0.43865370833333334 0.8480387132812499 0.38250769861111117
4 0.6057185054687501 0.4347460694444445 0.6057185054687501 0.5033901861111112 0.6197593484375 0.5033901861111112 0.6197593484375 0.4347460694444445
4 0.30267033203125 0.4597075680555555 0.30267033203125 0.5283516847222222 0.31554110390625 0.5283516847222222 0.31554110390625 0.4597075680555555
4 0.37404461328125 0.46386781527777776 0.37404461328125 0.4992299361111111 0.38457524453124997 0.4992299361111111 0.38457524453124997 0.46386781527777776
4 0.23129605078124998 0.4680280680555556 0.23129605078124998 0.5574734305555555 0.24767703281250003 0.5574734305555555 0.24767703281250003 0.4680280680555556
3 0.6782628546875 0.4451466930555556 0.6782628546875 0.6053162986111111 0.7449568546875 0.6053162986111111 0.7449568546875 0.4451466930555556
5 0.675922715625 0.3869032013888889 0.675922715625 0.5949156736111111 0.7367663640625 0.5949156736111111 0.7367663640625 0.3869032013888889
1 0.4313780515625 0.4472268208333333 0.4313780515625 0.4888293166666667 0.45243931406250004 0.4888293166666667 0.45243931406250004 0.4472268208333333
1 0.45009917265625 0.4347460694444445 0.45009917265625 0.4909094375 0.480520996875 0.4909094375 0.480520996875 0.4347460694444445
2 0.46882029609375 0.4555473180555556 0.46882029609375 0.5408324319444445 0.52732380390625 0.5408324319444445 0.52732380390625 0.4555473180555556
4 0.622769846875 0.41446485555555557 0.622769846875 0.45606734861111115 0.6356406195312501 0.45606734861111115 0.6356406195312501 0.41446485555555557
2 0.72857587265625 0.40562432638888885 0.72857587265625 0.5782746791666666 0.87366457265625 0.5782746791666666 0.87366457265625 0.40562432638888885
2 0.8701543640624999 0.27873671527777777 0.8701543640624999 0.6448386708333333 0.9976920125 0.6448386708333333 0.9976920125 0.27873671527777777
4 0.5707017234375 0.4352661 0.5707017234375 0.45398722500000005 0.57421193359375 0.45398722500000005 0.57421193359375 0.4352661
4 0.5753820046875 0.43734622638888887 0.5753820046875 0.4560673513888889 0.5835724953125 0.4560673513888889 0.5835724953125 0.43734622638888887
2 0.5297492687500001 0.44358660138888895 0.5297492687500001 0.46854809444444445 0.5496404578125 0.46854809444444445 0.5496404578125 0.44358660138888895
2 0.5367696890625 0.45606734861111115 0.5367696890625 0.47894872361111107 0.55549081171875 0.47894872361111107 0.55549081171875 0.45606734861111115
6 0.43131709765625 0.3857145472222222 0.43131709765625 0.4065157958333333 0.43599737734375 0.4065157958333333 0.43599737734375 0.3857145472222222
6 0.43599737734375 0.3857145472222222 0.43599737734375 0.4065157958333333 0.4406776578125 0.4065157958333333 0.4406776578125 0.3857145472222222
6 0.48604714765625 0.37234233055555555 0.48604714765625 0.38274295416666665 0.49657777890625 0.38274295416666665 0.49657777890625 0.37234233055555555
6 0.44041441015625005 0.3765025777777778 0.44041441015625005 0.3869032013888889 0.45211511406250005 0.3869032013888889 0.45211511406250005 0.3765025777777778
7 0.44275455078125 0.388983325 0.44275455078125 0.40770444722222227 0.45094504140625 0.40770444722222227 0.45094504140625 0.388983325
7 0.48721721718750005 0.38482307777777774 0.48721721718750005 0.39938395 0.49657777890625 0.39938395 0.49657777890625 0.38482307777777774
7 0.28479507890625 0.37442245416666664 0.28479507890625 0.3848230833333333 0.3011760609375 0.3848230833333333 0.3011760609375 0.37442245416666664