2 0.11799211406250001 0.3293347194444444 0.11799211406250001 0.3892137597222222 0.14631558046874998 0.3892137597222222 0.14631558046874998 0.3293347194444444
2 0.20908650546875 0.3238911708333333 0.20908650546875 0.3756048861111111 0.24276846562499999 0.3756048861111111 0.24276846562499999 0.3238911708333333
2 0.13330209531249998 0.32253028333333333 0.13330209531249998 0.3837702125 0.2067900109375 0.3837702125 0.2067900109375 0.32253028333333333
2 0.00087075390625 0.32797383333333335 0.00087075390625 0.40962707083333333 0.08354465546874999 0.40962707083333333 0.08354465546874999 0.32797383333333335
2 0.36984131484375 0.35110891805555555 0.36984131484375 0.36880045277777773 0.3843857984375 0.36880045277777773 0.3843857984375 0.35110891805555555
2 0.38285479921875 0.34566536666666664 0.38285479921875 0.3647177888888889 0.40199227578125 0.3647177888888889 0.40199227578125 0.34566536666666664
2 0.40275777578125 0.33613915694444446 0.40275777578125 0.36607867777777775 0.42342624921875 0.36607867777777775 0.42342624921875 0.33613915694444446
2 0.42342625078124996 0.34022181805555557 0.42342625078124996 0.3647177888888889 0.43414323828125 0.3647177888888889 0.43414323828125 0.34022181805555557
2 0.48083868359375004 0.34022181805555557 0.48083868359375004 0.36335690277777777 0.49079017187499996 0.36335690277777777 0.49079017187499996 0.34022181805555557
2 0.49079017187499996 0.33886093055555555 0.49079017187499996 0.3592742402777778 0.5076311515625 0.3592742402777778 0.5076311515625 0.33886093055555555
2 0.5099276484375 0.33069560694444444 0.5099276484375 0.3633569013888889 0.532127121875 0.3633569013888889 0.532127121875 0.33069560694444444
2 0.537485615625 0.31164318472222224 0.537485615625 0.37560489027777777 0.58035356484375 0.37560489027777777 0.58035356484375 0.31164318472222224
2 0.56121608671875 0.3293347194444444 0.56121608671875 0.3851311 0.59796004375 0.3851311 0.59796004375 0.3293347194444444
2 0.58265006171875 0.33477826944444444 0.58265006171875 0.39465730694444445 0.60638053359375 0.39465730694444445 0.60638053359375 0.33477826944444444
9 0.59872554296875 0.29939520000000003 0.59872554296875 0.4082661805555555 0.67221345546875 0.4082661805555555 0.67221345546875 0.29939520000000003
2 0.6385315015625 0.296673425 0.6385315015625 0.4314012652777777 0.77019734453125 0.4314012652777777 0.77019734453125 0.296673425
2 0.2649679390625 0.31164318472222224 0.2649679390625 0.47903231944444447 0.3836202984375 0.47903231944444447 0.3836202984375 0.31164318472222224
2 0.43031574296875 0.3293347194444444 0.43031574296875 0.39057464861111113 0.47088719531249995 0.39057464861111113 0.47088719531249995 0.3293347194444444
2 0.9065103796875 0.19460688055555556 0.9065103796875 0.5512355541666666 0.99935906484375 0.5512355541666666 0.99935906484375 0.19460688055555556
7 0.79879830078125 0.1687500222222222 0.79879830078125 0.19868954305555553 0.8156392820312499 0.19868954305555553 0.8156392820312499 0.1687500222222222
6 0.36907581562499997 0.2531250333333333 0.36907581562499997 0.27626011805555556 0.37366881015625003 0.27626011805555556 0.37366881015625003 0.2531250333333333
6 0.50074166015625 0.2313508361111111 0.50074166015625 0.2531250333333333 0.5053346546874999 0.2531250333333333 0.5053346546874999 0.2313508361111111
6 0.5068656515625001 0.2313508361111111 0.5068656515625001 0.2531250333333333 0.5129896453125 0.2531250333333333 0.5129896453125 0.2313508361111111
7 0.4731836921875 0.32797383333333335 0.4731836921875 0.34022181805555557 0.48083868203125 0.34022181805555557 0.48083868203125 0.32797383333333335
6 0.46476320156249995 0.30756052361111114 0.46476320156249995 0.32253028333333333 0.47241819453125 0.32253028333333333 0.47241819453125 0.30756052361111114