4 0.60518053359375 0.28206190694444444 0.60518053359375 0.8078351833333334 0.73739705 0.8078351833333334 0.73739705 0.28206190694444444
2 0.46020626406250004 0.4305155416666666 0.46020626406250004 0.510927926388889 0.5657475187500001 0.510927926388889 0.5657475187500001 0.4305155416666666
2 0.36533511171875 0.4222681166666667 0.36533511171875 0.5232990625 0.4291237828125 0.5232990625 0.4291237828125 0.4222681166666667
2 0.30618561796875 0.4408248208333333 0.30618561796875 0.5006186472222223 0.36997428828125 0.5006186472222223 0.36997428828125 0.4408248208333333
2 0.45463924921875 0.4408248208333333 0.45463924921875 0.4820619430555556 0.49407224609375 0.4820619430555556 0.49407224609375 0.4408248208333333
2 0.22268045 0.4222681166666667 0.22268045 0.48412379722222226 0.2864691203125 0.48412379722222226 0.2864691203125 0.4222681166666667
7 0.7176805523437501 0.13360826805555556 0.7176805523437501 0.2820619 0.8081444843750001 0.2820619 0.8081444843750001 0.13360826805555556
7 0.9136857390625 0.10309279861111112 0.9136857390625 0.15876291111111113 0.9310826492187501 0.15876291111111113 0.9310826492187501 0.10309279861111112
7 0.51587637734375 0.3855670736111111 0.51587637734375 0.4164949138888889 0.53443308203125 0.4164949138888889 0.53443308203125 0.3855670736111111
7 0.5437114335937501 0.3793815055555555 0.5437114335937501 0.4123712027777778 0.57154648984375 0.4123712027777778 0.57154648984375 0.3793815055555555
7 0.288556753125 0.33402067222222226 0.288556753125 0.38144336250000005 0.31987119062499997 0.38144336250000005 0.31987119062499997 0.33402067222222226
7 0.2041237453125 0.38969078749999997 0.2041237453125 0.4041237805555556 0.22036086093749999 0.4041237805555556 0.22036086093749999 0.38969078749999997
7 0.075386609375 0.16494847916666666 0.075386609375 0.2412371527777778 0.1530928078125 0.2412371527777778 0.1530928078125 0.16494847916666666
7 0.073067021875 0.2020618902777778 0.073067021875 0.2721649944444445 0.1507732203125 0.2721649944444445 0.1507732203125 0.2020618902777778
7 0.0301546453125 0.317525825 0.0301546453125 0.3938144986111111 0.093943315625 0.3938144986111111 0.093943315625 0.317525825
7 0.07654640390625 0.38350521944444443 0.07654640390625 0.4103093486111111 0.08698455000000001 0.4103093486111111 0.08698455000000001 0.38350521944444443