6 0.48006375312499994 0.1528123875 0.48006375312499994 0.2418748263888889 0.49852077109375 0.2418748263888889 0.49852077109375 0.1528123875
6 0.10301323124999999 0.1715623736111111 0.10301323124999999 0.25593731666666664 0.12806204140625 0.25593731666666664 0.12806204140625 0.1715623736111111
6 0.402280603125 0.3942184722222223 0.402280603125 0.42937469722222227 0.4115091125 0.42937469722222227 0.4115091125 0.3942184722222223
6 0.47347196171875006 0.3848434777777778 0.47347196171875006 0.4246872013888889 0.4866555453125 0.4246872013888889 0.4866555453125 0.3848434777777778
6 0.58289571328125 0.4246872013888889 0.58289571328125 0.4481246847222222 0.59476093984375 0.4481246847222222 0.59476093984375 0.4246872013888889
6 0.38777866015625 0.4762496652777778 0.38777866015625 0.49499965138888885 0.3970071703125 0.49499965138888885 0.3970071703125 0.4762496652777778
6 0.58421407109375 0.09656242777777777 0.58421407109375 0.18328111805555555 0.60530780703125 0.18328111805555555 0.60530780703125 0.09656242777777777
6 0.758237390625 0.20906234861111112 0.758237390625 0.33328101250000003 0.78328620078125 0.33328101250000003 0.78328620078125 0.20906234861111112
6 0.8412939734375 0.3098435305555556 0.8412939734375 0.36140599166666665 0.8557959171875 0.36140599166666665 0.8557959171875 0.3098435305555556
6 0.5011574875 0.1645311263888889 0.5011574875 0.24187482500000002 0.51961450703125 0.24187482500000002 0.51961450703125 0.1645311263888889
6 0.12938040078125 0.18093736805555555 0.12938040078125 0.2629685625 0.15047413671875 0.2629685625 0.15047413671875 0.18093736805555555
7 0.49192897890625 0.3965622208333333 0.49192897890625 0.41999970416666665 0.50379420546875 0.41999970416666665 0.50379420546875 0.3965622208333333
7 0.54834867421875 0.4364059416666667 0.54834867421875 0.4692184208333333 0.56633387265625 0.4692184208333333 0.56633387265625 0.4364059416666667
7 0.61585467578125 0.10593742083333332 0.61585467578125 0.17156237500000002 0.6488136375 0.17156237500000002 0.6488136375 0.10593742083333332
2 0.2506693796875 0.5114058930555555 0.2506693796875 0.537187125 0.28626505859375 0.537187125 0.28626505859375 0.5114058930555555
2 0.20189011640625001 0.49968714999999997 0.20189011640625001 0.5535933625 0.27044475625 0.5535933625 0.27044475625 0.49968714999999997
2 0.54070824140625 0.4762496652777778 0.54070824140625 0.5184371347222222 0.57103048828125 0.5184371347222222 0.57103048828125 0.4762496652777778
2 0.7911963515625 0.4574996777777778 0.7911963515625 0.49499965277777774 0.83997561484375 0.49499965277777774 0.83997561484375 0.4574996777777778
2 0.72000499375 0.45515593055555553 0.72000499375 0.5160933875 0.7687842578125 0.5160933875 0.7687842578125 0.45515593055555553
2 0.8439306906249999 0.4457809361111111 0.8439306906249999 0.502030898611111 0.9098486140625001 0.502030898611111 0.9098486140625001 0.4457809361111111
2 0.44578643281249997 0.46687467083333334 0.44578643281249997 0.5559371097222222 0.5459816765625 0.5559371097222222 0.5459816765625 0.46687467083333334
2 0.4115091125 0.49031215277777773 0.4115091125 0.5254683791666667 0.43260284843749996 0.5254683791666667 0.43260284843749996 0.49031215277777773
2 0 0.4762496652777778 0 0.7434369819444444 0.26121624765624996 0.7434369819444444 0.26121624765624996 0.4762496652777778