2 0.11914583359375 0.4473631069444444 0.11914583359375 0.4830909069444444 0.18948494062500001 0.4830909069444444 0.18948494062500001 0.4473631069444444
2 0.18828869921875 0.4474481722222222 0.18828869921875 0.49976387916666665 0.23924866484375001 0.49976387916666665 0.23924866484375001 0.4474481722222222
2 0.40122000703125 0.4346882444444444 0.40122000703125 0.4780720027777778 0.43638956171875 0.4780720027777778 0.43638956171875 0.4346882444444444
2 0.54141975390625 0.44234420416666664 0.54141975390625 0.4729680277777778 0.55864565703125 0.4729680277777778 0.55864565703125 0.44234420416666664
2 0.28006448125 0.44685269722222226 0.28006448125 0.5017203916666666 0.33102444765625 0.5017203916666666 0.33102444765625 0.44685269722222226
2 0.3280099171875 0.43256158194444444 0.3280099171875 0.5155011166666666 0.3890183265625 0.5155011166666666 0.3890183265625 0.43256158194444444
2 0.42777660859375005 0.4351135666666667 0.42777660859375005 0.5295370361111111 0.48950276328125 0.5295370361111111 0.48950276328125 0.4351135666666667
2 0.50170444609375 0.4249056263888889 0.50170444609375 0.4887052666666667 0.5418982203125 0.4887052666666667 0.5418982203125 0.4249056263888889
2 0.5758715609375 0.44532151249999996 0.5758715609375 0.5907847013888888 0.69788837890625 0.5907847013888888 0.69788837890625 0.44532151249999996
2 0.669952728125 0.4344145847222222 0.669952728125 0.4633188833333333 0.69099335625 0.4633188833333333 0.69099335625 0.4344145847222222
2 0.6756910820312501 0.4327143319444445 0.6756910820312501 0.4735203986111111 0.727336259375 0.4735203986111111 0.727336259375 0.4327143319444445