2 0.89504686328125 0.2863108847222222 0.89504686328125 0.4910665472222222 0.9985092054687501 0.4910665472222222 0.9985092054687501 0.2863108847222222
2 0 0.3366321888888889 0 0.47544958750000005 0.07222842734375 0.47544958750000005 0.07222842734375 0.3366321888888889
2 0.46070023828125006 0.2845756652777778 0.46070023828125006 0.3158095805555556 0.48022143515625004 0.3158095805555556 0.48022143515625004 0.2845756652777778
2 0.69202641875 0.26722349166666665 0.69202641875 0.4112465416666667 0.82769873515625 0.4112465416666667 0.82769873515625 0.26722349166666665
2 0.38163939296875 0.2949869708333333 0.38163939296875 0.3366321875 0.41287330781250003 0.3366321875 0.41287330781250003 0.2949869708333333
2 0.369926675 0.2949869708333333 0.369926675 0.3314265375 0.3865196921875 0.3314265375 0.3865196921875 0.2949869708333333
2 0.35723789765624997 0.29845740555555555 0.35723789765624997 0.3366321916666667 0.37480697421875 0.3366321916666667 0.37480697421875 0.29845740555555555
2 0.33576458203125 0.29845740555555555 0.33576458203125 0.340102625 0.3611421375 0.340102625 0.3611421375 0.29845740555555555
2 0.32112368281250003 0.305398275 0.32112368281250003 0.3435730611111111 0.3513815375 0.3435730611111111 0.3513815375 0.305398275
2 0.28891370859375 0.3106039277777778 0.28891370859375 0.3591900152777778 0.32990822265625 0.3591900152777778 0.32990822265625 0.3106039277777778
2 0.24401495703124998 0.3210152319444444 0.24401495703124998 0.37827740833333334 0.29281794921875004 0.37827740833333334 0.29281794921875004 0.3210152319444444
2 0.1913077265625 0.31754479722222223 0.1913077265625 0.39910001805555556 0.24303889765625 0.39910001805555556 0.24303889765625 0.31754479722222223
2 0.0888214453125 0.31233914583333333 0.0888214453125 0.42859871805555555 0.20887680390625 0.42859871805555555 0.20887680390625 0.31233914583333333
2 0.48705385546875 0.2811052305555556 0.48705385546875 0.31407436111111114 0.50950323046875 0.31407436111111114 0.50950323046875 0.2811052305555556
9 0.50657505234375 0.052056523611111113 0.50657505234375 0.41818741111111113 0.6890982390625 0.41818741111111113 0.6890982390625 0.052056523611111113