7 0.17709739140625 0.3229517041666667 0.17709739140625 0.3400133041666667 0.19989062265625 0.3400133041666667 0.19989062265625 0.3229517041666667
7 0.24427744218749997 0.3613403041666666 0.24427744218749997 0.3720038041666667 0.25747352265625 0.3720038041666667 0.25747352265625 0.3613403041666666
7 0.3810368296875 0.32934980416666665 0.3810368296875 0.3421460055555556 0.406229346875 0.3421460055555556 0.406229346875 0.32934980416666665
7 0.453015453125 0.3400133041666667 0.453015453125 0.34854410277777775 0.466211534375 0.34854410277777775 0.466211534375 0.3400133041666667
7 0.5657819671875 0.32721710416666666 0.5657819671875 0.35494220277777777 0.57417947421875 0.35494220277777777 0.57417947421875 0.32721710416666666
7 0.5573844609374999 0.3208190055555556 0.5573844609374999 0.34854410277777775 0.56338268046875 0.34854410277777775 0.56338268046875 0.3208190055555556
7 0.55858410390625 0.2952266041666667 0.55858410390625 0.3229517041666667 0.5729798296874999 0.3229517041666667 0.5729798296874999 0.2952266041666667
6 0.22148420859375 0.31655360416666667 0.22148420859375 0.3421460055555556 0.227482428125 0.3421460055555556 0.227482428125 0.31655360416666667
6 0.36424181718750004 0.32325638194444445 0.36424181718750004 0.3467160805555556 0.36904039140625 0.3467160805555556 0.36904039140625 0.32325638194444445
4 0.12551270859375002 0.38693270277777775 0.12551270859375002 0.4381175041666666 0.13990843359375 0.4381175041666666 0.13990843359375 0.38693270277777775
4 0.6605538234375 0.39119810416666667 0.6605538234375 0.5042312055555556 0.6773488359375001 0.5042312055555556 0.6773488359375001 0.39119810416666667
4 0.6401598804687499 0.43385210416666664 0.6401598804687499 0.4914350069444445 0.6641527554687501 0.4914350069444445 0.6641527554687501 0.43385210416666664
4 0.62336486640625 0.42318860416666665 0.62336486640625 0.4935677027777778 0.64735774375 0.4935677027777778 0.64735774375 0.42318860416666665
2 0.30518937109375 0.3945495013888889 0.30518937109375 0.41587650277777777 0.3159861640625 0.41587650277777777 0.3159861640625 0.3945495013888889
2 0.32678295859375 0.39881489999999997 0.32678295859375 0.42440729722222226 0.33757975234375 0.42440729722222226 0.33757975234375 0.39881489999999997
2 0.33518046484375 0.4030803027777778 0.33518046484375 0.4222746013888889 0.34837654609375 0.4222746013888889 0.34837654609375 0.4030803027777778
2 0.29319293359375 0.3945495013888889 0.29319293359375 0.4222746 0.30758865859375 0.4222746 0.30758865859375 0.3945495013888889
2 0.21881502031250002 0.3838860013888889 0.21881502031250002 0.4393362055555556 0.252405046875 0.4393362055555556 0.252405046875 0.3838860013888889
2 0.27159934609374997 0.3945495013888889 0.27159934609374997 0.43293810138888894 0.2979915078125 0.43293810138888894 0.2979915078125 0.3945495013888889
2 0.31118758984375 0.3966822013888889 0.31118758984375 0.4222745986111111 0.32798260234375 0.4222745986111111 0.32798260234375 0.3966822013888889
2 0.36517155703125004 0.3945495013888889 0.36517155703125004 0.4563978013888889 0.41795588359374997 0.4563978013888889 0.41795588359374997 0.3945495013888889
2 0.1480360390625 0.3625590027777778 0.1480360390625 0.49265370277777776 0.23680967812499998 0.49265370277777776 0.23680967812499998 0.3625590027777778
2 0.02474263515625 0.3857140305555556 0.02474263515625 0.4539604291666667 0.091922684375 0.4539604291666667 0.091922684375 0.3857140305555556
2 0.42902257890625 0.41343913055555553 0.42902257890625 0.4624912305555556 0.47101011015624994 0.4624912305555556 0.47101011015624994 0.41343913055555553
2 0.468610821875 0.42105590555555555 0.468610821875 0.48716960555555555 0.52859301015625 0.48716960555555555 0.52859301015625 0.42105590555555555
4 0.52739336640625 0.42958670555555556 0.52739336640625 0.46157720555555554 0.5417890921875 0.46157720555555554 0.5417890921875 0.42958670555555556