6 0.40844448828125 0.51296555 0.40844448828125 0.5302954680555556 0.41526814296875003 0.5302954680555556 0.41526814296875003 0.51296555
6 0.3996712171875 0.5285624763888889 0.3996712171875 0.5441594027777779 0.40454525546875003 0.5441594027777779 0.40454525546875003 0.5285624763888889
6 0.36457813359375 0.5112325597222223 0.36457813359375 0.5302954680555556 0.369452171875 0.5302954680555556 0.369452171875 0.5112325597222223
2 0.34410716953125 0.5510913694444444 0.34410716953125 0.5718872680555556 0.36067890234375 0.5718872680555556 0.36067890234375 0.5510913694444444
2 0.26027369453125 0.5441594027777779 0.26027369453125 0.5632223125 0.27879504375 0.5632223125 0.27879504375 0.5441594027777779
2 0.13939752109375 0.5441594027777779 0.13939752109375 0.5580233375 0.1540196390625 0.5580233375 0.1540196390625 0.5441594027777779
2 0.10722886250000001 0.5441594027777779 0.10722886250000001 0.5580233375 0.13257386640625 0.5580233375 0.13257386640625 0.5441594027777779
2 0.056538854687499994 0.5510913694444444 0.056538854687499994 0.5649553013888888 0.09553116953125 0.5649553013888888 0.09553116953125 0.5510913694444444
2 0.033143465625 0.5476253861111111 0.033143465625 0.5666882944444445 0.05653885390625 0.5666882944444445 0.05653885390625 0.5476253861111111
2 0.008091421093749999 0.5493583777777777 0.008091421093749999 0.5753532527777778 0.035093083593750005 0.5753532527777778 0.035093083593750005 0.5493583777777777
2 0.03899231484375 0.5372274333333333 0.03899231484375 0.5510913694444444 0.066286934375 0.5510913694444444 0.066286934375 0.5372274333333333
1 0.074085396875 0.5094995680555556 0.074085396875 0.5580233375 0.147195984375 0.5580233375 0.147195984375 0.5094995680555556
1 0.15889367890625 0.4817717013888889 0.15889367890625 0.5718872680555556 0.26124850234374997 0.5718872680555556 0.26124850234374997 0.4817717013888889
2 0.4230666046875 0.5489058652777777 0.4230666046875 0.5857512027777777 0.44646199218750005 0.5857512027777777 0.44646199218750005 0.5489058652777777
2 0.44158795390625 0.5649553041666666 0.44158795390625 0.6204110388888888 0.48155507578125 0.6204110388888888 0.48155507578125 0.5649553041666666
4 0.5566152804687501 0.5493583777777777 0.5566152804687501 0.6048141125 0.5673381671875 0.6048141125 0.5673381671875 0.5493583777777777
4 0.6712257312500001 0.5592183652777778 0.6712257312500001 0.6360079597222222 0.69601280390625 0.6360079597222222 0.69601280390625 0.5592183652777778
7 0.61607855859375 0.4401798986111111 0.61607855859375 0.49910161527777774 0.6745670296874999 0.49910161527777774 0.6745670296874999 0.4401798986111111
7 0.8675789828125 0.20062486250000003 0.8675789828125 0.4315149402777778 0.99949698984375 0.4315149402777778 0.99949698984375 0.20062486250000003
7 0.78472031484375 0.3933891222222222 0.78472031484375 0.4724996777777778 0.8426123320312501 0.4724996777777778 0.8426123320312501 0.3933891222222222
7 0.5176229671875 0.4800387069444444 0.5176229671875 0.5441594 0.55369085625 0.5441594 0.55369085625 0.4800387069444444