7 0.45238373984375 0.3489625777777778 0.45238373984375 0.3769814708333333 0.50969511171875 0.3769814708333333 0.50969511171875 0.3489625777777778
7 0.38934122968749996 0.38717016111111113 0.38934122968749996 0.4050003652777778 0.42372805312499995 0.4050003652777778 0.42372805312499995 0.38717016111111113
7 0.6873603648437501 0.45849097777777775 0.6873603648437501 0.47632118194444445 0.71171769765625 0.47632118194444445 0.71171769765625 0.45849097777777775
4 0.03544350703125 0.6546232291666667 0.03544350703125 0.7590572847222222 0.05550248671875 0.7590572847222222 0.05550248671875 0.6546232291666667
6 0.87648789296875 0.4712268375 0.87648789296875 0.5017929041666667 0.88938295234375 0.5017929041666667 0.88938295234375 0.4712268375
6 0.7675962859375 0.4279249125 0.7675962859375 0.47377400972222217 0.7790585601562501 0.47377400972222217 0.7790585601562501 0.4279249125
6 0.7561340109375 0.43301925694444443 0.7561340109375 0.4712268375 0.7690290703125 0.4712268375 0.7690290703125 0.43301925694444443
6 0.750402875 0.4941513875 0.750402875 0.5349061402777778 0.76186514921875 0.5349061402777778 0.76186514921875 0.4941513875
6 0.63721291328125 0.5247174527777777 0.63721291328125 0.5629250347222222 0.6472424046875 0.5629250347222222 0.6472424046875 0.5247174527777777
6 0.62145228671875 0.527264625 0.62145228671875 0.5705665513888889 0.6314817781250001 0.5705665513888889 0.6314817781250001 0.527264625
6 0.52402295390625 0.33877388750000004 0.52402295390625 0.39226450138888885 0.5397835828125 0.39226450138888885 0.5397835828125 0.33877388750000004
6 0.50826232578125 0.3413210597222222 0.50826232578125 0.3973588458333333 0.52402295390625 0.3973588458333333 0.52402295390625 0.3413210597222222
6 0.0999188 0.6062269597222222 0.0999188 0.6215099916666667 0.11424664296875 0.6215099916666667 0.11424664296875 0.6062269597222222
6 0.0798598203125 0.6036797875000001 0.0798598203125 0.6240571652777778 0.09705323203125 0.6240571652777778 0.09705323203125 0.6036797875000001
2 0.698822640625 0.593491098611111 0.698822640625 0.6240571652777778 0.760432365625 0.6240571652777778 0.760432365625 0.593491098611111
2 0.9088628375000001 0.5705665486111111 0.9088628375000001 0.6113213027777777 0.9446824453125 0.6113213027777777 0.9446824453125 0.5705665486111111
2 0.9461152296875 0.5705665486111111 0.9461152296875 0.6011326152777777 0.9876659734375 0.6011326152777777 0.9876659734375 0.5705665486111111
2 0.98050205234375 0.5603778625 0.98050205234375 0.6087741333333334 0.99769546484375 0.6087741333333334 0.99769546484375 0.5603778625
2 0.24439206484375 0.6491650083333333 0.24439206484375 0.6720895569444444 0.2701821828125 0.6720895569444444 0.2701821828125 0.6491650083333333
2 0.2687493984375 0.6491650083333333 0.2687493984375 0.6695423847222222 0.29453951640625 0.6695423847222222 0.29453951640625 0.6491650083333333
2 0.2959723015625 0.6491650083333333 0.2959723015625 0.6720895569444444 0.3117329296875 0.6720895569444444 0.3117329296875 0.6491650083333333
2 0.19711018281249998 0.6568065208333334 0.19711018281249998 0.7153914763888889 0.26301826015624996 0.7153914763888889 0.26301826015624996 0.6568065208333334
9 0.13263488984375 0.6593536930555556 0.13263488984375 0.7102971361111111 0.18134955625 0.7102971361111111 0.18134955625 0.6593536930555556
2 0.0882185765625 0.6720895541666666 0.0882185765625 0.7357688569444444 0.15126108671875 0.7357688569444444 0.15126108671875 0.6720895541666666
2 0.00798265390625 0.6746367263888889 0.00798265390625 0.7153914805555556 0.03663833984375 0.7153914805555556 0.03663833984375 0.6746367263888889
1 0.8905777867187499 0.5498252916666667 0.8905777867187499 0.6109574222222223 0.9092039820312501 0.6109574222222223 0.9092039820312501 0.5498252916666667
7 0.84783220703125 0.5043400736111111 0.84783220703125 0.5196231083333334 0.86216005 0.5196231083333334 0.86216005 0.5043400736111111
6 0.3922067984375 0.29292479166666663 0.3922067984375 0.38717016111111113 0.41369856250000003 0.38717016111111113 0.41369856250000003 0.29292479166666663
2 0.29334468046875 0.4916042152777778 0.29334468046875 0.9984914611111111 0.67159973671875 0.9984914611111111 0.67159973671875 0.4916042152777778
2 0.63578013046875 0.593491098611111 0.63578013046875 0.6342458513888889 0.65583911015625 0.6342458513888889 0.65583911015625 0.593491098611111