7 0.40989077265624996 0.2395732888888889 0.40989077265624996 0.2523694888888889 0.42788542890625003 0.2523694888888889 0.42788542890625003 0.2395732888888889
7 0.49746476640625004 0.25663488888888886 0.49746476640625004 0.2694310888888889 0.5130601367187501 0.2694310888888889 0.5130601367187501 0.25663488888888886
7 0.49146654765625 0.2864926888888889 0.49146654765625 0.2992888888888889 0.50226334140625 0.2992888888888889 0.50226334140625 0.2864926888888889
7 0.774582475 0.2651656888888889 0.774582475 0.2800945888888889 0.79017784375 0.2800945888888889 0.79017784375 0.2651656888888889
7 0.7877785546875 0.2545021888888889 0.7877785546875 0.2694310888888889 0.8021742796875 0.2694310888888889 0.8021742796875 0.2545021888888889
2 0.36670359765625 0.33767749027777777 0.36670359765625 0.3696679902777778 0.393095759375 0.3696679902777778 0.393095759375 0.33767749027777777
2 0.324716065625 0.3206158902777778 0.324716065625 0.3654025902777777 0.3619050234375 0.3654025902777777 0.3619050234375 0.3206158902777778
2 0.2839281796875 0.32914669027777776 0.2839281796875 0.3718006902777778 0.3151189171875 0.3718006902777778 0.3151189171875 0.32914669027777776
2 0.252737440625 0.3206158902777778 0.252737440625 0.3718006916666667 0.28872675390625 0.3718006916666667 0.28872675390625 0.3206158902777778
2 0.186757034375 0.31421779027777774 0.186757034375 0.38459689027777777 0.259935303125 0.38459689027777777 0.259935303125 0.31421779027777774
2 0.145969146875 0.32914669027777776 0.145969146875 0.38033149027777774 0.202352403125 0.38033149027777774 0.202352403125 0.32914669027777776
2 0.05479622109375 0.3035542902777778 0.05479622109375 0.38886229027777774 0.135172353125 0.38886229027777774 0.135172353125 0.3035542902777778
2 0.01160904609375 0.3206158902777778 0.01160904609375 0.39739309027777775 0.06319372890625 0.39739309027777775 0.06319372890625 0.3206158902777778
2 0.44827937265625 0.3355447902777778 0.44827937265625 0.3931276902777778 0.50106369765625 0.3931276902777778 0.50106369765625 0.3355447902777778
2 0.58863769140625 0.3440755902777778 0.58863769140625 0.38459689027777777 0.61023128046875 0.38459689027777777 0.61023128046875 0.3440755902777778
9 0.57064303515625 0.3206158902777778 0.57064303515625 0.3547390902777778 0.5982348414062499 0.3547390902777778 0.5982348414062499 0.3206158902777778
2 0.56464481640625 0.34834099027777776 0.56464481640625 0.3952603902777778 0.59463591015625 0.3952603902777778 0.59463591015625 0.34834099027777776
2 0.50946120546875 0.3504736902777778 0.50946120546875 0.42298549027777776 0.5598462429687501 0.42298549027777776 0.5598462429687501 0.3504736902777778
4 0.77578211875 0.3504736902777778 0.77578211875 0.37606609027777776 0.78657891171875 0.37606609027777776 0.78657891171875 0.3504736902777778
4 0.7889781984375001 0.35900449027777775 0.7889781984375001 0.4251181902777778 0.7961760609375 0.4251181902777778 0.7961760609375 0.35900449027777775
4 0.8201689359375001 0.3547390902777778 0.8201689359375001 0.4208527902777778 0.8393632359375 0.4208527902777778 0.8393632359375 0.3547390902777778
4 0.87415290546875 0.3632698902777778 0.87415290546875 0.4101892902777778 0.89214756171875 0.4101892902777778 0.89214756171875 0.3632698902777778
2 0.7181992171875 0.35900449027777775 0.7181992171875 0.4507105888888889 0.7889781984375001 0.4507105888888889 0.7889781984375001 0.35900449027777775
2 0.86215646796875 0.3611371902777778 0.86215646796875 0.5402839916666667 1 0.5402839916666667 1 0.3611371902777778
4 0.8945468492187499 0.3632698902777778 0.8945468492187499 0.38886229027777774 0.9089425742187499 0.38886229027777774 0.9089425742187499 0.3632698902777778
9 0.6138302109375 0.2545021888888889 0.6138302109375 0.4187200902777778 0.7157999296875001 0.4187200902777778 0.7157999296875001 0.2545021888888889