7 0.40514843515625004 0.40199924444444446 0.40514843515625004 0.4353009569444445 0.42532158828125005 0.4353009569444445 0.42532158828125005 0.40199924444444446
7 0.5348329875 0.45451348194444446 0.5348329875 0.4775685138888889 0.5478014421874999 0.4775685138888889 0.5478014421874999 0.45451348194444446
7 0.75313531640625 0.3968759041666667 0.75313531640625 0.45835598611111106 0.77835175703125 0.45835598611111106 0.77835175703125 0.3968759041666667
7 0.7560171953125 0.4903768652777778 0.7560171953125 0.5211169069444445 0.78195410546875 0.5211169069444445 0.78195410546875 0.4903768652777778
7 0.43468769453125 0.46219849305555555 0.43468769453125 0.48013018472222224 0.46638836250000004 0.48013018472222224 0.46638836250000004 0.46219849305555555
7 0.528348759375 0.45963682222222224 0.528348759375 0.4865343597222222 0.5369943968750001 0.4865343597222222 0.5369943968750001 0.45963682222222224
7 0.33742428046875 0.485253525 0.33742428046875 0.49934270833333333 0.35111320468749996 0.49934270833333333 0.35111320468749996 0.485253525
7 0.8513070289062499 0.30483874722222226 0.8513070289062499 0.43420309166666665 0.91182648671875 0.43420309166666665 0.91182648671875 0.30483874722222226
7 0.9046217890625 0.48415565972222224 0.9046217890625 0.5200190444444444 0.92983822890625 0.5200190444444444 0.92983822890625 0.48415565972222224
7 0.8743620609375 0.5494782486111112 0.8743620609375 0.5712524458333333 0.887330515625 0.5712524458333333 0.887330515625 0.5494782486111112
7 0.873641590625 0.5738141152777778 0.873641590625 0.5968691472222223 0.8887714546875 0.5968691472222223 0.8887714546875 0.5738141152777778
2 0.377814334375 0.5010626986111112 0.377814334375 0.5164327194444444 0.38790091015625 0.5164327194444444 0.38790091015625 0.5010626986111112
2 0.34611366640624996 0.5061860388888889 0.34611366640624996 0.5266793986111111 0.359082121875 0.5266793986111111 0.359082121875 0.5061860388888889
2 0.35908212109375 0.5010626986111112 0.35908212109375 0.5369260805555556 0.38285762265625 0.5369260805555556 0.38285762265625 0.5010626986111112
2 0.387180440625 0.49850103055555556 0.387180440625 0.5125902138888889 0.39510560781250004 0.5125902138888889 0.39510560781250004 0.49850103055555556
2 0.39510560781250004 0.5010626986111112 0.39510560781250004 0.5189943888888888 0.40375124375000004 0.5189943888888888 0.40375124375000004 0.5010626986111112
2 0.40158983515625 0.5010626986111112 0.40158983515625 0.5164327194444444 0.4131173515625 0.5164327194444444 0.4131173515625 0.5010626986111112
2 0.41527876015625004 0.5049052041666666 0.41527876015625004 0.5318027388888888 0.43545191250000004 0.5318027388888888 0.43545191250000004 0.5049052041666666
2 0.43545191250000004 0.49850103055555556 0.43545191250000004 0.5164327194444444 0.487325734375 0.5164327194444444 0.487325734375 0.49850103055555556
2 0.49164855234375004 0.4997818638888889 0.49164855234375004 0.5612619458333333 0.53127438828125 0.5612619458333333 0.53127438828125 0.4997818638888889
2 0.52695156875 0.5087477097222223 0.52695156875 0.5522961 0.5478451921875 0.5522961 0.5478451921875 0.5087477097222223
2 0.4044717140625 0.5113093791666667 0.4044717140625 0.6816604444444445 0.5255106296875 0.6816604444444445 0.5255106296875 0.5113093791666667
2 0.56801834375 0.49722019305555554 0.56801834375 0.5753511333333333 0.61124652734375 0.5753511333333333 0.61124652734375 0.49722019305555554
2 0.573782090625 0.48953518333333335 0.573782090625 0.6662904236111111 0.7193169765625 0.6662904236111111 0.7193169765625 0.48953518333333335
2 0.26974386796875 0.49722019305555554 0.26974386796875 0.5612619486111111 0.30504688515625 0.5612619486111111 0.30504688515625 0.49722019305555554
2 0.208503940625 0.4946585236111111 0.208503940625 0.5599811152777777 0.26398011015625 0.5599811152777777 0.26398011015625 0.4946585236111111
2 0.28343279296875 0.49850103055555556 0.28343279296875 0.5907211541666667 0.35187741640625003 0.5907211541666667 0.35187741640625003 0.49850103055555556
4 0.10996168203125001 0.47500684444444446 0.10996168203125001 0.5454527722222222 0.12581201718749999 0.5454527722222222 0.12581201718749999 0.47500684444444446
2 0.9578456882812499 0.6168154819444445 0.9578456882812499 0.8063629208333334 0.9988111914062501 0.8063629208333334 0.9988111914062501 0.6168154819444445