2 0.448180453125 0.353823775 0.448180453125 0.37764731944444446 0.4615811984375 0.37764731944444446 0.4615811984375 0.353823775
2 0.42286793593749994 0.3644120138888889 0.42286793593749994 0.40147086249999997 0.45115839609375 0.40147086249999997 0.45115839609375 0.3644120138888889
2 0.40648924609375003 0.3591178930555556 0.40648924609375003 0.4226473486111111 0.43329073515624994 0.4226473486111111 0.43329073515624994 0.3591178930555556
2 0.39308850390625 0.3617649541666667 0.39308850390625 0.44647089444444443 0.4198899921875 0.44647089444444443 0.4198899921875 0.3617649541666667
2 0.3275737546875 0.3520590638888889 0.3275737546875 0.4711767916666667 0.4050002765625 0.4711767916666667 0.4050002765625 0.3520590638888889
2 0.20845602421875 0.3555884847222222 0.20845602421875 0.5647062777777778 0.349908328125 0.5647062777777778 0.349908328125 0.3555884847222222
2 0.4913606296875 0.35647083194444446 0.4913606296875 0.3802943777777778 0.5077393171875 0.3802943777777778 0.5077393171875 0.35647083194444446
2 0.50178343046875 0.3644120138888889 0.50178343046875 0.39617674166666667 0.5300738929687501 0.39617674166666667 0.5300738929687501 0.3644120138888889
2 0.5226290328125 0.36352965694444445 0.5226290328125 0.4164708694444444 0.559853325 0.4164708694444444 0.559853325 0.36352965694444445
2 0.63628721640625 0.30529433333333333 0.63628721640625 0.6123533666666667 0.90132416171875 0.6123533666666667 0.90132416171875 0.30529433333333333
2 0 0.35911790555555556 0 0.7508828791666666 0.2829046046875 0.7508828791666666 0.2829046046875 0.35911790555555556
2 0.7747615742187499 0.3917649736111111 0.7747615742187499 0.8867653111111112 0.9995962859375 0.8867653111111112 0.9995962859375 0.3917649736111111
7 0.18612145078125 0.2373531041666667 0.18612145078125 0.26911783194444444 0.20845602421875 0.26911783194444444 0.20845602421875 0.2373531041666667