7 0.40959561015625 0.3704083291666667 0.40959561015625 0.3811226194444444 0.425954034375 0.3811226194444444 0.425954034375 0.3704083291666667
7 0.4500611890625 0.3596940388888889 0.4500611890625 0.3750001694444444 0.46383670625000006 0.3750001694444444 0.46383670625000006 0.3596940388888889
7 0.43800761250000003 0.3642858763888889 0.43800761250000003 0.37346955416666666 0.44747828046875 0.37346955416666666 0.44747828046875 0.3642858763888889
7 0.43025888515625 0.3612246513888889 0.43025888515625 0.37346955694444445 0.43714664453124996 0.37346955694444445 0.43714664453124996 0.3612246513888889
7 0.3355522109375 0.2938776819444444 0.3355522109375 0.37500016666666663 0.37946166953125 0.37500016666666663 0.37946166953125 0.2938776819444444
6 0.31109707421875 0.3591838319444445 0.31109707421875 0.37908179861111113 0.31626289218750003 0.37908179861111113 0.31626289218750003 0.3591838319444445
6 0.299043496875 0.3591838319444445 0.299043496875 0.37755118611111116 0.30679222421875 0.37755118611111116 0.30679222421875 0.3591838319444445
2 0.0194333171875 0.4683675569444445 0.0194333171875 0.4928573652777778 0.054733078906249996 0.4928573652777778 0.054733078906249996 0.4683675569444445
1 0.0762573234375 0.41938794305555555 0.0762573234375 0.4806124625 0.1468568453125 0.4806124625 0.1468568453125 0.41938794305555555
2 0.10811320390625001 0.44956288611111106 0.10811320390625001 0.4801751444444445 0.14083005546875 0.4801751444444445 0.14083005546875 0.44956288611111106
2 0.1503007234375 0.4342567583333334 0.1503007234375 0.4541547263888889 0.1718249671875 0.4541547263888889 0.1718249671875 0.4342567583333334
2 0.38792838125 0.39446082222222223 0.38792838125 0.40364449999999996 0.39912098984375 0.40364449999999996 0.39912098984375 0.39446082222222223
2 0.37673577421875 0.38986898194444447 0.37673577421875 0.4036444972222222 0.38620644375 0.4036444972222222 0.38620644375 0.38986898194444447
2 0.3491847421875 0.3929302069444444 0.3491847421875 0.4082363402777778 0.36382122968749997 0.4082363402777778 0.36382122968749997 0.3929302069444444
2 0.32852146718749997 0.4021138847222222 0.32852146718749997 0.412828175 0.34057504375000003 0.412828175 0.34057504375000003 0.4021138847222222
2 0.28461200859375 0.40976694999999996 0.28461200859375 0.41895063055555554 0.2940826765625 0.41895063055555554 0.2940826765625 0.40976694999999996
2 0.28116812890625 0.4327261458333333 0.28116812890625 0.45109349861111114 0.302692371875 0.45109349861111114 0.302692371875 0.4327261458333333
2 0.45077917421875 0.38527714444444444 0.45077917421875 0.39446082222222223 0.4619717828125 0.39446082222222223 0.4619717828125 0.38527714444444444
2 0.40428680703125003 0.3868077569444444 0.40428680703125003 0.400583275 0.41547941406250005 0.400583275 0.41547941406250005 0.3868077569444444
2 0.437864628125 0.3868077569444444 0.437864628125 0.400583275 0.44819626562500003 0.400583275 0.44819626562500003 0.3868077569444444
2 0.43183783828125 0.3868077569444444 0.43183783828125 0.4021138875 0.439586565625 0.4021138875 0.439586565625 0.3868077569444444
2 0.41978426171875 0.3883383694444445 0.41978426171875 0.400583275 0.43011589921875004 0.400583275 0.43011589921875004 0.3883383694444445
2 0.41289650390625 0.3883383694444445 0.41289650390625 0.4021138847222222 0.4223671734375 0.4021138847222222 0.4223671734375 0.3883383694444445
2 0.41117456484375003 0.3959914347222222 0.41117456484375003 0.41588940277777775 0.42150620078124995 0.41588940277777775 0.42150620078124995 0.3959914347222222
2 0.4395865671875 0.39139959444444444 0.4395865671875 0.41588940277777775 0.45594499296875 0.41588940277777775 0.45594499296875 0.39139959444444444
2 0.3819015921875 0.4036444972222222 0.3819015921875 0.4220118472222222 0.39051128984375 0.4220118472222222 0.39051128984375 0.4036444972222222
2 0.35090668125 0.4174200152777778 0.35090668125 0.4373179833333333 0.36726510703125 0.4373179833333333 0.36726510703125 0.4174200152777778
2 0.1890443625 0.4403792083333334 0.1890443625 0.45568533888888885 0.20454181875000002 0.45568533888888885 0.20454181875000002 0.4403792083333334
2 0.153744603125 0.44344043333333333 0.153744603125 0.4679302416666667 0.18818339296875 0.4679302416666667 0.18818339296875 0.44344043333333333
2 0.24931224687500003 0.42201185277777775 0.24931224687500003 0.4342567583333334 0.26394873515625 0.4342567583333334 0.26394873515625 0.42201185277777775
2 0.33885310468749996 0.4021138847222222 0.33885310468749996 0.4143587902777778 0.34832377265625 0.4143587902777778 0.34832377265625 0.4021138847222222
2 0.30958013125 0.4156707416666667 0.30958013125 0.43709932222222225 0.32852146718749997 0.43709932222222225 0.32852146718749997 0.4156707416666667
2 0.24931224687500003 0.44169116249999996 0.24931224687500003 0.4860789361111111 0.29149976796875 0.4860789361111111 0.29149976796875 0.44169116249999996
2 0.23381479062500002 0.4187319694444444 0.23381479062500002 0.4386299375 0.24931224531249999 0.4386299375 0.24931224531249999 0.4187319694444444
2 0.21229054609375 0.4294462597222222 0.21229054609375 0.4508748375 0.23381479062500002 0.4508748375 0.23381479062500002 0.4294462597222222
2 0.32679952968750003 0.40189522638888886 0.32679952968750003 0.4126095138888889 0.33885310703125 0.4126095138888889 0.33885310703125 0.40189522638888886
2 0.42150620390625004 0.4034258388888889 0.42150620390625004 0.4263850319444445 0.43528172109375 0.4263850319444445 0.43528172109375 0.4034258388888889
2 0.44044753828124994 0.4049564513888889 0.44044753828124994 0.44169116249999996 0.46713760156250006 0.44169116249999996 0.46713760156250006 0.4049564513888889
2 0.38878935234375 0.40801767638888886 0.38878935234375 0.4263850319444445 0.40256486953125004 0.4263850319444445 0.40256486953125004 0.40801767638888886