6 0.7995249273437499 0.1555814361111111 0.7995249273437499 0.24908239722222222 0.823300428125 0.24908239722222222 0.823300428125 0.1555814361111111
6 0.54880146015625 0.04286794861111111 0.54880146015625 0.11971805416666667 0.5646517945312499 0.11971805416666667 0.5646517945312499 0.04286794861111111
6 0.40254610468749996 0.08641634166666666 0.40254610468749996 0.15301976666666667 0.42271925703125 0.15301976666666667 0.42271925703125 0.08641634166666666
6 0.31248738828125 0.11331387916666667 0.31248738828125 0.18504064166666667 0.33049913046875 0.18504064166666667 0.33049913046875 0.11331387916666667
6 0.3750765359375 0.09862430138888888 0.3750765359375 0.15754271527777777 0.39308827968750004 0.15754271527777777 0.39308827968750004 0.09862430138888888
6 0.43343458437500004 0.07685010416666667 0.43343458437500004 0.14089185833333334 0.45648961562499996 0.14089185833333334 0.45648961562499996 0.07685010416666667
6 0.51628860390625 0.05379507361111111 0.51628860390625 0.12552183611111112 0.5371822265625 0.12552183611111112 0.5371822265625 0.05379507361111111
6 0.2268038640625 0.15498104583333333 0.2268038640625 0.2062144472222222 0.24553607578125 0.2062144472222222 0.24553607578125 0.15498104583333333
6 0.2649887578125 0.1396110236111111 0.2649887578125 0.19724860277777775 0.27795721328125 0.19724860277777775 0.27795721328125 0.1396110236111111
6 0.27723674374999996 0.1332068486111111 0.27723674374999996 0.19468693055555555 0.29740989687499997 0.19468693055555555 0.29740989687499997 0.1332068486111111
6 0.7764698960937501 0.1696706222222222 0.7764698960937501 0.2478015625 0.7930406999999999 0.2478015625 0.7930406999999999 0.1696706222222222
6 0.76566285 0.1888831486111111 0.76566285 0.2465207263888889 0.777190365625 0.2465207263888889 0.777190365625 0.1888831486111111
7 0.7536188484374999 0.3483871416666667 0.7536188484374999 0.3727230083333333 0.77235106171875 0.3727230083333333 0.77235106171875 0.3483871416666667
7 0.43805310000000003 0.3701613375 0.43805310000000003 0.397058875 0.4510215546875 0.397058875 0.4510215546875 0.3701613375
2 0.42583620703124997 0.3771144361111111 0.42583620703124997 0.42194366250000004 0.45609593593750003 0.42194366250000004 0.45609593593750003 0.3771144361111111
2 0.38765131171875 0.3745527652777778 0.38765131171875 0.4232244986111111 0.43232043515624996 0.4232244986111111 0.43232043515624996 0.3745527652777778
2 0 0.24540800555555553 0 0.8038521 0.18141426875 0.8038521 0.18141426875 0.24540800555555553
2 0.8541889078124999 0.3376281305555556 0.8541889078124999 0.7359678416666666 0.99900332421875 0.7359678416666666 0.99900332421875 0.3376281305555556