4 0.10728344062499999 0.4637095263888889 0.10728344062499999 0.4978058138888889 0.12226716015625001 0.4978058138888889 0.12226716015625001 0.4637095263888889
4 0.091101021875 0.48182318055555556 0.091101021875 0.5127229416666667 0.10188930078125 0.5127229416666667 0.10188930078125 0.48182318055555556
4 0.07371990625 0.47223359861111114 0.07371990625 0.5212470138888888 0.0893029765625 0.5212470138888888 0.0893029765625 0.47223359861111114
2 0.32125097265624997 0.4796921777777778 0.32125097265624997 0.5169849944444445 0.34522492578124997 0.5169849944444445 0.34522492578124997 0.4796921777777778
2 0.3032705078125 0.47329912361111115 0.3032705078125 0.5255090680555555 0.32125097265624997 0.5255090680555555 0.32125097265624997 0.47329912361111115
2 0.212768834375 0.4764956513888889 0.212768834375 0.5468192472222222 0.25352455390625 0.5468192472222222 0.25352455390625 0.4764956513888889
2 0.139048928125 0.46797157916666665 0.139048928125 0.5649329 0.215765578125 0.5649329 0.215765578125 0.46797157916666665
2 0.08211078984375 0.4903472680555555 0.08211078984375 0.5841120624999999 0.17081441718749998 0.5841120624999999 0.17081441718749998 0.4903472680555555
2 0.48535267421875006 0.4773480458333333 0.48535267421875006 0.4848066083333334 0.501535090625 0.4848066083333334 0.501535090625 0.4773480458333333
2 0.5003363953125 0.48161008194444443 0.5003363953125 0.48693762638888893 0.51412141796875 0.48693762638888893 0.51412141796875 0.48161008194444443
2 0.505730534375 0.4848066083333334 0.505730534375 0.498658225 0.52011490703125 0.498658225 0.52011490703125 0.4848066083333334
2 0.51232338125 0.4890686444444444 0.51232338125 0.5114443333333333 0.5279064421874999 0.5114443333333333 0.5279064421874999 0.4890686444444444
2 0.515320115625 0.47308600972222226 0.515320115625 0.5359510444444444 0.55907258046875 0.5359510444444444 0.55907258046875 0.47308600972222226
2 0.52850578984375 0.4858721180555555 0.52850578984375 0.5476716416666666 0.572857603125 0.5476716416666666 0.572857603125 0.4858721180555555
2 0.58580356015625 0.48693762638888893 0.58580356015625 0.5764403861111111 0.640344303125 0.5764403861111111 0.640344303125 0.48693762638888893
2 0.61121592890625 0.4571033736111111 0.61121592890625 0.6243882902777778 0.7526622523437501 0.6243882902777778 0.7526622523437501 0.4571033736111111
2 0.7121462859375 0.5189028972222223 0.7121462859375 0.7032359597222222 0.93630274765625 0.7032359597222222 0.93630274765625 0.5189028972222223
2 0.00054583046875 0.4810012375 0.00054583046875 0.6216484277777777 0.08745141015624999 0.6216484277777777 0.08745141015624999 0.4810012375
2 0.9080455945312501 0.5470627972222223 0.9080455945312501 0.803850475 0.99854726796875 0.803850475 0.99854726796875 0.5470627972222223
2 0.37147640625 0.4400552291666667 0.37147640625 0.5966850569444445 0.46677286953125 0.5966850569444445 0.46677286953125 0.4400552291666667
2 0.4727663671875 0.48161008194444443 0.4727663671875 0.5391475708333334 0.5147207851562501 0.5391475708333334 0.5147207851562501 0.48161008194444443
2 0.3669513203125 0.4776144222222222 0.3669513203125 0.4989246027777777 0.38313373828124997 0.4989246027777777 0.38313373828124997 0.4776144222222222
7 0.35001971640625 0.4182122944444444 0.35001971640625 0.4320639097222222 0.36800018125 0.4320639097222222 0.36800018125 0.4182122944444444
7 0.468540946875 0.4328630430555555 0.468540946875 0.4413871152777778 0.4817266203125 0.4413871152777778 0.4817266203125 0.4328630430555555
6 0.32404794609375 0.43579319305555553 0.32404794609375 0.44751379305555555 0.32824338671875003 0.44751379305555555 0.32824338671875003 0.43579319305555553
6 0.37439324765625004 0.42300708472222226 0.37439324765625004 0.4325966652777778 0.3791880390625 0.4325966652777778 0.3791880390625 0.42300708472222226
6 0.47063866796875004 0.4243389708333334 0.47063866796875004 0.4339285527777778 0.47483411015625 0.4339285527777778 0.47483411015625 0.4243389708333334
2 0.22350359453125002 0.42209380277777775 0.22350359453125002 0.5510203958333334 0.30921047578125 0.5510203958333334 0.30921047578125 0.42209380277777775
6 0.48493949453124996 0.4435316569444444 0.48493949453124996 0.467094275 0.49039701328124996 0.467094275 0.49039701328124996 0.4435316569444444