6 0.1231186765625 0.1228316861111111 0.1231186765625 0.19170926805555558 0.14464292109375002 0.19170926805555558 0.14464292109375002 0.1228316861111111
6 0.49398140859375 0.37538282361111114 0.49398140859375 0.41670937222222226 0.50689595625 0.41670937222222226 0.50689595625 0.37538282361111114
6 0.33534772734375 0.19783172083333334 0.33534772734375 0.26670930277777777 0.35601100234375 0.26670930277777777 0.35601100234375 0.19783172083333334
6 0.48149734609375 0.174872525 0.48149734609375 0.21007662083333334 0.49182898359375005 0.21007662083333334 0.49182898359375005 0.174872525
6 0.60160262890625 0.23456643194444446 0.60160262890625 0.2909263736111111 0.61942972734375 0.2909263736111111 0.61942972734375 0.23456643194444446
6 0.14550389218749998 0.12091842361111112 0.14550389218749998 0.19438784444444446 0.16530619765625001 0.19438784444444446 0.16530619765625001 0.12091842361111112
6 0.11536994921874999 0.1270408736111111 0.11536994921874999 0.19897968055555554 0.131728375 0.19897968055555554 0.131728375 0.1270408736111111
7 0.03013394296875 0.16326538194444445 0.03013394296875 0.22602051388888889 0.091262796875 0.22602051388888889 0.091262796875 0.16326538194444445
7 0.319993784375 0.3392858763888889 0.319993784375 0.39897978055555555 0.35012772578125 0.39897978055555555 0.35012772578125 0.3392858763888889
2 0.39880119609375 0.43897979444444446 0.39880119609375 0.4864287958333333 0.42979610859374995 0.4864287958333333 0.42979610859374995 0.43897979444444446
2 0.34197719140625 0.43744918194444443 0.34197719140625 0.536939025 0.4082718640625 0.536939025 0.4082718640625 0.43744918194444443
2 0.5468880109375001 0.43591856944444446 0.5468880109375001 0.49867369861111116 0.587353590625 0.49867369861111116 0.587353590625 0.43591856944444446
2 0.58132680234375 0.4114287611111111 0.58132680234375 0.5047961513888889 0.6536482632812499 0.5047961513888889 0.6536482632812499 0.4114287611111111
2 0.49695176406249997 0.4313267291666667 0.49695176406249997 0.5308165694444444 0.55291479921875 0.5308165694444444 0.55291479921875 0.4313267291666667
2 0.46595685312499996 0.43744918194444443 0.46595685312499996 0.4833675708333333 0.49609079609375 0.4833675708333333 0.49609079609375 0.43744918194444443
2 0.6982464601562499 0.1458068236111111 0.6982464601562499 0.8514193805555557 0.9987249117187501 0.8514193805555557 0.9987249117187501 0.1458068236111111