6 0.76368016328125 0.0024075222222222224 0.76368016328125 0.11720349027777777 0.79467507578125 0.11720349027777777 0.79467507578125 0.0024075222222222224
7 0.60796304375 0.3413266833333333 0.60796304375 0.42551039444444444 0.652733471875 0.42551039444444444 0.652733471875 0.3413266833333333
7 0.54425128046875 0.47602062222222224 0.54425128046875 0.5035716541666667 0.56060970546875 0.5035716541666667 0.56060970546875 0.47602062222222224
7 0.5128510000000001 0.5316328930555556 0.5128510000000001 0.5484696347222222 0.5223216671875 0.5484696347222222 0.5223216671875 0.5316328930555556
2 0.48509496875 0.5637028777777777 0.48509496875 0.5820702319444445 0.49456563593749997 0.5820702319444445 0.49456563593749997 0.5637028777777777
2 0.47648527109375005 0.5575804263888888 0.47648527109375005 0.5713559430555556 0.48595593828125 0.5713559430555556 0.48595593828125 0.5575804263888888
2 0.47734624062500003 0.5652334916666667 0.47734624062500003 0.5805396208333333 0.48681690859375 0.5805396208333333 0.48681690859375 0.5652334916666667
2 0.53589218515625 0.5606416527777778 0.53589218515625 0.5744171680555555 0.5419189734375001 0.5744171680555555 0.5419189734375001 0.5606416527777778
2 0.54105800390625 0.5621722652777777 0.54105800390625 0.5805396208333333 0.55138964140625 0.5805396208333333 0.55138964140625 0.5621722652777777
2 0.55655546015625 0.5667641041666667 0.55655546015625 0.5851314597222222 0.56688709921875 0.5851314597222222 0.56688709921875 0.5667641041666667
2 0.56602612734375 0.5637028777777777 0.56602612734375 0.5897232944444445 0.582384553125 0.5897232944444445 0.582384553125 0.5637028777777777
2 0.5729138859375 0.5698253305555556 0.5729138859375 0.5927845263888889 0.58238455078125 0.5927845263888889 0.58238455078125 0.5698253305555556
2 0.514367940625 0.5621722652777777 0.514367940625 0.5744171694444444 0.52297763828125 0.5744171694444444 0.52297763828125 0.5621722652777777
2 0.45323908671875 0.5667641041666667 0.45323908671875 0.5897232986111111 0.46873654296874995 0.5897232986111111 0.46873654296874995 0.5667641041666667
2 0.4076076890625 0.5637028777777777 0.4076076890625 0.5759477819444445 0.41793932656250005 0.5759477819444445 0.41793932656250005 0.5637028777777777
2 0.3972760515625 0.5652334916666667 0.3972760515625 0.5759477819444445 0.4076076890625 0.5759477819444445 0.4076076890625 0.5652334916666667
2 0.38091762578125 0.5637028777777777 0.38091762578125 0.5805396166666666 0.39641508203125003 0.5805396166666666 0.39641508203125003 0.5637028777777777
2 0.31117907421875 0.5685133777777778 0.31117907421875 0.6006562527777778 0.337008165625 0.6006562527777778 0.337008165625 0.5685133777777778
2 0.22176121640625 0.5752918097222223 0.22176121640625 0.6043734541666667 0.24931224843750002 0.6043734541666667 0.24931224843750002 0.5752918097222223
9 0.41904628984375 0.5438049097222222 0.41904628984375 0.5820702319444445 0.43970956328125005 0.5820702319444445 0.43970956328125005 0.5438049097222222
2 0.42863995546875 0.5717932625 0.42863995546875 0.6054667472222223 0.45446904921875 0.6054667472222223 0.45446904921875 0.5717932625
2 0.45815892500000005 0.5752918097222223 0.45815892500000005 0.6104959069444444 0.48570995781250004 0.6104959069444444 0.48570995781250004 0.5752918097222223
2 0.4934586859375 0.5615162944444445 0.4934586859375 0.6074346819444445 0.51670486953125 0.6074346819444445 0.51670486953125 0.5615162944444445
2 0.5786946937499999 0.5689506944444445 0.5786946937499999 0.5995629513888888 0.5976360281249999 0.5995629513888888 0.5976360281249999 0.5689506944444445
2 0.5218706882812499 0.5628282430555556 0.5218706882812499 0.5796649847222223 0.5304803859375 0.5796649847222223 0.5304803859375 0.5628282430555556
1 0.624449096875 0.42201185277777775 0.624449096875 0.7036446319444445 0.84830123828125 0.7036446319444445 0.84830123828125 0.42201185277777775
1 0.83329574921875 0.4342567569444445 0.83329574921875 0.7067058583333333 0.9986019453124999 0.7067058583333333 0.9986019453124999 0.4342567569444445