6 0.162637840625 0.1672441388888889 0.162637840625 0.2310236847222222 0.1829675703125 0.2310236847222222 0.1829675703125 0.1672441388888889
6 0.1435039765625 0.16299216527777777 0.1435039765625 0.23314966388888891 0.16024610703125 0.23314966388888891 0.16024610703125 0.16299216527777777
6 0.11719491484375 0.37063002777777776 0.11719491484375 0.4003938152777778 0.139916378125 0.4003938152777778 0.139916378125 0.37063002777777776
4 0 0.41881901388888887 0 0.7079529541666667 0.062185057031250005 0.7079529541666667 0.062185057031250005 0.41881901388888887
7 0.1339370453125 0.2877166222222222 0.1339370453125 0.3068504847222222 0.1518750421875 0.3068504847222222 0.1518750421875 0.2877166222222222
7 0.11360731484375 0.31606308055555554 0.11360731484375 0.33944891527777776 0.15665850703125 0.33944891527777776 0.15665850703125 0.31606308055555554
7 0.74024134609375 0.27425204305555556 0.74024134609375 0.2976378777777778 0.77970493984375 0.2976378777777778 0.77970493984375 0.27425204305555556
7 0.6441734304687501 0.31464575833333336 0.6441734304687501 0.3614174236111111 0.66809076015625 0.3614174236111111 0.66809076015625 0.31464575833333336
7 0.53813991328125 0.3833859402777777 0.53813991328125 0.39614184999999996 0.55368617734375 0.39614184999999996 0.55368617734375 0.3833859402777777
7 0.5154184500000001 0.4003938152777778 0.5154184500000001 0.41740169444444447 0.5249853812499999 0.41740169444444447 0.5249853812499999 0.4003938152777778
7 0.5345523125 0.41102374027777777 0.5345523125 0.42590563472222226 0.5441192445312499 0.42590563472222226 0.5441192445312499 0.41102374027777777
6 0.76854354453125 0.3514961652777778 0.76854354453125 0.385511925 0.79365673984375 0.385511925 0.79365673984375 0.3514961652777778
6 0.7450248125 0.3550394680555556 0.7450248125 0.3933071958333333 0.75817934453125 0.3933071958333333 0.75817934453125 0.3550394680555556
2 0.4452609625 0.4670080138888889 0.4452609625 0.4776379375 0.46439482578125 0.4776379375 0.46439482578125 0.4670080138888889
2 0.41855326562500006 0.4471654833333334 0.41855326562500006 0.4918111652777778 0.44007886249999995 0.4918111652777778 0.44007886249999995 0.4471654833333334
2 0.3850690046875 0.46488202916666665 0.3850690046875 0.5095277097222223 0.42094499843750005 0.5095277097222223 0.42094499843750005 0.46488202916666665
4 0.904872321875 0.4393702097222222 0.904872321875 0.5159056638888888 0.9168309859375 0.5159056638888888 0.9168309859375 0.4393702097222222
4 0.85464593046875 0.42519696805555557 0.85464593046875 0.5633859833333333 0.8821508585937501 0.5633859833333333 0.8821508585937501 0.42519696805555557
4 0.8187699359374999 0.42732295277777776 0.8187699359374999 0.5251182555555556 0.84268726484375 0.5251182555555556 0.84268726484375 0.42732295277777776
4 0.77930634375 0.4400788611111111 0.77930634375 0.5357481791666667 0.79963607265625 0.5357481791666667 0.79963607265625 0.4400788611111111
4 0.737451015625 0.43370090833333336 0.737451015625 0.5676379541666666 0.76256421171875 0.5676379541666666 0.76256421171875 0.43370090833333336
4 0.72070888515625 0.44220484861111115 0.72070888515625 0.5570080291666666 0.7458220812499999 0.5570080291666666 0.7458220812499999 0.44220484861111115
4 0.6513486296875 0.4301576208333333 0.6513486296875 0.48968519861111115 0.6716783601562499 0.48968519861111115 0.6716783601562499 0.4301576208333333
4 0.6680907617187499 0.4386615611111111 0.6680907617187499 0.5130710305555556 0.6824411593749999 0.5130710305555556 0.6824411593749999 0.4386615611111111
4 0.6680907617187499 0.4471654986111111 0.6680907617187499 0.5789765583333333 0.6943998234375 0.5789765583333333 0.6943998234375 0.4471654986111111
4 0.8881301914062499 0.43228360555555556 0.8881301914062499 0.5811025458333333 0.9144392531250001 0.5811025458333333 0.9144392531250001 0.43228360555555556
6 0.67327282421875 0 0.67327282421875 0.06165355972222222 0.69479842109375 0.06165355972222222 0.69479842109375 0
6 0.6924066890625 0 0.6924066890625 0.07086615833333333 0.7175198843749999 0.07086615833333333 0.7175198843749999 0
2 0.365935140625 0.4315749208333334 0.365935140625 0.6356694666666667 0.6684893578125 0.6356694666666667 0.6684893578125 0.4315749208333334