7 0.050063514843750004 0.17274429305555555 0.050063514843750004 0.1939550097222222 0.07462739453125 0.1939550097222222 0.07462739453125 0.17274429305555555
7 0.0198850296875 0.1889642513888889 0.0198850296875 0.2064318986111111 0.0472562140625 0.2064318986111111 0.0472562140625 0.1889642513888889
7 0.02830693203125 0.22140416666666668 0.02830693203125 0.24511026388888887 0.07111826484375 0.24511026388888887 0.07111826484375 0.22140416666666668
6 0.5581849195312499 0 0.5581849195312499 0.0741768513888889 0.5806433265625001 0.0741768513888889 0.5806433265625001 0
6 0.53642834296875 0.0005631875 0.53642834296875 0.07168147083333333 0.5602903984375 0.07168147083333333 0.5602903984375 0.0005631875
6 0.0184813828125 0.2713117347222222 0.0184813828125 0.3099901013888889 0.045150737499999996 0.3099901013888889 0.045150737499999996 0.2713117347222222
6 0.05427446484375 0.26133022638888886 0.05427446484375 0.3099901013888889 0.07041644453125 0.3099901013888889 0.07041644453125 0.26133022638888886
4 0.8262821273437501 0.3312008152777778 0.8262821273437501 0.5058772986111111 0.8606715609375 0.5058772986111111 0.8606715609375 0.3312008152777778
4 0.64455621953125 0.3638261625 0.64455621953125 0.4486690222222222 0.6642073234375 0.4486690222222222 0.6642073234375 0.3638261625
4 0.664207321875 0.35883540694444443 0.664207321875 0.44367826666666665 0.6789456484375 0.44367826666666665 0.6789456484375 0.35883540694444443
4 0.6258876609375 0.3768021208333333 0.6258876609375 0.4042512833333333 0.6308004367187501 0.4042512833333333 0.6308004367187501 0.3768021208333333
2 0.3843179921875 0.3907896347222222 0.3843179921875 0.41678450972222225 0.39504088203125 0.41678450972222225 0.39504088203125 0.3907896347222222
2 0.3638470265625 0.38385766805555555 0.3638470265625 0.42025049305555556 0.38724241406250004 0.42025049305555556 0.38724241406250004 0.38385766805555555
2 0.359947796875 0.3890566416666667 0.359947796875 0.42544946805555556 0.37944395234375 0.42544946805555556 0.37944395234375 0.3890566416666667
2 0.345325678125 0.38559065833333334 0.345325678125 0.43411442777777776 0.36677145234375 0.43411442777777776 0.36677145234375 0.38559065833333334
2 0.32290510078125 0.38732365138888886 0.32290510078125 0.43584742083333333 0.35507375859375 0.43584742083333333 0.35507375859375 0.38732365138888886
2 0.28878682421875 0.3890566416666667 0.28878682421875 0.4497113513888889 0.3307035625 0.4497113513888889 0.3307035625 0.3890566416666667
2 0.24004643046875002 0.38385766805555555 0.24004643046875002 0.4601093027777778 0.29561047890625003 0.4601093027777778 0.29561047890625003 0.38385766805555555
2 0.52176589921875 0.382124675 0.52176589921875 0.40118758611111105 0.5315139765625 0.40118758611111105 0.5315139765625 0.382124675
2 0.528589553125 0.38732365138888886 0.528589553125 0.4167845152777778 0.5510101359374999 0.4167845152777778 0.5510101359374999 0.38732365138888886
2 0.5354132093749999 0.3665277486111111 0.5354132093749999 0.44971135416666663 0.6065741828125 0.44971135416666663 0.6065741828125 0.3665277486111111
1 0.39796530234375 0.30760602916666663 0.39796530234375 0.39425561805555553 0.4710758890625 0.39425561805555553 0.4710758890625 0.30760602916666663
2 0 0.3249359486111111 0 0.5848847055555555 0.24784489609375 0.5848847055555555 0.24784489609375 0.3249359486111111
2 0.39309126484375 0.3474648458333333 0.39309126484375 0.5380939347222222 0.537362825 0.5380939347222222 0.537362825 0.3474648458333333
2 0.5636826359375 0.38559065833333334 0.5636826359375 0.47397323611111114 0.6397176484375 0.47397323611111114 0.6397176484375 0.38559065833333334