2 0.49306606718749996 0.4139059625 0.49306606718749996 0.43499969861111115 0.50756801015625 0.43499969861111115 0.50756801015625 0.4139059625
2 0.44692352109375 0.4124997152777778 0.44692352109375 0.4453121944444444 0.47592740703125 0.4453121944444444 0.47592740703125 0.4124997152777778
2 0.4416500859375 0.41953096111111116 0.4416500859375 0.4382809486111111 0.44956023671875 0.4382809486111111 0.44956023671875 0.41953096111111116
2 0.43110321953125 0.41953096111111116 0.43110321953125 0.4429684472222222 0.44296844531249996 0.4429684472222222 0.44296844531249996 0.41953096111111116
2 0.417919634375 0.42187470972222224 0.417919634375 0.44999968888888886 0.43373993593750004 0.44999968888888886 0.43373993593750004 0.42187470972222224
2 0.39023410703125 0.4124997152777778 0.39023410703125 0.4593746847222222 0.42055635156250004 0.4593746847222222 0.42055635156250004 0.4124997152777778
2 0.35332006953125 0.41953096111111116 0.35332006953125 0.4640621805555556 0.39155246484375 0.4640621805555556 0.39155246484375 0.41953096111111116
2 0.5655757828125 0.4124997152777778 0.5655757828125 0.43124970277777774 0.5748042921875001 0.43124970277777774 0.5748042921875001 0.4124997152777778
2 0.555028915625 0.4124997152777778 0.555028915625 0.43124970277777774 0.56689414140625 0.43124970277777774 0.56689414140625 0.4124997152777778
2 0.5326168210937501 0.4054684722222222 0.5326168210937501 0.4429684472222222 0.55766563203125 0.4429684472222222 0.55766563203125 0.4054684722222222
2 0.6024898210937499 0.400780975 0.6024898210937499 0.46171843194444445 0.63149370625 0.46171843194444445 0.63149370625 0.400780975
2 0.6196284796875 0.40312472222222223 0.6196284796875 0.47578092222222224 0.671044459375 0.47578092222222224 0.671044459375 0.40312472222222223
2 0.70136670546875 0.38303543749999996 0.70136670546875 0.5541290694444445 0.8503412125 0.5541290694444445 0.8503412125 0.38303543749999996
2 0.5734859328125 0.4135041666666667 0.5734859328125 0.44162915138888886 0.59721638515625 0.44162915138888886 0.59721638515625 0.4135041666666667
2 0.49702114296875 0.4158479152777778 0.49702114296875 0.5025666055555555 0.5537105570312499 0.5025666055555555 0.5537105570312499 0.4158479152777778
2 0.47065397265625003 0.40881667083333334 0.47065397265625003 0.4510041402777778 0.49702114296875 0.4510041402777778 0.49702114296875 0.40881667083333334
2 0.30454080703124997 0.4275666569444444 0.30454080703124997 0.4861603666666667 0.3559567875 0.4861603666666667 0.3559567875 0.4275666569444444
2 0.6356300523437499 0.41765595555555557 0.6356300523437499 0.4903121541666666 0.6989112578125 0.4903121541666666 0.6989112578125 0.41765595555555557
2 0.031821873437499995 0.4504684333333333 0.031821873437499995 0.5648684236111111 0.17265788359375 0.5648684236111111 0.17265788359375 0.4504684333333333
2 0 0.4504684333333333 0 0.5699996013888889 0.04896053359375 0.5699996013888889 0.04896053359375 0.4504684333333333
2 0.75691903125 0.4082809625 0.75691903125 0.6356245555555555 0.99949698984375 0.6356245555555555 0.99949698984375 0.4082809625