2 0.46795154140625 0.5182172597222222 0.46795154140625 0.5424978555555555 0.48434094296875 0.5424978555555555 0.48434094296875 0.5182172597222222
2 0.4269780390625 0.5157892 0.4269780390625 0.5764906861111111 0.462488409375 0.5764906861111111 0.462488409375 0.5157892
2 0.41028135624999995 0.5147486166666667 0.41028135624999995 0.5535975680555555 0.432133890625 0.5535975680555555 0.432133890625 0.5147486166666667
2 0.37886833593749997 0.5050363777777778 0.37886833593749997 0.5754501041666666 0.42530497421874996 0.5754501041666666 0.42530497421874996 0.5050363777777778
2 0.37067363515624996 0.5171766763888889 0.37067363515624996 0.5827342819444444 0.40891557343749996 0.5827342819444444 0.40891557343749996 0.5171766763888889
2 0.36794206796875 0.529316975 0.36794206796875 0.5973026402777778 0.40208665390625004 0.5973026402777778 0.40208665390625004 0.529316975
2 0.34882109921875004 0.5147486166666667 0.34882109921875004 0.6191551763888888 0.38296568671875 0.6191551763888888 0.38296568671875 0.5147486166666667
2 0.31467651328125 0.5123205555555556 0.31467651328125 0.6312954708333334 0.37203941953125 0.6312954708333334 0.37203941953125 0.5123205555555556
2 0.21907166953125 0.5074644375 0.21907166953125 0.6652883055555556 0.35018688359375 0.6652883055555556 0.35018688359375 0.5074644375
2 0.14258779531250002 0.5375723763888889 0.14258779531250002 0.7245329583333333 0.2982871109375 0.7245329583333333 0.2982871109375 0.5375723763888889
2 0.485399446875 0.5205759569444445 0.485399446875 0.5400004347222223 0.50042306484375 0.5400004347222223 0.50042306484375 0.5205759569444445
2 0.49222836328125 0.5254320777777778 0.49222836328125 0.5521407319444445 0.50452041484375 0.5521407319444445 0.50452041484375 0.5254320777777778
2 0.50042306484375 0.5254320777777778 0.50042306484375 0.5594249097222223 0.51271511640625 0.5594249097222223 0.51271511640625 0.5254320777777778
2 0.5072519828125001 0.5230040180555555 0.5072519828125001 0.56913715 0.5304703015625 0.56913715 0.5304703015625 0.5230040180555555
2 0.5195440328125 0.5278601361111112 0.5195440328125 0.5837055055555556 0.561883321875 0.5837055055555556 0.561883321875 0.5278601361111112
2 0.5523228375 0.5205759569444445 0.5523228375 0.6176983375 0.61241731015625 0.6176983375 0.61241731015625 0.5205759569444445
2 0.5687122398437501 0.5302881944444444 0.5687122398437501 0.6395508722222222 0.63700141328125 0.6395508722222222 0.63700141328125 0.5302881944444444
2 0.5973936921874999 0.5375723763888889 0.5973936921874999 0.6759717680555556 0.684803834375 0.6759717680555556 0.684803834375 0.5375723763888889
2 0.6301724953125001 0.5254320777777778 0.6301724953125001 0.7488135513888889 0.8282111000000001 0.7488135513888889 0.8282111000000001 0.5254320777777778
2 0.7339720398437499 0.5982738625 0.7339720398437499 0.9673389083333334 0.9975682499999999 0.9673389083333334 0.9975682499999999 0.5982738625
2 0.0019120968750000003 0.5108637194444445 0.0019120968750000003 0.8605042888888889 0.20268226796875002 0.8605042888888889 0.20268226796875002 0.5108637194444445
6 0.4783656609375 0.4916820513888889 0.4783656609375 0.5111065263888889 0.4879261453125 0.5111065263888889 0.4879261453125 0.4916820513888889
6 0.46197626015625 0.4916820513888889 0.46197626015625 0.5135345847222222 0.47290252890625 0.5135345847222222 0.47290252890625 0.4916820513888889