6 0.0855688875 0.2131254638888889 0.0855688875 0.287898875 0.10468708984375 0.287898875 0.10468708984375 0.2131254638888889
6 0.5586338421875 0.3398791375 0.5586338421875 0.4007709597222222 0.57469313203125 0.4007709597222222 0.57469313203125 0.3398791375
6 0.0057354617187499995 0.4676736888888889 0.0057354617187499995 0.5288519361111111 0.018735839843749998 0.5288519361111111 0.018735839843749998 0.4676736888888889
6 0.11662102890625 0.21208457361111113 0.11662102890625 0.2882175027777778 0.13879814140625 0.2882175027777778 0.13879814140625 0.21208457361111113
7 0.23840826328125 0.5244547444444444 0.23840826328125 0.5553982875 0.252283875 0.5553982875 0.252283875 0.5244547444444444
7 0.8101868828125 0.41813630277777775 0.8101868828125 0.4358100152777778 0.8277756257812501 0.4358100152777778 0.8277756257812501 0.41813630277777775
7 0.80101014765625 0.43729205416666667 0.80101014765625 0.4552322402777778 0.8282479687500001 0.4552322402777778 0.8282479687500001 0.43729205416666667
7 0.81324579609375 0.4630003513888889 0.81324579609375 0.47659551527777777 0.8423054625 0.47659551527777777 0.8423054625 0.4630003513888889
7 0.79106868046875 0.4589217986111111 0.79106868046875 0.4752359986111111 0.81095161171875 0.4752359986111111 0.81095161171875 0.4589217986111111
6 0.8338116781249999 0.5103625055555555 0.8338116781249999 0.5443504208333333 0.84987096640625 0.5443504208333333 0.84987096640625 0.5103625055555555
6 0.82188191015625 0.5111782194444444 0.82188191015625 0.5438066166666667 0.8348822890625 0.5438066166666667 0.8348822890625 0.5111782194444444
7 0.60528225 0.5166162833333333 0.60528225 0.5506041944444444 0.61904735546875 0.5506041944444444 0.61904735546875 0.5166162833333333
6 0.47816359765625 0.5445674722222222 0.47816359765625 0.5663197388888889 0.48581087734375006 0.5663197388888889 0.48581087734375006 0.5445674722222222
6 0.47399235703125 0.5483988444444444 0.47399235703125 0.5674320791666667 0.48087490703125 0.5674320791666667 0.48087490703125 0.5483988444444444
2 0.45098881171875 0.5932930263888889 0.45098881171875 0.6123262597222222 0.47087173828125 0.6123262597222222 0.47087173828125 0.5932930263888889
2 0.3875163828125 0.5987310958333333 0.3875163828125 0.6136857805555556 0.40663458671874997 0.6136857805555556 0.40663458671874997 0.5987310958333333
2 0.3638098140625 0.5946525430555556 0.3638098140625 0.613685775 0.38675165234375003 0.613685775 0.38675165234375003 0.5946525430555556
2 0.35157416406249997 0.5960120611111112 0.35157416406249997 0.6232023916666667 0.37910437421875 0.6232023916666667 0.37910437421875 0.5960120611111112
2 0.34545633984375 0.6028096458333333 0.34545633984375 0.6354380416666667 0.36686872578125 0.6354380416666667 0.36686872578125 0.6028096458333333
2 0.3026315703125 0.5824168944444444 0.3026315703125 0.6966162833333333 0.36151563124999997 0.6966162833333333 0.36151563124999997 0.5824168944444444
2 0.46781282890625003 0.5769788263888889 0.46781282890625003 0.6762235347222222 0.53510889921875 0.6762235347222222 0.53510889921875 0.5769788263888889
2 0.5166773828125 0.5539032666666667 0.5166773828125 0.7669429861111111 0.670585840625 0.7669429861111111 0.670585840625 0.5539032666666667
2 0.89618062109375 0.5475665291666667 0.89618062109375 0.7311012569444445 0.9978894531250001 0.7311012569444445 0.9978894531250001 0.5475665291666667
2 0.6049767421875 0.5561457916666667 0.6049767421875 0.9889527944444445 0.9994189085937499 0.9889527944444445 0.9994189085937499 0.5561457916666667
4 0 0.6464819763888888 0 0.9945182111111112 0.19693539765625 0.9945182111111112 0.19693539765625 0.6464819763888888
4 0.0285498421875 0.6013594916666667 0.0285498421875 0.6584591861111111 0.048432771875 0.6584591861111111 0.048432771875 0.6013594916666667
4 0.07825716875 0.6122356263888888 0.07825716875 0.6679758055555556 0.09737537109375 0.6679758055555556 0.09737537109375 0.6122356263888888
4 0.16773034765625 0.6067975597222223 0.16773034765625 0.6625377388888889 0.1792012703125 0.6625377388888889 0.1792012703125 0.6067975597222223
4 0.15396524218750002 0.616314176388889 0.15396524218750002 0.6747733861111112 0.16773034765625 0.6747733861111112 0.16773034765625 0.616314176388889
4 0.12567030546875 0.6036253472222223 0.12567030546875 0.6851963375 0.14402377890625 0.6851963375 0.14402377890625 0.6036253472222223
2 0.17172392265625 0.5611876555555556 0.17172392265625 0.7691936833333333 0.33384626953124996 0.7691936833333333 0.33384626953124996 0.5611876555555556
2 0.40726016328125 0.5856589527777778 0.40726016328125 0.6074112194444444 0.4554380328125 0.6074112194444444 0.4554380328125 0.5856589527777778
2 0.3147280671875 0.5965350875000001 0.3147280671875 0.9432118069444444 0.546440665625 0.9432118069444444 0.546440665625 0.5965350875000001