2 0.8324115289062499 0.5390621305555555 0.8324115289062499 0.6960932694444445 0.9985246968749999 0.6960932694444445 0.9985246968749999 0.5390621305555555
2 0.73696238359375 0.5531246194444445 0.73696238359375 0.6089058374999999 0.8305658359375 0.6089058374999999 0.8305658359375 0.5531246194444445
2 0.5326168210937501 0.5367183819444444 0.5326168210937501 0.6304683166666667 0.68422804375 0.6304683166666667 0.68422804375 0.5367183819444444
2 0.43637665390624997 0.5249996388888889 0.43637665390624997 0.6018745958333334 0.56821250078125 0.6018745958333334 0.56821250078125 0.5249996388888889
2 0.35991186171875 0.5414058763888889 0.35991186171875 0.5718746041666667 0.40869112578125 0.5718746041666667 0.40869112578125 0.5414058763888889
2 0.41132784296875 0.5315621416666667 0.41132784296875 0.5854683541666666 0.47329068984375 0.5854683541666666 0.47329068984375 0.5315621416666667
2 0.33749976796875003 0.5409371347222223 0.33749976796875003 0.5690621152777777 0.35727514453125 0.5690621152777777 0.35727514453125 0.5409371347222223
2 0.2518064671875 0.5296871375 0.2518064671875 0.5714058652777777 0.33354469140625 0.5714058652777777 0.33354469140625 0.5296871375
2 0.22807601484375 0.532030886111111 0.22807601484375 0.5671871083333333 0.26762676875 0.5671871083333333 0.26762676875 0.532030886111111
2 0.6974116296874999 0.5523433819444444 0.6974116296874999 0.5968746027777777 0.75014596875 0.5968746027777777 0.75014596875 0.5523433819444444
2 0.66313431015625 0.5570308791666666 0.66313431015625 0.5898433569444445 0.70004834765625 0.5898433569444445 0.70004834765625 0.5570308791666666
2 0.83583926875 0.5476558847222222 0.83583926875 0.5851558597222223 0.88725525078125 0.5851558597222223 0.88725525078125 0.5476558847222222
2 0.8608880796875 0.5593746277777778 0.8608880796875 0.5828121125 0.8991204757812501 0.5828121125 0.8991204757812501 0.5593746277777778
2 0.01845701875 0.4960934194444444 0.01845701875 0.5874996083333333 0.13842763984375 0.5874996083333333 0.13842763984375 0.4960934194444444
2 0.056689414843749994 0.5148434083333333 0.056689414843749994 0.6085933430555556 0.23730452500000002 0.6085933430555556 0.23730452500000002 0.5148434083333333
7 0.6090816125 0.45156220277777775 0.6090816125 0.5101559125 0.62622027265625 0.5101559125 0.62622027265625 0.45156220277777775
7 0 0.1062499138888889 0 0.21874983611111112 0.044824188281249996 0.21874983611111112 0.044824188281249996 0.1062499138888889
7 0 0.0015624749999999998 0 0.08359366805555556 0.059326131250000004 0.08359366805555556 0.059326131250000004 0.0015624749999999998
7 0.0247978078125 0.22529886666666665 0.0247978078125 0.3949845916666667 0.03532518515625 0.3949845916666667 0.03532518515625 0.22529886666666665
7 0.65761016484375 0.5131121652777778 0.65761016484375 0.5305798125 0.6667338921875 0.5305798125 0.6667338921875 0.5131121652777778
7 0.630238984375 0.5006352736111112 0.630238984375 0.5181029222222222 0.63515176015625 0.5181029222222222 0.63515176015625 0.5006352736111112