6 0.6145363164062501 0.13218740972222223 0.6145363164062501 0.18749987083333333 0.6211281093750001 0.18749987083333333 0.6211281093750001 0.13218740972222223
6 0.09246636328124999 0.11484367083333334 0.09246636328124999 0.18515612222222222 0.10564994765624999 0.18515612222222222 0.10564994765624999 0.11484367083333334
6 0.10696830625 0.12421866527777778 0.10696830625 0.19687486527777776 0.1188335328125 0.19687486527777776 0.1188335328125 0.12421866527777778
6 0.6224464671875001 0.13593740694444445 0.6224464671875001 0.19218736805555559 0.63299333515625 0.19218736805555559 0.63299333515625 0.13593740694444445
6 0.96917474453125 0.37265599444444447 0.96917474453125 0.40781221944444446 0.98367668828125 0.40781221944444446 0.98367668828125 0.37265599444444447
6 0.725278428125 0.4289059555555556 0.725278428125 0.46171843194444445 0.7345069375 0.46171843194444445 0.7345069375 0.4289059555555556
2 0.26780803984375 0.4687496777777778 0.26780803984375 0.5085934 0.29022013359375 0.5085934 0.29022013359375 0.4687496777777778
2 0.257261171875 0.4687496777777778 0.257261171875 0.5015621555555556 0.26780803984375 0.5015621555555556 0.26780803984375 0.4687496777777778
2 0.2414408703125 0.4640621805555556 0.2414408703125 0.5015621555555556 0.257261171875 0.5015621555555556 0.257261171875 0.4640621805555556
2 0.23353071953125001 0.46171843194444445 0.23353071953125001 0.5015621555555556 0.25198773750000003 0.5015621555555556 0.25198773750000003 0.46171843194444445
2 0.21902877578125 0.4546871875 0.21902877578125 0.5062496513888889 0.24012251171875 0.5062496513888889 0.24012251171875 0.4546871875
2 0.19925339921875002 0.44999969027777775 0.19925339921875002 0.5156246458333333 0.21902877578125 0.5156246458333333 0.21902877578125 0.44999969027777775
2 0.13992726796875 0.4453121944444444 0.13992726796875 0.5390621291666666 0.20716355000000003 0.5390621291666666 0.20716355000000003 0.4453121944444444
5 0.20848190859375001 0.44999969027777775 0.20848190859375001 0.5437496263888889 0.22957564375 0.5437496263888889 0.22957564375 0.44999969027777775
0 0.19002488984375 0.4710934263888889 0.19002488984375 0.5367183805555555 0.22562056875 0.5367183805555555 0.22562056875 0.4710934263888889
0 0.10169487265624999 0.48281216805555555 0.10169487265624999 0.5578121166666666 0.1504741359375 0.5578121166666666 0.1504741359375 0.48281216805555555
5 0.11224173984375001 0.4242184583333334 0.11224173984375001 0.5507808708333334 0.13992726796875 0.5507808708333334 0.13992726796875 0.4242184583333334
2 0.26517132265625 0.4406246972222222 0.26517132265625 0.6187495749999999 0.43128448984374995 0.6187495749999999 0.43128448984374995 0.4406246972222222
4 0.684409315625 0.47578092222222224 0.684409315625 0.5578121166666666 0.69891125859375 0.5578121166666666 0.69891125859375 0.47578092222222224
2 0.64222184453125 0.40312472222222223 0.64222184453125 0.7078120138888888 0.99949698984375 0.7078120138888888 0.99949698984375 0.40312472222222223