4 0.02524239453125 0.4416484041666667 0.02524239453125 0.5594462444444445 0.062054219531249996 0.5594462444444445 0.062054219531249996 0.4416484041666667
4 0.1398849359375 0.45099743888888894 0.1398849359375 0.5893631555555555 0.16723086328125 0.5893631555555555 0.16723086328125 0.45099743888888894
4 0.3376170234375 0.48652377222222226 0.3376170234375 0.5220501055555555 0.34708292265625 0.5220501055555555 0.34708292265625 0.48652377222222226
4 0.32815112578125 0.48839357916666665 0.32815112578125 0.5239199111111111 0.34392762265625 0.5239199111111111 0.34392762265625 0.48839357916666665
4 0.37337708203125 0.49213319305555553 0.37337708203125 0.5239199111111111 0.38179121562499996 0.5239199111111111 0.38179121562499996 0.49213319305555553
4 0.36285941718750003 0.48839357916666665 0.36285941718750003 0.5127010680555556 0.3712735484375 0.5127010680555556 0.3712735484375 0.48839357916666665
4 0.41544773984375 0.5070916486111111 0.41544773984375 0.5426179819444444 0.42386187109374995 0.5426179819444444 0.42386187109374995 0.5070916486111111
4 0.069416584375 0.4566068597222222 0.069416584375 0.6136706458333333 0.1083319421875 0.6136706458333333 0.1083319421875 0.4566068597222222
4 0.11359077421875 0.4584766666666667 0.11359077421875 0.5949725777777778 0.14304023359375 0.5949725777777778 0.14304023359375 0.4584766666666667
4 0.20299092109375 0.46782570138888885 0.20299092109375 0.5762745083333333 0.22612978203125 0.5762745083333333 0.22612978203125 0.46782570138888885
4 0.29239106718749996 0.4771747388888889 0.29239106718749996 0.5594462444444445 0.31237462968749996 0.5594462444444445 0.31237462968749996 0.4771747388888889
4 0.35234175390625 0.49213319305555553 0.35234175390625 0.5631858597222222 0.36706648359375 0.5631858597222222 0.36706648359375 0.49213319305555553
4 0.7309776679687501 0.5500972111111111 0.7309776679687501 0.5912329625 0.7425471 0.5912329625 0.7425471 0.5500972111111111
4 0.7404435671875 0.5463575958333333 0.7404435671875 0.5912329611111111 0.74990946484375 0.5912329611111111 0.74990946484375 0.5463575958333333
4 0.7541165296875 0.5444877888888888 0.7541165296875 0.5949725736111111 0.7635824273437499 0.5949725736111111 0.7635824273437499 0.5444877888888888
4 0.8702315687500001 0.5706650861111111 0.8702315687500001 0.6267592944444444 0.8828527656249999 0.6267592944444444 0.8828527656249999 0.5706650861111111
9 0.49012315624999997 0.49362904444444444 0.49012315624999997 0.5291553763888889 0.50695141875 0.5291553763888889 0.50695141875 0.49362904444444444
9 0.5879374335937501 0.4394046416666667 0.5879374335937501 0.6207759194444444 0.68890701015625 0.6207759194444444 0.68890701015625 0.4394046416666667
2 0.50695141875 0.5093354388888889 0.50695141875 0.5242938958333333 0.5153655500000001 0.5242938958333333 0.5153655500000001 0.5093354388888889
2 0.51010671796875 0.49624679027777774 0.51010671796875 0.5710390722222222 0.5521773750000001 0.5710390722222222 0.5521773750000001 0.49624679027777774
2 0.54691854296875 0.4999864041666667 0.54691854296875 0.5224240902777778 0.5616432734375 0.5224240902777778 0.5616432734375 0.4999864041666667
2 0.47750195859375 0.5093354388888889 0.47750195859375 0.518684475 0.49433022109375 0.518684475 0.49433022109375 0.5093354388888889
2 0.28608046953125 0.4981166 0.28608046953125 0.5579504222222222 0.38705004609375 0.5579504222222222 0.38705004609375 0.4981166
2 0.8933704304687501 0.6028257888888888 0.8933704304687501 0.6402219291666666 0.9049398609375 0.6402219291666666 0.9049398609375 0.6028257888888888
2 0.47119136015625 0.5146643708333334 0.47119136015625 0.5558001263888889 0.5016925875 0.5558001263888889 0.5016925875 0.5146643708333334
2 0.420706571875 0.5053153375 0.420706571875 0.5931962652777778 0.47224312656249995 0.5931962652777778 0.47224312656249995 0.5053153375
2 0.5216761492187499 0.49783610972222225 0.5216761492187499 0.6698583541666667 0.613179828125 0.6698583541666667 0.613179828125 0.49783610972222225
9 0.8987344125 0.5207412458333334 0.8987344125 0.7189407847222223 0.99970398984375 0.7189407847222223 0.99970398984375 0.5207412458333334
7 0.23138861406250003 0.3777010111111111 0.23138861406250003 0.4375348347222222 0.26294160624999996 0.4375348347222222 0.26294160624999996 0.3777010111111111
7 0.34813468828125 0.43379522083333333 0.34813468828125 0.45249329027777774 0.35760058671875 0.45249329027777774 0.35760058671875 0.43379522083333333
7 0.3902053453125 0.3963990805555555 0.3902053453125 0.4076179208333333 0.4070336078125 0.4076179208333333 0.4070336078125 0.3963990805555555
7 0.4070336078125 0.45249329027777774 0.4070336078125 0.4768007791666667 0.41860303984374997 0.4768007791666667 0.41860303984374997 0.45249329027777774
7 0.7719965585937499 0.4768007805555555 0.7719965585937499 0.49175924027777773 0.78987658828125 0.49175924027777773 0.78987658828125 0.4768007805555555
7 0.6889070109375 0.4599725180555555 0.6889070109375 0.48801962361111106 0.698372909375 0.48801962361111106 0.698372909375 0.4599725180555555
6 0.39230887812500004 0.42444618611111107 0.39230887812500004 0.45436309722222223 0.40072300937499994 0.45436309722222223 0.40072300937499994 0.42444618611111107
6 0.38073944765625 0.4599725180555555 0.38073944765625 0.4786705875 0.39336064453124997 0.4786705875 0.39336064453124997 0.4599725180555555
6 0.5016925875 0.36087274861111107 0.5016925875 0.3963990805555555 0.51010671796875 0.3963990805555555 0.51010671796875 0.36087274861111107
6 0.6478881210937499 0.4188367652777778 0.6478881210937499 0.44688386944444447 0.65419871875 0.44688386944444447 0.65419871875 0.4188367652777778
6 0.77935892421875 0.5216761472222222 0.77935892421875 0.542244025 0.78987658828125 0.542244025 0.78987658828125 0.5216761472222222
4 0.80144601953125 0.5628119027777778 0.80144601953125 0.618906111111111 0.8140672171875 0.618906111111111 0.8140672171875 0.5628119027777778
4 0.780410690625 0.5665515166666667 0.780410690625 0.6132966902777778 0.7940836531250001 0.6132966902777778 0.7940836531250001 0.5665515166666667
0 0.143040234375 0.5156927722222222 0.143040234375 0.6204019638888889 0.19773208828125 0.6204019638888889 0.19773208828125 0.5156927722222222