2 0.04289154453125 0.5476253847222222 0.04289154453125 0.6446729222222223 0.13549829062500002 0.6446729222222223 0.13549829062500002 0.5476253847222222
2 0.3597040953125 0.6169450569444445 0.3597040953125 0.6221440305555556 0.37725063593749997 0.6221440305555556 0.37725063593749997 0.6169450569444445
2 0.70810044296875 0.5531709555555556 0.70810044296875 0.6883443097222223 0.890389509375 0.6883443097222223 0.890389509375 0.5531709555555556
2 0 0.5619844694444445 0 0.65036705 0.04191673671875 0.65036705 0.04191673671875 0.5619844694444445
2 0.8253373296875001 0.5320284611111111 0.8253373296875001 0.7365214819444444 0.9998279328124999 0.7365214819444444 0.9998279328124999 0.5320284611111111
2 0.38641382421875 0.5722338638888889 0.38641382421875 0.622490625 0.4254061390625 0.622490625 0.4254061390625 0.5722338638888889
4 0.44158795390625 0.5510913694444444 0.44158795390625 0.61694505 0.45231084062500004 0.61694505 0.45231084062500004 0.5510913694444444
4 0.65604568046875 0.44364588194444443 0.65604568046875 0.7729143083333333 0.72915626796875 0.7729143083333333 0.72915626796875 0.44364588194444443
4 0.6121793273437499 0.4804719569444445 0.6121793273437499 0.7282897736111111 0.6599449125 0.7282897736111111 0.6599449125 0.4804719569444445
4 0.70283645625 0.6797660027777778 0.70283645625 0.740420713888889 0.71940818984375 0.740420713888889 0.71940818984375 0.6797660027777778
7 0.9253363468750001 0.4458121208333334 0.9253363468750001 0.5185977736111111 0.94483250390625 0.5185977736111111 0.94483250390625 0.4458121208333334
7 0.67968476953125 0.38689040416666665 0.67968476953125 0.4527440888888889 0.69430688671875 0.4527440888888889 0.69430688671875 0.38689040416666665
7 0.4669329578125 0.23092114722222223 0.4669329578125 0.2638479902777778 0.53809393046875 0.2638479902777778 0.53809393046875 0.23092114722222223
7 0.48545430625 0.27424594027777777 0.48545430625 0.31583774305555556 0.51664815859375 0.31583774305555556 0.51664815859375 0.27424594027777777
7 0.51177412109375 0.3193037263888889 0.51177412109375 0.3331676611111111 0.54296797265625 0.3331676611111111 0.54296797265625 0.3193037263888889
7 0.10881291171875 0.5186596777777778 0.10881291171875 0.5377225875 0.11758618125 0.5377225875 0.11758618125 0.5186596777777778
6 0.5137237359375 0.3677408402777778 0.5137237359375 0.39561726666666663 0.529320659375 0.39561726666666663 0.529320659375 0.3677408402777778
6 0.6589701031249999 0.3500643305555556 0.6589701031249999 0.39338912083333333 0.6813906843749999 0.39338912083333333 0.6813906843749999 0.3500643305555556
6 0.70381126484375 0.38299117083333334 0.70381126484375 0.4228499805555555 0.7272066539062501 0.4228499805555555 0.7272066539062501 0.38299117083333334
6 0.6950379953125 0.43324793194444444 0.6950379953125 0.48697067361111107 0.723307421875 0.48697067361111107 0.723307421875 0.43324793194444444
6 0.49325277109375004 0.5077665763888889 0.49325277109375004 0.528562475 0.5010512312500001 0.528562475 0.5010512312500001 0.5077665763888889