7 0.16796054765625 0.22378546666666668 0.16796054765625 0.2668585027777778 0.18645078203125 0.2668585027777778 0.18645078203125 0.22378546666666668
7 0.49859873046875 0.32806755277777777 0.49859873046875 0.3439365652777778 0.5285656609375 0.3439365652777778 0.5285656609375 0.32806755277777777
6 0.47783137656249997 0.31932340555555555 0.47783137656249997 0.3431269263888889 0.48356972421875 0.3431269263888889 0.48356972421875 0.31932340555555555
6 0.3728104796875 0.30118739166666664 0.3728104796875 0.3295249138888889 0.38173679921875003 0.3295249138888889 0.38173679921875003 0.30118739166666664
6 0.36452175468750003 0.3000538902777778 0.36452175468750003 0.3306584138888889 0.37408566875 0.3306584138888889 0.37408566875 0.3000538902777778
2 0.47245736484374995 0.42603442638888883 0.47245736484374995 0.4725079638888889 0.49859873046875 0.4725079638888889 0.49859873046875 0.42603442638888883
2 0.45414930625 0.4396364361111111 0.45414930625 0.4815759708333333 0.47391472734375 0.4815759708333333 0.47391472734375 0.4396364361111111
2 0.3470334671875 0.4362359333333333 0.3470334671875 0.47590846527777775 0.38018836875 0.47590846527777775 0.38018836875 0.4362359333333333
2 0.32143860390625 0.39656340138888885 0.32143860390625 0.5065129916666666 0.34821756484375 0.5065129916666666 0.34821756484375 0.39656340138888885
4 0.7566422359375 0.3896004625 0.7566422359375 0.5142855652777778 0.7891595437500001 0.5142855652777778 0.7891595437500001 0.3896004625
9 0.11441919062499999 0.24557362083333334 0.11441919062499999 0.5674878833333333 0.32610048984375 0.5674878833333333 0.32610048984375 0.24557362083333334
2 0.36545744765625 0.3688160847222222 0.36545744765625 0.5592442402777777 0.4655597484375 0.5592442402777777 0.4655597484375 0.3688160847222222
2 0.50555429296875 0.2940050236111111 0.50555429296875 0.6193197902777778 0.72679950625 0.6193197902777778 0.72679950625 0.2940050236111111
2 0.00139111796875 0.24413098194444444 0.00139111796875 0.7031988583333333 0.21486926875 0.7031988583333333 0.21486926875 0.24413098194444444
2 0.76325830859375 0.3212090472222222 0.76325830859375 0.7937758819444445 0.9978930023437499 0.7937758819444445 0.9978930023437499 0.3212090472222222