9 0.42826735625 0.4008873972222223 0.42826735625 0.4581059375 0.45341222265625003 0.4581059375 0.45341222265625003 0.4008873972222223
2 0.412174640625 0.42055627222222225 0.412174640625 0.44737746250000004 0.4272615609375 0.44737746250000004 0.4272615609375 0.42055627222222225
2 0.31461256015625 0.372278125 0.31461256015625 0.5224767958333333 0.41116884843749996 0.5224767958333333 0.41116884843749996 0.372278125
2 0.294496665625 0.4187681916666667 0.294496665625 0.47241057499999994 0.321653121875 0.47241057499999994 0.321653121875 0.4187681916666667
2 0.16977812734375 0.4241324291666667 0.16977812734375 0.45452977916666665 0.20296935234375 0.45452977916666665 0.20296935234375 0.4241324291666667
4 0.14362746640625 0.4259205069444444 0.14362746640625 0.4777748111111111 0.15569700234375 0.4777748111111111 0.15569700234375 0.4259205069444444
4 0.128540546875 0.42055627222222225 0.128540546875 0.48313905 0.1406100828125 0.48313905 0.1406100828125 0.42055627222222225
4 0.1617317703125 0.42234435000000004 0.1617317703125 0.48135097222222223 0.17380130625 0.48135097222222223 0.17380130625 0.42234435000000004
4 0.18184766328125 0.4259205069444444 0.18184766328125 0.4688344138888889 0.1898940203125 0.4688344138888889 0.1898940203125 0.4259205069444444
4 0.1898940203125 0.42770858749999996 0.1898940203125 0.46525825694444445 0.1959287875 0.46525825694444445 0.1959287875 0.42770858749999996
4 0.20900411953125003 0.4259205069444444 0.20900411953125003 0.4491655388888889 0.22107365546875002 0.4491655388888889 0.22107365546875002 0.4259205069444444
4 0.227108421875 0.4187681916666667 0.227108421875 0.46883441111111107 0.23616057421874997 0.46883441111111107 0.23616057421874997 0.4187681916666667
4 0.23414898593750003 0.4259205069444444 0.23414898593750003 0.46347017638888893 0.2411895484375 0.46347017638888893 0.2411895484375 0.4259205069444444
4 0.24722431640625003 0.42234435000000004 0.24722431640625003 0.45452977916666665 0.25627646875 0.45452977916666665 0.25627646875 0.42234435000000004
4 0.2552706734375 0.4241324291666667 0.2552706734375 0.45452977916666665 0.26130544296874997 0.45452977916666665 0.26130544296874997 0.4241324291666667
4 0.26231123515625 0.42234435000000004 0.26231123515625 0.45452977916666665 0.2713633875 0.45452977916666665 0.2713633875 0.42234435000000004
4 0.27035759296875 0.42234435000000004 0.27035759296875 0.4473774597222222 0.27739815624999997 0.4473774597222222 0.27739815624999997 0.42234435000000004
4 0.09736091015625001 0.42055627222222225 0.09736091015625001 0.4885032888888889 0.11546521328124999 0.4885032888888889 0.11546521328124999 0.42055627222222225
4 0.047071178125 0.41161587222222223 0.047071178125 0.4849271291666667 0.06014650859375 0.4849271291666667 0.06014650859375 0.41161587222222223
4 0.031984258593749995 0.4187681916666667 0.031984258593749995 0.47956288888888887 0.04505958984375 0.47956288888888887 0.04505958984375 0.4187681916666667
4 0.02192631171875 0.42770858749999996 0.02192631171875 0.48671520972222226 0.03399584765625 0.48671520972222226 0.03399584765625 0.42770858749999996
4 0.0068393921875 0.4259205069444444 0.0068393921875 0.4867152069444445 0.02092051796875 0.4867152069444445 0.02092051796875 0.4259205069444444
4 0.47051073203125 0.41161587222222223 0.47051073203125 0.46347017638888893 0.48358606249999997 0.46347017638888893 0.48358606249999997 0.41161587222222223
4 0.49766718671875 0.4134039527777778 0.49766718671875 0.4598940166666667 0.50772513359375 0.4598940166666667 0.50772513359375 0.4134039527777778
4 0.5167772859374999 0.4169801097222222 0.5167772859374999 0.4581059361111111 0.52381784921875 0.4581059361111111 0.52381784921875 0.4169801097222222
4 0.52381784921875 0.41161587222222223 0.52381784921875 0.4473774597222222 0.53588738515625 0.4473774597222222 0.53588738515625 0.41161587222222223
4 0.53588738515625 0.41161587222222223 0.53588738515625 0.45452977916666665 0.54594533203125 0.45452977916666665 0.54594533203125 0.41161587222222223
4 0.5549974828125 0.40803971527777777 0.5549974828125 0.4688344138888889 0.5680728148437499 0.4688344138888889 0.5680728148437499 0.40803971527777777
4 0.59623506484375 0.40803971527777777 0.59623506484375 0.4741986541666666 0.60830460078125 0.4741986541666666 0.60830460078125 0.40803971527777777
4 0.65255956640625 0.39552315972222224 0.65255956640625 0.49207945000000003 0.67569284375 0.49207945000000003 0.67569284375 0.39552315972222224
4 0.6203741375 0.3990993180555556 0.6203741375 0.4759867319444444 0.63646685234375 0.4759867319444444 0.63646685234375 0.3990993180555556
4 0.6485363875 0.3990993180555556 0.6485363875 0.46525825694444445 0.65758853984375 0.46525825694444445 0.65758853984375 0.3990993180555556
4 0.75615641796875 0.3865827597222222 0.75615641796875 0.4652582541666667 0.77426072109375 0.4652582541666667 0.77426072109375 0.3865827597222222
7 0.54493953671875 0.32578806250000003 0.54493953671875 0.3561854097222222 0.5610322515624999 0.3561854097222222 0.5610322515624999 0.32578806250000003
7 0.5429279484375 0.30254303055555554 0.5429279484375 0.32399998333333335 0.5610322515624999 0.32399998333333335 0.5610322515624999 0.30254303055555554
7 0.42726155937500004 0.3633377277777778 0.42726155937500004 0.37585428472222226 0.447377453125 0.37585428472222226 0.447377453125 0.3633377277777778
7 0.2552706734375 0.3400926972222222 0.2552706734375 0.35439733194444445 0.28443871875000004 0.35439733194444445 0.28443871875000004 0.3400926972222222
7 0.21403309296875 0.3597615708333333 0.21403309296875 0.36870196805555555 0.22610263125 0.36870196805555555 0.22610263125 0.3597615708333333
6 0.2059867359375 0.3865827597222222 0.2059867359375 0.4008873972222223 0.21604468203125 0.4008873972222223 0.21604468203125 0.3865827597222222
6 0.3186357375 0.3311523 0.3186357375 0.35439733194444445 0.32467050546875 0.35439733194444445 0.32467050546875 0.3311523
6 0.4061398734375 0.3490330930555556 0.4061398734375 0.37049004722222223 0.411168846875 0.37049004722222223 0.411168846875 0.3490330930555556
4 0.60398944921875 0.40593721388888887 0.60398944921875 0.47156216944444446 0.6184913921875 0.47156216944444446 0.6184913921875 0.40593721388888887