7 0.1481707921875 0.21177158333333332 0.1481707921875 0.26722731944444444 0.17351579687500002 0.26722731944444444 0.17351579687500002 0.21177158333333332
7 0.185213490625 0.37467280555555554 0.185213490625 0.4024006736111111 0.20470964765625 0.4024006736111111 0.20470964765625 0.37467280555555554
7 0.13744790625 0.3296150208333333 0.13744790625 0.3434789541666667 0.1657173328125 0.3434789541666667 0.1657173328125 0.3296150208333333
7 0.33338428359375 0.3781387888888889 0.33338428359375 0.3954687069444444 0.3714017890625 0.3954687069444444 0.3714017890625 0.3781387888888889
7 0.8285866687500001 0.41799759861111113 0.8285866687500001 0.4405264916666667 0.84613321015625 0.4405264916666667 0.84613321015625 0.41799759861111113
7 0.8149393593750001 0.3538769041666667 0.8149393593750001 0.4110656305555556 0.8480828257812499 0.4110656305555556 0.8480828257812499 0.3538769041666667
7 0.80909051171875 0.24989740138888888 0.80909051171875 0.3105521125 0.8549064804687501 0.3105521125 0.8549064804687501 0.24989740138888888
7 0.81298974375 0.18750969999999997 0.81298974375 0.24989740138888888 0.8568560968750001 0.24989740138888888 0.8568560968750001 0.18750969999999997
7 0.81298974375 0.14245191527777776 0.81298974375 0.18750969999999997 0.85978051953125 0.18750969999999997 0.85978051953125 0.14245191527777776
7 0.70673568828125 0.31921707083333334 0.70673568828125 0.3677408388888889 0.7447531953125 0.3677408388888889 0.7447531953125 0.31921707083333334
6 0.7184333820312501 0.40413366527777783 0.7184333820312501 0.4249295652777778 0.7262318453125001 0.4249295652777778 0.7262318453125001 0.40413366527777783
6 0.64532279375 0.31401809583333334 0.64532279375 0.35560989722222225 0.65507087265625 0.35560989722222225 0.65507087265625 0.31401809583333334
6 0.39577198515625 0.3625418638888889 0.39577198515625 0.3937357138888889 0.4055200640625 0.3937357138888889 0.4055200640625 0.3625418638888889
6 0.384074290625 0.36427485555555555 0.384074290625 0.3920027236111111 0.39674679296875 0.3920027236111111 0.39674679296875 0.36427485555555555
6 0.6336250999999999 0.31575108749999997 0.6336250999999999 0.35560989722222225 0.64142356171875 0.35560989722222225 0.64142356171875 0.31575108749999997
6 0.7077104960937499 0.3850707555555556 0.7077104960937499 0.433594525 0.71940818984375 0.433594525 0.71940818984375 0.3850707555555556
6 0.723307421875 0.48905025972222227 0.723307421875 0.4994482097222222 0.7330555000000001 0.4994482097222222 0.7330555000000001 0.48905025972222227
6 0.872453021875 0.44919145 0.872453021875 0.48038529999999996 0.88707513984375 0.48038529999999996 0.88707513984375 0.44919145
6 0.85978051953125 0.45439042500000004 0.85978051953125 0.48731726805555553 0.87342782890625 0.48731726805555553 0.87342782890625 0.45439042500000004
2 0.17059137265625 0.5098461611111111 0.17059137265625 0.5514379638888889 0.185213490625 0.5514379638888889 0.185213490625 0.5098461611111111
2 0.61412894296875 0.5254430861111111 0.61412894296875 0.5860977958333333 0.64532279375 0.5860977958333333 0.64532279375 0.5254430861111111
2 0.7184333820312501 0.5237100944444444 0.7184333820312501 0.5774328375 0.76424935078125 0.5774328375 0.76424935078125 0.5237100944444444
2 0.7281814609375 0.5341080444444445 0.7281814609375 0.6034277138888889 0.82273782109375 0.6034277138888889 0.82273782109375 0.5341080444444445
2 0.956286496875 0.5635689041666667 0.956286496875 0.6138256625 0.9972284265625 0.6138256625 0.9972284265625 0.5635689041666667
9 0.6121793273437499 0.4613223916666667 0.6121793273437499 0.6138256625 0.7398791546875 0.6138256625 0.7398791546875 0.4613223916666667
4 0.7145341507812499 0.5185111180555556 0.7145341507812499 0.6259566055555555 0.738904346875 0.6259566055555555 0.738904346875 0.5185111180555556
4 0.79349358671875 0.5237100944444444 0.79349358671875 0.6398205402777778 0.8217630140625 0.6398205402777778 0.8217630140625 0.5237100944444444
4 0.8792766773437499 0.5375740277777777 0.8792766773437499 0.6484854986111112 0.9026720656249999 0.6484854986111112 0.9026720656249999 0.5375740277777777
4 0.8285866687500001 0.5237100944444444 0.8285866687500001 0.6484854986111112 0.85588128984375 0.6484854986111112 0.85588128984375 0.5237100944444444
4 0.21250811015624999 0.4977152180555556 0.21250811015624999 0.5393070194444445 0.223230996875 0.5393070194444445 0.223230996875 0.4977152180555556
4 0.193011953125 0.48905025972222227 0.193011953125 0.5930297652777777 0.21348291796875 0.5930297652777777 0.21348291796875 0.48905025972222227
4 0.0419167375 0.4405264916666667 0.0419167375 0.6294225902777778 0.0692113578125 0.6294225902777778 0.0692113578125 0.4405264916666667
9 0.2203065734375 0.42666255833333333 0.2203065734375 0.5843648041666667 0.4133185265625 0.5843648041666667 0.4133185265625 0.42666255833333333
2 0.3753010203125 0.4075996486111111 0.3753010203125 0.7524650027777778 0.62485182890625 0.7524650027777778 0.62485182890625 0.4075996486111111
4 0.00023402109375 0.417727675 0.00023402109375 0.5855242527777779 0.03970435234375 0.5855242527777779 0.03970435234375 0.417727675
6 0.71842244375 0.48332088333333334 0.71842244375 0.5062022347222221 0.73386735625 0.5062022347222221 0.73386735625 0.48332088333333334