7 0.56755089453125 0 0.56755089453125 0.03306121805555556 0.5975126234375 0.03306121805555556 0.5975126234375 0
7 0.00034438203125 0.39244889027777774 0.00034438203125 0.5044896847222222 0.042704066406250005 0.5044896847222222 0.042704066406250005 0.39244889027777774
7 0.0013775453125 0.16285710416666666 0.0013775453125 0.39061215555555556 0.07783161093749999 0.39061215555555556 0.07783161093749999 0.16285710416666666
7 0.34335451328125 0.3759182833333333 0.34335451328125 0.4089795 0.35678563359375 0.4089795 0.35678563359375 0.3759182833333333
7 0.42497439453124997 0.36306114166666664 0.42497439453124997 0.3906121583333333 0.44253816640625 0.3906121583333333 0.44253816640625 0.36306114166666664
7 0.4270407203125 0.2363264777777778 0.4270407203125 0.2730611652777778 0.43737235078125 0.2730611652777778 0.43737235078125 0.2363264777777778
7 0.56031875234375 0.03489795138888889 0.56031875234375 0.09918365277777777 0.597512621875 0.09918365277777777 0.597512621875 0.03489795138888889
2 0.35885195859375 0.4034692972222222 0.35885195859375 0.467755 0.39191317578125 0.467755 0.39191317578125 0.4034692972222222
2 0.38571419765625004 0.37224481388888886 0.38571419765625004 0.48428560694444445 0.43014020859375 0.48428560694444445 0.43014020859375 0.37224481388888886
2 0.39811215624999996 0.41816317222222227 0.39811215624999996 0.5246937597222222 0.44253816640625 0.5246937597222222 0.44253816640625 0.41816317222222227
2 0.24107137031249998 0.4053060319444444 0.24107137031249998 0.4530611236111111 0.27413258906250004 0.4530611236111111 0.27413258906250004 0.4053060319444444
1 0.2679336125 0.37040808194444447 0.2679336125 0.4402039833333333 0.31855860078125 0.4402039833333333 0.31855860078125 0.37040808194444447
1 0.52760192578125 0.10040813888888889 0.52760192578125 0.26938769305555554 0.734234534375 0.26938769305555554 0.734234534375 0.10040813888888889
2 0.41378179921875 0.36183665833333334 0.41378179921875 0.6630610847222222 0.62144757109375 0.6630610847222222 0.62144757109375 0.36183665833333334
7 0.4119935984375 0.3051804375 0.4119935984375 0.3581631527777778 0.43345159765624997 0.3581631527777778 0.43345159765624997 0.3051804375