6 0.26894521875 0.5137498208333333 0.26894521875 0.5306248138888889 0.277382715625 0.5306248138888889 0.277382715625 0.5137498208333333
6 0.41398568437499994 0.5681248013888889 0.41398568437499994 0.5831247958333333 0.42187485156250004 0.5831247958333333 0.42187485156250004 0.5681248013888889
6 0.4693357734375 0.5118748208333334 0.4693357734375 0.5381248111111111 0.48093733203125 0.5381248111111111 0.48093733203125 0.5118748208333334
6 0.47777326953125004 0.5587498041666668 0.47777326953125004 0.5774997944444444 0.48621076796875 0.5774997944444444 0.48621076796875 0.5587498041666668
4 0.60644510078125 0.5737497972222222 0.60644510078125 0.6937497555555555 0.63492165390625 0.6937497555555555 0.63492165390625 0.5737497972222222
4 0.5632029281250001 0.5962497916666667 0.5632029281250001 0.6243747819444445 0.5726951109375 0.6243747819444445 0.5726951109375 0.5962497916666667
4 0.5558201171875 0.6018747875 0.5558201171875 0.6262497763888889 0.564257615625 0.6262497763888889 0.564257615625 0.6018747875
4 0.5937888539062499 0.5999997902777777 0.5937888539062499 0.635624775 0.604335725 0.635624775 0.604335725 0.5999997902777777
4 0.5853513578125 0.5943747902777777 0.5853513578125 0.6281247819444444 0.593788853125 0.6281247819444444 0.593788853125 0.5943747902777777
7 0.20355461640625 0.5418748069444445 0.20355461640625 0.5512498069444445 0.223593671875 0.5512498069444445 0.223593671875 0.5418748069444445
7 0.21304680078125 0.5249998166666666 0.21304680078125 0.5381248097222222 0.23308585625 0.5381248097222222 0.23308585625 0.5249998166666666
7 0.6370310265625 0.4443748444444444 0.6370310265625 0.47249983333333334 0.649687271875 0.47249983333333334 0.649687271875 0.4443748444444444
7 0.645468525 0.47249983472222223 0.645468525 0.5212498180555556 0.65707008359375 0.5212498180555556 0.65707008359375 0.47249983472222223
7 0.6317575921875 0.47812483333333333 0.6317575921875 0.5118748208333334 0.6412497765625 0.5118748208333334 0.6412497765625 0.47812483333333333
7 0.5428123109375 0.5049998138888889 0.5428123109375 0.5443747972222223 0.55335918203125 0.5443747972222223 0.55335918203125 0.5049998138888889
7 0.5617966796875 0.5518747986111111 0.5617966796875 0.5781247888888889 0.56917949140625 0.5781247888888889 0.56917949140625 0.5518747986111111
2 0.330117071875 0.5983926486111112 0.330117071875 0.6546426291666667 0.3680858078125 0.6546426291666667 0.3680858078125 0.5983926486111112
2 0.4503514046875 0.6021426472222222 0.4503514046875 0.6190176416666666 0.45878890156249996 0.6190176416666666 0.45878890156249996 0.6021426472222222
2 0.436640471875 0.5996247958333333 0.436640471875 0.6239997847222223 0.45351546640624996 0.6239997847222223 0.45351546640624996 0.5996247958333333
2 0.47671858203125 0.6071247930555556 0.47671858203125 0.6202497902777778 0.48726545546875 0.6202497902777778 0.48726545546875 0.6071247930555556
2 0.4672263984375 0.5977497958333333 0.4672263984375 0.6202497888888889 0.47671858203125 0.6202497888888889 0.47671858203125 0.5977497958333333
2 0.38812486484375 0.6052497958333334 0.38812486484375 0.6333747847222223 0.40871224765624997 0.6333747847222223 0.40871224765624997 0.6052497958333334
2 0.42820297500000004 0.5958747972222223 0.42820297500000004 0.6183747888888889 0.442968596875 0.6183747888888889 0.442968596875 0.5958747972222223
2 0.1766810796875 0.5790818291666666 0.1766810796875 0.7590817694444444 0.3496497703125 0.7590817694444444 0.3496497703125 0.5790818291666666