9 0.00221937734375 0.3603933916666667 0.00221937734375 0.6007712833333333 0.16338182734375 0.6007712833333333 0.16338182734375 0.3603933916666667
2 0.18796593046875001 0.40652652222222224 0.18796593046875001 0.5206453222222222 0.291765475 0.5206453222222222 0.291765475 0.40652652222222224
2 0.28357077343750003 0.425951 0.28357077343750003 0.49393666249999996 0.313618009375 0.49393666249999996 0.313618009375 0.425951
2 0.29586282421875 0.40409846250000003 0.29586282421875 0.48908054444444443 0.34912838125 0.48908054444444443 0.34912838125 0.40409846250000003
2 0.34639681328125 0.43080711666666666 0.34639681328125 0.48179636527777775 0.36551778125 0.48179636527777775 0.36551778125 0.43080711666666666
2 0.36278621484375 0.43080711666666666 0.36278621484375 0.4720841291666667 0.3778098328125 0.4720841291666667 0.3778098328125 0.43080711666666666
2 0.37644404921875 0.4356632361111111 0.37644404921875 0.4696560694444445 0.39010188515625 0.4696560694444445 0.39010188515625 0.4356632361111111
2 0.38873610078125 0.42352293888888887 0.38873610078125 0.46479994999999996 0.40102815156249993 0.46479994999999996 0.40102815156249993 0.42352293888888887
2 0.40102815156249993 0.425951 0.40102815156249993 0.4550877111111111 0.41332020312499995 0.4550877111111111 0.41332020312499995 0.425951
2 0.41195441953125 0.43080711666666666 0.41195441953125 0.45751577222222223 0.42424647109375 0.45751577222222223 0.42424647109375 0.43080711666666666
2 0.42561225468749997 0.42109487916666666 0.42561225468749997 0.4356632361111111 0.43653852187500003 0.4356632361111111 0.43653852187500003 0.42109487916666666
7 0.5130223968750001 0.33669091944444446 0.5130223968750001 0.3968142861111111 0.54443541640625 0.3968142861111111 0.54443541640625 0.33669091944444446
7 0.45019635703125005 0.37738980833333335 0.45019635703125005 0.3968142833333333 0.45975684140624995 0.3968142833333333 0.45975684140624995 0.37738980833333335
7 0.42697803828124997 0.37496174861111115 0.42697803828124997 0.3992423430555555 0.43517273906250004 0.3992423430555555 0.43517273906250004 0.37496174861111115