2 0 0.4074947111111111 0 0.5183776250000001 0.06159199375 0.5183776250000001 0.06159199375 0.4074947111111111
2 0.035863692187500004 0.39640641805555554 0.035863692187500004 0.50035915 0.14267512421875 0.50035915 0.14267512421875 0.39640641805555554
2 0.138776896875 0.39640641805555554 0.138776896875 0.47263842083333335 0.19802995546875 0.47263842083333335 0.19802995546875 0.39640641805555554
2 0.25182549375 0.39086227222222225 0.25182549375 0.44630372916666666 0.29938386796875 0.44630372916666666 0.29938386796875 0.39086227222222225
2 0.6244960374999999 0.418583 0.6244960374999999 0.5017451847222222 0.6907659039062499 0.5017451847222222 0.6907659039062499 0.418583
2 0.28457060390625 0.38670416249999995 0.28457060390625 0.4352154375 0.318095359375 0.4352154375 0.318095359375 0.38670416249999995
2 0.3102989046875 0.3853181263888889 0.3102989046875 0.4282852555555556 0.33602720546875 0.4282852555555556 0.33602720546875 0.3853181263888889
2 0.32589181484375 0.3728437986111111 0.32589181484375 0.4144248916666667 0.3562979890625 0.4144248916666667 0.3562979890625 0.3728437986111111
2 0.35473869765625 0.3728437986111111 0.35473869765625 0.40888074583333334 0.37267054375 0.40888074583333334 0.37267054375 0.3728437986111111
2 0.37267054375 0.37007172638888886 0.37267054375 0.3977924541666667 0.39294132578125 0.3977924541666667 0.39294132578125 0.37007172638888886
2 0.60734383671875 0.418583 0.60734383671875 0.4754104944444444 0.643987175 0.4754104944444444 0.643987175 0.418583
2 0.59097128125 0.4061086722222222 0.59097128125 0.46432220416666664 0.6283942648437499 0.46432220416666664 0.6283942648437499 0.4061086722222222
2 0.58083588984375 0.40056452777777773 0.58083588984375 0.45877805694444446 0.6089031281249999 0.45877805694444446 0.6089031281249999 0.40056452777777773
2 0.57148014375 0.3991784902777778 0.57148014375 0.4449176930555555 0.592530571875 0.4449176930555555 0.592530571875 0.3991784902777778
2 0.55042971484375 0.38254605416666665 0.55042971484375 0.42135507361111113 0.5777173078125 0.42135507361111113 0.5777173078125 0.38254605416666665
2 0.5410739695312501 0.3742298347222222 0.5410739695312501 0.41026678194444444 0.5566668796875 0.41026678194444444 0.5566668796875 0.3742298347222222
2 0.536396096875 0.3742298347222222 0.536396096875 0.39640641805555554 0.54575184375 0.39640641805555554 0.54575184375 0.3742298347222222
2 0.5285996421875 0.36868568749999997 0.5285996421875 0.39502038194444444 0.54341290625 0.39502038194444444 0.54341290625 0.36868568749999997
2 0.52002354140625 0.3575973972222222 0.52002354140625 0.37838794444444446 0.5324978687499999 0.37838794444444446 0.5324978687499999 0.3575973972222222
2 0.5106677953125 0.3617555069444444 0.5106677953125 0.37838794444444446 0.5192438953125 0.37838794444444446 0.5192438953125 0.3617555069444444
2 0.40073778203125 0.36452758055555556 0.40073778203125 0.3853181263888889 0.41009352734375 0.3853181263888889 0.41009352734375 0.36452758055555556
2 0.38202628984375 0.3617555069444444 0.38202628984375 0.3936343444444444 0.40073778203125 0.3936343444444444 0.40073778203125 0.3617555069444444
2 0.41087317265624995 0.3575973972222222 0.41087317265624995 0.38254605416666665 0.42490679218749994 0.38254605416666665 0.42490679218749994 0.3575973972222222
7 0.28768918593750004 0.3381928875 0.28768918593750004 0.36591361527777777 0.3048413859375 0.36591361527777777 0.3048413859375 0.3381928875
7 0.8591693296875 0.3257185597222222 0.8591693296875 0.36868569027777776 0.9012701859375 0.36868569027777776 0.9012701859375 0.3257185597222222