6 0.47443454453125 0.33439225 0.47443454453125 0.3592541291666667 0.47723150625 0.3592541291666667 0.47723150625 0.33439225
6 0.5387646515625 0.3443370027777778 0.5387646515625 0.3642265041666667 0.54435857421875 0.3642265041666667 0.54435857421875 0.3443370027777778
9 0.48981783125 0.33936462500000003 0.48981783125 0.3716850638888889 0.5163889625 0.3716850638888889 0.5163889625 0.33936462500000003
2 0.52477984453125 0.36919887777777777 0.52477984453125 0.39654694166666665 0.53456921015625 0.39654694166666665 0.53456921015625 0.36919887777777777
2 0.48702086875 0.3642265041666667 0.48702086875 0.41892263472222224 0.5289752859375 0.41892263472222224 0.5289752859375 0.3642265041666667
2 0.54156161171875 0.3704419722222222 0.54156161171875 0.4052486013888889 0.56393730078125 0.4052486013888889 0.56393730078125 0.3704419722222222
2 0.3779393828125 0.37790053611111113 0.3779393828125 0.41767953888888887 0.40311203281249997 0.41767953888888887 0.40311203281249997 0.37790053611111113
2 0.35136825156249996 0.3754143486111111 0.35136825156249996 0.4201657263888889 0.38213482578125 0.4201657263888889 0.38213482578125 0.3754143486111111
2 0.29263206484375004 0.35801103333333334 0.29263206484375004 0.4325966652777778 0.35696217343750003 0.4325966652777778 0.35696217343750003 0.35801103333333334
2 0.5723281859375 0.3604972222222222 0.5723281859375 0.4350828527777778 0.6002977984375 0.4350828527777778 0.6002977984375 0.3604972222222222
2 0.59470387734375 0.3232044055555556 0.59470387734375 0.4574585430555556 0.66462790703125 0.4574585430555556 0.66462790703125 0.3232044055555556
2 0.63386133359375 0.35055247361111114 0.63386133359375 0.5171270513888889 0.75692762578125 0.5171270513888889 0.75692762578125 0.35055247361111114
7 0.748536740625 0.21629833194444445 0.748536740625 0.24861877222222223 0.7723109109374999 0.24861877222222223 0.7723109109374999 0.21629833194444445
2 0.7149732078125 0.3319060638888889 0.7149732078125 0.6700275944444445 0.99949698984375 0.6700275944444445 0.99949698984375 0.3319060638888889