6 0.03973202421875 0.20203110416666664 0.03973202421875 0.25359356805555555 0.06214411875 0.25359356805555555 0.06214411875 0.20203110416666664
6 0.4141458296875 0 0.4141458296875 0.056718705555555554 0.43523956484375 0.056718705555555554 0.43523956484375 0
6 0.26780804062499997 0 0.26780804062499997 0.04499996388888889 0.29153849374999996 0.04499996388888889 0.29153849374999996 0
6 0.81229008671875 0.10359367222222222 0.81229008671875 0.17859361805555554 0.85052248359375 0.17859361805555554 0.85052248359375 0.10359367222222222
6 0.31131386875 0.31453102638888886 0.31131386875 0.3332810138888889 0.31922401875 0.3332810138888889 0.31922401875 0.31453102638888886
6 0.3363626796875 0.31453102638888886 0.3363626796875 0.33796851111111115 0.34559118984375 0.33796851111111115 0.34559118984375 0.31453102638888886
6 0.3680032828125 0.3239060208333333 0.3680032828125 0.34499975555555557 0.3772317921875 0.34499975555555557 0.3772317921875 0.3239060208333333
6 0.58289571328125 0.23249983333333332 0.58289571328125 0.27468730416666665 0.60135273203125 0.27468730416666665 0.60135273203125 0.23249983333333332
7 0.26517132265625 0.33796851111111115 0.26517132265625 0.3707809861111111 0.28362834140625004 0.3707809861111111 0.28362834140625004 0.33796851111111115
7 0.060825759374999996 0.2582810638888889 0.060825759374999996 0.29343729027777776 0.075327703125 0.29343729027777776 0.075327703125 0.2582810638888889
7 0.8360205390625 0.1739061236111111 0.8360205390625 0.2301560847222222 0.8874365195312499 0.2301560847222222 0.8874365195312499 0.1739061236111111
7 0.8228369546875 0.0004687430555555555 0.8228369546875 0.17859361944444443 0.90721189765625 0.17859361944444443 0.90721189765625 0.0004687430555555555
7 0.70813976796875 0.2770310527777778 0.70813976796875 0.316874775 0.72000499453125 0.316874775 0.72000499453125 0.2770310527777778
2 0.0726909859375 0.37312473611111113 0.0726909859375 0.44343718749999994 0.11356009843749999 0.44343718749999994 0.11356009843749999 0.37312473611111113
2 0.30208535937500003 0.3707809888888889 0.30208535937500003 0.4106247125 0.31922401953125 0.4106247125 0.31922401953125 0.3707809888888889
2 0.27176311484375 0.3707809888888889 0.27176311484375 0.47156217222222224 0.30340371796875 0.47156217222222224 0.30340371796875 0.3707809888888889
2 0.298130284375 0.3496872527777778 0.298130284375 0.49968714999999997 0.402280603125 0.49968714999999997 0.402280603125 0.3496872527777778
4 0.6461769203125 0.3496872527777778 0.6461769203125 0.48796840694444443 0.67518080625 0.48796840694444443 0.67518080625 0.3496872527777778
4 0.62376482578125 0.3332810138888889 0.62376482578125 0.39187472500000003 0.647495278125 0.39187472500000003 0.647495278125 0.3332810138888889
4 0.788559634375 0.34734350416666665 0.788559634375 0.4457809361111111 0.81229008671875 0.4457809361111111 0.81229008671875 0.34734350416666665
4 0.03182187265625 0.3590622458333333 0.03182187265625 0.5770308444444444 0.09905815546874999 0.5770308444444444 0.09905815546874999 0.3590622458333333
4 0 0.34734350416666665 0 0.5606246069444445 0.048960534374999996 0.5606246069444445 0.048960534374999996 0.34734350416666665
2 0.8900732367187499 0.37781223333333336 0.8900732367187499 0.4246872013888889 0.937534140625 0.4246872013888889 0.937534140625 0.37781223333333336
2 0.94017085859375 0.37781223333333336 0.94017085859375 0.4387496916666667 0.9994969890625001 0.4387496916666667 0.9994969890625001 0.37781223333333336
2 0.008091421093749999 0.39187472500000003 0.008091421093749999 0.4692184222222222 0.055552325 0.4692184222222222 0.055552325 0.39187472500000003
2 0.16761279609375 0.3590622458333333 0.16761279609375 0.5348433736111111 0.298130284375 0.5348433736111111 0.298130284375 0.3590622458333333
2 0.37459507578125 0.3332810138888889 0.37459507578125 0.7153120027777777 0.67518080625 0.7153120027777777 0.67518080625 0.3332810138888889
2 0.6778175234375 0.48328090972222226 0.6778175234375 0.9989055555555555 0.9994969890625001 0.9989055555555555 0.9994969890625001 0.48328090972222226
7 0.13729055078125002 0.2395310777777778 0.13729055078125002 0.29578104027777774 0.1504741359375 0.29578104027777774 0.1504741359375 0.2395310777777778
7 0.5749855625 0.2770310527777778 0.5749855625 0.30749978194444444 0.588169146875 0.30749978194444444 0.588169146875 0.2770310527777778