6 0.36545773203125 0.1580893625 0.36545773203125 0.20905238055555558 0.37540331953125 0.20905238055555558 0.37540331953125 0.1580893625
6 0.5672946875 0.16848997777777777 0.5672946875 0.21945299305555557 0.57782531171875 0.21945299305555557 0.57782531171875 0.16848997777777777
6 0.34790669375 0.1580893625 0.34790669375 0.21009244166666668 0.36311759375 0.21009244166666668 0.36311759375 0.1580893625
6 0.55169376328125 0.16744991805555556 0.55169376328125 0.22257317916666666 0.5663196296875 0.22257317916666666 0.5663196296875 0.16744991805555556
6 0.37384323125 0.28081662916666666 0.37384323125 0.30785823055555556 0.38320378515625003 0.30785823055555556 0.38320378515625003 0.28081662916666666
6 0.3510268796875 0.28081662916666666 0.3510268796875 0.3130585388888889 0.36799288359375 0.3130585388888889 0.36799288359375 0.28081662916666666
7 0.35083186640625 0.2454545361111111 0.35083186640625 0.2620955194444444 0.381838703125 0.2620955194444444 0.381838703125 0.2454545361111111
7 0.7057528875 0.29329737083333335 0.7057528875 0.31201847638888885 0.71979371953125 0.31201847638888885 0.71979371953125 0.29329737083333335
7 0.08698124140624999 0.04184225277777778 0.08698124140624999 0.14456855972222224 0.177076578125 0.14456855972222224 0.177076578125 0.04184225277777778
7 0.08581117265625 0.001040061111111111 0.08581117265625 0.03848227916666667 0.17532147265625 0.03848227916666667 0.17532147265625 0.001040061111111111
4 0.0009811484375 0.3924499083333334 0.0009811484375 0.48293526666666664 0.02321246640625 0.48293526666666664 0.02321246640625 0.3924499083333334
4 0.08405606875 0.3841294152777778 0.08405606875 0.46421415833333335 0.0980969 0.46421415833333335 0.0980969 0.3841294152777778
2 0.21510382890625 0.3976502152777778 0.21510382890625 0.45693372638888885 0.23148479921875 0.45693372638888885 0.23148479921875 0.3976502152777778
2 0.2899882640625 0.3945300305555556 0.2899882640625 0.4506933583333333 0.3110495109375 0.4506933583333333 0.3110495109375 0.3945300305555556
2 0.30636923359375 0.37372879861111113 0.30636923359375 0.45069335555555556 0.34030124296875003 0.45069335555555556 0.34030124296875003 0.37372879861111113
2 0.12032821640625 0.3768489833333334 0.12032821640625 0.4881355722222222 0.22212424453125 0.4881355722222222 0.22212424453125 0.3768489833333334
2 0.56128224375 0.39002309722222217 0.56128224375 0.43786592916666667 0.5957992882812501 0.43786592916666667 0.5957992882812501 0.39002309722222217
2 0.58994894140625 0.38066254166666663 0.58994894140625 0.4555469791666667 0.6408469554687499 0.4555469791666667 0.6408469554687499 0.38066254166666663
2 0.74986815546875 0.35726115555555554 0.74986815546875 0.4394260208333333 0.811881828125 0.4394260208333333 0.811881828125 0.35726115555555554
2 0.81047148359375 0.3487178 0.81047148359375 0.45480408333333333 0.9368389671875 0.45480408333333333 0.9368389671875 0.3487178
2 0.60822329140625 0.3936308111111111 0.60822329140625 0.4633149361111111 0.66848186171875 0.4633149361111111 0.66848186171875 0.3936308111111111
2 0.28076344375 0.28177691111111114 0.28076344375 0.7269232722222223 0.6077978109375 0.7269232722222223 0.6077978109375 0.28177691111111114