7 0.16117343515625 0.21379587083333335 0.16117343515625 0.2799183069444444 0.18390302187500002 0.2799183069444444 0.18390302187500002 0.21379587083333335
7 0.626510065625 0.3056325916666667 0.626510065625 0.3423672736111111 0.6719692390625001 0.3423672736111111 0.6719692390625001 0.3056325916666667
7 0.70089780390625 0.2927754513888889 0.70089780390625 0.3405305416666667 0.7370585109375 0.3405305416666667 0.7370585109375 0.2927754513888889
7 0.9240610210937501 0.16787751805555556 0.9240610210937501 0.21930607916666667 0.9612548914062501 0.21930607916666667 0.9612548914062501 0.16787751805555556
7 0.887900315625 0.16971425277777777 0.887900315625 0.23399995555555558 0.9261273484375 0.23399995555555558 0.9261273484375 0.16971425277777777
7 0.9333594898437501 0.3368570736111111 0.9333594898437501 0.38461216666666664 0.94265795703125 0.38461216666666664 0.94265795703125 0.3368570736111111
7 0.88066817421875 0.31297952777777777 0.88066817421875 0.36808155416666666 0.9364589773437499 0.36808155416666666 0.9364589773437499 0.31297952777777777
7 0.87033654453125 0.28726524861111113 0.87033654453125 0.3056325916666667 0.89513245625 0.3056325916666667 0.89513245625 0.28726524861111113
7 0.8558722617187501 0.31297952777777777 0.8558722617187501 0.32583666805555556 0.87860184609375 0.32583666805555556 0.87860184609375 0.31297952777777777
7 0.8403748156249999 0.34236727638888886 0.8403748156249999 0.3809386986111111 0.85173961015625 0.3809386986111111 0.85173961015625 0.34236727638888886
6 0.11778058828125 0.18367343194444444 0.11778058828125 0.2369387277777778 0.12914538203124998 0.2369387277777778 0.12914538203124998 0.18367343194444444
6 0.13017854375 0.18367343194444444 0.13017854375 0.2314285222222222 0.1415433375 0.2314285222222222 0.1415433375 0.18367343194444444
6 0.1415433375 0.18918363333333335 0.1415433375 0.23326525555555555 0.14877547890625 0.23326525555555555 0.14877547890625 0.18918363333333335
6 0.72156106484375 0.21306118055555556 0.72156106484375 0.2571428027777778 0.7318926953125 0.2571428027777778 0.7318926953125 0.21306118055555556
6 0.53414529375 0.26127545416666664 0.53414529375 0.30168360833333335 0.5444769234375 0.30168360833333335 0.5444769234375 0.26127545416666664
6 0.7322543085937501 0.18780608333333335 0.7322543085937501 0.25209178472222227 0.743619103125 0.25209178472222227 0.743619103125 0.18780608333333335
6 0.744652265625 0.20984689305555557 0.744652265625 0.25209178472222227 0.7539507328124999 0.25209178472222227 0.7539507328124999 0.20984689305555557
6 0.8737976453125 0.329234625 0.8737976453125 0.3512754361111111 0.8913614195312499 0.3512754361111111 0.8913614195312499 0.329234625
6 0.8304047976562501 0.329234625 0.8304047976562501 0.3586223722222222 0.839703265625 0.3586223722222222 0.839703265625 0.329234625
6 0.96724725625 0.30673462916666666 0.96724725625 0.33795911666666667 0.9744793992187499 0.33795911666666667 0.9744793992187499 0.30673462916666666
2 0.19113516328125 0.41051011388888886 0.19113516328125 0.4656121430555556 0.22522954374999998 0.4656121430555556 0.22522954374999998 0.41051011388888886
2 0.20869893515625 0.4049999138888889 0.20869893515625 0.4692856152777778 0.24899229453125 0.4692856152777778 0.24899229453125 0.4049999138888889
2 0.39363511953125 0.40683664861111113 0.39363511953125 0.43806113055555557 0.4080994015625 0.43806113055555557 0.4080994015625 0.40683664861111113
2 0.22832903359375 0.3737754291666667 0.22832903359375 0.5831631416666666 0.4008672625 0.5831631416666666 0.4008672625 0.3737754291666667
2 0.2810203484375 0.29479585416666665 0.2810203484375 0.3039795263888889 0.30994891406249997 0.3039795263888889 0.30994891406249997 0.29479585416666665
9 0.2510586203125 0.28010198194444447 0.2510586203125 0.3058162583333333 0.31511472890625003 0.3058162583333333 0.31511472890625003 0.28010198194444447
2 0.72269755078125 0.4049999138888889 0.72269755078125 0.46744888194444445 0.762990909375 0.46744888194444445 0.762990909375 0.4049999138888889
2 0.7319960179687499 0.37744890000000003 0.7319960179687499 0.5611223305555556 0.9179653664062499 0.5611223305555556 0.9179653664062499 0.37744890000000003
9 0 0.0036734680555555554 0 0.5693876347222222 0.20016242968750003 0.5693876347222222 0.20016242968750003 0.0036734680555555554
2 0 0.34530604583333335 0 0.7236733152777778 0.14437162421875 0.7236733152777778 0.14437162421875 0.34530604583333335
2 0.35699657421875003 0.3287754402777778 0.35699657421875003 0.7218365833333333 0.73513425078125 0.7218365833333333 0.73513425078125 0.3287754402777778
2 0.90119664609375 0.3637092652777778 0.90119664609375 0.7035051138888889 0.9993471359375 0.7035051138888889 0.9993471359375 0.3637092652777778