2 0.49478817265624997 0.4788683513888889 0.49478817265624997 0.5043400736111111 0.5162799375 0.5043400736111111 0.5162799375 0.4788683513888889
2 0.4804603296875 0.47292494583333333 0.4804603296875 0.5060381833333333 0.50195209375 0.5060381833333333 0.50195209375 0.47292494583333333
2 0.46326691796875 0.47547211805555556 0.46326691796875 0.5060381833333333 0.4833258984375 0.5060381833333333 0.4833258984375 0.47547211805555556
2 0.42888009453125 0.4627362597222222 0.42888009453125 0.5111325305555555 0.46613248671875 0.5111325305555555 0.46613248671875 0.4627362597222222
2 0.4131194671875 0.4703777736111111 0.4131194671875 0.5213212166666666 0.44607350625000003 0.5213212166666666 0.44607350625000003 0.4703777736111111
2 0.39162770234375 0.4627362597222222 0.39162770234375 0.5264155625 0.42458174140624994 0.5264155625 0.42458174140624994 0.4627362597222222
2 0.3529425265625 0.4601890888888889 0.3529425265625 0.5366042513888889 0.4116866828125 0.5366042513888889 0.4116866828125 0.4601890888888889
2 0.2225591546875 0.4601890888888889 0.2225591546875 0.5875476930555555 0.35150974062499996 0.5875476930555555 0.35150974062499996 0.4601890888888889
2 0.0835790765625 0.45339663333333335 0.0835790765625 0.5467929375 0.2182608015625 0.5467929375 0.2182608015625 0.45339663333333335
2 0.52774221171875 0.4703777736111111 0.52774221171875 0.5060381833333333 0.543502840625 0.5060381833333333 0.543502840625 0.4703777736111111
2 0.5363389171875 0.4652834305555556 0.5363389171875 0.5085853555555556 0.5578306804687501 0.5085853555555556 0.5578306804687501 0.4652834305555556
2 0.5506667601562499 0.4652834305555556 0.5506667601562499 0.5213212180555555 0.5893519367187501 0.5213212180555555 0.5893519367187501 0.4652834305555556
2 0.56929295625 0.4627362597222222 0.56929295625 0.5264155625 0.6022469953125 0.5264155625 0.6022469953125 0.4627362597222222
2 0.58075523203125 0.45254756944444446 0.58075523203125 0.5442457652777778 0.6323354671875 0.5442457652777778 0.6323354671875 0.45254756944444446
2 0.6094109171875 0.43981170833333333 0.6094109171875 0.5620759694444445 0.7154369554687501 0.5620759694444445 0.7154369554687501 0.43981170833333333
7 0.7999712296875 0.285283275 0.7999712296875 0.3183965125 0.8300597 0.3183965125 0.8300597 0.285283275
7 0.20393295859375 0.3175474486111111 0.20393295859375 0.3481135138888889 0.2225591546875 0.3481135138888889 0.2225591546875 0.3175474486111111
7 0.11223476328125 0.28783044722222223 0.11223476328125 0.32349085694444446 0.14375601796874998 0.32349085694444446 0.14375601796874998 0.28783044722222223