2 0.34322950234375 0.37599477499999995 0.34322950234375 0.43149876527777775 0.369414853125 0.43149876527777775 0.369414853125 0.37599477499999995
2 0.282801771875 0.37062342083333333 0.282801771875 0.49058365972222223 0.35531505 0.49058365972222223 0.35531505 0.37062342083333333
2 0.02497678359375 0.30437672222222223 0.02497678359375 0.5801062236111112 0.29891583437499997 0.5801062236111112 0.29891583437499997 0.30437672222222223
9 0.0008056906250000001 0.20053054722222222 0.0008056906250000001 0.5442971958333334 0.20625997890624997 0.5442971958333334 0.20625997890624997 0.20053054722222222
9 0.37344336953125 0.16293106944444447 0.37344336953125 0.3777852263888889 0.5285412140625 0.3777852263888889 0.5285412140625 0.16293106944444447
2 0.31100138046875003 0.3598807125 0.31100138046875003 0.7376659388888889 0.616161425 0.7376659388888889 0.616161425 0.3598807125
2 0.0008056906250000001 0.4494032777777778 0.0008056906250000001 0.7501991000000001 0.033033815625000004 0.7501991000000001 0.033033815625000004 0.4494032777777778
6 0.22640255546875002 0.26677724305555556 0.22640255546875002 0.29363401250000004 0.2374809734375 0.29363401250000004 0.2374809734375 0.26677724305555556
6 0.277766128125 0.2578249902777778 0.277766128125 0.28289130833333337 0.28280177109375 0.28289130833333337 0.28280177109375 0.2578249902777778
6 0.26668771015625004 0.2524536361111111 0.26668771015625004 0.28289130833333337 0.27474474140625 0.28289130833333337 0.27474474140625 0.2524536361111111
6 0.31100138046875003 0.3258621375 0.31100138046875003 0.34376665 0.3190584109375 0.34376665 0.3190584109375 0.3258621375
6 0.277766128125 0.3509284569444444 0.277766128125 0.3724138722222222 0.28481603046875004 0.3724138722222222 0.28481603046875004 0.3509284569444444