6 0.50774928046875 0.3707809875 0.50774928046875 0.3965622208333333 0.5143410726562501 0.3965622208333333 0.5143410726562501 0.3707809875
7 0.5354348085937499 0.38015598194444444 0.5354348085937499 0.3965622208333333 0.55125511015625 0.3965622208333333 0.55125511015625 0.38015598194444444
7 0.65145035390625 0.36140599444444443 0.65145035390625 0.4106247111111111 0.66331558046875 0.4106247111111111 0.66331558046875 0.36140599444444443
2 0.44446807421875 0.4387496916666667 0.44446807421875 0.464530925 0.457651659375 0.464530925 0.457651659375 0.4387496916666667
2 0.4550149421875 0.4387496916666667 0.4550149421875 0.45515593055555553 0.46819852734375 0.45515593055555553 0.46819852734375 0.4387496916666667
1 0.50774928046875 0.41531220694444443 0.50774928046875 0.4457809361111111 0.5301613749999999 0.4457809361111111 0.5301613749999999 0.41531220694444443
2 0.49456569609375 0.4387496916666667 0.49456569609375 0.464530925 0.5051125640625 0.464530925 0.5051125640625 0.4387496916666667
2 0.41941926328125 0.4364059430555556 0.41941926328125 0.47859341388888893 0.44842315 0.47859341388888893 0.44842315 0.4364059430555556
2 0.5051125640625 0.4364059430555556 0.5051125640625 0.48796840694444443 0.53938988515625 0.48796840694444443 0.53938988515625 0.4364059430555556
2 0.461606734375 0.4387496916666667 0.461606734375 0.502030898611111 0.50379420546875 0.502030898611111 0.50379420546875 0.4387496916666667
2 0.366684925 0.4340621944444445 0.366684925 0.48796840694444443 0.402280603125 0.48796840694444443 0.402280603125 0.4340621944444445
2 0.55652854375 0.44109344027777775 0.55652854375 0.5231246347222223 0.625083184375 0.5231246347222223 0.625083184375 0.44109344027777775
2 0.07664606171875 0.3871872263888889 0.07664606171875 0.5793745958333333 0.26253460546874996 0.5793745958333333 0.26253460546874996 0.3871872263888889
2 0.2862650578125 0.42937469722222227 0.2862650578125 0.4574996763888889 0.30867715234375004 0.4574996763888889 0.30867715234375004 0.42937469722222227
2 0.0001812703125 0.41765595555555557 0.0001812703125 0.47859341388888893 0.08060113671875 0.47859341388888893 0.08060113671875 0.41765595555555557
7 0.01072813828125 0.15515613611111112 0.01072813828125 0.32624976805555556 0.03577694921875 0.32624976805555556 0.03577694921875 0.15515613611111112