2 0.46061882890624994 0.5219390111111111 0.46061882890624994 0.5387757541666667 0.46922852734375003 0.5387757541666667 0.46922852734375003 0.5219390111111111
2 0.45631398125 0.5219390111111111 0.45631398125 0.5418369791666667 0.46406271015625 0.5418369791666667 0.46406271015625 0.5219390111111111
2 0.44770428281249997 0.5219390111111111 0.44770428281249997 0.5418369791666667 0.45889688984375 0.5418369791666667 0.45889688984375 0.5219390111111111
2 0.4425384640625 0.523469623611111 0.4425384640625 0.5418369791666667 0.44942622187500003 0.5418369791666667 0.44942622187500003 0.523469623611111
2 0.43565070625 0.5219390111111111 0.43565070625 0.5433675916666667 0.44512137421875 0.5433675916666667 0.44512137421875 0.5219390111111111
2 0.38571445781249997 0.5127553333333333 0.38571445781249997 0.5510206569444445 0.39862900546875 0.5510206569444445 0.39862900546875 0.5127553333333333
2 0.3719389421875 0.5219390111111111 0.3719389421875 0.5540818833333334 0.39346318671875 0.5540818833333334 0.39346318671875 0.5219390111111111
2 0.3478317890625 0.5188777833333333 0.3478317890625 0.5556124944444445 0.37452185234375 0.5556124944444445 0.37452185234375 0.5188777833333333
2 0.0120535765625 0.5158165583333333 0.0120535765625 0.6137757847222223 0.1300064359375 0.6137757847222223 0.1300064359375 0.5158165583333333
2 0.23073989921875002 0.4744900097222222 0.23073989921875002 0.6198982375 0.354719546875 0.6198982375 0.354719546875 0.4744900097222222
2 0.39690706484375 0.4974492027777778 0.39690706484375 0.5647961722222222 0.44339943359375 0.5647961722222222 0.44339943359375 0.4974492027777778
1 0.46836755781250006 0.37316343750000003 0.46836755781250006 0.596632925 0.56737908125 0.596632925 0.56737908125 0.37316343750000003
4 0.1403380734375 0.5250002361111111 0.1403380734375 0.5816329138888888 0.148947771875 0.5816329138888888 0.148947771875 0.5250002361111111
4 0.13345031406250002 0.5250002361111111 0.13345031406250002 0.5846941388888889 0.14119904296875002 0.5846941388888889 0.14119904296875002 0.5250002361111111
4 0.637978603125 0.5096941083333333 0.637978603125 0.5387757541666667 0.6448663609375 0.5387757541666667 0.6448663609375 0.5096941083333333
4 0.7791776460937501 0.4423471388888889 0.7791776460937501 0.5617349472222222 0.8118944976562499 0.5617349472222222 0.8118944976562499 0.4423471388888889
4 0.74904370390625 0.42551039583333333 0.74904370390625 0.6000002694444445 0.7895092820312499 0.6000002694444445 0.7895092820312499 0.42551039583333333
4 0.1492347640625 0.5250002361111111 0.1492347640625 0.5831635263888889 0.1578444625 0.5831635263888889 0.1578444625 0.5250002361111111
4 0.18625646328125 0.5219390111111111 0.18625646328125 0.5846941416666667 0.1991710109375 0.5846941416666667 0.1991710109375 0.5219390111111111
4 0.47927319218750003 0.46734716527777775 0.47927319218750003 0.6127553930555555 0.5076851945312499 0.6127553930555555 0.5076851945312499 0.46734716527777775
4 0.6551979984375 0.41377571111111117 0.6551979984375 0.6357145861111111 0.6999684265624999 0.6357145861111111 0.6999684265624999 0.41377571111111117
4 0.64400539140625 0.47806145555555557 0.64400539140625 0.5438778125 0.6603638171874999 0.5438778125 0.6603638171874999 0.47806145555555557
4 0.6293689046875001 0.48418390833333336 0.6293689046875001 0.5469390375000001 0.64056151171875 0.5469390375000001 0.64056151171875 0.48418390833333336
4 0.71517891015625 0.42755122916666666 0.71517891015625 0.6250002958333333 0.75650546015625 0.6250002958333333 0.75650546015625 0.42755122916666666
4 0.83054884609375 0.22091847083333332 0.83054884609375 0.9474494055555556 0.99671601171875 0.9474494055555556 0.99671601171875 0.22091847083333332
7 0.5845984765625001 0.3296940277777778 0.5845984765625001 0.36336751388888894 0.59837399375 0.36336751388888894 0.59837399375 0.3296940277777778
7 0.59406914453125 0.3648981263888889 0.59406914453125 0.39704099861111114 0.606983690625 0.39704099861111114 0.606983690625 0.3648981263888889
7 0.5837375070312499 0.3664287388888889 0.5837375070312499 0.40010222222222225 0.59234720546875 0.40010222222222225 0.59234720546875 0.3664287388888889
7 0.58201556640625 0.40010222222222225 0.58201556640625 0.43377570694444445 0.5932081734375 0.43377570694444445 0.5932081734375 0.40010222222222225
7 0.59406914453125 0.3970409958333333 0.59406914453125 0.4322450944444445 0.60612272109375 0.4322450944444445 0.60612272109375 0.3970409958333333
0 0.9660080867187499 0.49255126944444444 0.9660080867187499 0.5752043694444444 0.99872493828125 0.5752043694444444 0.99872493828125 0.49255126944444444