2 0.190307196875 0.3380315902777778 0.190307196875 0.629291511111111 0.397192096875 0.629291511111111 0.397192096875 0.3380315902777778
2 0.44741848984375 0.3699213611111111 0.44741848984375 0.42094499583333334 0.5048200796875 0.42094499583333334 0.5048200796875 0.3699213611111111
2 0.64951992265625 0.3720473458333334 0.64951992265625 0.41881901388888887 0.7427975078125 0.41881901388888887 0.7427975078125 0.3720473458333334
7 0.0336486890625 0.29338590833333333 0.0336486890625 0.33590560555555554 0.061153617187499995 0.33590560555555554 0.061153617187499995 0.29338590833333333
2 0.18911133046875 0.3848032583333333 0.18911133046875 0.4294489388888889 0.21302866015625002 0.4294489388888889 0.21302866015625002 0.3848032583333333
6 0.12094694140625 0.29338590833333333 0.12094694140625 0.31464575833333336 0.13410147265625 0.31464575833333336 0.13410147265625 0.29338590833333333
6 0.45220195468749996 0.26787409305555554 0.45220195468749996 0.2933859111111111 0.46296475234375 0.2933859111111111 0.46296475234375 0.26787409305555554
6 0.4737275515625 0.31889772638888886 0.4737275515625 0.3401575763888889 0.48090275078125 0.3401575763888889 0.48090275078125 0.31889772638888886
7 0.37327476875 0.3103937861111111 0.37327476875 0.34440954305555554 0.39001689921875 0.34440954305555554 0.39001689921875 0.3103937861111111
7 0.060989190625 0.33005914722222224 0.060989190625 0.38533475277777773 0.0861023859375 0.38533475277777773 0.0861023859375 0.33005914722222224
7 0.2979881890625 0.2665514 0.2979881890625 0.31119708055555556 0.3099468515625 0.31119708055555556 0.3099468515625 0.2665514
7 0.2955964546875 0.3069451111111111 0.2955964546875 0.33033094305555555 0.311142721875 0.33033094305555555 0.311142721875 0.3069451111111111
6 0.30126353984375 0.07991188055555556 0.30126353984375 0.11561718888888889 0.31656581484375 0.11561718888888889 0.31656581484375 0.07991188055555556