2 0 0.38299117083333334 0 0.5285624763888889 0.11015328671875 0.5285624763888889 0.11015328671875 0.38299117083333334
2 0.10138001562500001 0.3847241625 0.10138001562500001 0.5094995694444445 0.227130228125 0.5094995694444445 0.227130228125 0.3847241625
2 0.83735993984375 0.33100141944444444 0.83735993984375 0.6186780458333333 0.9982032343749999 0.6186780458333333 0.9982032343749999 0.33100141944444444
6 0.1286746359375 0.18369712361111112 0.1286746359375 0.27381269305555556 0.1413471375 0.27381269305555556 0.1413471375 0.18369712361111112
6 0.83833474765625 0.12997437916666665 0.83833474765625 0.2010270402777778 0.8568560968750001 0.2010270402777778 0.8568560968750001 0.12997437916666665
6 0.8558812890624999 0.14037232916666667 0.8558812890624999 0.2044930236111111 0.8675789828125 0.2044930236111111 0.8675789828125 0.14037232916666667
7 0.10820367109375 0.2478178166666667 0.10820367109375 0.2668807263888889 0.1286746359375 0.2668807263888889 0.1286746359375 0.2478178166666667
7 0.0994304 0.27381269305555556 0.0994304 0.2876766263888889 0.11600213359375 0.2876766263888889 0.11600213359375 0.27381269305555556
7 0.1267250203125 0.2876766263888889 0.1267250203125 0.3102055194444444 0.13744790625 0.3102055194444444 0.13744790625 0.2876766263888889
7 0.89877283359375 0.15250327222222224 0.89877283359375 0.18889609861111112 0.9182689906249999 0.18889609861111112 0.9182689906249999 0.15250327222222224
7 0.94166437890625 0.17676515555555555 0.94166437890625 0.23222089305555554 0.9631101515625 0.23222089305555554 0.9631101515625 0.17676515555555555
7 0.83735993984375 0.2148909736111111 0.83735993984375 0.246084825 0.8588057125 0.246084825 0.8588057125 0.2148909736111111
7 0.83930955546875 0.24435183333333335 0.83930955546875 0.27381269305555556 0.8578309046875001 0.27381269305555556 0.8578309046875001 0.24435183333333335
7 0.84223397890625 0.2668807263888889 0.84223397890625 0.2876766263888889 0.8568560968750001 0.2876766263888889 0.8568560968750001 0.2668807263888889
6 0.0994304 0.33620039444444444 0.0994304 0.3639282625 0.11210290234375 0.3639282625 0.11210290234375 0.33620039444444444
4 0.23492869062500002 0.4159180138888888 0.23492869062500002 0.49910161666666664 0.24565157734374998 0.49910161666666664 0.24565157734374998 0.4159180138888888
4 0.2251806125 0.3985880972222222 0.2251806125 0.48697067499999996 0.23980273046875 0.48697067499999996 0.23980273046875 0.3985880972222222
9 0.24370196171875 0 0.24370196171875 0.8751608222222222 0.8471080179687499 0.8751608222222222 0.8471080179687499 0