7 0.036116985156249996 0.28186216388888885 0.036116985156249996 0.298186225 0.0498904140625 0.298186225 0.0498904140625 0.28186216388888885
7 0.03795344296875 0.29818622777777776 0.03795344296875 0.3422612 0.0498904140625 0.3422612 0.0498904140625 0.29818622777777776
2 0.08132881796875 0.32135085 0.08132881796875 0.340939725 0.10979390390624999 0.340939725 0.10979390390624999 0.32135085
2 0.3062948203125 0.31901884305555556 0.3062948203125 0.3320780944444444 0.31547710703125 0.3320780944444444 0.31547710703125 0.31901884305555556
2 0.1591596171875 0.322672325 0.1591596171875 0.3389963875 0.17844241875 0.3389963875 0.17844241875 0.322672325
2 0.32925053515624997 0.31575403194444446 0.32925053515624997 0.3320780944444444 0.3375145921875 0.3320780944444444 0.3375145921875 0.31575403194444446
2 0.35220625078125 0.31575403194444446 0.35220625078125 0.3288132833333333 0.363224990625 0.3288132833333333 0.363224990625 0.31575403194444446
2 0.31180419375 0.3173864375 0.31180419375 0.34187253333333334 0.325577621875 0.34187253333333334 0.325577621875 0.3173864375
2 0.34394219296875 0.32228365555555555 0.34394219296875 0.34187253333333334 0.3586338515625 0.34187253333333334 0.3586338515625 0.32228365555555555
2 0.3329234484375 0.3320780944444444 0.3329234484375 0.35329937916666665 0.35496093515625 0.35329937916666665 0.35496093515625 0.3320780944444444
2 0.25028287734375 0.32718087777777777 0.25028287734375 0.3696234444444444 0.28242087734375 0.3696234444444444 0.28242087734375 0.32718087777777777
2 0.153868875 0.3362757125 0.153868875 0.39830715555555557 0.21027434765625 0.39830715555555557 0.21027434765625 0.3362757125
4 0.18089103046875 0.31995165 0.18089103046875 0.33790811805555554 0.1900733171875 0.33790811805555554 0.1900733171875 0.31995165
2 0.07689016796875 0.3362757125 0.07689016796875 0.43585249861111114 0.15402136953125 0.43585249861111114 0.15402136953125 0.3362757125
9 0.5611639226562499 0.3036275875 0.5611639226562499 0.32811368333333335 0.651150321875 0.32811368333333335 0.651150321875 0.3036275875
2 0.5400446671875 0.3411729333333333 0.5400446671875 0.4946191333333333 0.8118403289062501 0.4946191333333333 0.8118403289062501 0.3411729333333333