7 0.620597809375 0.34235099583333334 0.620597809375 0.385318125 0.6463261109375 0.385318125 0.6463261109375 0.34235099583333334
2 0.001559290625 0.3853181263888889 0.001559290625 0.6888601041666667 0.2331140015625 0.6888601041666667 0.2331140015625 0.3853181263888889
2 0.21050428203125 0.4061086722222222 0.21050428203125 0.5363960972222223 0.34226436953125 0.5363960972222223 0.34226436953125 0.4061086722222222
2 0.32277323281250003 0.39086227083333336 0.32277323281250003 0.49065689305555554 0.39450061796874997 0.49065689305555554 0.39450061796874997 0.39086227083333336
2 0.6907659039062499 0.35205325416666666 0.6907659039062499 0.6375767569444445 0.9402524601562501 0.6375767569444445 0.9402524601562501 0.35205325416666666
2 0.61903851953125 0.41026678194444444 0.61903851953125 0.5460983513888888 0.72195172421875 0.5460983513888888 0.72195172421875 0.41026678194444444
2 0.5792765984375 0.39224830833333335 0.5792765984375 0.51560555 0.671274765625 0.51560555 0.671274765625 0.39224830833333335
2 0.5426332617187499 0.4005645291666666 0.5426332617187499 0.4823406763888889 0.5972084453125001 0.4823406763888889 0.5972084453125001 0.4005645291666666
2 0.5130067320312499 0.41165281666666664 0.5130067320312499 0.4657082388888889 0.54575184296875 0.4657082388888889 0.54575184296875 0.41165281666666664
2 0.5052102781250001 0.4199690375 0.5052102781250001 0.45461994722222226 0.5161253140625 0.45461994722222226 0.5161253140625 0.4199690375
2 0.50131205 0.4158109277777778 0.50131205 0.44630372916666666 0.5122270859375 0.44630372916666666 0.5122270859375 0.4158109277777778
2 0.49429524062499997 0.4241271472222223 0.49429524062499997 0.4449176944444444 0.5005324046874999 0.4449176944444444 0.5005324046874999 0.4241271472222223
2 0.48961736640625003 0.4144248916666667 0.48961736640625003 0.4476897638888889 0.4989731125 0.4476897638888889 0.4989731125 0.4144248916666667
2 0.4826005578125 0.421355075 0.4826005578125 0.4393735486111111 0.4903970125 0.4393735486111111 0.4903970125 0.421355075
2 0.47090587578125 0.4241271472222223 0.47090587578125 0.4352154388888889 0.477922684375 0.4352154388888889 0.477922684375 0.4241271472222223
2 0.39138203515625 0.4019505638888889 0.39138203515625 0.45877805694444446 0.4241271453125 0.45877805694444446 0.4241271453125 0.4019505638888889
2 0.42022891953124997 0.41026678194444444 0.42022891953124997 0.45461994722222226 0.4358218296875 0.45461994722222226 0.4358218296875 0.41026678194444444
2 0.4319236015625 0.4144248916666667 0.4319236015625 0.4449176930555555 0.44517757421875004 0.4449176930555555 0.44517757421875004 0.4144248916666667
2 0.44205899296875 0.4158109277777778 0.44205899296875 0.43798751111111106 0.4506350921875 0.43798751111111106 0.4506350921875 0.4158109277777778
2 0.44907580156250004 0.418583 0.44907580156250004 0.43382940138888887 0.4560926109375 0.43382940138888887 0.4560926109375 0.418583
2 0.46155012968750003 0.418583 0.46155012968750003 0.4310573277777777 0.46778729453125 0.4310573277777777 0.46778729453125 0.418583