6 0.26319811875 0.47483973333333335 0.26319811875 0.497368625 0.27099658046875 0.497368625 0.27099658046875 0.47483973333333335
6 0.17546541328125 0.47483973333333335 0.17546541328125 0.5025675986111111 0.18423868359375 0.5025675986111111 0.18423868359375 0.47483973333333335
7 0.6482472171875 0.4471118638888889 0.6482472171875 0.46790776666666667 0.66774337421875 0.46790776666666667 0.66774337421875 0.4471118638888889
7 0.6462976015625 0.46790776666666667 0.6462976015625 0.51296555 0.6657937578124999 0.51296555 0.6657937578124999 0.46790776666666667
6 0.20763407109375 0.5198975180555555 0.20763407109375 0.5372274347222222 0.21348291796875 0.5372274347222222 0.21348291796875 0.5198975180555555
7 0.11112809453125001 0.5094995680555556 0.11112809453125001 0.5372274319444444 0.12672502109375 0.5372274319444444 0.12672502109375 0.5094995680555556
2 0.21640734140625 0.5580233361111111 0.21640734140625 0.5926831708333333 0.23297907578125 0.5926831708333333 0.23297907578125 0.5580233361111111
2 0.22810503671875 0.5580233361111111 0.22810503671875 0.5996151375 0.251500425 0.5996151375 0.251500425 0.5580233361111111
2 0.18618829765625 0.5597563277777778 0.18618829765625 0.5840182097222222 0.200810415625 0.5840182097222222 0.200810415625 0.5597563277777778
2 0.41136891171874995 0.5528243597222222 0.41136891171874995 0.615212061111111 0.45036122578125 0.615212061111111 0.45036122578125 0.5528243597222222
2 0.6131541359375 0.5424264097222222 0.6131541359375 0.7469194333333332 0.73110588515625 0.7469194333333332 0.73110588515625 0.5424264097222222
2 0.42794064453124997 0.5181645263888889 0.42794064453124997 0.7659823430555556 0.6336250999999999 0.7659823430555556 0.6336250999999999 0.5181645263888889
2 0.71160972734375 0.5718872680555556 0.71160972734375 0.8543649208333334 0.9982032335937501 0.8543649208333334 0.9982032335937501 0.5718872680555556
2 0.189112721875 0.5649553027777777 0.189112721875 0.6065471041666667 0.21835695781250003 0.6065471041666667 0.21835695781250003 0.5649553027777777
2 0.16084329453125 0.5614893194444445 0.16084329453125 0.5944161611111112 0.1842386828125 0.5944161611111112 0.1842386828125 0.5614893194444445
4 0.1413471375 0.5493583777777777 0.1413471375 0.5978821458333333 0.15012040859375 0.5978821458333333 0.15012040859375 0.5493583777777777
4 0.12964944375 0.5424264097222222 0.12964944375 0.6013481291666667 0.1413471375 0.6013481291666667 0.1413471375 0.5424264097222222
2 0.005848846875 0.5198975180555555 0.005848846875 0.6793327555555555 0.13452348281249998 0.6793327555555555 0.13452348281249998 0.5198975180555555
2 0.2359034984375 0.5043005916666666 0.2359034984375 0.7729143083333333 0.42891545156250005 0.7729143083333333 0.42891545156250005 0.5043005916666666
2 0.9241178382812499 0.7105266069444445 0.9241178382812499 0.9982032333333333 0.9991780421875 0.9982032333333333 0.9991780421875 0.7105266069444445
7 0.12282578828124999 0.5025676 0.12282578828124999 0.5181645263888889 0.13744790625 0.5181645263888889 0.13744790625 0.5025676