7 0.218644246875 0.3708119166666667 0.218644246875 0.38318305277777776 0.23140198046875 0.38318305277777776 0.23140198046875 0.3708119166666667
7 0.27199477109375 0.40998718055555555 0.27199477109375 0.4367913097222222 0.2882318875 0.4367913097222222 0.2882318875 0.40998718055555555
7 0.48539686875 0.44297687916666667 0.48539686875 0.46771914444444446 0.5004741914062499 0.46771914444444446 0.5004741914062499 0.44297687916666667
7 0.244159715625 0.35431706944444447 0.244159715625 0.3749356291666666 0.25575765625 0.3749356291666666 0.25575765625 0.35431706944444447
2 0.25283509296875 0.4435935916666667 0.25283509296875 0.48276885972222217 0.31314438125 0.48276885972222217 0.31314438125 0.4435935916666667
2 0.25631447500000004 0.4518410152777778 0.25631447500000004 0.5343152569444444 0.31082479140624997 0.5343152569444444 0.31082479140624997 0.4518410152777778
2 0.19848424296875 0.44164955694444447 0.19848424296875 0.5983506138888889 0.2727110578125 0.5983506138888889 0.2727110578125 0.44164955694444447
2 0.3202626140625 0.45195883750000004 0.3202626140625 0.4911341013888889 0.37477293046875004 0.4911341013888889 0.37477293046875004 0.45195883750000004
2 0.47567501015625 0.48701038888888887 0.47567501015625 0.5653609194444444 0.5441028570312499 0.5653609194444444 0.5441028570312499 0.48701038888888887
2 0.5626595601562501 0.49319595694444446 0.5626595601562501 0.6540207263888889 0.71691216328125 0.6540207263888889 0.71691216328125 0.49319595694444446
2 0 0.18804126666666668 0 0.7612372361111112 0.22979868203125 0.7612372361111112 0.22979868203125 0.18804126666666668
2 0.82637630625 0.40998718055555555 0.82637630625 0.8326676611111111 0.9980258195312499 0.8326676611111111 0.9980258195312499 0.40998718055555555