2 0.4316328546875 0.5806125208333334 0.4316328546875 0.6020411027777778 0.44110352265625 0.6020411027777778 0.44110352265625 0.5806125208333334
2 0.44024255312499994 0.5867349736111112 0.44024255312499994 0.6066329430555555 0.44971322109375 0.6066329430555555 0.44971322109375 0.5867349736111112
2 0.44971322109375 0.5852043611111112 0.44971322109375 0.5974492638888889 0.45660098046875 0.5974492638888889 0.45660098046875 0.5852043611111112
2 0.4505741890625 0.5943880361111111 0.4505741890625 0.6127553916666666 0.4557400078125 0.6127553916666666 0.4557400078125 0.5943880361111111
2 0.6661036328125001 0.5989798777777777 0.6661036328125001 0.7030615583333333 0.74100800390625 0.7030615583333333 0.74100800390625 0.5989798777777777
2 0.7280934578125 0.5607145527777777 0.7280934578125 0.7367350388888888 0.89684353203125 0.7367350388888888 0.89684353203125 0.5607145527777777
2 0.30420932265625 0.5913268111111112 0.30420932265625 0.6081635541666667 0.31798483984375003 0.6081635541666667 0.31798483984375003 0.5913268111111112
2 0.42962391640625003 0.5984696569444444 0.42962391640625003 0.618367625 0.4408165234375 0.618367625 0.4408165234375 0.5984696569444444
2 0.44167749453124994 0.6000002694444445 0.44167749453124994 0.6198982375 0.45200913046875 0.6198982375 0.45200913046875 0.6000002694444445
2 0.45459204062499997 0.5969390416666667 0.45459204062499997 0.6168370097222222 0.46406271015625 0.6168370097222222 0.46406271015625 0.5969390416666667
2 0.5002234398437501 0.577041075 0.5002234398437501 0.7086737875 0.59177323359375 0.7086737875 0.59177323359375 0.577041075
2 0.8651516304687499 0.5523326194444445 0.8651516304687499 0.7698983277777777 0.9986019453124999 0.7698983277777777 0.9986019453124999 0.5523326194444445
9 0.47353337656249994 0.5654084069444444 0.47353337656249994 0.6312247638888889 0.47956016484374997 0.6312247638888889 0.47956016484374997 0.5654084069444444
9 0.4769772546875 0.5041838916666667 0.4769772546875 0.6694900875 0.5570474437499999 0.6694900875 0.5570474437499999 0.5041838916666667
6 0.5570474437499999 0.4806124625 0.5570474437499999 0.4989798152777778 0.5622132625 0.4989798152777778 0.5622132625 0.4806124625
6 0.37899890546875004 0.4894900208333333 0.37899890546875004 0.5216328916666666 0.38760860390624996 0.5216328916666666 0.38760860390624996 0.4894900208333333
6 0.31167105859375 0.5413267819444445 0.31167105859375 0.5566329125 0.31769784687499997 0.5566329125 0.31769784687499997 0.5413267819444445
7 0.6798791484375 0.5193880041666666 0.6798791484375 0.5362247472222222 0.70140339296875 0.5362247472222222 0.70140339296875 0.5193880041666666
7 0.68418399765625 0.5683676180555556 0.68418399765625 0.5760206805555556 0.70140339296875 0.5760206805555556 0.70140339296875 0.5683676180555556
4 0.6500321796875 0.6042094569444444 0.6500321796875 0.6470666180555555 0.6569199375 0.6470666180555555 0.6569199375 0.6042094569444444
4 0.6138714484375 0.5996176166666667 0.6138714484375 0.6164543597222223 0.62162017734375 0.6164543597222223 0.62162017734375 0.5996176166666667
4 0.380548640625 0.5987757986111112 0.380548640625 0.6370411208333333 0.3891583390625 0.6370411208333333 0.3891583390625 0.5987757986111112
4 0.6551979984375 0.6048982513888889 0.6551979984375 0.6584697013888889 0.663807696875 0.6584697013888889 0.663807696875 0.6048982513888889
4 0.632812784375 0.6003064125 0.632812784375 0.6462248013888889 0.6414224828124999 0.6462248013888889 0.6414224828124999 0.6003064125
4 0.6689735156250001 0.5911227333333333 0.6689735156250001 0.6967350250000001 0.6956635773437501 0.6967350250000001 0.6956635773437501 0.5911227333333333
5 0.40551676328125 0.5905104972222222 0.40551676328125 0.6287758208333334 0.41843130781250004 0.6287758208333334 0.41843130781250004 0.5905104972222222
3 0.4063777328125 0.6165309180555556 0.4063777328125 0.6425513374999999 0.42015325 0.6425513374999999 0.42015325 0.6165309180555556