2 0.23839441328125002 0.48126885555555554 0.23839441328125002 0.5533232305555555 0.29804320078125 0.5533232305555555 0.29804320078125 0.48126885555555554
2 0.13133248515625 0.47039271944444444 0.13133248515625 0.5927492069444444 0.23992386796875 0.5927492069444444 0.23992386796875 0.47039271944444444
2 0.10533173203124999 0.47583078749999996 0.10533173203124999 0.5111782166666666 0.13897976640625 0.5111782166666666 0.13897976640625 0.47583078749999996
2 0.2895041921875 0.4925334291666667 0.2895041921875 0.5129261736111111 0.30173983828125 0.5129261736111111 0.30173983828125 0.4925334291666667
2 0.30632820703124997 0.4870953611111111 0.30632820703124997 0.5102071430555556 0.3254464078125 0.5102071430555556 0.3254464078125 0.4870953611111111
2 0.32238749609375 0.4884548777777778 0.32238749609375 0.5088476263888889 0.34227042421875 0.5088476263888889 0.34227042421875 0.4884548777777778
2 0.40803703750000003 0.47350019583333336 0.40803703750000003 0.5047690763888889 0.4240963265625 0.5047690763888889 0.4240963265625 0.47350019583333336
2 0.3766831890625 0.45174793194444446 0.3766831890625 0.5197237597222222 0.41262540625 0.5197237597222222 0.41262540625 0.45174793194444446
2 0.42639051328125 0.46611996250000004 0.42639051328125 0.5150625541666667 0.45697963359375005 0.5150625541666667 0.45697963359375005 0.46611996250000004
2 0.4644448328125 0.47809665138888885 0.4644448328125 0.5012084347222222 0.48050412031249995 0.5012084347222222 0.48050412031249995 0.47809665138888885
2 0.48050412109374996 0.46586100694444443 0.48050412109374996 0.5093655361111111 0.51185797265625 0.5093655361111111 0.51185797265625 0.46586100694444443
2 0.5735460375 0.46812686388888886 0.5735460375 0.5116313902777777 0.63778319375 0.5116313902777777 0.63778319375 0.46812686388888886
2 0.7811983851562501 0.4464652430555555 0.7811983851562501 0.5117220375 0.81714060390625 0.5117220375 0.81714060390625 0.4464652430555555
4 0.71696122890625 0.44374620972222223 0.71696122890625 0.5008459041666667 0.7269026937499999 0.5008459041666667 0.7269026937499999 0.44374620972222223
5 0.7069910828125 0.4499999736111111 0.7069910828125 0.5166162861111111 0.717697275 0.5166162861111111 0.717697275 0.4499999736111111
0 0.69399070546875 0.4839878861111111 0.69399070546875 0.5274924125 0.73146238046875 0.5274924125 0.73146238046875 0.4839878861111111
6 0.52498580625 0.35347429722222223 0.52498580625 0.38338366250000006 0.53263308671875 0.38338366250000006 0.53263308671875 0.35347429722222223
6 0.40262931875 0.34667671666666666 0.40262931875 0.37794559722222226 0.41027659921875 0.37794559722222226 0.41027659921875 0.34667671666666666
6 0.3934525828125 0.35211478194444445 0.3934525828125 0.37658608055555554 0.398805678125 0.37658608055555554 0.398805678125 0.35211478194444445
6 0.32998015468749997 0.4064954416666667 0.32998015468749997 0.43504528888888894 0.33762743515625 0.43504528888888894 0.33762743515625 0.4064954416666667
6 0.1976822015625 0.35619333194444447 0.1976822015625 0.4092144763888889 0.20991785156249998 0.4092144763888889 0.20991785156249998 0.35619333194444447
6 0.10515010625000001 0.2936555722222222 0.10515010625000001 0.3439576847222222 0.11738575468750001 0.3439576847222222 0.11738575468750001 0.2936555722222222
6 0.012618011718749999 0.36435043194444444 0.012618011718749999 0.3942597944444444 0.0210300203125 0.3942597944444444 0.0210300203125 0.36435043194444444
6 0.00420600390625 0.36435043194444444 0.00420600390625 0.39290027916666664 0.010323828125 0.39290027916666664 0.010323828125 0.36435043194444444
7 0.192966375 0.21480361250000002 0.192966375 0.244712975 0.2182024015625 0.244712975 0.2182024015625 0.21480361250000002
7 0.1937311015625 0.24652566805555556 0.1937311015625 0.26012083333333336 0.2197318546875 0.26012083333333336 0.2197318546875 0.24652566805555556
7 0.03160875546875 0.4422960486111111 0.03160875546875 0.47220541388888887 0.048432771875 0.47220541388888887 0.048432771875 0.4422960486111111
7 0.025490932031250003 0.42734136666666667 0.025490932031250003 0.4382175 0.03925603671875 0.4382175 0.03925603671875 0.42734136666666667
7 0.0392560359375 0.4205437875 0.0392560359375 0.43141992083333336 0.0499622296875 0.43141992083333336 0.0499622296875 0.4205437875
7 0.3459119859375 0.37296070555555555 0.3459119859375 0.38655586805555553 0.38185420234375 0.38655586805555553 0.38185420234375 0.37296070555555555
7 0.4912103140625 0.4287008833333333 0.4912103140625 0.4422960486111111 0.5164463390625 0.4422960486111111 0.5164463390625 0.4287008833333333
2 0.8135899914062501 0.445947975 0.8135899914062501 0.7423225805555556 0.99788945078125 0.7423225805555556 0.99788945078125 0.445947975
2 0 0.4731383069444445 0 0.6498754569444445 0.15057077109375 0.6498754569444445 0.15057077109375 0.4731383069444445