2 0.5059314671874999 0.4740304805555555 0.5059314671874999 0.49443351388888884 0.52410291953125 0.49443351388888884 0.52410291953125 0.4740304805555555
2 0.48967280078125003 0.4757307333333334 0.48967280078125003 0.4961337652777778 0.49923672265625 0.4961337652777778 0.49923672265625 0.4757307333333334
2 0.64632985859375 0.47062997500000003 0.64632985859375 0.7341691555555556 0.9169888484375001 0.7341691555555556 0.9169888484375001 0.47062997500000003
4 0.047819609375 0.41939569444444447 0.047819609375 0.5809197097222222 0.0793805515625 0.5809197097222222 0.0793805515625 0.41939569444444447
4 0.097552003125 0.39899266111111115 0.097552003125 0.5894209722222222 0.11954902265625 0.5894209722222222 0.11954902265625 0.39899266111111115
4 0.06981662968749999 0.39672566527777775 0.06981662968749999 0.5973554944444445 0.1042467484375 0.5973554944444445 0.1042467484375 0.39672566527777775
4 0.33888164140625 0.44603298333333335 0.33888164140625 0.5242446125 0.36087866171875 0.5242446125 0.36087866171875 0.44603298333333335
4 0.60922182421875 0.4545342486111111 0.60922182421875 0.5259448638888888 0.62356770625 0.5259448638888888 0.62356770625 0.4545342486111111
4 0.6254804914062501 0.46473576388888893 0.6254804914062501 0.5276451180555556 0.636957196875 0.5276451180555556 0.636957196875 0.46473576388888893
4 0.47819609453125 0.4664360166666667 0.47819609453125 0.5106425888888889 0.48967280078125003 0.5106425888888889 0.48967280078125003 0.4664360166666667
4 0.65799782578125 0.44206572222222223 0.65799782578125 0.5304788666666667 0.67616927734375 0.5304788666666667 0.67616927734375 0.44206572222222223
6 0.3650230234375 0.19666257222222222 0.3650230234375 0.27147369444444447 0.383194475 0.27147369444444447 0.383194475 0.19666257222222222
6 0.5626774140624999 0.27657445138888886 0.5626774140624999 0.320781025 0.5722413359375 0.320781025 0.5722413359375 0.27657445138888886
6 0.29935075546875 0.38709089166666666 0.29935075546875 0.41599518888888887 0.31656581484375 0.41599518888888887 0.31656581484375 0.38709089166666666
6 0.49987433671875003 0.4517004972222222 0.49987433671875003 0.4670027722222222 0.5056126898437501 0.4670027722222222 0.5056126898437501 0.4517004972222222
6 0.47500813984374995 0.4517004972222222 0.47500813984374995 0.4687030263888889 0.4788337078125 0.4687030263888889 0.4788337078125 0.4517004972222222
6 0.65640387890625 0.4125946833333333 0.65640387890625 0.43639822222222224 0.6707497609375 0.43639822222222224 0.6707497609375 0.4125946833333333
6 0.9034718406250001 0.3383503027777778 0.9034718406250001 0.3808566222222222 0.9216432921875001 0.3808566222222222 0.9216432921875001 0.3383503027777778
6 0.8776492515625 0.3428843194444445 0.8776492515625 0.38709089166666666 0.9025154484375 0.38709089166666666 0.9025154484375 0.3428843194444445
6 0.9417275281249999 0.22783387222222223 0.9417275281249999 0.31624701666666666 0.9675501171875001 0.31624701666666666 0.9675501171875001 0.22783387222222223
7 0.27320937343749996 0.3338163013888889 0.27320937343749996 0.35251908055555553 0.29520639375 0.35251908055555553 0.29520639375 0.3338163013888889
7 0.65799782578125 0.29130998055555557 0.65799782578125 0.31511351805555554 0.6933843375000001 0.31511351805555554 0.6933843375000001 0.29130998055555557
7 0.9092101929687499 0.1921285638888889 0.9092101929687499 0.22953412499999998 0.9646809398437499 0.22953412499999998 0.9646809398437499 0.1921285638888889
7 0.937901959375 0.11731744166666667 0.937901959375 0.13942072777777778 0.9790268234375 0.13942072777777778 0.9790268234375 0.11731744166666667
7 0.9376348859375 0.34968533055555556 0.9376348859375 0.38364399444444447 0.95511701875 0.38364399444444447 0.95511701875 0.34968533055555556
7 0.67202493046875 0.3547860888888889 0.67202493046875 0.39899266250000004 0.6949783429687499 0.39899266250000004 0.6949783429687499 0.3547860888888889
4 0.032517334375 0.41939569444444447 0.032517334375 0.49420681666666666 0.04877600078125 0.49420681666666666 0.04877600078125 0.41939569444444447