2 0.43260284687499995 0.5882808458333333 0.43260284687499995 0.693749525 0.5156594304687501 0.693749525 0.5156594304687501 0.5882808458333333
2 0.379868509375 0.6046870847222222 0.379868509375 0.6328120652777778 0.39305209375 0.6328120652777778 0.39305209375 0.6046870847222222
2 0.36009313203125004 0.6046870847222222 0.36009313203125004 0.6234370708333333 0.36668492421875 0.6234370708333333 0.36668492421875 0.6046870847222222
2 0.36668492421875 0.6046870847222222 0.36668492421875 0.6257808180555555 0.3772317921875 0.6257808180555555 0.3772317921875 0.6046870847222222
2 0.34427283046875 0.5999995875 0.34427283046875 0.6234370708333333 0.35613805703125 0.6234370708333333 0.35613805703125 0.5999995875
2 0.31922401953125 0.6070308333333334 0.31922401953125 0.6328120652777778 0.33504432109375004 0.6328120652777778 0.33504432109375004 0.6070308333333334
2 0.3917337359375 0.6046870847222222 0.3917337359375 0.6421870583333333 0.40491732109375 0.6421870583333333 0.40491732109375 0.6046870847222222
2 0.402280603125 0.5953120902777778 0.402280603125 0.6609370444444445 0.44051299843749997 0.6609370444444445 0.44051299843749997 0.5953120902777778
2 0.6857276742187499 0.5367183805555555 0.6857276742187499 0.6445308055555555 0.8017432195312499 0.6445308055555555 0.8017432195312499 0.5367183805555555
9 0.0028179875 0.4992184083333333 0.0028179875 0.911718125 0.25989788828125 0.911718125 0.25989788828125 0.4992184083333333
7 0.725278428125 0.2789060583333333 0.725278428125 0.30468728888888885 0.77273933203125 0.30468728888888885 0.77273933203125 0.2789060583333333