7 0.4765892359375 0.17274458611111113 0.4765892359375 0.3010180611111111 0.6772120820312499 0.3010180611111111 0.6772120820312499 0.17274458611111113
7 0.7794090742187499 0.5267257569444445 0.7794090742187499 0.5486261069444445 0.7934878710937501 0.5486261069444445 0.7934878710937501 0.5267257569444445
7 0.742452234375 0.5314186888888889 0.742452234375 0.5595762833333333 0.7582908796875001 0.5595762833333333 0.7582908796875001 0.5314186888888889
7 0.71429464140625 0.4797964361111111 0.71429464140625 0.5173398930555555 0.72661358828125 0.5173398930555555 0.72661358828125 0.4797964361111111
7 0.70461546953125 0.41565969861111113 0.70461546953125 0.4516388444444444 0.74685185859375 0.4516388444444444 0.74685185859375 0.41565969861111113
7 0.7134147171875 0.4547674652777778 0.7134147171875 0.47353919305555553 0.73365298671875 0.47353919305555553 0.73365298671875 0.4547674652777778
7 0.66149915625 0.4140953875 0.66149915625 0.4547674652777778 0.68613704921875 0.4547674652777778 0.68613704921875 0.4140953875
7 0.65885938203125 0.456331775 0.65885938203125 0.5079540277777778 0.68789689921875 0.5079540277777778 0.68789689921875 0.456331775
7 0.25484819609375 0.45007453333333336 0.25484819609375 0.5153650944444444 0.2822417296875 0.5153650944444444 0.2822417296875 0.45007453333333336
7 0.1879739140625 0.4547674652777778 0.1879739140625 0.5016967861111111 0.21437165703125 0.5016967861111111 0.21437165703125 0.4547674652777778
7 0.22229097968749997 0.2873862208333333 0.22229097968749997 0.3499586472222222 0.3058838328125 0.3499586472222222 0.3058838328125 0.2873862208333333
7 0.13693827812499998 0.2858219111111111 0.13693827812499998 0.3499586486111111 0.20205271015625 0.3499586486111111 0.20205271015625 0.2858219111111111
7 0.7353329546875 0.5349942555555555 0.7353329546875 0.5647161583333333 0.74501212734375 0.5647161583333333 0.74501212734375 0.5349942555555555
7 0.648174565625 0.5043784527777778 0.648174565625 0.5528720819444445 0.66137343671875 0.5528720819444445 0.66137343671875 0.5043784527777778
6 0.46495225390624995 0.4661645861111111 0.46495225390624995 0.48962924583333334 0.47111172578125 0.48962924583333334 0.47111172578125 0.4661645861111111
2 0.5432655429687501 0.5052723527777777 0.5432655429687501 0.5224797708333333 0.56174396328125 0.5224797708333333 0.56174396328125 0.5052723527777777
2 0.54062576875 0.5193511486111111 0.54062576875 0.5412514986111111 0.55910418984375 0.5412514986111111 0.55910418984375 0.5193511486111111
2 0.51686779921875 0.5115295958333334 0.51686779921875 0.553765986111111 0.5450253929687501 0.553765986111111 0.5450253929687501 0.5115295958333334
2 0.5151079507812499 0.5349942555555555 0.5151079507812499 0.5631518486111111 0.53270644609375 0.5631518486111111 0.53270644609375 0.5349942555555555
2 0.53446629609375 0.5553302944444444 0.53446629609375 0.5881808208333333 0.557344340625 0.5881808208333333 0.557344340625 0.5553302944444444
2 0.482550734375 0.5193511486111111 0.482550734375 0.5787949555555556 0.51862765 0.5787949555555556 0.51862765 0.5193511486111111
2 0.46847193828125 0.5256083916666666 0.46847193828125 0.585052198611111 0.510708328125 0.585052198611111 0.510708328125 0.5256083916666666
2 0.47991096015625 0.552201673611111 0.47991096015625 0.5819235763888889 0.50366892890625 0.5819235763888889 0.50366892890625 0.552201673611111
2 0.459672690625 0.5537659847222222 0.459672690625 0.581923575 0.48607043359375 0.581923575 0.48607043359375 0.5537659847222222
2 0.4315150984375 0.5443801194444444 0.4315150984375 0.5944380638888889 0.46407231484375 0.5944380638888889 0.46407231484375 0.5443801194444444
2 0.390158634375 0.5349942555555555 0.390158634375 0.5991309944444445 0.43591472265625003 0.5991309944444445 0.43591472265625003 0.5349942555555555
2 0.3408828546875 0.5287370125 0.3408828546875 0.6006953041666666 0.39543818984375 0.6006953041666666 0.39543818984375 0.5287370125
2 0.29864646562499997 0.5396871875 0.29864646562499997 0.6100811708333334 0.35496165 0.6100811708333334 0.35496165 0.5396871875
2 0.2352918828125 0.5177868388888889 0.2352918828125 0.6163384097222223 0.30480593906250003 0.6163384097222223 0.30480593906250003 0.5177868388888889
2 0.13146076171875 0.49745079861111113 0.13146076171875 0.6304172097222223 0.24145135703124998 0.6304172097222223 0.24145135703124998 0.49745079861111113
1 0.00035196953125 0.3582271486111111 0.00035196953125 0.6632677305555555 0.1385001578125 0.6632677305555555 0.1385001578125 0.3582271486111111
1 0.55734433984375 0.47555045 0.55734433984375 0.6257242763888888 0.6400572671875 0.6257242763888888 0.6400572671875 0.47555045
2 0.646216740625 0.5662804694444444 0.646216740625 0.6116454791666667 0.68845312890625 0.6116454791666667 0.68845312890625 0.5662804694444444
2 0.7935161671875 0.5428158097222222 0.7935161671875 0.5631518486111111 0.81199458671875 0.5631518486111111 0.81199458671875 0.5428158097222222