7 0.21428505546875 0.27961177083333333 0.21428505546875 0.35949341805555557 0.23937288515625 0.35949341805555557 0.23937288515625 0.27961177083333333
7 0.4719033671875 0.3515052513888889 0.4719033671875 0.39344311805555554 0.48388561484375003 0.39344311805555554 0.48388561484375003 0.3515052513888889
7 0.84822081484375 0.3468454902777778 0.84822081484375 0.36082477777777777 0.85907972578125 0.36082477777777777 0.85907972578125 0.3468454902777778
7 0.84784636875 0.3728070236111111 0.84784636875 0.38279223194444445 0.86020306171875 0.38279223194444445 0.86020306171875 0.3728070236111111
6 0.8021640539062499 0.34751116944444443 0.8021640539062499 0.3634874986111111 0.80740628671875 0.3634874986111111 0.80740628671875 0.34751116944444443
6 0.79841960078125 0.3455141277777778 0.79841960078125 0.3628218166666667 0.804036278125 0.3628218166666667 0.804036278125 0.3455141277777778
6 0.86357306953125 0.3095673861111111 0.86357306953125 0.33353188055555555 0.8725597546875001 0.33353188055555555 0.8725597546875001 0.3095673861111111
2 0.7849395734375 0.41873897083333333 0.7849395734375 0.4307212180555556 0.78943291484375 0.4307212180555556 0.78943291484375 0.41873897083333333
2 0.77819955859375 0.41740761111111113 0.77819955859375 0.4233987347222222 0.7853140171875 0.4233987347222222 0.7853140171875 0.41740761111111113
2 0.7920540328125 0.4154105694444445 0.7920540328125 0.4313868986111111 0.79617292890625 0.4313868986111111 0.79617292890625 0.4154105694444445
2 0.7931773671875 0.41274784722222224 0.7931773671875 0.43671234166666667 0.8032873882812501 0.43671234166666667 0.8032873882812501 0.41274784722222224
2 0.794300703125 0.4194046527777777 0.794300703125 0.43538098194444447 0.8085296218750001 0.43538098194444447 0.8085296218750001 0.4194046527777777
2 0.9399598953125 0.41740761111111113 0.9399598953125 0.4606768347222222 0.9781533078125 0.4606768347222222 0.9781533078125 0.41740761111111113
2 0.79729626484375 0.41141648611111115 0.79729626484375 0.6024667583333334 0.9875144375 0.6024667583333334 0.9875144375 0.41141648611111115
2 0.97515774453125 0.39943424027777774 0.97515774453125 0.5651886583333333 0.9987477945312501 0.5651886583333333 0.9987477945312501 0.39943424027777774
2 0.39851210312499996 0.4313868986111111 0.39851210312499996 0.47731884722222223 0.45018554375 0.47731884722222223 0.45018554375 0.4313868986111111
2 0.42359993359375 0.4215498847222222 0.42359993359375 0.5585318555555556 0.4764153359375 0.5585318555555556 0.4764153359375 0.4215498847222222
2 0.29441633203125 0.40542536388888895 0.29441633203125 0.5432212055555555 0.42996550390625005 0.5432212055555555 0.42996550390625005 0.40542536388888895
2 0.00122572265625 0.4167419291666667 0.00122572265625 0.6630436749999999 0.11805263203125001 0.6630436749999999 0.11805263203125001 0.4167419291666667
2 0.44943665390625 0.27661620555555555 0.44943665390625 0.7958469138888888 0.8100274015625001 0.7958469138888888 0.8100274015625001 0.27661620555555555
7 0.87395514765625 0.38875734999999995 0.87395514765625 0.40207095833333334 0.88443961328125 0.40207095833333334 0.88443961328125 0.38875734999999995
7 0.87470403828125 0.37677510277777776 0.87470403828125 0.3967455152777778 0.89642186171875 0.3967455152777778 0.89642186171875 0.37677510277777776
7 0.9428530687500001 0.31819522916666665 0.9428530687500001 0.37943782361111106 0.95333753515625 0.37943782361111106 0.95333753515625 0.31819522916666665
2 0.0748889109375 0.4060198986111111 0.0748889109375 0.6633739666666667 0.3999786828125 0.6633739666666667 0.3999786828125 0.4060198986111111