7 0.6297258679687501 0.4505778486111111 0.6297258679687501 0.48697067638888886 0.64824721640625 0.48697067638888886 0.64824721640625 0.4505778486111111
7 0.6307006765625001 0.4887036666666667 0.6307006765625001 0.5164315347222223 0.6423983703125 0.5164315347222223 0.6423983703125 0.4887036666666667
6 0.6423983703125 0.5008346083333333 0.6423983703125 0.5216305097222222 0.65604568046875 0.5216305097222222 0.65604568046875 0.5008346083333333
6 0.524446621875 0.3569962958333333 0.524446621875 0.3985880958333333 0.53224508359375 0.3985880958333333 0.53224508359375 0.3569962958333333
6 0.5176229671875 0.35872928888888883 0.5176229671875 0.3985880972222222 0.524446621875 0.3985880972222222 0.524446621875 0.35872928888888883
7 0.4230666046875 0.31193851111111115 0.4230666046875 0.33793338472222223 0.4347642984375 0.33793338472222223 0.4347642984375 0.31193851111111115
7 0.43476429921875 0.37432621250000003 0.43476429921875 0.3985880972222222 0.44646199375 0.3985880972222222 0.44646199375 0.37432621250000003
7 0.49325277031250003 0.3933891222222222 0.49325277031250003 0.42978194999999997 0.52249700546875 0.42978194999999997 0.52249700546875 0.3933891222222222
7 0.5000764249999999 0.42631596527777776 0.5000764249999999 0.45404383333333337 0.51664815859375 0.45404383333333337 0.51664815859375 0.42631596527777776
7 0.5010512328125001 0.4592428055555555 0.5010512328125001 0.5025676 0.513723734375 0.5025676 0.513723734375 0.4592428055555555
7 0.386998715625 0.42804895694444445 0.386998715625 0.44364588194444443 0.40844448828125 0.44364588194444443 0.40844448828125 0.42804895694444445
7 0.3899231390625 0.44537887361111117 0.3899231390625 0.4731067416666667 0.40454525703125005 0.4731067416666667 0.40454525703125005 0.44537887361111117
6 0.30219043125 0.42458297222222224 0.30219043125 0.4679077652777778 0.31486293359375 0.4679077652777778 0.31486293359375 0.42458297222222224
4 0.2953667765625 0.49910161805555553 0.2953667765625 0.6360079652777777 0.31876216484375003 0.6360079652777777 0.31876216484375003 0.49910161805555553
4 0.3255858203125 0.5250964916666667 0.3255858203125 0.6568038638888889 0.37140178984375 0.6568038638888889 0.37140178984375 0.5250964916666667
4 0.42696583749999995 0.5233635013888889 0.42696583749999995 0.6620028388888889 0.46888257421875 0.6620028388888889 0.46888257421875 0.5233635013888889
4 0.5868343242187499 0.5354944430555555 0.5868343242187499 0.6117460791666667 0.6053556734375001 0.6117460791666667 0.6053556734375001 0.5354944430555555
4 0.56538855078125 0.5354944430555555 0.56538855078125 0.6082800944444444 0.58293509296875 0.6082800944444444 0.58293509296875 0.5354944430555555
7 0.5546656640625 0.5164315347222223 0.5546656640625 0.5406934180555556 0.56343893515625 0.5406934180555556 0.56343893515625 0.5164315347222223
2 0.53224508359375 0.5372274333333333 0.53224508359375 0.5718872680555556 0.5546656640625 0.5718872680555556 0.5546656640625 0.5372274333333333
4 0.5205473890625 0.5510913694444444 0.5205473890625 0.6672018125 0.55271604765625 0.6672018125 0.55271604765625 0.5510913694444444
4 0.50592527265625 0.5250964916666667 0.50592527265625 0.6637358305555555 0.5410183546875 0.6637358305555555 0.5410183546875 0.5250964916666667
2 0.6180281734374999 0.5268294861111111 0.6180281734374999 0.6689348055555555 0.7242822289062499 0.6689348055555555 0.7242822289062499 0.5268294861111111
4 0.708685303125 0.5614893194444445 0.708685303125 0.6082800944444444 0.719408190625 0.6082800944444444 0.719408190625 0.5614893194444445
4 0.6936378249999999 0.5404683777777778 0.6936378249999999 0.5709371069444444 0.70418469296875 0.5709371069444444 0.70418469296875 0.5404683777777778
4 0.6224464671875001 0.5310933875 0.6224464671875001 0.5709371097222222 0.63431169375 0.5709371097222222 0.63431169375 0.5310933875