7 0.21119257421875 0.6513301430555555 0.21119257421875 0.6758162402777778 0.224047775 0.6758162402777778 0.224047775 0.6513301430555555
7 0.39606259921875 0.5985490375 0.39606259921875 0.6165055055555555 0.42544591406250004 0.6165055055555555 0.42544591406250004 0.5985490375
7 0.398817284375 0.618137913888889 0.398817284375 0.6360943819444445 0.42544591406250004 0.6360943819444445 0.42544591406250004 0.618137913888889
7 0.38137094140625 0.6116082902777779 0.38137094140625 0.6214027277777778 0.3951443703125 0.6214027277777778 0.3951443703125 0.6116082902777779
7 0.364842828125 0.618137913888889 0.364842828125 0.6393591958333333 0.398817284375 0.6393591958333333 0.398817284375 0.618137913888889
2 0.035810915625 0.6769045430555555 0.035810915625 0.6866989819444445 0.052339029687500004 0.6866989819444445 0.052339029687500004 0.6769045430555555
2 0.04499320078125 0.6948610138888889 0.04499320078125 0.7307739527777778 0.08906817421874999 0.7307739527777778 0.08906817421874999 0.6948610138888889
2 0.28128402656249996 0.6779927972222222 0.28128402656249996 0.6910520472222222 0.29964859921875 0.6910520472222222 0.29964859921875 0.6779927972222222
2 0.2408819671875 0.6828900152777778 0.2408819671875 0.6992140805555556 0.26200122578124996 0.6992140805555556 0.26200122578124996 0.6828900152777778
2 0.21884448124999997 0.6796252041666667 0.21884448124999997 0.7024788944444444 0.24363665390625 0.7024788944444444 0.24363665390625 0.6796252041666667
2 0.18119711015625 0.6779927972222222 0.18119711015625 0.7090085166666666 0.22068093906250003 0.7090085166666666 0.22068093906250003 0.6779927972222222
2 0.32168609140625 0.6224909791666667 0.32168609140625 0.633917825 0.33545952031250004 0.633917825 0.33545952031250004 0.6224909791666667
2 0.276692890625 0.6241233861111111 0.276692890625 0.6388150430555555 0.308830890625 0.6388150430555555 0.308830890625 0.6241233861111111
2 0.3645367484375 0.6681983597222222 0.3645367484375 0.6959492666666667 0.3810648625 0.6959492666666667 0.3810648625 0.6681983597222222
2 0.0339744578125 0.6856106791666666 0.0339744578125 0.7133615861111112 0.054175487499999994 0.7133615861111112 0.054175487499999994 0.6856106791666666
2 0.34066280625 0.6709190208333333 0.34066280625 0.7133615861111112 0.36820966328125004 0.7133615861111112 0.36820966328125004 0.6709190208333333
2 0.3893289203125 0.6611245819444445 0.3893289203125 0.7117291791666667 0.42330337812499996 0.7117291791666667 0.42330337812499996 0.6611245819444445