7 0.7894532890625 0.02672548611111111 0.7894532890625 0.06356334027777778 0.80895568125 0.06356334027777778 0.80895568125 0.02672548611111111
7 0.784577690625 0.07006413888888889 0.784577690625 0.08739959861111112 0.79676668515625 0.08739959861111112 0.79676668515625 0.07006413888888889
7 0.801642284375 0.06789720694444444 0.801642284375 0.10040119444444444 0.81870687890625 0.10040119444444444 0.81870687890625 0.06789720694444444
2 0.11174514843750001 0.24125180694444445 0.11174514843750001 0.27592272777777777 0.19584921718749998 0.27592272777777777 0.19584921718749998 0.24125180694444445
2 0.343336059375 0.25642033750000004 0.343336059375 0.2737557972222222 0.3628384515625 0.2737557972222222 0.3628384515625 0.25642033750000004
2 0.48594730703125 0.25208646944444446 0.48594730703125 0.2737557930555556 0.5054497 0.2737557930555556 0.5054497 0.25208646944444446
2 0.55908127578125 0.239084875 0.55908127578125 0.2780896597222222 0.58467816640625 0.2780896597222222 0.58467816640625 0.239084875
2 0.57858366953125 0.2239163513888889 0.57858366953125 0.2910912583333333 0.6309963484375001 0.2910912583333333 0.6309963484375001 0.2239163513888889
2 0.5944293640625 0.2347510111111111 0.5944293640625 0.2997589875 0.64806094296875 0.2997589875 0.64806094296875 0.2347510111111111
9 0.49082290312500004 0.23691794305555555 0.49082290312500004 0.2585872694444445 0.50788749453125 0.2585872694444445 0.50788749453125 0.23691794305555555
2 0.5103252953124999 0.24775260555555556 0.5103252953124999 0.2694219291666667 0.52495208828125 0.2694219291666667 0.52495208828125 0.24775260555555556
2 0.45791261640625003 0.2347510111111111 0.45791261640625003 0.2780896611111111 0.48838510468749996 0.2780896611111111 0.48838510468749996 0.2347510111111111
2 0.51641979296875 0.2347510111111111 0.51641979296875 0.2997589875 0.56517577421875 0.2997589875 0.56517577421875 0.2347510111111111
2 0.6285585499999999 0.239084875 0.6285585499999999 0.3257621777777778 0.71266261875 0.3257621777777778 0.71266261875 0.239084875