4 0.01808034375 0.5110711541666666 0.01808034375 0.6576425013888889 0.05713389453124999 0.6576425013888889 0.05713389453124999 0.5110711541666666
6 0.389089071875 0.46671403333333333 0.389089071875 0.4840711666666667 0.39776763828125 0.4840711666666667 0.39776763828125 0.46671403333333333
6 0.52903096015625 0.4757140222222222 0.52903096015625 0.4949997263888889 0.53662470625 0.4949997263888889 0.53662470625 0.4757140222222222
6 0.5420488109375 0.4757140222222222 0.5420488109375 0.4988568666666667 0.5561514828125 0.4988568666666667 0.5561514828125 0.4757140222222222
7 0.62124073203125 0.5104282902777778 0.62124073203125 0.537428275 0.63859786484375 0.537428275 0.63859786484375 0.5104282902777778
2 0.597374671875 0.546428275 0.597374671875 0.598499675 0.63425858125 0.598499675 0.63425858125 0.546428275
2 0.40861584609375 0.5419282777777777 0.40861584609375 0.5882139652777778 0.4433301140625 0.5882139652777778 0.4433301140625 0.5419282777777777
2 0.61147734296875 0.5657139805555556 0.61147734296875 0.7122853277777778 0.7449103078125 0.7122853277777778 0.7449103078125 0.5657139805555556
7 0.64293714921875 0.5020711569444445 0.64293714921875 0.5232854319444444 0.65595499921875 0.5232854319444444 0.65595499921875 0.5020711569444445
7 0.645106790625 0.5348568541666666 0.645106790625 0.5541425569444445 0.6559549984374999 0.5541425569444445 0.6559549984374999 0.5348568541666666
7 0.6787362375 0.5329282847222222 0.6787362375 0.5464282763888889 0.68849962421875 0.5464282763888889 0.68849962421875 0.5329282847222222