6 0.48007289296875 0.2464480388888889 0.48007289296875 0.27072863472222225 0.48826759453125 0.27072863472222225 0.48826759453125 0.2464480388888889
6 0.539484471875 0.23430774166666665 0.539484471875 0.25373221944444446 0.5476791750000001 0.25373221944444446 0.5476791750000001 0.23430774166666665
7 0.26496199374999996 0.27012162222222225 0.26496199374999996 0.29197415694444445 0.27179091171875 0.29197415694444445 0.27179091171875 0.27012162222222225
7 0.09150749296875 0.19242371666666666 0.09150749296875 0.24584102361111113 0.10789689375 0.24584102361111113 0.10789689375 0.19242371666666666
7 0.6579661890625 0.21670431111111113 0.6579661890625 0.26040938055555557 0.6808430609375 0.26040938055555557 0.6808430609375 0.21670431111111113
7 0.66923390234375 0.2543392333333333 0.66923390234375 0.30047236666666666 0.6787943875 0.30047236666666666 0.6787943875 0.2543392333333333
7 0.7976175484375 0.13536431805555557 0.7976175484375 0.1717852111111111 0.81673851640625 0.1717852111111111 0.81673851640625 0.13536431805555557
7 0.70371993515625 0.26405147083333336 0.70371993515625 0.290760125 0.7214751203125 0.290760125 0.7214751203125 0.26405147083333336
7 0.7901057406249999 0.17664132777777777 0.7901057406249999 0.19849386527777776 0.8242503265625001 0.19849386527777776 0.8242503265625001 0.17664132777777777
7 0.5189977203125 0.28590400555555556 0.5189977203125 0.29318818472222224 0.531289771875 0.29318818472222224 0.531289771875 0.28590400555555556
2 0.26086464453125 0.32111086944444445 0.26086464453125 0.38181235694444443 0.29500923046875 0.38181235694444443 0.29500923046875 0.32111086944444445
5 0.26496199374999996 0.30897057222222224 0.26496199374999996 0.3793842972222222 0.288180315625 0.3793842972222222 0.288180315625 0.30897057222222224
0 0.26632777578125 0.34053534444444444 0.26632777578125 0.4036648944444445 0.28544874453125 0.4036648944444445 0.28544874453125 0.34053534444444444
0 0.19803860546875002 0.34539146388888886 0.19803860546875002 0.4352296652777778 0.22672005781250001 0.4352296652777778 0.22672005781250001 0.34539146388888886
5 0.19940438828125 0.30168639444444445 0.19940438828125 0.4230893694444445 0.23218319062499998 0.4230893694444445 0.23218319062499998 0.30168639444444445
4 0.6347478703125 0.32353892916666666 0.6347478703125 0.38666847638888885 0.65933197265625 0.38666847638888885 0.65933197265625 0.32353892916666666
2 0.4626591515625 0.30411445416666666 0.4626591515625 0.4085210125 0.52138784140625 0.4085210125 0.52138784140625 0.30411445416666666
2 0.601969065625 0.32111086944444445 0.601969065625 0.398808775 0.64703992109375 0.398808775 0.64703992109375 0.32111086944444445
2 0.65113727109375 0.31382669166666666 0.65113727109375 0.3963807152777778 0.7180606609375 0.3963807152777778 0.7180606609375 0.31382669166666666
2 0.6041315609375 0.14487421805555556 0.6041315609375 0.8716733652777778 0.9992982484375 0.8716733652777778 0.9992982484375 0.14487421805555556
2 0.48439787812499996 0.2719426652777778 0.48439787812499996 0.4831838430555555 0.62507357578125 0.4831838430555555 0.62507357578125 0.2719426652777778
2 0 0.24928077777777777 0 0.4823744888888889 0.18438076875 0.4823744888888889 0.18438076875 0.24928077777777777
2 0 0.3868708208333333 0 0.5034176763888889 0.01912096875 0.5034176763888889 0.01912096875 0.3868708208333333
2 0.28544874609375 0.22500017916666665 0.28544874609375 0.5260795583333333 0.47256108203125 0.5260795583333333 0.47256108203125 0.22500017916666665
4 0.2405335890625 0.3125197722222222 0.2405335890625 0.37842530138888886 0.2536881203125 0.37842530138888886 0.2536881203125 0.3125197722222222