2 0.0028234789062500003 0.5249998166666666 0.0028234789062500003 0.6074997875 0.07559689140625 0.6074997875 0.07559689140625 0.5249998166666666
2 0.0017687929687499999 0.5324998138888889 0.0017687929687499999 0.8699996972222221 0.1367687453125 0.8699996972222221 0.1367687453125 0.5324998138888889
4 0.32239368046875 0.5062498208333334 0.32239368046875 0.6637497680555555 0.34981554609375 0.6637497680555555 0.34981554609375 0.5062498208333334
2 0.46161238203125 0.5249998166666666 0.46161238203125 0.5512498055555556 0.47426862734375 0.5512498055555556 0.47426862734375 0.5249998166666666
2 0.47848737578125 0.5268748138888889 0.47848737578125 0.5474998069444444 0.48692487343749996 0.5474998069444444 0.48692487343749996 0.5268748138888889
2 0.48270612421875 0.5324998138888889 0.48270612421875 0.5531248069444444 0.4953623703125 0.5531248069444444 0.4953623703125 0.5324998138888889
2 0.49325299609375 0.5343748125 0.49325299609375 0.5643748027777777 0.50696392890625 0.5643748027777777 0.50696392890625 0.5343748125
2 0.50590924140625 0.5268748138888889 0.50590924140625 0.5718747986111111 0.53333110625 0.5718747986111111 0.53333110625 0.5268748138888889
2 0.51856548671875 0.5287498138888889 0.51856548671875 0.5868747944444445 0.55653422265625 0.5868747944444445 0.55653422265625 0.5287498138888889
2 0.44895613671875 0.5306248138888889 0.44895613671875 0.5474998097222222 0.46161238203125 0.5474998097222222 0.46161238203125 0.5306248138888889
2 0.4436827015625 0.5268748138888889 0.4436827015625 0.5549998041666666 0.4531748859375 0.5549998041666666 0.4531748859375 0.5268748138888889
2 0.43840926484375 0.5287498138888889 0.43840926484375 0.5587498041666668 0.44790144921874997 0.5587498041666668 0.44790144921874997 0.5287498138888889
2 0.42997176796875003 0.5343748125 0.42997176796875003 0.5662498027777778 0.4426280125 0.5662498027777778 0.4426280125 0.5343748125
2 0.41520614843750003 0.5287498138888889 0.41520614843750003 0.5737497972222222 0.43419051640625 0.5737497972222222 0.43419051640625 0.5287498138888889
2 0.3614171046875 0.498749825 0.3614171046875 0.5924997944444444 0.42153427031249996 0.5924997944444444 0.42153427031249996 0.498749825
2 0.26860463671875 0.5062498208333334 0.26860463671875 0.641249775 0.38989365703125 0.641249775 0.38989365703125 0.5062498208333334
2 0.5459873523437501 0.5437498097222222 0.5459873523437501 0.6224997819444444 0.61032326796875 0.6224997819444444 0.61032326796875 0.5437498097222222
2 0.65251075234375 0.5437498097222222 0.65251075234375 0.7387497416666666 0.8138778828125 0.7387497416666666 0.8138778828125 0.5437498097222222
2 0.04712033984375 0.5268748138888889 0.04712033984375 0.7724997277777778 0.2970811890625 0.7724997277777778 0.2970811890625 0.5268748138888889
2 0.7305576 0.5437498097222222 0.7305576 0.9093746805555556 0.9995028187500001 0.9093746805555556 0.9995028187500001 0.5437498097222222
7 0.9225106578125001 0.3074998930555556 0.9225106578125001 0.3637498722222222 0.971026265625 0.3637498722222222 0.971026265625 0.3074998930555556