1 0.09246636328124999 0.2873435527777778 0.09246636328124999 0.7443744888888888 0.37195835859375 0.7443744888888888 0.37195835859375 0.2873435527777778
2 0.7028492992187501 0.4488079291666667 0.7028492992187501 0.913708575 0.9985529312500001 0.913708575 0.9985529312500001 0.4488079291666667
3 0 0.5775496472222221 0 0.7009271263888889 0.03399584765625 0.7009271263888889 0.03399584765625 0.5775496472222221
3 0.0249436953125 0.5382119 0.0249436953125 0.6741059347222222 0.09836670703125 0.6741059347222222 0.09836670703125 0.5382119
2 0.5590206625 0.4724996777777778 0.5590206625 0.7313244777777778 0.7806494835937501 0.7313244777777778 0.7806494835937501 0.4724996777777778
2 0.5268352328125 0.5131787888888889 0.5268352328125 0.6615893791666667 0.60025824375 0.6615893791666667 0.60025824375 0.5131787888888889
2 0.500684571875 0.5203311083333333 0.500684571875 0.6347681902777778 0.55198010078125 0.6347681902777778 0.55198010078125 0.5203311083333333
2 0.47956288359375004 0.5203311083333333 0.47956288359375004 0.6133112375 0.5228120546875 0.6133112375 0.5228120546875 0.5203311083333333
2 0.46347016953125 0.5221191861111111 0.46347016953125 0.6025827597222222 0.49666139296875 0.6025827597222222 0.49666139296875 0.5221191861111111
2 0.45542381093750006 0.5256953458333333 0.45542381093750006 0.5936423638888889 0.4765455 0.5936423638888889 0.4765455 0.5256953458333333
2 0.4443600703125 0.5221191861111111 0.4443600703125 0.5918542833333333 0.46749334765625 0.5918542833333333 0.46749334765625 0.5221191861111111
2 0.4433542765625 0.5274834236111111 0.4433542765625 0.5864900458333333 0.4554238125 0.5864900458333333 0.4554238125 0.5274834236111111
2 0.43530791953125 0.5274834236111111 0.43530791953125 0.5775496472222221 0.45341222265625003 0.5775496472222221 0.45341222265625003 0.5274834236111111
2 0.42826735625 0.532847661111111 0.42826735625 0.5739734875 0.4443600703125 0.5739734875 0.4443600703125 0.532847661111111
2 0.41519202499999996 0.5221191861111111 0.41519202499999996 0.5703973305555555 0.43430212343749997 0.5703973305555555 0.43430212343749997 0.5221191861111111
2 0.36389649765625 0.5346357430555555 0.36389649765625 0.6084370819444445 0.3825052265625 0.6084370819444445 0.3825052265625 0.5346357430555555
2 0.37697182812499996 0.5292715055555556 0.37697182812499996 0.5775496486111111 0.412174640625 0.5775496486111111 0.412174640625 0.5292715055555556
7 0.565757053125 0.4219867388888889 0.565757053125 0.46311256388888883 0.5861771179687499 0.46311256388888883 0.5861771179687499 0.4219867388888889