2 0.45105986640625 0.4246872013888889 0.45105986640625 0.4457809347222222 0.461606734375 0.4457809347222222 0.461606734375 0.4246872013888889
2 0.41678254609375004 0.4270309513888889 0.41678254609375004 0.45984342777777776 0.43919464062499997 0.45984342777777776 0.43919464062499997 0.4270309513888889
2 0.39305209375 0.42937469722222227 0.39305209375 0.4739059166666667 0.41941926328125 0.4739059166666667 0.41941926328125 0.42937469722222227
2 0.48138211171874995 0.4270309513888889 0.48138211171874995 0.44343718749999994 0.49192897890625 0.44343718749999994 0.49192897890625 0.4270309513888889
2 0.48906726015624996 0.4246872013888889 0.48906726015624996 0.4457809347222222 0.5077492796875 0.4457809347222222 0.5077492796875 0.4246872013888889
2 0.50379420546875 0.4223434527777778 0.50379420546875 0.4481246847222222 0.51434107421875 0.4481246847222222 0.51434107421875 0.4223434527777778
2 0.5130227148437501 0.41765595555555557 0.5130227148437501 0.4504684319444444 0.52356958203125 0.4504684319444444 0.52356958203125 0.41765595555555557
2 0.51961450625 0.41531220555555554 0.51961450625 0.45281218055555555 0.53411644921875 0.45281218055555555 0.53411644921875 0.41531220555555554
2 0.5275246578125 0.41296845972222224 0.5275246578125 0.4574996777777778 0.551255109375 0.4574996777777778 0.551255109375 0.41296845972222224
2 0.5407082421875 0.41999970416666665 0.5407082421875 0.4645309236111111 0.55784690234375 0.4645309236111111 0.55784690234375 0.41999970416666665
2 0.54861839296875 0.4223434527777778 0.54861839296875 0.46563949027777773 0.5670754109375 0.46563949027777773 0.5670754109375 0.4223434527777778
2 0.55784690234375 0.4059372125 0.55784690234375 0.47859341250000004 0.5855324304687499 0.47859341250000004 0.5855324304687499 0.4059372125
2 0.5683937703125 0.4082809625 0.5683937703125 0.48328091111111116 0.5987160164062499 0.48328091111111116 0.5987160164062499 0.4082809625
2 0.5776222796875 0.3989059680555555 0.5776222796875 0.5020308972222222 0.65145035390625 0.5020308972222222 0.65145035390625 0.3989059680555555
2 0.602671090625 0.4106247111111111 0.602671090625 0.5160933861111111 0.67386244765625 0.5160933861111111 0.67386244765625 0.4106247111111111
2 0.635630053125 0.4246872013888889 0.635630053125 0.5301558791666667 0.6883643914062499 0.5301558791666667 0.6883643914062499 0.4246872013888889
2 0.29153849296875 0.43640594444444447 0.29153849296875 0.49265590416666666 0.32054237812499997 0.49265590416666666 0.32054237812499997 0.43640594444444447
2 0.27176311484375 0.43171844583333335 0.27176311484375 0.49499965277777774 0.298130284375 0.49499965277777774 0.298130284375 0.43171844583333335
2 0.23089400234375002 0.4270309513888889 0.23089400234375002 0.5114058930555555 0.27835490703125 0.5114058930555555 0.27835490703125 0.4270309513888889
2 0.17684130546875002 0.4387496916666667 0.17684130546875002 0.5231246333333334 0.24539594609374998 0.5231246333333334 0.24539594609374998 0.4387496916666667
2 0.07928277890624999 0.4504684319444444 0.07928277890624999 0.5535933625 0.18475145546875 0.5535933625 0.18475145546875 0.4504684319444444
9 0.66727065546875 0.3449997541666667 0.66727065546875 0.5957808347222222 0.9269872734375 0.5957808347222222 0.9269872734375 0.3449997541666667
9 0.33504432109375004 0.3871872263888889 0.33504432109375004 0.49968714999999997 0.39700716953125 0.49968714999999997 0.39700716953125 0.3871872263888889
2 0.4629250921875 0.4270309513888889 0.4629250921875 0.44857789861111114 0.47479031796875004 0.44857789861111114 0.47479031796875004 0.4270309513888889
2 0.4365579234375 0.4246872013888889 0.4365579234375 0.45515593055555553 0.45369658359375 0.45515593055555553 0.45369658359375 0.4246872013888889
2 0 0.43171844583333335 0 0.5817183444444444 0.08851128750000001 0.5817183444444444 0.08851128750000001 0.43171844583333335
3 0.81229008671875 0.41765595555555557 0.81229008671875 0.6473433 0.99949698828125 0.6473433 0.99949698828125 0.41765595555555557