4 0.66774337421875 0.28940961805555554 0.66774337421875 0.37086022916666667 0.6833403 0.37086022916666667 0.6833403 0.28940961805555554
4 0.631675484375 0.3015405597222222 0.631675484375 0.33620039444444444 0.64922202421875 0.33620039444444444 0.64922202421875 0.3015405597222222
4 0.643373178125 0.3015405597222222 0.643373178125 0.33620039444444444 0.65312125703125 0.33620039444444444 0.65312125703125 0.3015405597222222
4 0.49325277031250003 0.2963415847222222 0.49325277031250003 0.3465983472222222 0.505925271875 0.3465983472222222 0.505925271875 0.2963415847222222
6 0.4191673734375 0.1906290902777778 0.4191673734375 0.2148909736111111 0.4240414140625 0.2148909736111111 0.4240414140625 0.1906290902777778
6 0.3538552484375 0.16983318888888888 0.3538552484375 0.18889609861111112 0.3587292875 0.18889609861111112 0.3587292875 0.16983318888888888
7 0.45815968749999997 0.246084825 0.45815968749999997 0.2582157666666667 0.47083218984375 0.2582157666666667 0.47083218984375 0.246084825
6 0.5000764249999999 0.2582157666666667 0.5000764249999999 0.27381269305555556 0.5088496953125 0.27381269305555556 0.5088496953125 0.2582157666666667
2 0.181314259375 0.2911426097222222 0.181314259375 0.42631596666666666 0.29244235390625 0.42631596666666666 0.29244235390625 0.2911426097222222
2 0.34118274609375 0.2876766263888889 0.34118274609375 0.41245203055555557 0.42404141328125 0.41245203055555557 0.42404141328125 0.2876766263888889
2 0.30608966328125 0.2946085930555556 0.30608966328125 0.3465983472222222 0.34898120859375 0.3465983472222222 0.34898120859375 0.2946085930555556
2 0.4172177578125 0.3084725277777778 0.4172177578125 0.3483313375 0.43476429921875 0.3483313375 0.43476429921875 0.3084725277777778
2 0.0009748078125000001 0.28940961805555554 0.0009748078125000001 0.3431323611111111 0.06921135703125 0.3431323611111111 0.06921135703125 0.28940961805555554
2 0.0848082828125 0.2946085930555556 0.0848082828125 0.3171374861111111 0.10722886328125 0.3171374861111111 0.10722886328125 0.2946085930555556
2 0.06628693359375 0.29287560138888885 0.06628693359375 0.32060346944444446 0.09553116874999999 0.32060346944444446 0.09553116874999999 0.29287560138888885
9 0.10917847890625001 0.2599487583333333 0.10917847890625001 0.32060346944444446 0.216407340625 0.32060346944444446 0.216407340625 0.2599487583333333
2 0.6862647234375 0.3136715027777778 0.6862647234375 0.33620039444444444 0.7242822296875 0.33620039444444444 0.7242822296875 0.3136715027777778
2 0.7964180101562499 0.31887047777777777 0.7964180101562499 0.33273441111111113 0.8178637828124999 0.33273441111111113 0.8178637828124999 0.31887047777777777
2 0.8217630140625 0.3171374861111111 0.8217630140625 0.32753543611111113 0.84028436328125 0.32753543611111113 0.84028436328125 0.3171374861111111
9 0.61022971171875 0.27207970138888893 0.61022971171875 0.34139936805555554 0.6911387625 0.34139936805555554 0.6911387625 0.27207970138888893
4 0.46985738203125005 0.3032735513888889 0.46985738203125005 0.35006432916666663 0.47765584453125004 0.35006432916666663 0.47765584453125004 0.3032735513888889
4 0.4532856484375 0.3032735513888889 0.4532856484375 0.35006432916666663 0.4610841109375 0.35006432916666663 0.4610841109375 0.3032735513888889