7 0.7272066539062501 0.13170737083333334 0.7272066539062501 0.2148909736111111 0.7603501203125 0.2148909736111111 0.7603501203125 0.13170737083333334
7 0.72915626875 0.20276003194444445 0.72915626875 0.246084825 0.76132492734375 0.246084825 0.76132492734375 0.20276003194444445
7 0.73500511484375 0.24261884166666667 0.73500511484375 0.2634147416666667 0.7749722375 0.2634147416666667 0.7749722375 0.24261884166666667
7 0.7242822296875 0.2755456847222222 0.7242822296875 0.3431323611111111 0.7876447398437499 0.3431323611111111 0.7876447398437499 0.2755456847222222
7 0.75840050390625 0.37779219583333334 0.75840050390625 0.3951221138888889 0.78082108515625 0.3951221138888889 0.78082108515625 0.37779219583333334
7 0.75645088828125 0.3431323611111111 0.75645088828125 0.37086022916666667 0.7778966609375 0.37086022916666667 0.7778966609375 0.3431323611111111
7 0.5907335546875 0.246084825 0.5907335546875 0.2946085930555556 0.6570204875 0.2946085930555556 0.6570204875 0.246084825
7 0.24662638515625002 0.5181645263888889 0.24662638515625002 0.5337614513888889 0.26319811875 0.5337614513888889 0.26319811875 0.5181645263888889
6 0.18131426015625002 0.24435183333333335 0.18131426015625002 0.3136715027777778 0.195936378125 0.3136715027777778 0.195936378125 0.24435183333333335
6 0.45231084140625005 0.21835695694444443 0.45231084140625005 0.2876766263888889 0.46790776718749993 0.2876766263888889 0.46790776718749993 0.21835695694444443
6 0.5956075937499999 0.5164315333333334 0.5956075937499999 0.5441594013888889 0.61022971171875 0.5441594013888889 0.61022971171875 0.5164315333333334
6 0.15401963984375 0.246084825 0.15401963984375 0.3136715027777778 0.1754654125 0.3136715027777778 0.1754654125 0.246084825
6 0.4347643 0.22355593333333335 0.4347643 0.29287560138888885 0.45426045625 0.29287560138888885 0.45426045625 0.22355593333333335
6 0.765224159375 0.43324793194444444 0.765224159375 0.4887036666666667 0.79349358671875 0.4887036666666667 0.79349358671875 0.43324793194444444
4 0 0.4887036666666667 0 0.8508989375 0.14622117734375 0.8508989375 0.14622117734375 0.4887036666666667
4 0.42696583671875 0.5996151375 0.42696583671875 0.6758667736111111 0.44646199375 0.6758667736111111 0.44646199375 0.5996151375
4 0.6336250999999999 0.5614893194444445 0.6336250999999999 0.7105266069444445 0.6667685664062499 0.7105266069444445 0.6667685664062499 0.5614893194444445
4 0.7077104960937499 0.5302954680555556 0.7077104960937499 0.7590503749999999 0.75255165703125 0.7590503749999999 0.75255165703125 0.5302954680555556
4 0.82273782109375 0.4887036666666667 0.82273782109375 0.8162391027777777 0.8968232171875 0.8162391027777777 0.8968232171875 0.4887036666666667
4 0.89097437109375 0.5043005930555555 0.89097437109375 0.8110401291666667 0.9582361125000001 0.8110401291666667 0.9582361125000001 0.5043005930555555
4 0.93581553203125 0.5996151375 0.93581553203125 0.6342749708333333 0.9533620734375001 0.6342749708333333 0.9533620734375001 0.5996151375
4 0.6911387625 0.5510913694444444 0.6911387625 0.7209245583333334 0.7262318453125001 0.7209245583333334 0.7262318453125001 0.5510913694444444
4 0.66189452734375 0.5788192361111111 0.66189452734375 0.6931966916666666 0.69601280234375 0.6931966916666666 0.69601280234375 0.5788192361111111
9 0.7700981984374999 0.5302954680555556 0.7700981984374999 0.6394739458333334 0.8402843624999999 0.6394739458333334 0.8402843624999999 0.5302954680555556