6 0.3662123546875 0 0.3662123546875 0.0461645 0.38375798359375 0.0461645 0.38375798359375 0
6 0.345859425 0 0.345859425 0.04242143194444445 0.3676160046875 0.04242143194444445 0.3676160046875 0
6 0.3823543328125 0 0.3823543328125 0.04242143194444445 0.40200543828125 0.04242143194444445 0.40200543828125 0
6 0.54154583046875 0.27752170972222223 0.54154583046875 0.31620007222222224 0.5604951101562501 0.31620007222222224 0.5604951101562501 0.27752170972222223
6 0.52781011015625 0.2782346916666667 0.52781011015625 0.3144176777777778 0.5390393125 0.3144176777777778 0.5390393125 0.2782346916666667
6 0.30513101328125003 0.34026265694444446 0.30513101328125003 0.3502441694444445 0.30934196406250003 0.3502441694444445 0.30934196406250003 0.34026265694444446
6 0.27916348359375 0.34151034583333334 0.27916348359375 0.35149186111111114 0.282672609375 0.35149186111111114 0.282672609375 0.34151034583333334
7 0.52935161953125 0.2096117763888889 0.52935161953125 0.23082249166666666 0.56093375078125 0.23082249166666666 0.56093375078125 0.2096117763888889
7 0.51742059140625 0.23082249305555555 0.51742059140625 0.2432993861111111 0.52303519375 0.2432993861111111 0.52303519375 0.23082249305555555
7 0.43671069921875 0.023706094444444444 0.43671069921875 0.0860905513888889 0.45285267734375 0.0860905513888889 0.45285267734375 0.023706094444444444
7 0.40512856875000003 0.28696850555555553 0.40512856875000003 0.3006930861111111 0.41214681953125 0.3006930861111111 0.41214681953125 0.28696850555555553
7 0.4023212671875 0.30318846527777776 0.4023212671875 0.31441766666666665 0.4152681421875 0.31441766666666665 0.4152681421875 0.30318846527777776
2 0.3202077234375 0.3711875236111111 0.3202077234375 0.3874074805555555 0.3286296265625 0.3874074805555555 0.3286296265625 0.3711875236111111
2 0.32512050078125 0.3736829013888889 0.32512050078125 0.3973889986111111 0.33424422656249997 0.3973889986111111 0.33424422656249997 0.3736829013888889
2 0.3293314515625 0.37493059166666665 0.3293314515625 0.4011320652777778 0.34196430390625 0.4011320652777778 0.34196430390625 0.37493059166666665
2 0.33354240234375 0.3774259694444444 0.33354240234375 0.4036274430555556 0.3461752546875 0.4036274430555556 0.3461752546875 0.3774259694444444
2 0.3426661296875 0.37867365833333333 0.3426661296875 0.4011320625 0.35389533203125 0.4011320625 0.35389533203125 0.37867365833333333
2 0.23739235703125 0.3686921458333333 0.23739235703125 0.3948936180555555 0.24791973359375002 0.3948936180555555 0.24791973359375002 0.3686921458333333
2 0.21844307812500002 0.3699398333333333 0.21844307812500002 0.4023797513888889 0.24090148203125 0.4023797513888889 0.24090148203125 0.3699398333333333
2 0.19528284765624998 0.36494907777777774 0.19528284765624998 0.4048751305555555 0.22054855234374998 0.4048751305555555 0.22054855234374998 0.36494907777777774
2 0.18826459609375 0.3711875236111111 0.18826459609375 0.40861819861111115 0.21142482812500002 0.40861819861111115 0.21142482812500002 0.3711875236111111
2 0.17282444296875 0.3699398333333333 0.17282444296875 0.41485664305555553 0.1980901484375 0.41485664305555553 0.1980901484375 0.3699398333333333
2 0.1461550875 0.3624537 0.1461550875 0.4173520222222222 0.18194817109375 0.4173520222222222 0.18194817109375 0.3624537
2 0.12580215781249998 0.3661967652777778 0.12580215781249998 0.42608584583333337 0.1686134921875 0.42608584583333337 0.1686134921875 0.3661967652777778
2 0.12159120703125 0.36494907777777774 0.12159120703125 0.43481966944444445 0.14475143671875 0.43481966944444445 0.14475143671875 0.36494907777777774
2 0.024037511718749998 0.31129844444444443 0.024037511718749998 0.44854425277777776 0.12650398359374998 0.44854425277777776 0.12650398359374998 0.31129844444444443
2 0.22826863046875 0.3637013888888889 0.22826863046875 0.5184148444444444 0.33915700390625003 0.5184148444444444 0.33915700390625003 0.3637013888888889
2 0.34406977968749997 0.37493059166666665 0.34406977968749997 0.4348196722222222 0.38758293984375 0.4348196722222222 0.38758293984375 0.37493059166666665