6 0.27426853515625 0.07555850416666667 0.27426853515625 0.1352741041666667 0.28746461640625 0.1352741041666667 0.28746461640625 0.07555850416666667
6 0.58497626796875 0.13740680277777778 0.58497626796875 0.18645890277777777 0.5945734179687501 0.18645890277777777 0.5945734179687501 0.13740680277777778
6 0.7325324492187499 0.15873380277777777 0.7325324492187499 0.20352050277777778 0.7409299546875 0.20352050277777778 0.7409299546875 0.15873380277777777
6 0.74932746171875 0.26110340555555556 0.74932746171875 0.2866958055555555 0.75892461171875 0.2866958055555555 0.75892461171875 0.26110340555555556
6 0.035539428125 0.09475280138888888 0.035539428125 0.13953950138888888 0.047535865625 0.13953950138888888 0.047535865625 0.09475280138888888
6 0.59817234765625 0.13953950138888888 0.59817234765625 0.18645890277777777 0.61016878515625 0.18645890277777777 0.61016878515625 0.13953950138888888
6 0.91247901171875 0.1779281027777778 0.91247901171875 0.22911290277777777 0.94366974921875 0.22911290277777777 0.94366974921875 0.1779281027777778
7 0.144707009375 0.09688550277777777 0.144707009375 0.12461060277777777 0.22148420937500002 0.12461060277777777 0.22148420937500002 0.09688550277777777
7 0.8716162179687499 0.15233570277777778 0.8716162179687499 0.18006080138888889 0.9172775874999999 0.18006080138888889 0.9172775874999999 0.15233570277777778
7 0.73133280625 0.24617450277777778 0.73133280625 0.2589707041666667 0.74812781875 0.2589707041666667 0.74812781875 0.24617450277777778
7 0.72653423046875 0.22484750138888887 0.72653423046875 0.2461745013888889 0.7433292429687499 0.2461745013888889 0.7433292429687499 0.22484750138888887
7 0.7217356546875 0.2077859013888889 0.7217356546875 0.22484750138888887 0.74812781796875 0.22484750138888887 0.74812781796875 0.2077859013888889
7 0.7361313804687499 0.13740680277777778 0.7361313804687499 0.15233570277777778 0.7541260359375 0.15233570277777778 0.7541260359375 0.13740680277777778
7 0.54658766796875 0.31015550416666665 0.54658766796875 0.3314825027777778 0.5549851734375 0.3314825027777778 0.5549851734375 0.31015550416666665
7 0.5297926546875 0.29949200416666666 0.5297926546875 0.32721710416666666 0.5417890921875 0.32721710416666666 0.5417890921875 0.29949200416666666
7 0.5069994234374999 0.3058901041666667 0.5069994234374999 0.3400133041666667 0.5237944359375 0.3400133041666667 0.5237944359375 0.3058901041666667
7 0.016345128125 0.1693973027777778 0.016345128125 0.19072430138888888 0.053534084375 0.19072430138888888 0.053534084375 0.1693973027777778
2 0.49860191796875003 0.34641140416666666 0.49860191796875003 0.37413650416666666 0.51419728671875 0.37413650416666666 0.51419728671875 0.34641140416666666
2 0.46621153515625 0.34641140416666666 0.46621153515625 0.37200380555555557 0.47700832890625 0.37200380555555557 0.47700832890625 0.34641140416666666
2 0.45421509765624996 0.34641140416666666 0.45421509765624996 0.3805346041666667 0.47101011093749995 0.3805346041666667 0.47101011093749995 0.34641140416666666
2 0.44581759062500004 0.34427870416666667 0.44581759062500004 0.3805346041666667 0.45781402812499994 0.3805346041666667 0.45781402812499994 0.34427870416666667
2 0.4326215109375 0.34641140416666666 0.4326215109375 0.38693270555555553 0.4482168796875 0.38693270555555553 0.4482168796875 0.34641140416666666
2 0.41822578515625003 0.3506768041666667 0.41822578515625003 0.39333080555555555 0.43742008515624997 0.39333080555555555 0.43742008515624997 0.3506768041666667
2 0.39303326640625 0.34854410277777775 0.39303326640625 0.39333080277777777 0.42182471640625 0.39333080277777777 0.42182471640625 0.34854410277777775
2 0.37383896640625 0.3613403041666666 0.37383896640625 0.4103924027777778 0.40023112968749996 0.4103924027777778 0.40023112968749996 0.3613403041666666
2 0.32465357265625 0.36347300416666667 0.32465357265625 0.42105590555555555 0.384635759375 0.42105590555555555 0.384635759375 0.36347300416666667
2 0.47220975390625003 0.34427870416666667 0.47220975390625003 0.3890654041666667 0.5010012046875 0.3890654041666667 0.5010012046875 0.34427870416666667
2 0.5489869546875 0.3208190041666667 0.5489869546875 0.39972890277777773 0.5765787609374999 0.39972890277777773 0.5765787609374999 0.3208190041666667
2 0.79971249921875 0.33788060416666665 0.79971249921875 0.5063639027777778 0.97006191171875 0.5063639027777778 0.97006191171875 0.33788060416666665
2 0.6797481234375 0.3314825027777778 0.6797481234375 0.38693270277777775 0.7013417109375 0.38693270277777775 0.7013417109375 0.3314825027777778
2 0.5633826789062499 0.2760323041666667 0.5633826789062499 0.4807715041666667 0.69174456171875 0.4807715041666667 0.69174456171875 0.2760323041666667
2 0.9148782992187501 0.31868630555555555 0.9148782992187501 0.5490179055555555 1 0.5490179055555555 1 0.31868630555555555
2 0 0.37413650416666666 0 0.534843375 0.1452007015625 0.534843375 0.1452007015625 0.37413650416666666
2 0.9744481789062499 0.3285935166666667 0.9744481789062499 0.36609349166666666 0.99949698984375 0.36609349166666666 0.99949698984375 0.3285935166666667