6 0.47215360234375003 0.5184371361111111 0.47215360234375003 0.5442183708333334 0.48270046953124995 0.5442183708333334 0.48270046953124995 0.5184371361111111
6 0.4365579234375 0.5114058916666667 0.4365579234375 0.5418746194444444 0.4497415078125 0.5418746194444444 0.4497415078125 0.5114058916666667
6 0.30340371796875 0.5090621430555555 0.30340371796875 0.534843375 0.316587303125 0.534843375 0.316587303125 0.5090621430555555
6 0.34031775546875 0.5137496402777778 0.34031775546875 0.5395308722222222 0.35218298125 0.5395308722222222 0.35218298125 0.5137496402777778
7 0.6527687125 0.5512496138888889 0.6527687125 0.6356245555555555 0.729233503125 0.6356245555555555 0.729233503125 0.5512496138888889
7 0.4998391296875 0.5606246069444445 0.4998391296875 0.6004683305555556 0.524887940625 0.6004683305555556 0.524887940625 0.5606246069444445
7 0.36932164140625 0.5582808597222222 0.36932164140625 0.6168745666666667 0.41282747109375 0.6168745666666667 0.41282747109375 0.5582808597222222
2 0.3297708875 0.46687467083333334 0.3297708875 0.5137496402777778 0.402280603125 0.5137496402777778 0.402280603125 0.46687467083333334
2 0.41282747109375 0.4739059166666667 0.41282747109375 0.5231246319444445 0.47215360234375003 0.5231246319444445 0.47215360234375003 0.4739059166666667
2 0.53807152578125 0.6239058125 0.53807152578125 0.6942182638888889 0.56971212890625 0.6942182638888889 0.56971212890625 0.6239058125
2 0.41941926250000006 0.57234335 0.41941926250000006 0.6426558 0.46160673359375004 0.6426558 0.46160673359375004 0.57234335
2 0.2954935671875 0.6239058125 0.2954935671875 0.6707807819444445 0.32845252890625 0.6707807819444445 0.32845252890625 0.6239058125
2 0.18475145625 0.6121870722222222 0.18475145625 0.6824995222222222 0.24539594609374998 0.6824995222222222 0.24539594609374998 0.6121870722222222
9 0.2862650578125 0.5864058402777778 0.2862650578125 0.6520307944444445 0.32317909609375 0.6520307944444445 0.32317909609375 0.5864058402777778
2 0.031821873437499995 0.6121870722222222 0.031821873437499995 0.7082807555555556 0.145200703125 0.7082807555555556 0.145200703125 0.6121870722222222
2 0.37855015078125 0.5512496138888889 0.37855015078125 0.9051556208333333 0.5763039210937501 0.9051556208333333 0.5763039210937501 0.5512496138888889
2 0.75691903125 0.5559371111111111 0.75691903125 0.9778118208333333 0.99949698984375 0.9778118208333333 0.99949698984375 0.5559371111111111