6 0.26059740390625 0.35568276666666665 0.26059740390625 0.37809974722222217 0.26760271015625003 0.37809974722222217 0.26760271015625003 0.35568276666666665
6 0.2662016484375 0.3556827722222222 0.2662016484375 0.3780997527777778 0.27600907812500003 0.3780997527777778 0.27600907812500003 0.3556827722222222
6 0.254993159375 0.3531919958333333 0.254993159375 0.3780997527777778 0.26339952578125 0.3780997527777778 0.26339952578125 0.3531919958333333
6 0.39509928906249997 0.3756089763888889 0.39509928906249997 0.3955351833333333 0.40210459609375004 0.3955351833333333 0.40210459609375004 0.3756089763888889
6 0.3993024734375 0.3731182013888889 0.3993024734375 0.4005167333333333 0.40630778046874994 0.4005167333333333 0.40630778046874994 0.3731182013888889
7 0.42872476015625 0.3810886763888889 0.42872476015625 0.39852410555555556 0.4567459859375 0.39852410555555556 0.4567459859375 0.3810886763888889
7 0.52539799140625 0.3536901430555556 0.52539799140625 0.37361635000000004 0.5380075429687501 0.37361635000000004 0.5380075429687501 0.3536901430555556
2 0.1471114375 0.45083039444444445 0.1471114375 0.5031366833333334 0.20175282890625001 0.5031366833333334 0.20175282890625001 0.45083039444444445
2 0.23818042265625 0.44584884444444445 0.23818042265625 0.48570125277777776 0.26760271015625003 0.48570125277777776 0.26760271015625003 0.44584884444444445
2 0.26760271015625003 0.44833961944444445 0.26760271015625003 0.4757381513888889 0.28301438437500004 0.4757381513888889 0.28301438437500004 0.44833961944444445
2 0.28301438437500004 0.44086729166666666 0.28301438437500004 0.4782289263888889 0.30963454921875 0.4782289263888889 0.30963454921875 0.44086729166666666
2 0.30823348828124997 0.44584884444444445 0.30823348828124997 0.46079349583333334 0.3222441015625 0.46079349583333334 0.3222441015625 0.44584884444444445
2 0.39089610625 0.44584884444444445 0.39089610625 0.4682658236111111 0.40070353515625 0.4682658236111111 0.40070353515625 0.44584884444444445
2 0.4063077796875 0.45083039444444445 0.4063077796875 0.47075660138888886 0.42031839296875007 0.47075660138888886 0.42031839296875007 0.45083039444444445
2 0.364275940625 0.45083039444444445 0.364275940625 0.46826582499999997 0.37828655390625 0.46826582499999997 0.37828655390625 0.45083039444444445
2 0.35306745 0.4358857402777778 0.35306745 0.45083039444444445 0.36427594140625 0.45083039444444445 0.36427594140625 0.4358857402777778
2 0.35306745 0.44833961944444445 0.35306745 0.47075659861111113 0.36707806328125 0.47075659861111113 0.36707806328125 0.44833961944444445
2 0.33485365234375003 0.44833961944444445 0.33485365234375003 0.47972339166666667 0.35166638828124996 0.47972339166666667 0.35166638828124996 0.44833961944444445
2 0.3838907984375 0.44833961944444445 0.3838907984375 0.47075659861111113 0.3993024734375 0.47075659861111113 0.3993024734375 0.44833961944444445
2 0.4133130859375 0.45083039444444445 0.4133130859375 0.473247375 0.43012582187500004 0.473247375 0.43012582187500004 0.45083039444444445
2 0.0168127359375 0.41160067777777776 0.0168127359375 0.5361394611111111 0.14571037578124998 0.5361394611111111 0.14571037578124998 0.41160067777777776
2 0.592648934375 0.4528230222222222 0.592648934375 0.4777307791666667 0.6150659140625 0.4777307791666667 0.6150659140625 0.4528230222222222
4 0.62207122109375 0.45830272222222224 0.62207122109375 0.5031366833333334 0.6318786507812499 0.5031366833333334 0.6318786507812499 0.45830272222222224
4 0.60946166953125 0.45830272222222224 0.60946166953125 0.5081182347222222 0.6206701609375 0.5081182347222222 0.6206701609375 0.45830272222222224
4 0.5674298304687501 0.4533211722222222 0.5674298304687501 0.5031366819444445 0.58144044375 0.5031366819444445 0.58144044375 0.4533211722222222
4 0.58564362734375 0.4840407416666667 0.58564362734375 0.49317357916666665 0.6010553015625 0.49317357916666665 0.6010553015625 0.4840407416666667
2 0.87426225625 0.45664221111111114 0.87426225625 0.4989853972222222 0.92003026640625 0.4989853972222222 0.92003026640625 0.45664221111111114
2 0.7523699234375 0.4466791083333333 0.7523699234375 0.5288747055555555 0.9018164687500001 0.5288747055555555 0.9018164687500001 0.4466791083333333
2 0.3676384875 0.4473433097222222 0.3676384875 0.46726951527777777 0.37744591640624997 0.46726951527777777 0.37744591640624997 0.4473433097222222
2 0.90461859296875 0.45415143611111114 0.90461859296875 0.5014761736111111 0.95645786171875 0.5014761736111111 0.95645786171875 0.45415143611111114
2 0.9606610453125001 0.4491698833333333 0.9606610453125001 0.46909609027777777 0.9970886390624999 0.46909609027777777 0.9970886390624999 0.4491698833333333
2 0.936843003125 0.45664221111111114 0.936843003125 0.5164208305555555 0.999306978125 0.5164208305555555 0.999306978125 0.45664221111111114
7 0.6551712734375 0.23270959861111112 0.6551712734375 0.26758045694444443 0.6761871937499999 0.26758045694444443 0.6761871937499999 0.23270959861111112