2 0.5117905484375 0.3851324347222222 0.5117905484375 0.42588718472222226 0.52468560546875 0.42588718472222226 0.52468560546875 0.3851324347222222
2 0.49173157109375004 0.3876796055555556 0.49173157109375004 0.4258871875 0.51752168671875 0.4258871875 0.51752168671875 0.3876796055555556
2 0.48313486250000004 0.3953211180555556 0.48313486250000004 0.44117022083333335 0.5089249812500001 0.44117022083333335 0.5089249812500001 0.3953211180555556
2 0.45018082421875 0.40296263611111116 0.45018082421875 0.4742834555555555 0.49602992109375005 0.4742834555555555 0.49602992109375005 0.40296263611111116
2 0.52325282421875 0.3876796055555556 0.52325282421875 0.41060415694444446 0.53758066875 0.41060415694444446 0.53758066875 0.3876796055555556
2 0.53758066875 0.3800380902777778 0.53758066875 0.413151325 0.55190851171875 0.413151325 0.55190851171875 0.3800380902777778
2 0.53758066875 0.39022677777777776 0.53758066875 0.41315132777777774 0.54904294296875 0.41315132777777774 0.54904294296875 0.39022677777777776
2 0.5576396460937499 0.3800380902777778 0.5576396460937499 0.4360758791666666 0.59775760625 0.4360758791666666 0.59775760625 0.3800380902777778
2 0.41378811328125 0.3851324347222222 0.41378811328125 0.4207928388888889 0.45247329062499997 0.4207928388888889 0.45247329062499997 0.3851324347222222
2 0.39573502109375 0.41824566944444447 0.39573502109375 0.4742834569444444 0.42582349296875 0.4742834569444444 0.42582349296875 0.41824566944444447
2 0.3814071796875 0.41315132777777774 0.3814071796875 0.4844721430555556 0.40146615937499996 0.4844721430555556 0.40146615937499996 0.41315132777777774
2 0.27853327031249997 0.41060415555555557 0.27853327031249997 0.4437173930555555 0.31865123125 0.4437173930555555 0.31865123125 0.41060415555555557
2 0.2636323140625 0.4177362263888889 0.2636323140625 0.4513589111111111 0.29200144453125 0.4513589111111111 0.29200144453125 0.4177362263888889
2 0.1971511265625 0.42079284027777775 0.1971511265625 0.4590004194444444 0.24729857812499997 0.4590004194444444 0.24729857812499997 0.42079284027777775
2 0.099721790625 0.4080569833333333 0.099721790625 0.47937779861111113 0.20574782890624999 0.47937779861111113 0.20574782890624999 0.4080569833333333
2 0.015760628906249997 0.42334001527777776 0.015760628906249997 0.4768306277777778 0.07593756796875 0.4768306277777778 0.07593756796875 0.42334001527777776
2 0.0329540390625 0.42588716527777776 0.0329540390625 0.5023023249999999 0.14471121328125 0.5023023249999999 0.14471121328125 0.42588716527777776
2 0.30890829453125 0.42079282500000004 0.30890829453125 0.5303212263888889 0.39344256640625 0.5303212263888889 0.39344256640625 0.42079282500000004
2 0.41550744687499996 0.4131513069444444 0.41550744687499996 0.5023023333333334 0.48141552499999996 0.5023023333333334 0.48141552499999996 0.4131513069444444
2 0.57082125703125 0.4004154638888889 0.57082125703125 0.46409476944444444 0.615237571875 0.46409476944444444 0.615237571875 0.4004154638888889
2 0.6447529359375 0.3851324347222222 0.6447529359375 0.41824566944444447 0.687736465625 0.41824566944444447 0.687736465625 0.3851324347222222
4 0.24328678046875002 0.4177362263888889 0.24328678046875002 0.48905704583333337 0.26219952968750004 0.48905704583333337 0.26219952968750004 0.4177362263888889
4 0.3722373671875 0.3846229888888889 0.3722373671875 0.4151890541666667 0.38656521015625 0.4151890541666667 0.38656521015625 0.3846229888888889
4 0.8913614195312499 0.43301925694444443 0.8913614195312499 0.5170759388888888 0.9358947273437501 0.5170759388888888 0.9358947273437501 0.43301925694444443
2 0.762527825 0.3897173305555555 0.762527825 0.43301925694444443 0.80264578515625 0.43301925694444443 0.80264578515625 0.3897173305555555
2 0.8026457835937499 0.38717016111111113 0.8026457835937499 0.4330192625 0.8298686859375 0.4330192625 0.8298686859375 0.38717016111111113
2 0.8241375484375 0.3897173305555555 0.8241375484375 0.43556642916666666 0.8570915890625 0.43556642916666666 0.8570915890625 0.3897173305555555
2 0.86568829765625 0.37188712361111115 0.86568829765625 0.45339663333333335 0.9401930796875 0.45339663333333335 0.9401930796875 0.37188712361111115
2 0 0.4253777402777778 0 0.5145287722222223 0.01719341328125 0.5145287722222223 0.01719341328125 0.4253777402777778
7 0.08883262578125 0.020377379166666668 0.08883262578125 0.07641516250000001 0.11748831171875 0.07641516250000001 0.11748831171875 0.020377379166666668
7 0.08739984296875 0.13754729305555558 0.08739984296875 0.19358507638888892 0.12608501875 0.19358507638888892 0.12608501875 0.13754729305555558
7 0.65764799453125 0.26490589305555556 0.65764799453125 0.28018892777777776 0.66911026953125 0.28018892777777776 0.66911026953125 0.26490589305555556
7 0.649051290625 0.28018893055555555 0.649051290625 0.3183965125 0.6676774867187499 0.3183965125 0.6676774867187499 0.28018893055555555
7 0.6519168601562499 0.3260380305555555 0.6519168601562499 0.3387738888888889 0.6676774890625 0.3387738888888889 0.6676774890625 0.3260380305555555
7 0.8413309617187499 0.08915102361111112 0.8413309617187499 0.13754729305555558 0.86855386171875 0.13754729305555558 0.86855386171875 0.08915102361111112
7 0.8398981773437499 0.21650962777777777 0.8398981773437499 0.2674530680555555 0.8871800578125001 0.2674530680555555 0.8871800578125001 0.21650962777777777
7 0.8470620976562501 0.27254741666666665 0.8470620976562501 0.3209436875 0.8771505703125 0.3209436875 0.8771505703125 0.27254741666666665
6 0.121786665625 0.21905680000000002 0.121786665625 0.285283275 0.1346817234375 0.285283275 0.1346817234375 0.21905680000000002
6 0.81181559453125 0.01018868888888889 0.81181559453125 0.08150950972222222 0.8275762234374999 0.08150950972222222 0.8275762234374999 0.01018868888888889
6 0.8562319109375001 0.005094344444444445 0.8562319109375001 0.07896233194444445 0.8734253210937499 0.07896233194444445 0.8734253210937499 0.005094344444444445
6 0.09141163906250001 0.20632094027777775 0.09141163906250001 0.28018893055555555 0.11147061640625 0.28018893055555555 0.11147061640625 0.20632094027777775
6 0.83302078671875 0.0025471694444444445 0.83302078671875 0.08915102361111112 0.8545125515625 0.08915102361111112 0.8545125515625 0.0025471694444444445
2 0.97478933515625 0.5703060027777778 0.97478933515625 0.7484692305555555 0.9985520843750001 0.7484692305555555 0.9985520843750001 0.5703060027777778
6 0.08166870546875 0.35660409444444446 0.08166870546875 0.3922645027777778 0.0974293328125 0.3922645027777778 0.0974293328125 0.35660409444444446