2 0.33516326484375003 0.3336153708333333 0.33516326484375003 0.3797485027777778 0.37067363593749997 0.3797485027777778 0.37067363593749997 0.3336153708333333
2 0.22863215390625 0.3239031333333333 0.22863215390625 0.40402909722222224 0.2832634921875 0.40402909722222224 0.2832634921875 0.3239031333333333
2 0.26004517265625 0.3263311930555556 0.26004517265625 0.40402909722222224 0.33789483203125 0.40402909722222224 0.33789483203125 0.3263311930555556
2 0.15214827890625 0.3287592527777778 0.15214827890625 0.4161693930555555 0.24228998906250002 0.4161693930555555 0.24228998906250002 0.3287592527777778
2 0.01830149765625 0.29476641805555553 0.01830149765625 0.43802193055555555 0.15624562890625 0.43802193055555555 0.15624562890625 0.29476641805555553
2 0.0005463125 0.3311873097222222 0.0005463125 0.4598744638888889 0.030593550000000004 0.4598744638888889 0.030593550000000004 0.3311873097222222
2 0.49905728125 0.3287592527777778 0.49905728125 0.3506117861111111 0.51408089921875 0.3506117861111111 0.51408089921875 0.3287592527777778
2 0.49086258125000004 0.3336153708333333 0.49086258125000004 0.3506117888888889 0.50452041640625 0.3506117888888889 0.50452041640625 0.3336153708333333
2 0.47993631328125 0.3360434305555555 0.47993631328125 0.3506117888888889 0.49086258125000004 0.3506117888888889 0.49086258125000004 0.3360434305555555
2 0.44852329296875004 0.3360434305555555 0.44852329296875004 0.35546790694444447 0.4676442625 0.35546790694444447 0.4676442625 0.3360434305555555
2 0.43759702421875 0.3360434305555555 0.43759702421875 0.3578959666666667 0.45671799296875 0.3578959666666667 0.45671799296875 0.3360434305555555
2 0.41847605703125 0.3336153708333333 0.41847605703125 0.36518014444444447 0.4416943765625 0.36518014444444447 0.4416943765625 0.3336153708333333
2 0.5673464554687501 0.3336153708333333 0.5673464554687501 0.3700362652777778 0.58373585625 0.3700362652777778 0.58373585625 0.3336153708333333
2 0.5782727234375 0.3360434305555555 0.5782727234375 0.37974850000000004 0.598759475 0.37974850000000004 0.598759475 0.3360434305555555
2 0.58919899140625 0.3311873097222222 0.58919899140625 0.38217655972222225 0.61241731015625 0.38217655972222225 0.61241731015625 0.3311873097222222
2 0.5960279078124999 0.3311873097222222 0.5960279078124999 0.39431685972222225 0.64656189765625 0.39431685972222225 0.64656189765625 0.3311873097222222
2 0.5086177671875001 0.3311873097222222 0.5086177671875001 0.42102551805555555 0.58100428984375 0.42102551805555555 0.58100428984375 0.3311873097222222
7 0.91678215703125 0.21366923888888886 0.91678215703125 0.24037789166666665 0.96048722890625 0.24037789166666665 0.96048722890625 0.21366923888888886
7 0.9249768578124999 0.24037789166666665 0.9249768578124999 0.30107938055555555 0.948195178125 0.30107938055555555 0.948195178125 0.24037789166666665
2 0.6436254625 0.33385818472222223 0.6436254625 0.3702790763888889 0.661380646875 0.3702790763888889 0.661380646875 0.33385818472222223
1 0.657283296875 0.2974372902777778 0.657283296875 0.37513519583333327 0.7201093375000001 0.37513519583333327 0.7201093375000001 0.2974372902777778
7 0.87171130234375 0.18089043333333332 0.87171130234375 0.2075990861111111 0.886734921875 0.2075990861111111 0.886734921875 0.18089043333333332
7 0.388223953125 0.28529699444444445 0.388223953125 0.2974372902777778 0.399150221875 0.2974372902777778 0.399150221875 0.28529699444444445
6 0.4428552921875 0.2610163972222222 0.4428552921875 0.2828689333333333 0.45651312656250004 0.2828689333333333 0.45651312656250004 0.2610163972222222
6 0.5316312171875001 0.26344445833333335 0.5316312171875001 0.28529699444444445 0.5411917015625 0.28529699444444445 0.5411917015625 0.26344445833333335