2 0 0.43324793194444444 0 0.6966626736111111 0.1403723296875 0.6966626736111111 0.1403723296875 0.43324793194444444
2 0.43866353125 0.2876766263888889 0.43866353125 0.8491659444444445 0.8139645515625 0.8491659444444445 0.8139645515625 0.2876766263888889
2 0.97773226875 0.4887036666666667 0.97773226875 0.8318360291666665 0.9982032335937501 0.8318360291666665 0.9982032335937501 0.4887036666666667
2 0.80519128125 0.3639282625 0.80519128125 0.7157255833333332 0.99820323515625 0.7157255833333332 0.99820323515625 0.3639282625
2 0.7817958921875 0.41245203055555557 0.7817958921875 0.5441594013888889 0.8607553273437499 0.5441594013888889 0.8607553273437499 0.41245203055555557
2 0.44256276093749997 0.4401798986111111 0.44256276093749997 0.5510913694444444 0.4737566125 0.5510913694444444 0.4737566125 0.4401798986111111
2 0.133548675 0.4800387083333333 0.133548675 0.6360079638888888 0.282694275 0.6360079638888888 0.282694275 0.4800387083333333
2 0.26319811875 0.4731067416666667 0.26319811875 0.5822852194444444 0.36262851875 0.5822852194444444 0.36262851875 0.4731067416666667
2 0.33825832265625 0.47483973333333335 0.33825832265625 0.559756326388889 0.4152681421875 0.559756326388889 0.4152681421875 0.47483973333333335
2 0.39479717734375 0.46790776666666667 0.39479717734375 0.5424264083333333 0.44353756953124995 0.5424264083333333 0.44353756953124995 0.46790776666666667
7 0.17741502890625 0.2946085930555556 0.17741502890625 0.3985880972222222 0.21153330234375 0.3985880972222222 0.21153330234375 0.2946085930555556
7 0.45426045625 0.37605920416666666 0.45426045625 0.3881901472222223 0.46595814999999996 0.3881901472222223 0.46595814999999996 0.37605920416666666
6 0.36652775000000004 0.4089860472222222 0.36652775000000004 0.43671391666666665 0.38309948359375 0.43671391666666665 0.38309948359375 0.4089860472222222
6 0.45231084140625005 0.42804895833333334 0.45231084140625005 0.44191289166666664 0.46400853515625 0.44191289166666664 0.46400853515625 0.42804895833333334
7 0.46205891875000005 0.3881901472222223 0.46205891875000005 0.4315149402777778 0.47375661406249997 0.4315149402777778 0.47375661406249997 0.3881901472222223