2 0 0.5474843888888888 0 0.6154001736111111 0.07874419453125 0.6154001736111111 0.07874419453125 0.5474843888888888
2 0.09433710390625 0.5225357319444445 0.09433710390625 0.6140141361111111 0.1707423640625 0.6140141361111111 0.1707423640625 0.5225357319444445
9 0.32511216953125 0.4366014736111111 0.32511216953125 0.6056979166666667 0.41477140078124997 0.6056979166666667 0.41477140078124997 0.4366014736111111
9 0.24948655703124997 0.49065689444444444 0.24948655703124997 0.5488704263888889 0.28924847656249997 0.5488704263888889 0.28924847656249997 0.49065689444444444
9 0.85761003828125 0.46016409305555556 0.85761003828125 0.5904515222222222 0.992488709375 0.5904515222222222 0.992488709375 0.46016409305555556
9 0.92933742421875 0.4657082402777778 0.92933742421875 0.5918375555555555 0.9995055195312499 0.5918375555555555 0.9995055195312499 0.4657082402777778
2 0.63775001015625 0.5059032958333334 0.63775001015625 0.5682749347222222 0.72662959609375 0.5682749347222222 0.72662959609375 0.5059032958333334
2 0.25182549296875 0.5266938416666667 0.25182549296875 0.5571866430555555 0.2775537953125 0.5571866430555555 0.2775537953125 0.5266938416666667
2 0.06471057578125 0.5239217694444445 0.06471057578125 0.5599587166666666 0.09355745859375 0.5599587166666666 0.09355745859375 0.5239217694444445
2 0.42022891796875 0.49897311388888893 0.42022891796875 0.6015398055555555 0.49117665859375004 0.6015398055555555 0.49117665859375004 0.49897311388888893
2 0.6689358304687499 0.5169915888888889 0.6689358304687499 0.6722276652777778 0.8498135828125 0.6722276652777778 0.8498135828125 0.5169915888888889
2 0.84435606484375 0.5807492625 0.84435606484375 0.8080592347222222 0.9971665828124999 0.8080592347222222 0.9971665828124999 0.5807492625
2 0.18555562734375 0.5253078055555556 0.18555562734375 0.5433262805555555 0.20504676328125 0.5433262805555555 0.20504676328125 0.5253078055555556
2 0.09979462265625 0.5280798791666667 0.09979462265625 0.5558006083333333 0.11070965937499999 0.5558006083333333 0.11070965937499999 0.5280798791666667
2 0.050676957031250004 0.5197636597222222 0.050676957031250004 0.5336240222222222 0.06159199375 0.5336240222222222 0.06159199375 0.5197636597222222
2 0.1715220078125 0.51560555 0.1715220078125 0.5308519527777779 0.18009810625 0.5308519527777779 0.18009810625 0.51560555
2 0.225317546875 0.5183776236111112 0.225317546875 0.5363960972222223 0.2401308109375 0.5363960972222223 0.2401308109375 0.5183776236111112
9 0.14033618828125 0.5114474416666667 0.14033618828125 0.5253078055555556 0.16372555312499998 0.5253078055555556 0.16372555312499998 0.5114474416666667
9 0.07172738437500001 0.5059032958333334 0.07172738437500001 0.5197636597222222 0.08732029453125 0.5197636597222222 0.08732029453125 0.5059032958333334
7 0.18789456328125 0.467094275 0.18789456328125 0.4837267125 0.20582640937500002 0.4837267125 0.20582640937500002 0.467094275
7 0.47324481250000006 0.4657082402777778 0.47324481250000006 0.47818256805555553 0.486498784375 0.47818256805555553 0.486498784375 0.4657082402777778
2 0.58785269921875 0.5128334763888889 0.58785269921875 0.5613447527777778 0.63852965625 0.5613447527777778 0.63852965625 0.5128334763888889