2 0.351859946875 0.41623875972222224 0.351859946875 0.46237189027777775 0.3778098328125 0.46237189027777775 0.3778098328125 0.41623875972222224
2 0.3218127109375 0.42109488055555555 0.3218127109375 0.4769402472222222 0.36551778203124996 0.4769402472222222 0.36551778203124996 0.42109488055555555
2 0.1374319421875 0.41623875972222224 0.1374319421875 0.5764906888888889 0.25625510390625 0.5764906888888889 0.25625510390625 0.41623875972222224
2 0.43244117265625004 0.41381070000000003 0.43244117265625004 0.46237189027777775 0.44746479062500005 0.46237189027777775 0.44746479062500005 0.41381070000000003
2 0.44336743984375 0.41381070000000003 0.44336743984375 0.46537807361111105 0.46658575859375 0.46537807361111105 0.46658575859375 0.41381070000000003
2 0.45480589687500006 0.40953270555555554 0.45480589687500006 0.4856119 0.50861776640625 0.4856119 0.50861776640625 0.40953270555555554
2 0.28872662734375 0.42005429583333337 0.28872662734375 0.4977522 0.34472374921875 0.4977522 0.34472374921875 0.42005429583333337
2 0.59992039140625 0.37634922361111117 0.59992039140625 0.6580041291666666 0.88830557109375 0.6580041291666666 0.88830557109375 0.37634922361111117
2 0.0017072296875 0.3787772819444445 0.0017072296875 0.6750005444444445 0.19838005 0.6750005444444445 0.19838005 0.3787772819444445
2 0.84166406640625 0.3787772819444445 0.84166406640625 0.5390292111111111 0.9987291656249999 0.5390292111111111 0.9987291656249999 0.3787772819444445
2 0.41007648828125004 0.40184384999999995 0.41007648828125004 0.43098056250000005 0.4278316734375 0.43098056250000005 0.4278316734375 0.40184384999999995