2 0.44569982890625 0.396177625 0.44569982890625 0.41115913333333337 0.45319058046875 0.41115913333333337 0.45319058046875 0.396177625
2 0.3820284234375 0.40450068333333333 0.3820284234375 0.4228114138888889 0.3895191765625 0.4228114138888889 0.3895191765625 0.40450068333333333
2 0.37453767109374997 0.4078299083333334 0.37453767109374997 0.42281141527777777 0.384837459375 0.42281141527777777 0.384837459375 0.4078299083333334
2 0.19663227734375 0.42281141527777777 0.19663227734375 0.4627621 0.23783142265624999 0.4627621 0.23783142265624999 0.42281141527777777
2 0.16479657578125 0.42281141527777777 0.16479657578125 0.47274977083333336 0.20225034218750002 0.47274977083333336 0.20225034218750002 0.42281141527777777
2 0.073971190625 0.3845253416666667 0.073971190625 0.4827374416666667 0.16479657578125 0.4827374416666667 0.16479657578125 0.3845253416666667
2 0.35674713125 0.4011714611111111 0.35674713125 0.42780524861111113 0.37266498203125 0.42780524861111113 0.37266498203125 0.4011714611111111
4 0.34176562421875 0.3845253416666667 0.34176562421875 0.46109748749999996 0.35955616484375 0.46109748749999996 0.35955616484375 0.3845253416666667
4 0.55150672109375 0.35456232916666663 0.55150672109375 0.4394575347222222 0.57397898046875 0.4394575347222222 0.57397898046875 0.35456232916666663
4 0.5936422078125 0.3312577638888889 0.5936422078125 0.45776826388888886 0.6226688765625 0.45776826388888886 0.6226688765625 0.3312577638888889
4 0.63015963125 0.3362515972222222 0.63015963125 0.45443903888888887 0.651695546875 0.45443903888888887 0.651695546875 0.3362515972222222
2 0.249766784375 0.37453767083333334 0.249766784375 0.48328419861111116 0.33895659296875 0.48328419861111116 0.33895659296875 0.37453767083333334
2 0.45038154921875 0.37786689444444443 0.45038154921875 0.4311344722222222 0.48221725078125 0.4311344722222222 0.48221725078125 0.37786689444444443
2 0.006554409375 0.43446369861111117 0.006554409375 0.5093712319444444 0.0842709765625 0.5093712319444444 0.0842709765625 0.43446369861111117
1 0.39326455390625 0.34124543194444446 0.39326455390625 0.4394575347222222 0.44195445156249996 0.4394575347222222 0.44195445156249996 0.34124543194444446
7 0.52622542734375 0.34457465694444445 0.52622542734375 0.3961776236111111 0.5402705906249999 0.3961776236111111 0.5402705906249999 0.34457465694444445
7 0.010299785156250001 0.35289771666666664 0.010299785156250001 0.396177625 0.041199142968750005 0.396177625 0.041199142968750005 0.35289771666666664
7 0.009363440625 0.25967945138888887 0.009363440625 0.34124543194444446 0.027153981249999997 0.34124543194444446 0.027153981249999997 0.25967945138888887
7 0.16947829609375 0.31461164305555556 0.16947829609375 0.35955616388888895 0.19382324453125 0.35955616388888895 0.19382324453125 0.31461164305555556
7 0.19007786796874998 0.3728730583333333 0.19007786796874998 0.3895191777777777 0.20037765312500003 0.3895191777777777 0.20037765312500003 0.3728730583333333
7 0.1928869 0.3379162097222222 0.1928869 0.3562269388888889 0.20412302890624998 0.3562269388888889 0.20412302890624998 0.3379162097222222
6 0.36330154062500003 0.0982121 0.36330154062500003 0.164796575 0.377346703125 0.164796575 0.377346703125 0.0982121
6 0.53371618046875 0.29297169027777775 0.53371618046875 0.31794086805555555 0.55150672109375 0.31794086805555555 0.55150672109375 0.29297169027777775
6 0.35581078828125 0.34291004444444445 0.35581078828125 0.3562269388888889 0.36330153984375 0.3562269388888889 0.36330153984375 0.34291004444444445
6 0.37828304765625 0.1032059361111111 0.37828304765625 0.1614673513888889 0.39232821171875 0.1614673513888889 0.39232821171875 0.1032059361111111
6 0.350192721875 0.10154132361111111 0.350192721875 0.1631319638888889 0.36330154062500003 0.1631319638888889 0.36330154062500003 0.10154132361111111
2 0.7390932375 0.2996301361111111 0.7390932375 0.4361283097222222 0.9460294875 0.4361283097222222 0.9460294875 0.2996301361111111
7 0.52186138828125 0.20213143055555555 0.52186138828125 0.22044216111111112 0.5424609593749999 0.22044216111111112 0.5424609593749999 0.20213143055555555
2 0.9666290578125001 0.2936850847222222 0.9666290578125001 0.466091325 0.9992631632812501 0.466091325 0.9992631632812501 0.2936850847222222
2 0.952445953125 0.3186542625 0.952445953125 0.39689102083333333 0.9870906890625 0.39689102083333333 0.9870906890625 0.3186542625
4 0.8372756203125 0.24089311805555558 0.8372756203125 0.6370707444444444 0.92622831796875 0.6370707444444444 0.92622831796875 0.24089311805555558