2 0.41343746640625 0.42349996805555556 0.41343746640625 0.45499996388888886 0.43031246484374996 0.45499996388888886 0.43031246484374996 0.42349996805555556
2 0.46406246093750003 0.4244999652777778 0.46406246093750003 0.4454999625 0.47587496015625 0.4454999625 0.47587496015625 0.4244999652777778
2 0.42862496562499997 0.41599996666666667 0.42862496562499997 0.4609999597222222 0.4589999640625 0.4609999597222222 0.4589999640625 0.41599996666666667
2 0.201656234375 0.3859999680555556 0.201656234375 0.5539999569444445 0.34424997265625 0.5539999569444445 0.34424997265625 0.3859999680555556
2 0.47249996171875 0.3859999680555556 0.47249996171875 0.5089999611111111 0.54843745390625 0.5089999611111111 0.54843745390625 0.3859999680555556
6 0.1653749859375 0 0.1653749859375 0.08699999583333333 0.187312484375 0.08699999583333333 0.187312484375 0
6 0.18646873515625 0.011999997222222223 0.18646873515625 0.08999999305555555 0.20249998359375 0.08999999305555555 0.20249998359375 0.011999997222222223
6 0.1425937390625 0 0.1425937390625 0.07949999166666667 0.15946873828125002 0.07949999166666667 0.15946873828125002 0
7 0.09618749296875 0.0709999875 0.09618749296875 0.13699998194444446 0.15271873671875 0.13699998194444446 0.15271873671875 0.0709999875
7 0.0455624953125 0.1924999763888889 0.0455624953125 0.2134999736111111 0.07593749375 0.2134999736111111 0.07593749375 0.1924999763888889
6 0.04387499765625 0.3149999736111111 0.04387499765625 0.34799997083333334 0.06749999453125 0.34799997083333334 0.06749999453125 0.3149999736111111
6 0.07171874453125 0.30899997361111115 0.07171874453125 0.34499996805555555 0.0953437421875 0.34499996805555555 0.0953437421875 0.30899997361111115
7 0.17043748593750002 0.29499997222222224 0.17043748593750002 0.33849996944444444 0.18140623515625 0.33849996944444444 0.18140623515625 0.29499997222222224
6 0.76724994609375 0.18999997777777777 0.76724994609375 0.245499975 0.78159369609375 0.245499975 0.78159369609375 0.18999997777777777
6 0.77062494765625 0.3354999708333333 0.77062494765625 0.3639999708333333 0.78918744609375 0.3639999708333333 0.78918744609375 0.3354999708333333
0 0.66853120546875 0.42549997361111114 0.66853120546875 0.47049996944444444 0.69890620078125 0.47049996944444444 0.69890620078125 0.42549997361111114
0 0.7950936953125 0.4269999736111111 0.7950936953125 0.4959999666666667 0.8440311921875001 0.4959999666666667 0.8440311921875001 0.4269999736111111
6 0.45393746484374997 0.38899996805555553 0.45393746484374997 0.4069999680555556 0.46068746328125 0.4069999680555556 0.46068746328125 0.38899996805555553