2 0.3710911359375 0.5177127291666667 0.3710911359375 0.5446623097222222 0.38529029921875 0.5446623097222222 0.38529029921875 0.5177127291666667
2 0.35533050781250003 0.5177127291666667 0.35533050781250003 0.5482787944444445 0.37252391953125 0.5482787944444445 0.37252391953125 0.5177127291666667
2 0.33527152734375 0.5228070736111111 0.33527152734375 0.5594974694444445 0.3596288609375 0.5594974694444445 0.3596288609375 0.5228070736111111
2 0.320943684375 0.5253542472222222 0.320943684375 0.5610146555555555 0.34243544843749996 0.5610146555555555 0.34243544843749996 0.5253542472222222
2 0.306615840625 0.5304485902777778 0.306615840625 0.5661089986111111 0.330973175 0.5661089986111111 0.330973175 0.5304485902777778
2 0.2636323125 0.5202599013888889 0.2636323125 0.5839392027777778 0.3152125484375 0.5839392027777778 0.3152125484375 0.5202599013888889
2 0.456699996875 0.5177127291666667 0.456699996875 0.5279014180555556 0.46816227109374997 0.5279014180555556 0.46816227109374997 0.5177127291666667
2 0.39509027343750003 0.5151655555555555 0.39509027343750003 0.553373136111111 0.420880390625 0.553373136111111 0.420880390625 0.5151655555555555
2 0.5925586515625 0.5243535722222222 0.5925586515625 0.5829385319444444 0.628378259375 0.5829385319444444 0.628378259375 0.5243535722222222
2 0.62087319296875 0.5247174541666666 0.62087319296875 0.6036797916666666 0.67531899609375 0.6036797916666666 0.67531899609375 0.5247174541666666
2 0.5205782906249999 0.5119815916666667 0.5205782906249999 0.5552835194444444 0.5549651124999999 0.5552835194444444 0.5549651124999999 0.5119815916666667
2 0.47472919296875 0.5119815916666667 0.47472919296875 0.5349061402777778 0.4890570375 0.5349061402777778 0.4890570375 0.5119815916666667
2 0.53273526875 0.5259114388888888 0.53273526875 0.5997794305555555 0.59004664140625 0.5997794305555555 0.59004664140625 0.5259114388888888
4 0.591479425 0.5080812347222222 0.591479425 0.5972322597222223 0.6058072679687501 0.5972322597222223 0.6058072679687501 0.5080812347222222
4 0.49548287734374996 0.4925666416666667 0.49548287734374996 0.5740761513888889 0.50694515234375 0.5740761513888889 0.50694515234375 0.4925666416666667
2 0.20250017421875 0.5272646236111111 0.20250017421875 0.6011326138888888 0.2770049578125 0.6011326138888888 0.2770049578125 0.5272646236111111
2 0.65549881953125 0.5094344194444445 0.65549881953125 0.6240571638888889 0.77441991640625 0.6240571638888889 0.77441991640625 0.5094344194444445
2 0.04775946875 0.5578306902777778 0.04775946875 0.6750006055555555 0.182441196875 0.6750006055555555 0.182441196875 0.5578306902777778
2 0.9133999953125 0.5654722055555556 0.9133999953125 0.7544738611111111 0.9992275265625 0.7544738611111111 0.9992275265625 0.5654722055555556
7 0.35568870546875 0.3648824041666667 0.35568870546875 0.38525978055555554 0.3685837640625 0.38525978055555554 0.3685837640625 0.3648824041666667
2 0.3805218546875 0.514991988888889 0.3805218546875 0.5404236916666666 0.39721141015625 0.5404236916666666 0.39721141015625 0.514991988888889
2 0.42105363203125 0.514991988888889 0.42105363203125 0.5277078402777777 0.43178263125000005 0.5277078402777777 0.43178263125000005 0.514991988888889
2 0.43178263125000005 0.5107533722222223 0.43178263125000005 0.5277078402777777 0.44012740937499994 0.5277078402777777 0.44012740937499994 0.5107533722222223
2 0.44251163125000004 0.5128726805555556 0.44251163125000004 0.5298271486111111 0.45562485312499995 0.5298271486111111 0.45562485312499995 0.5128726805555556