6 0.2489417328125 0.0341483875 0.2489417328125 0.10472172083333332 0.26815020078125 0.10472172083333332 0.26815020078125 0.0341483875
6 0.22781242031249999 0.02731871111111111 0.22781242031249999 0.10016860416666667 0.2502223 0.10016860416666667 0.2502223 0.02731871111111111
6 0.60237754609375 0.07967956944444445 0.60237754609375 0.13887010972222222 0.61902488515625 0.13887010972222222 0.61902488515625 0.07967956944444445
6 0.5850899257812501 0.07512645138888889 0.5850899257812501 0.14114666805555556 0.60493867578125 0.14114666805555556 0.60493867578125 0.07512645138888889
6 0.684333675 0.330101075 0.684333675 0.3619729027777778 0.7048227078125 0.3619729027777778 0.7048227078125 0.330101075
6 0.2079636765625 0.3289627972222222 0.2079636765625 0.36197290555555556 0.23357496796875 0.36197290555555556 0.23357496796875 0.3289627972222222
7 0.7483298875 0.14740720416666667 0.7483298875 0.1849704263888889 0.80595529140625 0.1849704263888889 0.80595529140625 0.14740720416666667
7 0.7790634359374999 0.03699408611111111 0.7790634359374999 0.07569559166666667 0.8014733140624999 0.07569559166666667 0.8014733140624999 0.03699408611111111
7 0.78354541171875 0.07569559166666667 0.78354541171875 0.10756741805555556 0.82132206484375 0.10756741805555556 0.82132206484375 0.07569559166666667
7 0.69838787109375 0.3056280652777778 0.69838787109375 0.32497881805555556 0.73040198515625 0.32497881805555556 0.73040198515625 0.3056280652777778
7 0.22457900312499998 0.30904290416666663 0.22457900312499998 0.3295319347222222 0.25019029453125 0.3295319347222222 0.25019029453125 0.30904290416666663
7 0.21369420312499998 0.2646499986111111 0.21369420312499998 0.28741559027777774 0.24506803281249998 0.28741559027777774 0.24506803281249998 0.2646499986111111
2 0.357037384375 0.4021379180555556 0.357037384375 0.43856286666666666 0.37560557031249997 0.43856286666666666 0.37560557031249997 0.4021379180555556
2 0.33078581093750004 0.4009996347222222 0.33078581093750004 0.4522222166666666 0.36215964140625 0.4522222166666666 0.36215964140625 0.4009996347222222
2 0 0.3918934013888889 0 0.5808478069444445 0.0695506484375 0.5808478069444445 0.0695506484375 0.3918934013888889
2 0.56458031875 0.4066910361111111 0.56458031875 0.4431159819444444 0.5997958437500001 0.4431159819444444 0.5997958437500001 0.4066910361111111
2 0.5799470945312499 0.4157972722222222 0.5799470945312499 0.4465308222222222 0.60427781875 0.4465308222222222 0.60427781875 0.4157972722222222
2 0.6260474171875 0.3691278097222222 0.6260474171875 0.6047516791666666 0.728492578125 0.6047516791666666 0.728492578125 0.3691278097222222
2 0.36289140937500003 0.3143686083333333 0.36289140937500003 0.6525594236111111 0.57418455546875 0.6525594236111111 0.57418455546875 0.3143686083333333
2 0.6767628796875 0.0030283513888888893 0.6767628796875 0.8423268791666667 0.9998007453125 0.8423268791666667 0.9998007453125 0.0030283513888888893
4 0.26615065703125 0.3965007166666667 0.26615065703125 0.4591060944444445 0.27895630078125 0.4591060944444445 0.27895630078125 0.3965007166666667
4 0.587010765625 0.4268548388888889 0.587010765625 0.4826305375 0.5985358445312501 0.4826305375 0.5985358445312501 0.4268548388888889
4 0.57676625 0.42343999722222225 0.57676625 0.4826305375 0.5882913296875001 0.4826305375 0.5882913296875001 0.42343999722222225