4 0.054111740625 0.2092052902777778 0.054111740625 0.6347681888888889 0.14262166953125 0.6347681888888889 0.14262166953125 0.2092052902777778
4 0.0008046234375 0.25390727500000004 0.0008046234375 0.6222516319444444 0.09233193984375 0.6222516319444444 0.09233193984375 0.25390727500000004
2 0.05310594609375 0.3665562777777778 0.05310594609375 0.43807945138888893 0.15670279609374999 0.43807945138888893 0.15670279609374999 0.3665562777777778
2 0.16273756484375 0.3236423722222222 0.16273756484375 0.427350975 0.349815371875 0.427350975 0.349815371875 0.3236423722222222
2 0.54594533203125 0.25390727500000004 0.54594533203125 0.5274834236111111 0.8225388648437499 0.5274834236111111 0.8225388648437499 0.25390727500000004
2 0.85472429375 0.284304625 0.85472429375 0.3665562777777778 0.9784370375 0.3665562777777778 0.9784370375 0.284304625
2 0.76520856875 0.2628476722222222 0.76520856875 0.3719205166666667 0.8577416781249999 0.3719205166666667 0.8577416781249999 0.2628476722222222
2 0.3860239796875 0.30754965694444447 0.3860239796875 0.405894025 0.54996851015625 0.405894025 0.54996851015625 0.30754965694444447
2 0.5228120546875 0.28966886388888885 0.5228120546875 0.3450993277777778 0.6012640367187501 0.3450993277777778 0.6012640367187501 0.28966886388888885
2 0.97743124296875 0.28788078333333333 0.97743124296875 0.3486754833333333 0.9985529304687499 0.3486754833333333 0.9985529304687499 0.28788078333333333
4 0.36892547109375 0.31291389583333334 0.36892547109375 0.39337746944444446 0.3860239796875 0.39337746944444446 0.3860239796875 0.31291389583333334
4 0.2140330921875 0.30218541944444444 0.2140330921875 0.3343708486111111 0.22610262812499998 0.3343708486111111 0.22610262812499998 0.30218541944444444
4 0.20397514609375 0.3057615777777778 0.20397514609375 0.33973508611111114 0.214033090625 0.33973508611111114 0.214033090625 0.3057615777777778
4 0.17380130546875 0.3093377375 0.17380130546875 0.35582780138888886 0.18788243124999998 0.35582780138888886 0.18788243124999998 0.3093377375
6 0.13759269765624998 0.030397350000000004 0.13759269765624998 0.10370860833333333 0.16173176953124999 0.10370860833333333 0.16173176953124999 0.030397350000000004
6 0.34679798828125 0.23423840138888888 0.34679798828125 0.2682119111111111 0.36791967578125 0.2682119111111111 0.36791967578125 0.23423840138888888
6 0.16474915390625 0.026821191666666664 0.16474915390625 0.09476820833333333 0.184865046875 0.09476820833333333 0.184865046875 0.026821191666666664
7 0.06215809765625 0.22708608472222222 0.06215809765625 0.27178806944444445 0.07724501796875 0.27178806944444445 0.07724501796875 0.22708608472222222
7 0.3136067640625 0.05721854027777778 0.3136067640625 0.11264900277777777 0.342774809375 0.11264900277777777 0.342774809375 0.05721854027777778
7 0.33472845234375004 0.15019866944444443 0.33472845234375004 0.16986754305555557 0.369931265625 0.16986754305555557 0.369931265625 0.15019866944444443
7 0.3186357375 0.18059601944444445 0.3186357375 0.2092052902777778 0.35082116640625 0.2092052902777778 0.35082116640625 0.18059601944444445