2 0.36303794375 0.4820943166666667 0.36303794375 0.49570318888888887 0.3722239328125 0.49570318888888887 0.3722239328125 0.4820943166666667
2 0.35997594765624996 0.4507939083333333 0.35997594765624996 0.4630418944444445 0.3660999390625 0.4630418944444445 0.3660999390625 0.4507939083333333
2 0.36380344296875 0.45351568333333336 0.36380344296875 0.46712455555555554 0.37375493125000003 0.46712455555555554 0.37375493125000003 0.45351568333333336
2 0.3668654390625 0.4589592333333333 0.3668654390625 0.47392899583333337 0.37375493125000003 0.47392899583333337 0.37375493125000003 0.4589592333333333
2 0.3691619359375 0.46440278194444445 0.3691619359375 0.47801165416666663 0.3768169265625 0.47801165416666663 0.3768169265625 0.46440278194444445
2 0.37145843359374997 0.4698463305555555 0.37145843359374997 0.4820943166666667 0.38064442187499997 0.4820943166666667 0.38064442187499997 0.4698463305555555
2 0.376051428125 0.47801165416666663 0.376051428125 0.4916205291666667 0.3844719171875 0.4916205291666667 0.3844719171875 0.47801165416666663
2 0.37834792578125 0.4807334291666666 0.37834792578125 0.49570318888888887 0.38753391484375 0.49570318888888887 0.38753391484375 0.4807334291666666
2 0.397485403125 0.5011467374999999 0.397485403125 0.5229209361111111 0.4150918828125 0.5229209361111111 0.4150918828125 0.5011467374999999
2 0.41202988593749995 0.502507625 0.41202988593749995 0.5256427083333334 0.4250433703125 0.5256427083333334 0.4250433703125 0.502507625
2 0.41738837890624997 0.5038685125 0.41738837890624997 0.5297253708333334 0.43958785312500004 0.5297253708333334 0.43958785312500004 0.5038685125
2 0.4311673625 0.5052294 0.4311673625 0.5338080305555556 0.44341534921875 0.5338080305555556 0.44341534921875 0.5052294
2 0.46867681796875005 0.49706407638888894 0.46867681796875005 0.5501386791666667 0.4962347859375 0.5501386791666667 0.4962347859375 0.49706407638888894
2 0.48475229921874996 0.49706407638888894 0.48475229921874996 0.5569431166666667 0.53163911875 0.5569431166666667 0.53163911875 0.49706407638888894
2 0.65832921796875 0.5174773847222222 0.65832921796875 0.6317919180555556 0.77238858359375 0.6317919180555556 0.77238858359375 0.5174773847222222
2 0.57565531640625 0.5106729486111111 0.57565531640625 0.6032132833333333 0.66521871015625 0.6032132833333333 0.66521871015625 0.5106729486111111
2 0.30218076640625 0.48753786527777776 0.30218076640625 0.5256427097222223 0.31672524687500003 0.5256427097222223 0.31672524687500003 0.48753786527777776
2 0.28227778984374996 0.48617697638888885 0.28227778984374996 0.5351689180555556 0.30830475859375 0.5351689180555556 0.30830475859375 0.48617697638888885
2 0.28227778984374996 0.4902596402777778 0.28227778984374996 0.5446951305555555 0.30218076640625 0.5446951305555555 0.30218076640625 0.4902596402777778
2 0.24400283515625 0.47665076666666667 0.24400283515625 0.5542213402777777 0.2884017828125 0.5542213402777777 0.2884017828125 0.47665076666666667
2 0.24247183671875 0.4848160902777778 0.24247183671875 0.5678302125 0.28304328984375 0.5678302125 0.28304328984375 0.4848160902777778
2 0.17510791718750002 0.4630418944444445 0.17510791718750002 0.5800782 0.2593128171875 0.5800782 0.2593128171875 0.4630418944444445
2 0.12286260390624999 0.47528988055555554 0.12286260390624999 0.6059350583333333 0.23079797578125 0.6059350583333333 0.23079797578125 0.47528988055555554
2 0.3090702578125 0.4848160902777778 0.3090702578125 0.5188382722222222 0.32514573828125004 0.5188382722222222 0.32514573828125004 0.4848160902777778
2 0.4378654796875 0.5052294 0.4378654796875 0.5378906944444444 0.46389245078124997 0.5378906944444444 0.46389245078124997 0.5052294
2 0.5059948999999999 0.5079511763888889 0.5059948999999999 0.5678302125 0.5641728296874999 0.5678302125 0.5641728296874999 0.5079511763888889
2 0.7471450539062501 0.4916205277777778 0.7471450539062501 0.6866420513888889 0.9968711898437499 0.6866420513888889 0.9968711898437499 0.4916205277777778
2 0.36648268984375 0.4888987527777777 0.36648268984375 0.5093120597222222 0.38102717265625 0.5093120597222222 0.38102717265625 0.4888987527777777
2 0.3473452125 0.4712072180555556 0.3473452125 0.48617697638888885 0.35729670078125003 0.48617697638888885 0.35729670078125003 0.4712072180555556
2 0.355000203125 0.4521547944444444 0.355000203125 0.46576367083333337 0.3634206921875 0.46576367083333337 0.3634206921875 0.4521547944444444
2 0.32055274453125 0.48753786527777776 0.32055274453125 0.5120338375 0.33280072890625 0.5120338375 0.33280072890625 0.48753786527777776
2 0.323614740625 0.48345520416666665 0.323614740625 0.49434229999999996 0.33509722734374997 0.49434229999999996 0.33509722734374997 0.48345520416666665
2 0.38102717265625 0.4848160902777778 0.38102717265625 0.49842496527777774 0.39174415859375 0.49842496527777774 0.39174415859375 0.4848160902777778
2 0.35040720859375 0.4331023763888889 0.35040720859375 0.44535035833333336 0.35729670078125003 0.44535035833333336 0.35729670078125003 0.4331023763888889
7 0.5672348265625 0.427658825 0.5672348265625 0.46168100694444447 0.57890868828125 0.46168100694444447 0.57890868828125 0.427658825
7 0.72416213984375 0.4004410805555556 0.72416213984375 0.4222152763888889 0.7417686195312501 0.4222152763888889 0.7417686195312501 0.4004410805555556
2 0.36131557109375 0.4630418944444445 0.36131557109375 0.47256810416666667 0.36897056171875 0.47256810416666667 0.36897056171875 0.4630418944444445