2 0 0.5947296291666666 0 0.8191214833333333 0.0829155140625 0.8191214833333333 0.0829155140625 0.5947296291666666
2 0 0.4396620888888889 0 0.7224323111111111 0.18553373984375 0.7224323111111111 0.18553373984375 0.4396620888888889
2 0.045972953125 0.4633783013888889 0.045972953125 0.6786485347222222 0.25531413281250004 0.6786485347222222 0.25531413281250004 0.4633783013888889
9 0.052130046875 0.41959452361111105 0.052130046875 0.6439863805555556 0.31893743515625 0.6439863805555556 0.31893743515625 0.41959452361111105
9 0.69452014140625 0 0.69452014140625 0.9085133611111111 0.99949698984375 0.9085133611111111 0.99949698984375 0
2 0.35793236015624996 0.5071620777777778 0.35793236015624996 0.8756755291666667 0.617556471875 0.8756755291666667 0.617556471875 0.5071620777777778
2 0.579587728125 0.4797972166666667 0.579587728125 0.7041890708333333 0.72838415625 0.7041890708333333 0.72838415625 0.4797972166666667
2 0.55188080703125 0.48344586666666667 0.55188080703125 0.5892566583333333 0.64115866328125 0.5892566583333333 0.64115866328125 0.48344586666666667
2 0.37332509375 0.5181080208333333 0.37332509375 0.5874323333333333 0.40513674375 0.5874323333333333 0.40513674375 0.5181080208333333
4 0.37948218828125 0.510810725 0.37948218828125 0.6093242208333334 0.39692728593750004 0.6093242208333334 0.39692728593750004 0.510810725
4 0.33535635078125 0.47067559722222224 0.33535635078125 0.5728377416666667 0.36203708984375 0.5728377416666667 0.36203708984375 0.47067559722222224
6 0.56111644765625 0.36486480416666667 0.56111644765625 0.4013512861111111 0.5703520875 0.4013512861111111 0.5703520875 0.36486480416666667
6 0.47389095625 0.47797289305555557 0.47389095625 0.4925674819444445 0.4821004140625 0.4925674819444445 0.4821004140625 0.47797289305555557
7 0.35382763125 0.38128371805555555 0.35382763125 0.41047290416666665 0.39590110390625 0.41047290416666665 0.39590110390625 0.38128371805555555
7 0.045972953125 0.3302026486111111 0.045972953125 0.3575675083333333 0.09215115390625 0.3575675083333333 0.09215115390625 0.3302026486111111
7 0.051103864062500004 0.36486480416666667 0.051103864062500004 0.43054046944444446 0.091124971875 0.43054046944444446 0.091124971875 0.36486480416666667
7 0.39487492109375 0.4122972277777777 0.39487492109375 0.4341891180555556 0.414372384375 0.4341891180555556 0.414372384375 0.4122972277777777
7 0.40103201484374995 0.44148641388888893 0.40103201484374995 0.468851275 0.42360802421875 0.468851275 0.42360802421875 0.44148641388888893
7 0.4513149453125 0.47797289305555557 0.4513149453125 0.48891883750000004 0.46670767968750004 0.48891883750000004 0.46670767968750004 0.47797289305555557
2 0.31278034140625 0.5418242319444444 0.31278034140625 0.5819593625 0.32919925625 0.5819593625 0.32919925625 0.5418242319444444
7 0.37195835859375 0.3496872527777778 0.37195835859375 0.38015598194444444 0.383823584375 0.38015598194444444 0.383823584375 0.3496872527777778