6 0.33402067421875004 0.4549828722222222 0.33402067421875004 0.4941581375 0.34213923203125 0.4941581375 0.34213923203125 0.4549828722222222
6 0.5010310101562501 0.5106529847222222 0.5010310101562501 0.5436426805555555 0.51146915625 0.5436426805555555 0.51146915625 0.5106529847222222
6 0.31794302578125 0.449896975 0.31794302578125 0.49525780694444443 0.33186055468750003 0.49525780694444443 0.33186055468750003 0.449896975
6 0.4919121265625 0.5117526555555555 0.4919121265625 0.5488660638888889 0.498870890625 0.5488660638888889 0.498870890625 0.5117526555555555
6 0.14049454374999998 0.5818557597222223 0.14049454374999998 0.6107217444444444 0.1625306296875 0.6107217444444444 0.1625306296875 0.5818557597222223
7 0.23907703359375 0.4581443986111111 0.23907703359375 0.4828866722222222 0.29590693984375 0.4828866722222222 0.29590693984375 0.4581443986111111
7 0.6491802015625 0.5777320472222223 0.6491802015625 0.6024743208333334 0.6630977296875 0.6024743208333334 0.6630977296875 0.5777320472222223
7 0.85330394609375 0.3364948944444444 0.85330394609375 0.43752583888888885 0.9008554999999999 0.43752583888888885 0.9008554999999999 0.3364948944444444
7 0.8567833281249999 0.43752583888888885 0.8567833281249999 0.5055670875 0.9008554999999999 0.5055670875 0.9008554999999999 0.43752583888888885
7 0.272711059375 0.5736083361111111 0.272711059375 0.5901031847222222 0.28546879375 0.5901031847222222 0.28546879375 0.5736083361111111
2 0.41520625390625004 0.6584193416666667 0.41520625390625004 0.6810997583333334 0.42216501796875 0.6810997583333334 0.42216501796875 0.6584193416666667
2 0.42216501796875 0.6563574847222222 0.42216501796875 0.6810997583333334 0.42912378203125 0.6810997583333334 0.42912378203125 0.6563574847222222
2 0.40708769609375006 0.6563574847222222 0.40708769609375006 0.6769760458333334 0.41520625390625004 0.6769760458333334 0.41520625390625004 0.6563574847222222
2 0.3618557296875 0.6501719180555555 0.3618557296875 0.7161513097222223 0.41868563671875 0.7161513097222223 0.41868563671875 0.6501719180555555
2 0.3618557296875 0.6563574847222222 0.3618557296875 0.6852234694444445 0.3734536703125 0.6852234694444445 0.3734536703125 0.6563574847222222
2 0.35025778984375 0.6584193416666667 0.35025778984375 0.6955327499999999 0.3618557296875 0.6955327499999999 0.3618557296875 0.6584193416666667
2 0.31314438125 0.6584193416666667 0.31314438125 0.7099657416666667 0.3479382015625 0.7099657416666667 0.3479382015625 0.6584193416666667
2 0.15426334140625 0.6299424930555556 0.15426334140625 0.7573884305555555 0.21920106796875 0.7573884305555555 0.21920106796875 0.6299424930555556
2 0.059706980468750004 0.6611363430555556 0.059706980468750004 0.8068729763888889 0.1635309546875 0.8068729763888889 0.1635309546875 0.6611363430555556
2 0.45579904453125 0.6316152138888889 0.45579904453125 0.7388317263888889 0.5427835937500001 0.7388317263888889 0.5427835937500001 0.6316152138888889
2 0.48827327734375 0.6501719180555555 0.48827327734375 0.9161513430555556 0.77822177890625 0.9161513430555556 0.77822177890625 0.6501719180555555
9 0.44188151640625 0.6013746486111111 0.44188151640625 0.6982818805555555 0.47551554296875 0.6982818805555555 0.47551554296875 0.6013746486111111
2 0.42912378203125 0.6625430541666667 0.42912378203125 0.6872853277777777 0.43840213515625 0.6872853277777777 0.43840213515625 0.6625430541666667
2 0.17280930781249998 0.6233677902777778 0.17280930781249998 0.8151204000000001 0.32242273359375 0.8151204000000001 0.32242273359375 0.6233677902777778
2 0 0.6233677902777778 0 0.8378008166666666 0.06030928828125 0.8378008166666666 0.06030928828125 0.6233677902777778
2 0.215881153125 0.6952578444444444 0.215881153125 0.9990697305555555 0.55101013515625 0.9990697305555555 0.55101013515625 0.6952578444444444
7 0.65531457421875 0.4878371708333334 0.65531457421875 0.5155650388888888 0.6709115 0.5155650388888888 0.6709115 0.4878371708333334