5 0.0001812703125 0.19453111666666664 0.0001812703125 0.6984370194444445 0.07137262734375 0.6984370194444445 0.07137262734375 0.19453111666666664
0 0.00149962890625 0.3890622319444444 0.00149962890625 0.6937495263888889 0.06609919375 0.6937495263888889 0.06609919375 0.3890622319444444
4 0.07137262734375 0.2507810777777778 0.07137262734375 0.4570309361111111 0.11883353203125 0.4570309361111111 0.11883353203125 0.2507810777777778
4 0.2559428125 0.2976560458333333 0.2559428125 0.400780975 0.2823099828125 0.400780975 0.2823099828125 0.2976560458333333
4 0.27044475703125 0.28124980833333335 0.27044475703125 0.3796872402777778 0.29285685078125 0.3796872402777778 0.29285685078125 0.28124980833333335
2 0.25857953046875004 0.2835935555555556 0.25857953046875004 0.3609372513888889 0.32845252890625 0.3609372513888889 0.32845252890625 0.2835935555555556
7 0.37591343359375 0.24843732916666666 0.37591343359375 0.26953106527777776 0.3877786609375 0.26953106527777776 0.3877786609375 0.24843732916666666
7 0.36404820781249997 0.19687486527777776 0.36404820781249997 0.2132811027777778 0.379868509375 0.2132811027777778 0.379868509375 0.19687486527777776
7 0.36932164140625 0.21796859999999998 0.36932164140625 0.23906233750000003 0.390415378125 0.23906233750000003 0.390415378125 0.21796859999999998
2 0.42601105546875007 0.27656230972222223 0.42601105546875007 0.37265599444444447 0.47742703671875003 0.37265599444444447 0.47742703671875003 0.27656230972222223
2 0.4418313578125 0.26015607083333336 0.4418313578125 0.4289059555555556 0.54598167578125 0.4289059555555556 0.54598167578125 0.26015607083333336
2 0.56180197890625 0.26484356666666664 0.56180197890625 0.3867184833333333 0.64617691953125 0.3867184833333333 0.64617691953125 0.26484356666666664
2 0.625083184375 0.2835935555555556 0.625083184375 0.44765594166666667 0.78328620078125 0.44765594166666667 0.78328620078125 0.2835935555555556
2 0.7292335039062501 0.26484356666666664 0.7292335039062501 0.6140620763888889 0.9994969890625001 0.6140620763888889 0.9994969890625001 0.26484356666666664
7 0.6461769203125 0.19218736944444445 0.6461769203125 0.21093735694444446 0.6725440890625001 0.21093735694444446 0.6725440890625001 0.19218736944444445
7 0.65408707109375 0.20859360694444445 0.65408707109375 0.2578123236111111 0.66990737265625 0.2578123236111111 0.66990737265625 0.20859360694444445
7 0.6567237875 0.1453124 0.6567237875 0.16406239027777778 0.6804542398437501 0.16406239027777778 0.6804542398437501 0.1453124
7 0.65145035390625 0.1289061611111111 0.65145035390625 0.14765615138888888 0.66727065546875 0.14765615138888888 0.66727065546875 0.1289061611111111
7 0.08719292890625 0.04031246944444444 0.08719292890625 0.15281239166666666 0.1241069671875 0.15281239166666666 0.1241069671875 0.04031246944444444