7 0.598025246875 0.2646013958333333 0.598025246875 0.28449089722222226 0.61340853203125 0.28449089722222226 0.61340853203125 0.2646013958333333
7 0.5714541140625 0.2944356486111111 0.5714541140625 0.31078103611111113 0.58404043984375 0.31078103611111113 0.58404043984375 0.2944356486111111
6 0.5476799437500001 0.2919494611111111 0.5476799437500001 0.3068665875 0.5588677890625 0.3068665875 0.5588677890625 0.2919494611111111
6 0.487230640625 0.31823203055555555 0.487230640625 0.34309390694444447 0.49282456406249997 0.34309390694444447 0.49282456406249997 0.31823203055555555
6 0.4970200046875 0.31823203055555555 0.4970200046875 0.33812153194444444 0.50121544765625 0.33812153194444444 0.50121544765625 0.31823203055555555
6 0.50960633125 0.3331491569444444 0.50960633125 0.3555248458333333 0.5193956953125001 0.3555248458333333 0.5193956953125001 0.3331491569444444
2 0.41870509296874997 0.3679557847222222 0.41870509296874997 0.3853590986111111 0.43548686015625 0.3853590986111111 0.43548686015625 0.3679557847222222
2 0.4385984578125 0.3800315444444444 0.4385984578125 0.3974348583333333 0.45398174453125 0.3974348583333333 0.45398174453125 0.3800315444444444
2 0.42181669062499993 0.3800315444444444 0.42181669062499993 0.40240723333333334 0.43719997734374993 0.40240723333333334 0.43719997734374993 0.3800315444444444
2 0.39384707890625 0.3825177319444444 0.39384707890625 0.4222967375 0.41901972968749995 0.4222967375 0.41901972968749995 0.3825177319444444
2 0.32532152812500004 0.3825177319444444 0.32532152812500004 0.4297552986111111 0.365877465625 0.4297552986111111 0.365877465625 0.3825177319444444
2 0.1407220890625 0.34522491666666666 0.1407220890625 0.5142856833333334 0.29455495546875 0.5142856833333334 0.29455495546875 0.34522491666666666
2 0.4581771859375 0.3750591708333333 0.4581771859375 0.4048934236111111 0.47915439375 0.4048934236111111 0.47915439375 0.3750591708333333
2 0.5085224875 0.36760060555555557 0.5085224875 0.41235198472222223 0.528101215625 0.41235198472222223 0.528101215625 0.36760060555555557
2 0.52250729296875 0.3626282305555556 0.52250729296875 0.40986579722222216 0.5476799437500001 0.40986579722222216 0.5476799437500001 0.3626282305555556
2 0.52390577421875 0.3750591708333333 0.52390577421875 0.4571033652777778 0.5714541140625 0.4571033652777778 0.5714541140625 0.3750591708333333
2 0.55327386640625 0.33776635555555556 0.55327386640625 0.47202049305555555 0.6777386390625 0.47202049305555555 0.6777386390625 0.33776635555555556
2 0.62599485859375 0.3526834791666667 0.62599485859375 0.5391475583333333 0.8077973359374999 0.5391475583333333 0.8077973359374999 0.3526834791666667
2 0.74241708828125 0.3201560305555555 0.74241708828125 0.674062036111111 0.99949698984375 0.674062036111111 0.99949698984375 0.3201560305555555