6 0.09910151328125 0.1414583722222222 0.09910151328125 0.24470287777777777 0.12021970625 0.24470287777777777 0.12021970625 0.1414583722222222
6 0.07534354453125 0.1383297513888889 0.07534354453125 0.23218839305555555 0.10262121171875001 0.23218839305555555 0.10262121171875001 0.1383297513888889
6 0.66412321484375 0.4340962166666667 0.66412321484375 0.45443225416666666 0.6746823117187499 0.45443225416666666 0.6746823117187499 0.4340962166666667
6 0.55237276953125 0.3480591277777778 0.55237276953125 0.3918598277777778 0.5629318664062499 0.3918598277777778 0.5629318664062499 0.3480591277777778
6 0.545333371875 0.3480591277777778 0.545333371875 0.3949884486111111 0.55325269453125 0.3949884486111111 0.55325269453125 0.3480591277777778
6 0.5743708890625 0.5044901972222222 0.5743708890625 0.5263905472222222 0.58229021171875 0.5263905472222222 0.58229021171875 0.5044901972222222
6 0.16401797578125 0.4612036208333333 0.16401797578125 0.5299884666666667 0.17633692265625 0.5299884666666667 0.17633692265625 0.4612036208333333
6 0.15433880312499998 0.5393743305555555 0.15433880312499998 0.564403301388889 0.17105737421875 0.564403301388889 0.17105737421875 0.5393743305555555
7 0.6667787046875 0.4511918888888889 0.6667787046875 0.48717103333333334 0.67733780234375 0.48717103333333334 0.67733780234375 0.4511918888888889
2 0.34669035625 0.5944380625 0.34669035625 0.6272885875 0.36868847578124997 0.6272885875 0.36868847578124997 0.5944380625
2 0.34669035625 0.6006953041666666 0.34669035625 0.6304172083333334 0.36516877734375003 0.6304172083333334 0.36516877734375003 0.6006953041666666
2 0.3422907328125 0.6006953041666666 0.3422907328125 0.6319815180555556 0.35724945390624996 0.6319815180555556 0.35724945390624996 0.6006953041666666
2 0.32733201171875004 0.6006953041666666 0.32733201171875004 0.6366744486111111 0.35021005546875 0.6366744486111111 0.35021005546875 0.6006953041666666
2 0.29917441953125 0.5928737513888889 0.29917441953125 0.6413673833333333 0.34053088359375 0.6413673833333333 0.34053088359375 0.5928737513888889
2 0.266617203125 0.6006953041666666 0.266617203125 0.6523175569444444 0.31677291484375003 0.6523175569444444 0.31677291484375003 0.6006953041666666
2 0.36604870156249997 0.5991309944444445 0.36604870156249997 0.6163384097222223 0.3766077984375 0.6163384097222223 0.3766077984375 0.5991309944444445
2 0.3766077984375 0.6006953041666666 0.3766077984375 0.6163384097222223 0.3880468203125 0.6163384097222223 0.3880468203125 0.6006953041666666
2 0.3880468203125 0.5991309944444445 0.3880468203125 0.6147741 0.40124569218749995 0.6147741 0.40124569218749995 0.5991309944444445
2 0.40036576718749994 0.5991309944444445 0.40036576718749994 0.6147741 0.40740516484375 0.6147741 0.40740516484375 0.5991309944444445
2 0.40388546640625 0.5913094402777778 0.40388546640625 0.6147741013888889 0.42236388593749996 0.6147741013888889 0.42236388593749996 0.5913094402777778
2 0.41972411171874996 0.5944380625 0.41972411171874996 0.6053882388888888 0.428523359375 0.6053882388888888 0.428523359375 0.5944380625
2 0.42324381093749996 0.5944380625 0.42324381093749996 0.6132097902777778 0.43644268203125 0.6132097902777778 0.43644268203125 0.5944380625
2 0.43732260703125 0.585052198611111 0.43732260703125 0.6116454791666667 0.45316125312500005 0.6116454791666667 0.45316125312500005 0.585052198611111
2 0.44964155390625005 0.5866165083333333 0.44964155390625005 0.6100811694444445 0.462840425 0.6100811694444445 0.462840425 0.5866165083333333
2 0.46020065078125 0.5881808194444444 0.46020065078125 0.6100811694444445 0.47603929687499996 0.6100811694444445 0.47603929687499996 0.5881808194444444
2 0.47515937187499996 0.5866165083333333 0.47515937187499996 0.6085168583333334 0.48395861953125 0.6085168583333334 0.48395861953125 0.5866165083333333
2 0.4813188453125 0.5866165083333333 0.4813188453125 0.6100811694444445 0.49187794140624996 0.6100811694444445 0.49187794140624996 0.5866165083333333
2 0.48747831875000003 0.585052198611111 0.48747831875000003 0.6100811694444445 0.51299613671875 0.6100811694444445 0.51299613671875 0.585052198611111
2 0.5103563624999999 0.5834878875 0.5103563624999999 0.6100811694444445 0.5226753093750001 0.6100811694444445 0.5226753093750001 0.5834878875
2 0.5209154593750001 0.5803592652777778 0.5209154593750001 0.6085168583333334 0.53323440625 0.6085168583333334 0.53323440625 0.5803592652777778
2 0.52971470703125 0.5741020236111111 0.52971470703125 0.6116454777777778 0.5499529765625 0.6116454777777778 0.5499529765625 0.5741020236111111
2 0.53235448125 0.5787949555555556 0.53235448125 0.6116454791666667 0.555232525 0.6116454791666667 0.555232525 0.5787949555555556
2 0.55259275078125 0.5647161583333333 0.55259275078125 0.6132097902777778 0.57987041875 0.6132097902777778 0.57987041875 0.5647161583333333
2 0.57635071953125 0.5694090916666666 0.57635071953125 0.6179027222222222 0.5983488390625 0.6179027222222222 0.5983488390625 0.5694090916666666
2 0.5842700421875 0.5631518486111111 0.5842700421875 0.6257242763888888 0.639705303125 0.6257242763888888 0.639705303125 0.5631518486111111
2 0.91689076015625 0.5374356236111111 0.91689076015625 0.7831982208333333 0.9997004289062501 0.7831982208333333 0.9997004289062501 0.5374356236111111
6 0.46310942109375003 0.5485239152777778 0.46310942109375003 0.5609982430555556 0.47012623046875 0.5609982430555556 0.47012623046875 0.5485239152777778
6 0.41165281875000004 0.5623842791666667 0.41165281875000004 0.5762446444444445 0.41477140078124997 0.5762446444444445 0.41477140078124997 0.5623842791666667
6 0.35941657031249996 0.5748586083333334 0.35941657031249996 0.5859468986111112 0.3633147984375 0.5859468986111112 0.3633147984375 0.5748586083333334
7 0.9872261015625 0.27131663055555555 0.9872261015625 0.3447765611111111 0.9989207835937499 0.3447765611111111 0.9989207835937499 0.27131663055555555