4 0.56454974921875 0.41599 0.56454974921875 0.5028816513888889 0.5788550828125001 0.5028816513888889 0.5788550828125001 0.41599
4 0.736043446875 0.39055829583333335 0.736043446875 0.47109202222222224 0.7539251124999999 0.47109202222222224 0.7539251124999999 0.39055829583333335
4 0.62636922734375 0.40327414722222227 0.62636922734375 0.5134781930555555 0.6502114484375 0.5134781930555555 0.6502114484375 0.40327414722222227
4 0.54053722890625 0.4184120652777778 0.54053722890625 0.4417244597222222 0.5536504507812501 0.4417244597222222 0.5536504507812501 0.4184120652777778
4 0.531000340625 0.4184120652777778 0.531000340625 0.5307354208333334 0.5548425625 0.5307354208333334 0.5548425625 0.4184120652777778
4 0.20078556953125 0.4480823861111111 0.20078556953125 0.49682648472222224 0.21270668046875 0.49682648472222224 0.21270668046875 0.4480823861111111
4 0.545475971875 0.4268893 0.545475971875 0.5328547291666667 0.5681260828125 0.5328547291666667 0.5681260828125 0.4268893
4 0.51209686171875 0.4184120652777778 0.51209686171875 0.5413319638888888 0.5418996390624999 0.5413319638888888 0.5418996390624999 0.4184120652777778
4 0.690913525 0.3505941902777778 0.690913525 0.6261043097222222 0.74813485625 0.6261043097222222 0.74813485625 0.3505941902777778
4 0.57527874921875 0.4078155222222222 0.57527874921875 0.5243774944444445 0.59673675 0.5243774944444445 0.59673675 0.4078155222222222
4 0.04478931640625 0.47169754583333334 0.04478931640625 0.5988560625 0.07459209296875 0.5988560625 0.07459209296875 0.47169754583333334
2 0.43699386406249996 0.4480823861111111 0.43699386406249996 0.4650368541666666 0.44772286406250006 0.4650368541666666 0.44772286406250006 0.4480823861111111
2 0.314206421875 0.4650368541666666 0.314206421875 0.5159002611111111 0.34758553124999997 0.5159002611111111 0.34758553124999997 0.4650368541666666
2 0.2808273109375 0.47775270555555555 0.2808273109375 0.5392126555555555 0.340432865625 0.5392126555555555 0.340432865625 0.47775270555555555
2 0.26413775625 0.4544403111111111 0.26413775625 0.4841106319444445 0.30586164375 0.4841106319444445 0.30586164375 0.4544403111111111
2 0.414343753125 0.4523210027777778 0.414343753125 0.494707175 0.4286490859375 0.494707175 0.4286490859375 0.4523210027777778
2 0.445338640625 0.43536653333333336 0.445338640625 0.5159002611111111 0.49540730625 0.5159002611111111 0.49540730625 0.43536653333333336
2 0.83737288984375 0.36754865833333333 0.83737288984375 0.494707175 0.9994999968749999 0.494707175 0.9994999968749999 0.36754865833333333
2 0.20453220078125 0.4671561625 0.20453220078125 0.5582864333333333 0.28201942109375 0.5582864333333333 0.28201942109375 0.4671561625
2 0.34520131015625 0.4396051513888889 0.34520131015625 0.5540478152777778 0.42268853046875005 0.5540478152777778 0.42268853046875005 0.4396051513888889
4 0.066247315625 0.34696109444444445 0.066247315625 0.8386406888888889 0.15684775859375 0.8386406888888889 0.15684775859375 0.34696109444444445
6 0.5213499085937501 0.08689165277777779 0.5213499085937501 0.13987436805555556 0.53684735390625 0.13987436805555556 0.53684735390625 0.08689165277777779
6 0.2018641375 0.16530607083333332 0.2018641375 0.2310046375 0.21855369296875 0.2310046375 0.21855369296875 0.16530607083333332
6 0.11484002890625 0.28398735138888886 0.11484002890625 0.3263735236111111 0.13272169453125 0.3263735236111111 0.13272169453125 0.28398735138888886
6 0.6810927945312499 0.17378330555555557 0.6810927945312499 0.23312394444444445 0.69659023828125 0.23312394444444445 0.69659023828125 0.17378330555555557
7 0.71924034921875 0.23383037083333333 0.71924034921875 0.2571427638888889 0.7645405710937501 0.2571427638888889 0.7645405710937501 0.23383037083333333
7 0.69182179375 0.2444269138888889 0.69182179375 0.26985861666666666 0.7120876828125 0.26985861666666666 0.7120876828125 0.2444269138888889
7 0.69778234921875 0.26138138333333333 0.69778234921875 0.28469377638888893 0.7299693484375 0.28469377638888893 0.7299693484375 0.26138138333333333
6 0.4235968 0.4040815 0.4235968 0.42951320416666666 0.43074946640625 0.42951320416666666 0.43074946640625 0.4040815