4 0.1140415296875 0.3624503958333334 0.1140415296875 0.5539970944444444 0.16557808515625 0.5539970944444444 0.16557808515625 0.3624503958333334
0 0.14980158828125 0.4474181 0.14980158828125 0.5839140097222223 0.19818284375 0.5839140097222223 0.19818284375 0.4474181
7 0.13928392421875 0.17789877083333336 0.13928392421875 0.30691545277777776 0.21080404062500002 0.30691545277777776 0.21080404062500002 0.17789877083333336
6 0.38434550078125 0.32561352499999996 0.38434550078125 0.3592700513888889 0.40853612890625 0.3592700513888889 0.40853612890625 0.32561352499999996
2 0.29284182265625003 0.4404731055555555 0.29284182265625003 0.4703900152777778 0.30756655234374997 0.4703900152777778 0.30756655234374997 0.4404731055555555
2 0.30335948828125 0.41750118611111114 0.30335948828125 0.4848142388888889 0.40222553124999993 0.4848142388888889 0.40222553124999993 0.41750118611111114
5 0.41905379296875 0.40254272916666667 0.41905379296875 0.5315594111111112 0.44639972109375003 0.5315594111111112 0.44639972109375003 0.40254272916666667
0 0.42220909375 0.4647805958333333 0.42220909375 0.5451822986111111 0.44324442187499996 0.5451822986111111 0.44324442187499996 0.4647805958333333
2 0.4169502609375 0.4292542638888889 0.4169502609375 0.48347866527777783 0.46217621796874997 0.48347866527777783 0.46217621796874997 0.4292542638888889
4 0.46112445078125 0.43432946388888893 0.46112445078125 0.4885538638888889 0.471642115625 0.4885538638888889 0.471642115625 0.43432946388888893
4 0.49688451093749997 0.4249804152777778 0.49688451093749997 0.4866840472222222 0.51055747421875 0.4866840472222222 0.51055747421875 0.4249804152777778
6 0.471642115625 0.37636543194444444 0.471642115625 0.40254272916666667 0.48952214453125 0.40254272916666667 0.48952214453125 0.37636543194444444
7 0.4776465734375 0.35189766805555556 0.4776465734375 0.36124670277777776 0.49973366796874996 0.36124670277777776 0.49973366796874996 0.35189766805555556
7 0.43978298125000004 0.34254863472222224 0.43978298125000004 0.3724655458333333 0.4776465734375 0.3724655458333333 0.4776465734375 0.34254863472222224
6 0.5838749828124999 0.24905828472222222 0.5838749828124999 0.2901940388888889 0.59544441328125 0.2901940388888889 0.59544441328125 0.24905828472222222
6 0.594392646875 0.2565375138888889 0.594392646875 0.28832423194444445 0.6038585453125 0.28832423194444445 0.6038585453125 0.2565375138888889
2 0.5028889671875 0.38555419444444444 0.5028889671875 0.5818839291666666 0.61858327421875 0.5818839291666666 0.61858327421875 0.38555419444444444
2 0.6164797421875 0.43042956250000003 0.6164797421875 0.5164406847222222 0.6543433335937501 0.5164406847222222 0.6543433335937501 0.43042956250000003
2 0.64950520234375 0.1985734972222222 0.64950520234375 0.58749335 0.8461855257812501 0.58749335 0.8461855257812501 0.1985734972222222
2 0.8132066867187501 0.42789364166666666 0.8132066867187501 0.5232537986111111 0.88051973828125 0.5232537986111111 0.88051973828125 0.42789364166666666
2 0.8111031531249999 0.4465917125 0.8111031531249999 0.6073951125 0.9520398546875001 0.6073951125 0.9520398546875001 0.4465917125
2 0.9204868609375 0.45407094166666667 0.9204868609375 0.4933368875 0.9699198843750001 0.4933368875 0.9699198843750001 0.45407094166666667
2 0.8962962335937499 0.45220113333333334 0.8962962335937499 0.6952760430555556 0.99936934453125 0.6952760430555556 0.99936934453125 0.45220113333333334
7 0.9383668921874999 0.34936174722222224 0.9383668921874999 0.3717994319444444 0.9741269499999999 0.3717994319444444 0.9741269499999999 0.34936174722222224
6 0.86895030625 0.35871078333333334 0.86895030625 0.39797673055555555 0.89734799921875 0.39797673055555555 0.89734799921875 0.35871078333333334
7 0.8962962335937499 0.2988769597222222 0.8962962335937499 0.3287938722222222 0.9204868625 0.3287938722222222 0.9204868625 0.2988769597222222
7 0.86895030625 0.25026197916666665 0.86895030625 0.27082985694444445 0.9068138984375 0.27082985694444445 0.9068138984375 0.25026197916666665
4 0.9499363210937499 0.3998465375 0.9499363210937499 0.4746388166666667 0.9751787140625 0.4746388166666667 0.9751787140625 0.3998465375