7 0.71258453515625 0.2512838 0.71258453515625 0.3015405597222222 0.73695473125 0.3015405597222222 0.73695473125 0.2512838
2 0.2719713890625 0.41938399722222225 0.2719713890625 0.8976897138888889 0.62972586875 0.8976897138888889 0.62972586875 0.41938399722222225
2 0.5897587468750001 0.5025676 0.5897587468750001 0.7417204569444444 0.8081157031249999 0.7417204569444444 0.8081157031249999 0.5025676
4 0.0009748078125000001 0.4557768236111111 0.0009748078125000001 0.47483973472222224 0.0068236546875 0.47483973472222224 0.0068236546875 0.4557768236111111
4 0.0009748078125000001 0.46790776666666667 0.0009748078125000001 0.5302954680555556 0.009748078125 0.5302954680555556 0.009748078125 0.46790776666666667
4 0.01949615703125 0.45924280694444447 0.01949615703125 0.5441594013888889 0.02924423515625 0.5441594013888889 0.02924423515625 0.45924280694444447
4 0.02924423515625 0.45750981527777773 0.02924423515625 0.5424264083333333 0.035093082812499996 0.5424264083333333 0.035093082812499996 0.45750981527777773
4 0.0370426984375 0.4557768236111111 0.0370426984375 0.5441594027777779 0.06141289453125 0.5441594027777779 0.06141289453125 0.4557768236111111
4 0.06823654921875 0.46790776666666667 0.06823654921875 0.5233635013888889 0.09748078437499999 0.5233635013888889 0.09748078437499999 0.46790776666666667
4 0.06823654921875 0.4627087902777778 0.06823654921875 0.5354944444444444 0.07993424375 0.5354944444444444 0.07993424375 0.4627087902777778
4 0.1413471375 0.46790776666666667 0.1413471375 0.5233635013888889 0.15207002421875 0.5233635013888889 0.15207002421875 0.46790776666666667
4 0.15791887109375 0.4627087902777778 0.15791887109375 0.49043665833333333 0.1686417578125 0.49043665833333333 0.1686417578125 0.4627087902777778
4 0.1978859921875 0.4731067430555556 0.1978859921875 0.5146985430555555 0.20860887890625 0.5146985430555555 0.20860887890625 0.4731067430555556
4 0.2797698515625 0.4817717013888889 0.2797698515625 0.5164315361111111 0.291467546875 0.5164315361111111 0.291467546875 0.4817717013888889
4 0.25637446328125 0.4800387083333333 0.25637446328125 0.5094995694444445 0.26709735078125 0.5094995694444445 0.26709735078125 0.4800387083333333
4 0.30219043203124996 0.48350469166666665 0.30219043203124996 0.5164315333333334 0.30706447109375 0.5164315333333334 0.30706447109375 0.48350469166666665
4 0.29439196953125 0.476572725 0.29439196953125 0.5094995680555556 0.301215625 0.5094995680555556 0.301215625 0.476572725
4 0.3119385109375 0.47830571666666666 0.3119385109375 0.5112325597222223 0.3216865890625 0.5112325597222223 0.3216865890625 0.47830571666666666
7 0.22128138125 0.37086022916666667 0.22128138125 0.39165613055555554 0.23200426796875 0.39165613055555554 0.23200426796875 0.37086022916666667
7 0.219331765625 0.3933891222222222 0.219331765625 0.41938399722222225 0.22615542031250002 0.41938399722222225 0.22615542031250002 0.3933891222222222
7 0.22713022890625 0.3968551055555556 0.22713022890625 0.4159180138888888 0.23395388359374997 0.4159180138888888 0.23395388359374997 0.3968551055555556
4 0.8363851320312501 0.4956356333333334 0.8363851320312501 0.5458923930555556 0.8597805203125001 0.5458923930555556 0.8597805203125001 0.4956356333333334
4 0.73695473125 0.49216965 0.73695473125 0.5320284583333333 0.7545012718749999 0.5320284583333333 0.7545012718749999 0.49216965
4 0.7252570375 0.48350469166666665 0.7252570375 0.5094995680555556 0.738904346875 0.5094995680555556 0.738904346875 0.48350469166666665
4 0.7086853039062501 0.48350469166666665 0.7086853039062501 0.5060335819444445 0.7164837656249999 0.5060335819444445 0.7164837656249999 0.48350469166666665
4 0.69893722578125 0.4887036666666667 0.69893722578125 0.5060335833333334 0.70381126484375 0.5060335833333334 0.70381126484375 0.4887036666666667
4 0.6911387625 0.4817717013888889 0.6911387625 0.5025676013888889 0.69796241875 0.5025676013888889 0.69796241875 0.4817717013888889
4 0.6336250999999999 0.48697067499999996 0.6336250999999999 0.5043005916666666 0.6404487546875 0.5043005916666666 0.6404487546875 0.48697067499999996