6 0.5631203367187501 0.18328111666666666 0.5631203367187501 0.21374984583333334 0.57103048671875 0.21374984583333334 0.57103048671875 0.18328111666666666
6 0.26121624765624996 0.1176561611111111 0.26121624765624996 0.16218738333333335 0.27044475703125 0.16218738333333335 0.27044475703125 0.1176561611111111
6 0.269126396875 0.11999991111111111 0.269126396875 0.16218738333333335 0.27703654843750003 0.16218738333333335 0.27703654843750003 0.11999991111111111
6 0.2506693796875 0.1176561611111111 0.2506693796875 0.16453112916666665 0.26121624765624996 0.16453112916666665 0.26121624765624996 0.1176561611111111
6 0.55521018515625 0.18328111666666666 0.55521018515625 0.21609359444444445 0.5631203367187501 0.21609359444444445 0.5631203367187501 0.18328111666666666
6 0.6593605046875 0.14343739444444445 0.6593605046875 0.1903123625 0.67386244765625 0.1903123625 0.67386244765625 0.14343739444444445
6 0.056870684375 0.20906234722222222 0.056870684375 0.2395310763888889 0.079282778125 0.2395310763888889 0.079282778125 0.20906234722222222
7 0.17288623046875 0.10828116805555556 0.17288623046875 0.14109364583333334 0.19134324921874998 0.14109364583333334 0.19134324921874998 0.10828116805555556
7 0.65408707109375 0.21374984583333334 0.65408707109375 0.2278123347222222 0.67913588125 0.2278123347222222 0.67913588125 0.21374984583333334
7 0.67254408828125 0.13640614722222222 0.67254408828125 0.1879686125 0.69363782578125 0.1879686125 0.69363782578125 0.13640614722222222
7 0.580258996875 0.20203110277777775 0.580258996875 0.22546858749999998 0.63035661875 0.22546858749999998 0.63035661875 0.20203110277777775
7 0.606626165625 0.21843734166666667 0.606626165625 0.24656232361111113 0.6277199023437501 0.24656232361111113 0.6277199023437501 0.21843734166666667
2 0.018638288281250002 0.28640604583333334 0.018638288281250002 0.34031225694444445 0.1069683046875 0.34031225694444445 0.1069683046875 0.28640604583333334
2 0.09114800468749999 0.2629685625 0.09114800468749999 0.3168747763888889 0.11883353359375 0.3168747763888889 0.11883353359375 0.2629685625
2 0.6804542398437501 0.3567184986111111 0.6804542398437501 0.41765595555555557 0.74109873046875 0.41765595555555557 0.74109873046875 0.3567184986111111
2 0.49438442578124997 0.2956471083333333 0.49438442578124997 0.32377208888888886 0.51415980234375 0.32377208888888886 0.51415980234375 0.2956471083333333
2 0.48251920000000004 0.3003346041666667 0.48251920000000004 0.32377208888888886 0.49965785937499996 0.32377208888888886 0.49965785937499996 0.3003346041666667
2 0.4746090484375 0.3003346041666667 0.4746090484375 0.32377208888888886 0.48515591562499993 0.32377208888888886 0.48515591562499993 0.3003346041666667
2 0.45483367265624997 0.2956471083333333 0.45483367265624997 0.31908459166666664 0.478564125 0.31908459166666664 0.478564125 0.2956471083333333
2 0.43505829531250007 0.2862721152777778 0.43505829531250007 0.32377209027777776 0.45615203203125 0.32377209027777776 0.45615203203125 0.2862721152777778
2 0.40869112421875 0.2933033597222222 0.40869112421875 0.3448658236111111 0.440331728125 0.3448658236111111 0.440331728125 0.2933033597222222
2 0.34936499453125 0.3003346041666667 0.34936499453125 0.4386157583333333 0.41528291875 0.4386157583333333 0.41528291875 0.3003346041666667
2 0.5339351796875 0.3050221013888889 0.5339351796875 0.31908459166666664 0.55239219765625 0.31908459166666664 0.55239219765625 0.3050221013888889
2 0.5299801054687501 0.3143970958333333 0.5299801054687501 0.32845958472222225 0.56030234921875 0.32845958472222225 0.56030234921875 0.3143970958333333
2 0.5392086132812499 0.32377208888888886 0.5392086132812499 0.3893970430555556 0.5695308570312501 0.3893970430555556 0.5695308570312501 0.32377208888888886
2 0.49965785937499996 0.32377208888888886 0.49965785937499996 0.45736574722222223 0.55634727421875 0.45736574722222223 0.55634727421875 0.32377208888888886
2 0.0001812703125 0.26765605694444444 0.0001812703125 0.2957810388888889 0.047642174999999995 0.2957810388888889 0.047642174999999995 0.26765605694444444
2 0.0001812703125 0.27937480138888887 0.0001812703125 0.33796851111111115 0.05555232578125 0.33796851111111115 0.05555232578125 0.27937480138888887
2 0.379868509375 0.3215622736111111 0.379868509375 0.5676558527777777 0.5420266 0.5676558527777777 0.5420266 0.3215622736111111
9 0.10828666406250001 0.13640614722222222 0.10828666406250001 0.5067183930555555 0.3719583578125 0.5067183930555555 0.3719583578125 0.13640614722222222
7 0.075327703125 0.09187492916666667 0.075327703125 0.1129686638888889 0.10696830703125 0.1129686638888889 0.10696830703125 0.09187492916666667
2 0 0.4020540805555556 0 0.6585368555555556 0.056538854687499994 0.6585368555555556 0.056538854687499994 0.4020540805555556