2 0.00028073046875 0.5085581069444445 0.00028073046875 0.6395654666666667 0.08632449375 0.6395654666666667 0.08632449375 0.5085581069444445
2 0.93483109921875 0.6320793333333333 0.93483109921875 0.7855451000000001 0.99897793515625 0.7855451000000001 0.99897793515625 0.6320793333333333
2 0.3438943234375 0.5215340666666667 0.3438943234375 0.5564693625 0.35652717578125 0.5564693625 0.35652717578125 0.5215340666666667
2 0.32494504453125 0.5177909986111111 0.32494504453125 0.5602124305555556 0.34810527421875 0.5602124305555556 0.34810527421875 0.5177909986111111
2 0.2856428359375 0.510304863888889 0.2856428359375 0.5676985652777778 0.33055964531250004 0.5676985652777778 0.33055964531250004 0.510304863888889
2 0.26739538203125 0.5202863777777778 0.26739538203125 0.5726893236111111 0.28845013671875 0.5726893236111111 0.28845013671875 0.5202863777777778
2 0.19510739140625 0.4928372166666667 0.19510739140625 0.5814231444444444 0.26879903203125 0.5814231444444444 0.26879903203125 0.4928372166666667
2 0.66350551328125 0.5315155805555556 0.66350551328125 0.6325784 0.7224588265625 0.6325784 0.7224588265625 0.5315155805555556
2 0.52173683359375 0.5277725125 0.52173683359375 0.5489832277777777 0.52875508515625 0.5489832277777777 0.52875508515625 0.5277725125
2 0.52945691015625 0.5227817555555556 0.52945691015625 0.5552216736111112 0.5350715109374999 0.5552216736111112 0.5350715109374999 0.5227817555555556
2 0.5336678609375001 0.5240294444444444 0.5336678609375001 0.5527262972222222 0.54279158671875 0.5527262972222222 0.54279158671875 0.5240294444444444
2 0.53787881171875 0.5115525541666667 0.53787881171875 0.5602124305555556 0.56524999296875 0.5602124305555556 0.56524999296875 0.5115525541666667
2 0.55121348984375 0.5277725125 0.55121348984375 0.567698563888889 0.5827956210937499 0.567698563888889 0.5827956210937499 0.5277725125
2 0.44032509453125 0.5140479319444444 0.44032509453125 0.5252771333333334 0.44734334609375 0.5252771333333334 0.44734334609375 0.5140479319444444
2 0.43120136796875 0.510304863888889 0.43120136796875 0.5240294444444444 0.44172874453125 0.5240294444444444 0.44172874453125 0.510304863888889
2 0.41716486484375004 0.5078094861111111 0.41716486484375004 0.5327632694444445 0.4290958921875 0.5327632694444445 0.4290958921875 0.5078094861111111
2 0.0961500453125 0.49408490555555556 0.0961500453125 0.6038815513888889 0.2077402453125 0.6038815513888889 0.2077402453125 0.49408490555555556
2 0.35301805 0.5165433097222222 0.35301805 0.563955498611111 0.3895129578125 0.563955498611111 0.3895129578125 0.5165433097222222
2 0.40916406250000004 0.5215340666666667 0.40916406250000004 0.5402494027777778 0.42460421562499995 0.5402494027777778 0.42460421562499995 0.5215340666666667
2 0.42811334140625 0.5202863777777778 0.42811334140625 0.5402494041666667 0.44355349453125 0.5402494041666667 0.44355349453125 0.5202863777777778
2 0.4618009484375 0.5152956208333334 0.4618009484375 0.5926523486111112 0.5193506109375 0.5926523486111112 0.5193506109375 0.5152956208333334
2 0.5783039234375 0.5128002430555556 0.5783039234375 0.6450552930555555 0.67445396875 0.6450552930555555 0.67445396875 0.5128002430555556
2 0.70743975078125 0.5165433097222222 0.70743975078125 0.6837336569444444 0.87587778671875 0.6837336569444444 0.87587778671875 0.5165433097222222
6 0.42530604062500005 0.4678834333333334 0.42530604062500005 0.48410339027777777 0.42951699140625 0.48410339027777777 0.42951699140625 0.4678834333333334
6 0.48847030390625 0.47661725694444446 0.48847030390625 0.4953325944444445 0.4912776046875 0.4953325944444445 0.4912776046875 0.47661725694444446
6 0.42249873984375 0.46663574444444444 0.42249873984375 0.4853510819444445 0.42600786562500004 0.4853510819444445 0.42600786562500004 0.46663574444444444
6 0.42881516640625 0.4653880541666667 0.42881516640625 0.4865987722222222 0.4323242921875 0.4865987722222222 0.4323242921875 0.4653880541666667
6 0.48636482890625 0.47661725694444446 0.48636482890625 0.49158952638888886 0.48987395468750006 0.49158952638888886 0.48987395468750006 0.47661725694444446
6 0.4912776046875 0.47287419027777783 0.4912776046875 0.49034183611111115 0.49478673046875 0.49034183611111115 0.49478673046875 0.47287419027777783
6 0.39232025859375 0.49982428333333334 0.39232025859375 0.5110534847222222 0.398636684375 0.5110534847222222 0.398636684375 0.49982428333333334
7 0.38109105625 0.4653880541666667 0.38109105625 0.47287419027777783 0.3888111328125 0.47287419027777783 0.3888111328125 0.4653880541666667
2 0.45762158671875 0.5058338611111111 0.45762158671875 0.5191452791666666 0.46698117734375 0.5191452791666666 0.46698117734375 0.5058338611111111