7 0.44295574453125 0.35448971944444446 0.44295574453125 0.36918359305555554 0.45390295937499997 0.36918359305555554 0.45390295937499997 0.35448971944444446
6 0.44088941875 0.3713876708333333 0.44088941875 0.39710195138888893 0.4512210484375 0.39710195138888893 0.4512210484375 0.3713876708333333
2 0.35703162890625 0.48778415555555554 0.35703162890625 0.5024780305555555 0.36426376953125 0.5024780305555555 0.36426376953125 0.48778415555555554
2 0.3340560453125 0.4732652083333333 0.3340560453125 0.48778415694444444 0.34256734609375 0.48778415694444444 0.34256734609375 0.4732652083333333
2 0.329136228125 0.48227395138888884 0.329136228125 0.5043147638888889 0.3436005109375 0.5043147638888889 0.3436005109375 0.48227395138888884
2 0.13696790078125 0.45104946944444446 0.13696790078125 0.49880456249999994 0.19585819453125 0.49880456249999994 0.19585819453125 0.45104946944444446
7 0.5096937640625 0.4383672555555555 0.5096937640625 0.4751019402777778 0.5396554921875001 0.4751019402777778 0.5396554921875001 0.4383672555555555
2 0.48489785156250004 0.4751019402777778 0.48489785156250004 0.5357141708333333 0.51589274296875 0.5357141708333333 0.51589274296875 0.4751019402777778
2 0.49419631875 0.48795908194444443 0.49419631875 0.5448978458333333 0.5282906984375 0.5448978458333333 0.5282906984375 0.48795908194444443
2 0.506594275 0.4916325486111111 0.506594275 0.5577549847222223 0.5448213078124999 0.5577549847222223 0.5448213078124999 0.4916325486111111
9 0.537761365625 0.07897957361111112 0.537761365625 0.8173467638888889 0.9995852460937501 0.8173467638888889 0.9995852460937501 0.07897957361111112
2 0.3507588546875 0.4316325611111111 0.3507588546875 0.6630610847222222 0.49540168125 0.6630610847222222 0.49540168125 0.4316325611111111