7 0.85405235078125 0.17178653055555554 0.85405235078125 0.22557827361111113 0.9057835210937499 0.22557827361111113 0.9057835210937499 0.17178653055555554
2 0.524144128125 0.41818740972222224 0.524144128125 0.4424804541666667 0.5417132062500001 0.4424804541666667 0.5417132062500001 0.41818740972222224
2 0.53097654765625 0.4268634986111111 0.53097654765625 0.4546269763888888 0.548545625 0.4546269763888888 0.548545625 0.4268634986111111
2 0.5456174445312499 0.41992263055555556 0.5456174445312499 0.45983263194444446 0.5748992390625001 0.45983263194444446 0.5748992390625001 0.41992263055555556
2 0.5534259234375 0.43033393333333336 0.5534259234375 0.46850871666666666 0.570995 0.46850871666666666 0.570995 0.43033393333333336
2 0.5602583421875 0.4268634986111111 0.5602583421875 0.48933132777777777 0.58465983828125 0.48933132777777777 0.58465983828125 0.4268634986111111
2 0.5680668203125 0.39042393194444447 0.5680668203125 0.5101539361111112 0.6412713078125 0.5101539361111112 0.6412713078125 0.39042393194444447
2 0.5924683171875 0.40951132500000004 0.5924683171875 0.5240356791666666 0.6402952484375 0.5240356791666666 0.6402952484375 0.40951132500000004
2 0.6118996 0.36960132361111114 0.6118996 0.6003852472222222 0.7964648203125 0.6003852472222222 0.7964648203125 0.36960132361111114
2 0.4665565984375 0.41992263055555556 0.4665565984375 0.4442156736111111 0.47826931640625 0.4442156736111111 0.47826931640625 0.41992263055555556
2 0.4519157015625 0.4129817569444444 0.4519157015625 0.4615678472222222 0.47143689921875 0.4615678472222222 0.47143689921875 0.4129817569444444
2 0.44508328203124997 0.4129817569444444 0.44508328203124997 0.46850871666666666 0.46265236015625 0.46850871666666666 0.46265236015625 0.4129817569444444
2 0.4187296671875 0.4043056694444444 0.4187296671875 0.4702439347222222 0.4519157015625 0.4702439347222222 0.4519157015625 0.4043056694444444
2 0.37285485390625 0.38868871388888887 0.37285485390625 0.49800741527777775 0.42751420468749995 0.49800741527777775 0.42751420468749995 0.38868871388888887
2 0.34845336015625 0.3956295847222222 0.34845336015625 0.5118891555555555 0.40408877031249996 0.5118891555555555 0.40408877031249996 0.3956295847222222
2 0.275248871875 0.3973648013888889 0.275248871875 0.5448582875000001 0.38066333281250003 0.5448582875000001 0.38066333281250003 0.3973648013888889
2 0.10931870078124999 0.39215914861111106 0.10931870078124999 0.6194726402777778 0.32209974296875 0.6194726402777778 0.32209974296875 0.39215914861111106