2 0.46470782734375 0.34599848194444444 0.46470782734375 0.3654229583333333 0.481097228125 0.3654229583333333 0.481097228125 0.34599848194444444
2 0.44968421015625 0.34842654027777775 0.44968421015625 0.3654229583333333 0.46334204140625 0.3654229583333333 0.46334204140625 0.34842654027777775
2 0.49612084687499997 0.34599848194444444 0.49612084687499997 0.3654229583333333 0.51251024765625 0.3654229583333333 0.51251024765625 0.34599848194444444
2 0 0.30472146666666666 0 0.5888044291666666 0.22296415078125 0.5888044291666666 0.22296415078125 0.30472146666666666
7 0.106872559375 0.1760343152777778 0.106872559375 0.2197393861111111 0.1642354625 0.2197393861111111 0.1642354625 0.1760343152777778
7 0.10414098984375 0.08376805138888889 0.10414098984375 0.17117819305555557 0.16560124609375 0.17117819305555557 0.16560124609375 0.08376805138888889
7 0.22842728750000002 0.12261700555555556 0.22842728750000002 0.16875013611111112 0.3226663484375 0.16875013611111112 0.3226663484375 0.12261700555555556
7 0.22842728750000002 0.16875013611111112 0.22842728750000002 0.21488326944444447 0.3226663484375 0.21488326944444447 0.3226663484375 0.16875013611111112
7 0.41280805468750004 0.31443370833333334 0.41280805468750004 0.3387142986111111 0.42510010703125 0.3387142986111111 0.42510010703125 0.31443370833333334
7 0.41280805468750004 0.331430125 0.41280805468750004 0.34599848194444444 0.42373432265625005 0.34599848194444444 0.42373432265625005 0.331430125
7 0.532997 0.31200564722222224 0.532997 0.33385818333333334 0.5480206187500001 0.33385818333333334 0.5480206187500001 0.31200564722222224
7 0.5343627843750001 0.32414594305555555 0.5343627843750001 0.3459984791666667 0.5480206203125 0.3459984791666667 0.5480206203125 0.32414594305555555
7 0.6627464320312499 0.268300575 0.6627464320312499 0.31686176527777776 0.69142788671875 0.31686176527777776 0.69142788671875 0.268300575
7 0.8498587679687499 0.29258117083333335 0.8498587679687499 0.32900206527777776 0.86624816796875 0.32900206527777776 0.86624816796875 0.29258117083333335
2 0.8047879140624999 0.32171788749999997 0.8047879140624999 0.3532826597222222 0.84439563671875 0.3532826597222222 0.84439563671875 0.32171788749999997
2 0.96321879609375 0.32171788749999997 0.96321879609375 0.35813878055555554 0.9932660328124999 0.35813878055555554 0.9932660328124999 0.32171788749999997