6 0.23089400234375002 0.2301560847222222 0.23089400234375002 0.30046853749999997 0.2480326625 0.30046853749999997 0.2480326625 0.2301560847222222
6 0.39305209375 0.26531231111111114 0.39305209375 0.3215622736111111 0.4075540375 0.3215622736111111 0.4075540375 0.26531231111111114
6 0.25330609609375 0.2301560847222222 0.25330609609375 0.2887497958333333 0.2678080390625 0.2887497958333333 0.2678080390625 0.2301560847222222
6 0.4088723953125 0.27234355555555556 0.4088723953125 0.316874775 0.41941926328125 0.316874775 0.41941926328125 0.27234355555555556
7 0.45105986640625 0.4364059430555556 0.45105986640625 0.48562465972222224 0.48401882890625 0.48562465972222224 0.48401882890625 0.4364059430555556
7 0.40359896093750003 0.4481246847222222 0.40359896093750003 0.4692184208333333 0.41810090468750005 0.4692184208333333 0.41810090468750005 0.4481246847222222
7 0.50379420546875 0.48562465972222224 0.50379420546875 0.5184371361111111 0.5143410734375 0.5184371361111111 0.5143410734375 0.48562465972222224
7 0.5354348078125 0.4082809625 0.5354348078125 0.42703095 0.56048361875 0.42703095 0.56048361875 0.4082809625
7 0.5433449593749999 0.42703095 0.5433449593749999 0.4434371861111111 0.5644386945312501 0.4434371861111111 0.5644386945312501 0.42703095
2 0.0845562125 0.5020308958333334 0.0845562125 0.5817183430555555 0.15311085234375 0.5817183430555555 0.15311085234375 0.5020308958333334
2 0.4932473375 0.5114058916666667 0.4932473375 0.5512496138888889 0.55125511015625 0.5512496138888889 0.55125511015625 0.5114058916666667
2 0.55257346796875 0.49968714999999997 0.55257346796875 0.5465621166666667 0.5987160140625 0.5465621166666667 0.5987160140625 0.49968714999999997
2 0.41282747109375 0.5067183944444444 0.41282747109375 0.5278121305555555 0.43392120624999997 0.5278121305555555 0.43392120624999997 0.5067183944444444
2 0.20980026640625 0.49265590277777777 0.20980026640625 0.5278121291666668 0.24012251093749998 0.5278121291666668 0.24012251093749998 0.49265590277777777
2 0.4563333015625 0.5114058916666667 0.4563333015625 0.5324996249999999 0.476108678125 0.5324996249999999 0.476108678125 0.5114058916666667
2 0.75955574921875 0.5043746458333334 0.75955574921875 0.5371871236111111 0.8004248609375001 0.5371871236111111 0.8004248609375001 0.5043746458333334
2 0.72000499453125 0.5067183944444444 0.72000499453125 0.5512496138888889 0.77010261484375 0.5512496138888889 0.77010261484375 0.5067183944444444
2 0.6778175234375 0.5067183944444444 0.6778175234375 0.5418746208333333 0.72527842734375 0.5418746208333333 0.72527842734375 0.5067183944444444
2 0.7951514265624999 0.5043746458333334 0.7951514265624999 0.5489058652777777 0.83997561484375 0.5489058652777777 0.83997561484375 0.5043746458333334
2 0.85315919921875 0.5043746458333334 0.85315919921875 0.5559371125 0.91512204765625 0.5559371125 0.91512204765625 0.5043746458333334
2 0.9098486140625001 0.49499965277777774 0.9098486140625001 0.5580233361111111 0.9982032343749999 0.5580233361111111 0.9982032343749999 0.49499965277777774
2 0.04236874140625 0.48328090972222226 0.04236874140625 0.5465621152777778 0.11092338203125 0.5465621152777778 0.11092338203125 0.48328090972222226
2 0 0.49499965277777774 0 0.5418746222222222 0.05555232578125 0.5418746222222222 0.05555232578125 0.49499965277777774