7 0.8857423265625 0.35918955277777775 0.8857423265625 0.4430878472222223 0.9286448726562501 0.4430878472222223 0.9286448726562501 0.35918955277777775
7 0.23619795781250003 0.48427427361111114 0.23619795781250003 0.5025793541666667 0.250784821875 0.5025793541666667 0.250784821875 0.48427427361111114
7 0.251642871875 0.46902003888888893 0.251642871875 0.4873251180555555 0.2576492265625 0.4873251180555555 0.2576492265625 0.46902003888888893
6 0.4613094859375 0.5572154013888889 0.4613094859375 0.5709442027777778 0.4664577890625 0.5709442027777778 0.4664577890625 0.5572154013888889
2 0.48361880390625 0.5888134597222222 0.48361880390625 0.6010168333333333 0.49391541328125 0.6010168333333333 0.49391541328125 0.5888134597222222
2 0.473322196875 0.5888134597222222 0.473322196875 0.6040676944444444 0.48361880468749996 0.6040676944444444 0.48361880468749996 0.5888134597222222
2 0.4621675359375 0.5842371875 0.4621675359375 0.6132202333333333 0.473322196875 0.6132202333333333 0.473322196875 0.5842371875
2 0.45701923281249995 0.587288036111111 0.45701923281249995 0.6147456569444445 0.46817389140625 0.6147456569444445 0.46817389140625 0.587288036111111
2 0.45101287734374995 0.5903388819444444 0.45101287734374995 0.6147456555555556 0.46302558046875 0.6147456555555556 0.46302558046875 0.5903388819444444
2 0.4467226234375 0.587288036111111 0.4467226234375 0.6147456569444445 0.4595933890625 0.6147456569444445 0.4595933890625 0.587288036111111
2 0.43642601640625 0.585762611111111 0.43642601640625 0.6208473486111111 0.45358703046875004 0.6208473486111111 0.45358703046875004 0.585762611111111
2 0.4329938125 0.5888134597222222 0.4329938125 0.6223727777777778 0.44929677421875003 0.6223727777777778 0.44929677421875003 0.5888134597222222
2 0.417548903125 0.5827117666666667 0.417548903125 0.6299998902777778 0.4372840671875 0.6299998902777778 0.4372840671875 0.5827117666666667
2 0.39352348125000003 0.5796609180555555 0.39352348125000003 0.6361015833333333 0.42956161015624994 0.6361015833333333 0.42956161015624994 0.5796609180555555
2 0.39523958359375 0.5888134597222222 0.39523958359375 0.6406778513888889 0.42012305546875 0.6406778513888889 0.42012305546875 0.5888134597222222
2 0.3531951 0.5811863416666666 0.3531951 0.6528812527777778 0.41325865781250004 0.6528812527777778 0.41325865781250004 0.5811863416666666
2 0.301712059375 0.5781354944444445 0.301712059375 0.6635592097222223 0.36864001328125 0.6635592097222223 0.36864001328125 0.5781354944444445
2 0.23392605546874998 0.5750846486111111 0.23392605546874998 0.6040676902777778 0.28798324921875 0.6040676902777778 0.28798324921875 0.5750846486111111
2 0.2330680046875 0.587288036111111 0.2330680046875 0.6910168291666667 0.33260188125 0.6910168291666667 0.33260188125 0.587288036111111
2 0.0563095640625 0.5644066805555555 0.0563095640625 0.7489829180555555 0.25366121953125 0.7489829180555555 0.25366121953125 0.5644066805555555
2 0.6535575359375 0.5613558236111111 0.6535575359375 0.7855930777777778 0.78655539140625 0.7855930777777778 0.78655539140625 0.5613558236111111
2 0 0.535423626388889 0 0.6361015694444444 0.06606990234375 0.6361015694444444 0.06606990234375 0.535423626388889
2 0 0.5552541305555556 0 0.6361015708333333 0.05234109140625 0.6361015708333333 0.05234109140625 0.5552541305555556
2 0.0008580515625 0.5750846333333334 0.0008580515625 0.8008473041666666 0.0755084609375 0.8008473041666666 0.0755084609375 0.5750846333333334
2 0.6924469023437501 0.5689829416666666 0.6924469023437501 0.9457625319444445 0.999576028125 0.9457625319444445 0.999576028125 0.5689829416666666
2 0.47793423203124996 0.5277965083333334 0.47793423203124996 0.8420337375 0.6667053828125 0.8420337375 0.6667053828125 0.5277965083333334
7 0.23974224375 0.4017371361111111 0.23974224375 0.4649546541666667 0.26268408515625 0.4649546541666667 0.26268408515625 0.4017371361111111