7 0.4851307796875 0.31233375694444443 0.4851307796875 0.3400846666666667 0.50165889296875 0.3400846666666667 0.50165889296875 0.31233375694444443
7 0.4851307796875 0.34498188472222224 0.4851307796875 0.35640872777777777 0.49982243593750003 0.35640872777777777 0.49982243593750003 0.34498188472222224
7 0.5879723796875 0.3433494777777778 0.5879723796875 0.35640872777777777 0.61551923828125 0.35640872777777777 0.61551923828125 0.3433494777777778
7 0.5640984375 0.3547763222222222 0.5640984375 0.3923216680555556 0.6146010109375 0.3923216680555556 0.6146010109375 0.3547763222222222
7 0.45299277812499994 0.34498188472222224 0.45299277812499994 0.3547763236111111 0.46952089375000006 0.3547763236111111 0.46952089375000006 0.34498188472222224
7 0.45023809296875 0.35804113611111116 0.45023809296875 0.3923216680555556 0.49614952187499994 0.3923216680555556 0.49614952187499994 0.35804113611111116
2 0.57320419453125 0.4399335166666667 0.57320419453125 0.4709492388888889 0.5842229375 0.4709492388888889 0.5842229375 0.4399335166666667
2 0.5842229375 0.4513603625 0.5842229375 0.46605202083333336 0.59615991015625 0.46605202083333336 0.59615991015625 0.4513603625
2 0.5934052234375 0.44483073749999996 0.5934052234375 0.4709492388888889 0.6080968828125 0.4709492388888889 0.6080968828125 0.44483073749999996
2 0.60075105234375 0.44483073749999996 0.60075105234375 0.47584645833333333 0.626461453125 0.47584645833333333 0.626461453125 0.44483073749999996
2 0.6246249953125 0.44319833194444447 0.6246249953125 0.48237608333333337 0.64115311015625 0.48237608333333337 0.64115311015625 0.44319833194444447
2 0.736878440625 0.43013907916666666 0.736878440625 0.4431983291666667 0.75065186875 0.4431983291666667 0.75065186875 0.43013907916666666
2 0.75065186875 0.43013907916666666 0.75065186875 0.44483073749999996 0.76717998359375 0.44483073749999996 0.76717998359375 0.43013907916666666
2 0.76809821171875 0.4285066736111111 0.76809821171875 0.44319833194444447 0.78738101328125 0.44319833194444447 0.78738101328125 0.4285066736111111
2 0.78898791171875 0.4285066736111111 0.78898791171875 0.44156592499999997 0.80367956875 0.44156592499999997 0.80367956875 0.4285066736111111
2 0.8146983125 0.43013907916666666 0.8146983125 0.4399335194444445 0.8266352843749999 0.4399335194444445 0.8266352843749999 0.43013907916666666
2 0.8284717421875 0.43013907916666666 0.8284717421875 0.4383011111111111 0.84499985703125 0.4383011111111111 0.84499985703125 0.43013907916666666
2 0.51053509375 0.44646314583333335 0.51053509375 0.4627872069444445 0.51971737890625 0.4627872069444445 0.51971737890625 0.44646314583333335
2 0.48757937890624997 0.44319833194444447 0.48757937890624997 0.45788999027777777 0.5068621796875 0.45788999027777777 0.5068621796875 0.44319833194444447
2 0.44258617734375 0.4366687055555556 0.44258617734375 0.46441961527777775 0.45819606406249996 0.46441961527777775 0.45819606406249996 0.4366687055555556
2 0.45268669296875 0.4366687055555556 0.45268669296875 0.4627872069444445 0.48023355 0.4627872069444445 0.48023355 0.4366687055555556
2 0.41503932031249996 0.4383011111111111 0.41503932031249996 0.4709492388888889 0.43983149140625005 0.4709492388888889 0.43983149140625005 0.4383011111111111
2 0.378310178125 0.43340389305555554 0.378310178125 0.4742140527777778 0.41136640703125 0.4742140527777778 0.41136640703125 0.43340389305555554
2 0.301178975 0.4285066736111111 0.301178975 0.49870014999999995 0.38473777734375003 0.49870014999999995 0.38473777734375003 0.4285066736111111
2 0.1116157734375 0.422096075 0.1116157734375 0.5314673013888889 0.246595375 0.5314673013888889 0.246595375 0.422096075
2 0.5145753078124999 0.43291416527777776 0.5145753078124999 0.5308585513888889 0.58436068046875 0.5308585513888889 0.58436068046875 0.43291416527777776
2 0.6355978375 0.4165901027777778 0.6355978375 0.5161668888888888 0.70813789609375 0.5161668888888888 0.70813789609375 0.4165901027777778