2 0.6494446929687501 0.4795686027777778 0.6494446929687501 0.9951741541666667 0.9995055171875 0.9951741541666667 0.9995055171875 0.4795686027777778
2 0.5231421234375 0.7345993055555556 0.5231421234375 0.7886547277777778 0.56212439765625 0.7886547277777778 0.56212439765625 0.7345993055555556
2 0.47636339375 0.7456875972222222 0.47636339375 0.7914267986111112 0.51066779453125 0.7914267986111112 0.51066779453125 0.7456875972222222
2 0.43504218203124995 0.7637060708333334 0.43504218203124995 0.7955849083333334 0.4631094203125 0.7955849083333334 0.4631094203125 0.7637060708333334
2 0.33368826953125 0.7817245444444445 0.33368826953125 0.8108313097222222 0.3633147984375 0.8108313097222222 0.3633147984375 0.7817245444444445
2 0.39995813515625 0.7650921069444444 0.39995813515625 0.7969709444444444 0.42802537265625 0.7969709444444444 0.42802537265625 0.7650921069444444
2 0.4670076484375 0.758161925 0.4670076484375 0.7803385083333333 0.47636339375 0.7803385083333333 0.47636339375 0.758161925
2 0.45921119375 0.7526177791666667 0.45921119375 0.7747943625 0.46622800390624997 0.7747943625 0.46622800390624997 0.7526177791666667
2 0.09979462265625 0.8330078916666667 0.09979462265625 0.8607286222222222 0.11928576015625 0.8607286222222222 0.11928576015625 0.8330078916666667
2 0.06704951171875 0.8343939277777779 0.06704951171875 0.8607286222222222 0.09745568593750001 0.8607286222222222 0.09745568593750001 0.8343939277777779
2 0.1224043421875 0.8260777097222222 0.1224043421875 0.855184473611111 0.1590476796875 0.855184473611111 0.1590476796875 0.8260777097222222
2 0.17619988046875 0.8122173458333333 0.17619988046875 0.8357799652777778 0.1910131453125 0.8357799652777778 0.1910131453125 0.8122173458333333
2 0.22687683671875 0.8025150902777778 0.22687683671875 0.8330078916666667 0.24091045546875 0.8330078916666667 0.24091045546875 0.8025150902777778
2 0.2448086828125 0.8011290541666666 0.2448086828125 0.8260777097222222 0.25806265625 0.8260777097222222 0.25806265625 0.8011290541666666
2 0.29314670390625 0.7900407625 0.29314670390625 0.8066732 0.314976778125 0.8066732 0.314976778125 0.7900407625
2 0.28612989453125 0.7900407625 0.28612989453125 0.8149894166666667 0.2947059953125 0.8149894166666667 0.2947059953125 0.7900407625
2 0.26196088515625 0.7955849083333334 0.26196088515625 0.8233056375000001 0.2775537953125 0.8233056375000001 0.2775537953125 0.7955849083333334
2 0.049117665625 0.8385520375000001 0.049117665625 0.870430875 0.06704951171875 0.870430875 0.06704951171875 0.8385520375000001
6 0.3718908984375 0.7387574152777778 0.3718908984375 0.7637060708333334 0.379687353125 0.7637060708333334 0.379687353125 0.7387574152777778
6 0.40151742734375 0.7345993055555556 0.40151742734375 0.7512317444444444 0.4061953 0.7512317444444444 0.4061953 0.7345993055555556
6 0.46622800390624997 0.7221249777777777 0.46622800390624997 0.7373713791666666 0.47246516640624997 0.7373713791666666 0.47246516640624997 0.7221249777777777