6 0.39577198515625 0.32060346944444446 0.39577198515625 0.33620039444444444 0.4016208328125 0.33620039444444444 0.4016208328125 0.32060346944444446
6 0.36165371015625 0.3431323611111111 0.36165371015625 0.3569962986111111 0.368477365625 0.3569962986111111 0.368477365625 0.3431323611111111
7 0.42794064453124997 0.3084725277777778 0.42794064453124997 0.32580244305555556 0.43866353046875 0.32580244305555556 0.43866353046875 0.3084725277777778
4 0.5712373976562499 0.37779219583333334 0.5712373976562499 0.4557768236111111 0.5887839390625 0.4557768236111111 0.5887839390625 0.37779219583333334
4 0.559539703125 0.37605920416666666 0.559539703125 0.42631596805555555 0.571237396875 0.42631596805555555 0.571237396875 0.37605920416666666
5 0.40357044843749995 0.37779219583333334 0.40357044843749995 0.4072530555555555 0.41136891093749994 0.4072530555555555 0.41136891093749994 0.37779219583333334
0 0.4055200640625 0.3899231375 0.4055200640625 0.4141850222222222 0.41136891093749994 0.4141850222222222 0.41136891093749994 0.3899231375
2 0 0.32233646111111114 0 0.6290759958333333 0.1481707921875 0.6290759958333333 0.1481707921875 0.32233646111111114
2 0.09455636171875001 0.3517973208333333 0.09455636171875001 0.5337614527777778 0.21933176640625002 0.5337614527777778 0.21933176640625002 0.3517973208333333
2 0.20178522499999998 0.3812581791666667 0.20178522499999998 0.4887036666666667 0.24467677031249999 0.4887036666666667 0.24467677031249999 0.3812581791666667
2 0.24077753828124998 0.3691272375 0.24077753828124998 0.4505778486111111 0.28659350703125 0.4505778486111111 0.28659350703125 0.3691272375
2 0.28561869921875 0.37086022916666667 0.28561869921875 0.4540438305555556 0.38309948359375 0.4540438305555556 0.38309948359375 0.37086022916666667
9 0.29634158515625 0.33446740277777776 0.29634158515625 0.3712500013888889 0.32852959453124997 0.3712500013888889 0.32852959453124997 0.33446740277777776
2 0.731105884375 0.3743262138888889 0.731105884375 0.6637358305555555 0.9991780421875 0.6637358305555555 0.9991780421875 0.3743262138888889
2 0.60633048046875 0.4089860472222222 0.60633048046875 0.5476253875 0.7671737750000001 0.5476253875 0.7671737750000001 0.4089860472222222
2 0.49227796250000005 0.37779219583333334 0.49227796250000005 0.46790776805555556 0.568312975 0.46790776805555556 0.568312975 0.37779219583333334
2 0.45913449531249995 0.3899231375 0.45913449531249995 0.4401798972222222 0.5000764249999999 0.4401798972222222 0.5000764249999999 0.3899231375
2 0.43086506796875 0.3847241625 0.43086506796875 0.4297819486111111 0.46108411015625006 0.4297819486111111 0.46108411015625006 0.3847241625
2 0.38992313828124997 0.3639282625 0.38992313828124997 0.3847241625 0.400646025 0.3847241625 0.400646025 0.3639282625
2 0.360678903125 0.3743262138888889 0.360678903125 0.38472416388888886 0.3733514046875 0.38472416388888886 0.3733514046875 0.3743262138888889