7 0.3820470671875 0.5605931138888889 0.3820470671875 0.5941524291666667 0.39577587890625 0.5941524291666667 0.39577587890625 0.5605931138888889
7 0.48501314921875 0.5865253125 0.48501314921875 0.6094066638888889 0.49702586093749995 0.6094066638888889 0.49702586093749995 0.5865253125
7 0.606856346875 0.5697456541666667 0.606856346875 0.5987287 0.6197271078125001 0.5987287 0.6197271078125001 0.5697456541666667
7 0.60771439765625 0.5560168430555555 0.60771439765625 0.574321925 0.6162949023437501 0.574321925 0.6162949023437501 0.5560168430555555
7 0.06587070859375001 0.5755204819444445 0.06587070859375001 0.6014526805555556 0.07530926640624999 0.6014526805555556 0.07530926640624999 0.5755204819444445
7 0.3700343578125 0.6109320875 0.3700343578125 0.6551693666666667 0.39835003046875 0.6551693666666667 0.39835003046875 0.6109320875
7 0.35201529296875 0.6078812402777778 0.35201529296875 0.6231354736111111 0.36059579921874996 0.6231354736111111 0.36059579921874996 0.6078812402777778
2 0.6008499921875 0.6155083583333334 0.6008499921875 0.6368642861111111 0.6085724453125 0.6368642861111111 0.6085724453125 0.6155083583333334
2 0.54336059609375 0.6185592041666667 0.54336059609375 0.6414405555555556 0.55451525390625 0.6414405555555556 0.55451525390625 0.6185592041666667
2 0.52448348125 0.6094066638888889 0.52448348125 0.6399151319444445 0.544218646875 0.6399151319444445 0.544218646875 0.6094066638888889
2 0.5116127203125 0.6139829347222222 0.5116127203125 0.6460168263888889 0.5304898375 0.6460168263888889 0.5304898375 0.6139829347222222
2 0.49629652343749997 0.623135475 0.49629652343749997 0.6452541152777778 0.512470771875 0.6452541152777778 0.512470771875 0.623135475
7 0.5040189796875 0.6162710694444444 0.5040189796875 0.6406778444444444 0.517747790625 0.6406778444444444 0.517747790625 0.6162710694444444
2 0.47055499687499996 0.6162710694444444 0.47055499687499996 0.6528812305555556 0.5048770242187499 0.6528812305555556 0.5048770242187499 0.6162710694444444
2 0.41392365234375 0.5949151416666667 0.41392365234375 0.6681354666666667 0.46454864140624996 0.6681354666666667 0.46454864140624996 0.5949151416666667
2 0.5786693828125 0.6132202222222222 0.5786693828125 0.6452541166666667 0.60355285390625 0.6452541166666667 0.60355285390625 0.6132202222222222
2 0.27234528828125 0.6177964930555555 0.27234528828125 0.6376269972222222 0.29980291015625 0.6376269972222222 0.29980291015625 0.6177964930555555
2 0.2062753859375 0.6132202222222222 0.2062753859375 0.6498303847222222 0.24746182109374998 0.6498303847222222 0.24746182109374998 0.6132202222222222
2 0.15479234375 0.6177964930555555 0.15479234375 0.6437286916666667 0.20112708046875 0.6437286916666667 0.20112708046875 0.6177964930555555
2 0.12047031640625001 0.6162710694444444 0.12047031640625001 0.6437286916666667 0.15565039453125 0.6437286916666667 0.15565039453125 0.6162710694444444
2 0 0.6116947986111111 0 0.6635591958333333 0.0398135515625 0.6635591958333333 0.0398135515625 0.6116947986111111