7 0.565757053125 0.45281218194444445 0.565757053125 0.46453092222222225 0.5881691484375 0.46453092222222225 0.5881691484375 0.45281218194444445
7 0.5301613749999999 0.4645309236111111 0.5301613749999999 0.49499965277777774 0.588169146875 0.49499965277777774 0.588169146875 0.4645309236111111
7 0.50379420546875 0.4457809361111111 0.50379420546875 0.45984342361111114 0.5275246570312501 0.45984342361111114 0.5275246570312501 0.4457809361111111
7 0.4471047921875 0.4364059416666667 0.4471047921875 0.4457809375 0.4695168859375 0.4457809375 0.4695168859375 0.4364059416666667
7 0.47215360234375003 0.459843425 0.47215360234375003 0.49499965138888885 0.5301613749999999 0.49499965138888885 0.5301613749999999 0.459843425
7 0.40096224375 0.4457809361111111 0.40096224375 0.5020308972222222 0.46688016796875004 0.5020308972222222 0.46688016796875004 0.4457809361111111
7 0.3416361140625 0.5207808847222223 0.3416361140625 0.5489058638888888 0.35745641640625003 0.5489058638888888 0.35745641640625003 0.5207808847222223
7 0.149155778125 0.5278121305555555 0.149155778125 0.5629683541666667 0.171567871875 0.5629683541666667 0.171567871875 0.5278121305555555
7 0.5327980921875 0.5442183694444445 0.5327980921875 0.5653121027777778 0.54730003515625 0.5653121027777778 0.54730003515625 0.5442183694444445
7 0.398325528125 0.5301558791666667 0.398325528125 0.5489058652777777 0.4088723953125 0.5489058652777777 0.4088723953125 0.5301558791666667
7 0.37591343359375 0.5465621166666667 0.37591343359375 0.5676558527777777 0.39305209375 0.5676558527777777 0.39305209375 0.5465621166666667
7 0.43260284765624996 0.5278121305555555 0.43260284765624996 0.5489058638888888 0.44446807421875 0.5489058638888888 0.44446807421875 0.5278121305555555
2 0.14468091015625 0.5582808597222222 0.14468091015625 0.5861842138888889 0.16365772109375 0.5861842138888889 0.16365772109375 0.5582808597222222
2 0.21375534218749997 0.5629683555555556 0.21375534218749997 0.5864058430555555 0.2269389265625 0.5864058430555555 0.2269389265625 0.5629683555555556
2 0.24935102109375 0.5606246069444445 0.24935102109375 0.5864058388888889 0.27308147265625 0.5864058388888889 0.27308147265625 0.5606246069444445
2 0.39700716953125 0.5606246069444445 0.39700716953125 0.5793745930555555 0.40887239453125 0.5793745930555555 0.40887239453125 0.5606246069444445
2 0.35086462265625 0.5653121027777778 0.35086462265625 0.5864058388888889 0.36272984765625 0.5864058388888889 0.36272984765625 0.5653121027777778
2 0.1623393625 0.5606246069444445 0.1623393625 0.5887495902777777 0.18870653203125 0.5887495902777777 0.18870653203125 0.5606246069444445
2 0.0502788921875 0.5559371111111111 0.0502788921875 0.5887495902777777 0.09642143828125001 0.5887495902777777 0.09642143828125001 0.5559371111111111
2 0.29681192578125 0.5582808597222222 0.29681192578125 0.5864058388888889 0.3152689453125 0.5864058388888889 0.3152689453125 0.5582808597222222
2 0.26780804062499997 0.5606246069444445 0.26780804062499997 0.5887495902777777 0.280991625 0.5887495902777777 0.280991625 0.5606246069444445
2 0.47215360234375003 0.5676558527777777 0.47215360234375003 0.5840620916666667 0.48401882812499997 0.5840620916666667 0.48401882812499997 0.5676558527777777
2 0.5143410734375 0.5653121027777778 0.5143410734375 0.6262495611111111 0.55652854375 0.6262495611111111 0.55652854375 0.5653121027777778