2 0.615968346875 0.34721250972222223 0.615968346875 0.3666369875 0.6255288289062501 0.3666369875 0.6255288289062501 0.34721250972222223
2 0.7252310234375 0.34235639027777776 0.7252310234375 0.3544966888888889 0.74025464140625 0.3544966888888889 0.74025464140625 0.34235639027777776
2 0.70884162578125 0.34478444583333334 0.70884162578125 0.3569247472222222 0.71976789453125 0.3569247472222222 0.71976789453125 0.34478444583333334
2 0.5312897710937501 0.35935280277777776 0.5312897710937501 0.37392116111111107 0.54358182421875 0.37392116111111107 0.54358182421875 0.35935280277777776
2 0.54221603984375 0.3520686291666667 0.54221603984375 0.37392116805555553 0.549044959375 0.37392116805555553 0.549044959375 0.3520686291666667
2 0.600944728125 0.34721250972222223 0.600944728125 0.3690650458333333 0.6146025640625 0.3690650458333333 0.6146025640625 0.34721250972222223
2 0.5189977195312501 0.3544966888888889 0.5189977195312501 0.37392116805555553 0.53265555546875 0.37392116805555553 0.53265555546875 0.3544966888888889
2 0.4548058984375 0.3617808694444445 0.4548058984375 0.38606146388888885 0.4711952984375 0.38606146388888885 0.4711952984375 0.3617808694444445
2 0.41383239375 0.3642089263888889 0.41383239375 0.3957737041666667 0.43841649453125 0.3957737041666667 0.43841649453125 0.3642089263888889
2 0.02185253515625 0.2112411777777778 0.02185253515625 0.6361515902777778 0.39607720703125 0.6361515902777778 0.39607720703125 0.2112411777777778
7 0.5668001421875 0.33992833055555555 0.5668001421875 0.35935280277777776 0.5749948476562501 0.35935280277777776 0.5749948476562501 0.33992833055555555
4 0.74435199453125 0.33507220833333334 0.74435199453125 0.3982017625 0.75937561171875 0.3982017625 0.75937561171875 0.33507220833333334
4 0.78259393125 0.32778803472222223 0.78259393125 0.3787772833333334 0.7948859828125 0.3787772833333334 0.7948859828125 0.32778803472222223