6 0.2485320359375 0.23044357083333336 0.2485320359375 0.2903226125 0.2669040140625 0.2903226125 0.2669040140625 0.23044357083333336
6 0.544780184375 0.2250000222222222 0.544780184375 0.2903226125 0.56391766171875 0.2903226125 0.56391766171875 0.2250000222222222
6 0.56697965859375 0.23180445833333335 0.56697965859375 0.28215728749999996 0.582289640625 0.28215728749999996 0.582289640625 0.23180445833333335
6 0.9640185296875 0 0.9640185296875 0.12247985416666667 0.9977004890625001 0.12247985416666667 0.9977004890625001 0
6 0.9004821046875 0 0.9004821046875 0.023588706944444444 0.925743575 0.023588706944444444 0.925743575 0
2 0.06812941875 0.34974803055555553 0.06812941875 0.3606351236111111 0.0757844109375 0.3606351236111111 0.0757844109375 0.34974803055555553
2 0.07961190546875 0.35110891666666666 0.07961190546875 0.35927424166666666 0.0887978921875 0.35927424166666666 0.0887978921875 0.35110891666666666
2 0.08114290390625 0.35791335277777775 0.08114290390625 0.36880045277777773 0.08956339296875 0.36880045277777773 0.08956339296875 0.35791335277777775
2 0.07961190546875 0.36607867638888886 0.07961190546875 0.37832665972222224 0.09109438984375 0.37832665972222224 0.09109438984375 0.36607867638888886
2 0.07961190546875 0.3756048875 0.07961190546875 0.3932964194444445 0.0926253875 0.3932964194444445 0.0926253875 0.3756048875
2 0.07884640625 0.37968754861111115 0.07884640625 0.3973790833333333 0.09109439140625 0.3973790833333333 0.09109439140625 0.37968754861111115
2 0.08573589765625 0.38240932361111113 0.08573589765625 0.41779239166666665 0.10028038125000001 0.41779239166666665 0.10028038125000001 0.38240932361111113
9 0.26639368281250003 0.3382797138888889 0.26639368281250003 0.4327621513888889 0.38317481328124997 0.4327621513888889 0.38317481328124997 0.3382797138888889
2 0.78106424609375 0.35564520833333335 0.78106424609375 0.4427419916666666 0.928805571875 0.4427419916666666 0.928805571875 0.35564520833333335
9 0.31130297890624997 0.2785282694444445 0.31130297890624997 0.8092743055555556 0.6703220523437501 0.8092743055555556 0.6703220523437501 0.2785282694444445
2 0.014289314062499999 0.3393145625 0.014289314062499999 0.4209677972222222 0.0739982453125 0.4209677972222222 0.0739982453125 0.3393145625
7 0.06353642421875 0.32559228055555556 0.06353642421875 0.3392011527777778 0.0742534125 0.3392011527777778 0.0742534125 0.32559228055555556
7 0.68837505703125 0.3705015583333333 0.68837505703125 0.41541084027777775 0.69832654375 0.41541084027777775 0.69832654375 0.3705015583333333
6 0.9739062179687499 0.17045113055555555 0.9739062179687499 0.2806830055555556 0.99916768828125 0.2806830055555556 0.99916768828125 0.17045113055555555
2 0.08956336953125 0.3791063319444445 0.08956336953125 0.4253764958333333 0.12018333437499999 0.4253764958333333 0.12018333437499999 0.3791063319444445