7 0.2890009734375 0.18642080277777778 0.2890009734375 0.26314390277777777 0.32113897265625 0.26314390277777777 0.32113897265625 0.18642080277777778
7 0.29175565859375 0.2745707472222222 0.29175565859375 0.3104836875 0.3165478296875 0.3104836875 0.3165478296875 0.2745707472222222
7 0.28808274453125 0.31538090694444443 0.28808274453125 0.34476422083333336 0.30277440234375 0.34476422083333336 0.30277440234375 0.31538090694444443
7 0.276145771875 0.3382345958333333 0.276145771875 0.3627206944444445 0.3027744 0.3627206944444445 0.3027744 0.3382345958333333
7 0.2991014875 0.3741475361111111 0.2991014875 0.40189844305555555 0.3147113734375 0.40189844305555555 0.3147113734375 0.3741475361111111
7 0.5433502906250001 0.41332529305555554 0.5433502906250001 0.45413545 0.57365183359375 0.45413545 0.57365183359375 0.41332529305555554
7 0.5552872625 0.46392989027777776 0.5552872625 0.5031076444444444 0.56538777734375 0.5031076444444444 0.56538777734375 0.46392989027777776
7 0.6459082242187499 0.4717654416666666 0.6459082242187499 0.5011487555555556 0.6789644515625 0.5011487555555556 0.6789644515625 0.4717654416666666
7 0.64131708046875 0.4962515375 0.64131708046875 0.5109431958333334 0.6468264515625 0.5109431958333334 0.6468264515625 0.4962515375
7 0.64131708046875 0.5093107888888889 0.64131708046875 0.5207376305555556 0.6486629085937501 0.5207376305555556 0.6486629085937501 0.5093107888888889
7 0.7951514265624999 0.3496872527777778 0.7951514265624999 0.40460357916666667 0.82351986875 0.40460357916666667 0.82351986875 0.3496872527777778
7 0.79780946796875 0.4372517083333334 0.79780946796875 0.4747970541666667 0.81709227109375 0.4747970541666667 0.81709227109375 0.4372517083333334
7 0.55389182734375 0.5090621430555555 0.55389182734375 0.5284332638888889 0.5644386945312501 0.5284332638888889 0.5644386945312501 0.5090621430555555
1 0.5288430164062501 0.5346130875 0.5288430164062501 0.5629683555555556 0.561801978125 0.5629683555555556 0.561801978125 0.5346130875
2 0.48712026562500005 0.5329806805555555 0.48712026562500005 0.5721584347222222 0.5165035828125 0.5721584347222222 0.5165035828125 0.5329806805555555
2 0.5744438093750001 0.5452237291666666 0.5744438093750001 0.5566505708333334 0.5836260945312499 0.5566505708333334 0.5836260945312499 0.5452237291666666
2 0.5845443218749999 0.5452237291666666 0.5845443218749999 0.5533857597222223 0.5928083796875 0.5533857597222223 0.5928083796875 0.5452237291666666
2 0.6479020945312499 0.5370616958333333 0.6479020945312499 0.5501209472222223 0.65800261015625 0.5501209472222223 0.65800261015625 0.5370616958333333
2 0.67544895390625 0.5321644777777779 0.67544895390625 0.5452237291666666 0.6846312390625 0.5452237291666666 0.6846312390625 0.5321644777777779
2 0.69197706875 0.5288996666666667 0.69197706875 0.5435913250000001 0.7002411265624999 0.5435913250000001 0.7002411265624999 0.5288996666666667
2 0.69932289609375 0.5321644777777779 0.69932289609375 0.5468561361111112 0.70850518125 0.5468561361111112 0.70850518125 0.5321644777777779
2 0.70648506875 0.5076783819444445 0.70648506875 0.5909311041666666 0.76616992734375 0.5909311041666666 0.76616992734375 0.5076783819444445
2 0.4240379765625 0.5109431930555556 0.4240379765625 0.6105199819444445 0.48739574921875006 0.6105199819444445 0.48739574921875006 0.5109431930555556
2 0.5966649515625 0.5207376333333333 0.5966649515625 0.5827690777777778 0.6398216953125 0.5827690777777778 0.6398216953125 0.5207376333333333
2 0.7461525828125 0.49265590416666666 0.7461525828125 0.6692866138888889 0.925668915625 0.6692866138888889 0.925668915625 0.49265590416666666
2 0 0.628593311111111 0 0.6614057875 0.023911722656250002 0.6614057875 0.023911722656250002 0.628593311111111