9 0.5195260671875 0.2863446611111111 0.5195260671875 0.40612281805555556 0.558828275 0.40612281805555556 0.558828275 0.2863446611111111
2 0.568653828125 0.37867365833333333 0.568653828125 0.4098658861111111 0.58269033203125 0.4098658861111111 0.58269033203125 0.37867365833333333
2 0.57847937890625 0.37493059166666665 0.57847937890625 0.4148566458333333 0.60865786015625 0.4148566458333333 0.60865786015625 0.37493059166666665
2 0.620647403125 0.38345646944444445 0.620647403125 0.4121533208333333 0.648018584375 0.4121533208333333 0.648018584375 0.38345646944444445
2 0.6438076328125 0.37597033472222224 0.6438076328125 0.4134010097222222 0.66486238671875 0.4134010097222222 0.66486238671875 0.37597033472222224
2 0.65784413515625 0.37721802361111106 0.65784413515625 0.4158963861111111 0.67679341484375 0.4158963861111111 0.67679341484375 0.37721802361111106
2 0.6634587359374999 0.36973188749999997 0.6634587359374999 0.43710710416666665 0.7146919726562501 0.43710710416666665 0.7146919726562501 0.36973188749999997
2 0.6919995976562501 0.3722272694444444 0.6919995976562501 0.44708861666666666 0.7642875874999999 0.44708861666666666 0.7642875874999999 0.3722272694444444
2 0.7600766359375 0.38719953749999997 0.7600766359375 0.4258779013888889 0.77621861640625 0.4258779013888889 0.77621861640625 0.38719953749999997
2 0.786512065625 0.3809610916666667 0.786512065625 0.4296209708333333 0.81318142109375 0.4296209708333333 0.81318142109375 0.3809610916666667
2 0.7970394421875 0.38470416111111105 0.7970394421875 0.47733023055555557 0.83844712578125 0.47733023055555557 0.83844712578125 0.38470416111111105
2 0.74110397734375 0.1956404361111111 0.74110397734375 0.7708936597222222 0.9982334875 0.7708936597222222 0.9982334875 0.1956404361111111
2 0.27655671796875 0.26272769444444444 0.27655671796875 0.7122522722222222 0.56851598125 0.7122522722222222 0.56851598125 0.26272769444444444
2 0.0004386296875 0.19177777638888888 0.0004386296875 0.6035250791666666 0.24888473281249998 0.6035250791666666 0.24888473281249998 0.19177777638888888
2 0.17428656484375 0.7218791499999999 0.17428656484375 0.7518236916666666 0.17849751640625 0.7518236916666666 0.17849751640625 0.7218791499999999
7 0.19323584375 0.23403269166666665 0.19323584375 0.2490049611111111 0.21639607421874998 0.2490049611111111 0.21639607421874998 0.23403269166666665
7 0.20235957109374997 0.20658352916666667 0.20235957109374997 0.22405117777777778 0.21639607500000002 0.22405117777777778 0.21639607500000002 0.20658352916666667
7 0.22341432578124998 0.2914263916666667 0.22341432578124998 0.3151324861111111 0.236749003125 0.3151324861111111 0.236749003125 0.2914263916666667
7 0.69434632578125 0.3219038013888889 0.69434632578125 0.33438069305555557 0.71259377890625 0.33438069305555557 0.71259377890625 0.3219038013888889
7 0.8691007875000001 0.3156653555555555 0.8691007875000001 0.3406191361111111 0.8817336414062501 0.3406191361111111 0.8817336414062501 0.3156653555555555
6 0.21223192578125 0.2582716569444444 0.21223192578125 0.30693153194444445 0.22205747812499999 0.30693153194444445 0.22205747812499999 0.2582716569444444
6 0.40593566640625 0.16569311944444445 0.40593566640625 0.20811454861111112 0.4150593953125 0.20811454861111112 0.4150593953125 0.16569311944444445
6 0.67473469453125 0.1607023625 0.67473469453125 0.20062841666666667 0.6845602468750001 0.20062841666666667 0.6845602468750001 0.1607023625
6 0.8590339828125 0.30693153194444445 0.8590339828125 0.330637625 0.86815771171875 0.330637625 0.86815771171875 0.30693153194444445
6 0.8449974796875 0.3056838416666667 0.8449974796875 0.33562838333333334 0.85692850703125 0.33562838333333334 0.85692850703125 0.3056838416666667
4 0.6114651609374999 0.3686921444444445 0.6114651609374999 0.4123612625 0.6205888875000001 0.4123612625 0.6205888875000001 0.3686921444444445
4 0.5588282765625 0.37368290000000004 0.5588282765625 0.4011320625 0.5658465265625 0.4011320625 0.5658465265625 0.37368290000000004
4 0.7746395085937501 0.3624537 0.7746395085937501 0.4398104291666666 0.7872723625 0.4398104291666666 0.7872723625 0.3624537
4 0.6623474851562501 0.353719875 0.6623474851562501 0.3786736597222222 0.67147121171875 0.3786736597222222 0.67147121171875 0.353719875
4 0.27581730546875 0.3624147111111112 0.27581730546875 0.42729454722222227 0.2870465078125 0.42729454722222227 0.2870465078125 0.3624147111111112
4 0.24423517343749998 0.3649100875 0.24423517343749998 0.4247991666666666 0.25756985078125 0.4247991666666666 0.25756985078125 0.3649100875
4 0.5712856921875 0.35867164305555554 0.5712856921875 0.38736849166666665 0.5804094195312499 0.38736849166666665 0.5804094195312499 0.35867164305555554