7 0.56593611953125 0.34946095694444446 0.56593611953125 0.3889833263888889 0.6174192078125 0.3889833263888889 0.6174192078125 0.34946095694444446
6 0.65135124140625 0.3785827027777778 0.65135124140625 0.3931435763888889 0.66422201328125 0.3931435763888889 0.66422201328125 0.3785827027777778
6 0.42201748828124996 0.25377521805555553 0.42201748828124996 0.3036982111111111 0.4348882609375 0.3036982111111111 0.4348882609375 0.25377521805555553
6 0.28043899921875004 0.26209571666666664 0.28043899921875004 0.3161789611111111 0.29564991015625003 0.3161789611111111 0.29564991015625003 0.26209571666666664
2 0.18917352578125 0.4035442 0.18917352578125 0.7800467791666666 0.43137805078125 0.7800467791666666 0.43137805078125 0.4035442
2 0.46414001484374995 0.4160249486111111 0.46414001484374995 0.6240374222222222 0.6150790671874999 0.6240374222222222 0.6150790671874999 0.4160249486111111
1 0.395105875 0.3889833263888889 0.395105875 0.5325119333333334 0.500412190625 0.5325119333333334 0.500412190625 0.3889833263888889
2 0.00079222890625 0.401464075 0.00079222890625 0.6822809152777778 0.149391140625 0.6822809152777778 0.149391140625 0.401464075
2 0.8256916976562501 0.4472268194444444 0.8256916976562501 0.5137908125 0.89355576640625 0.5137908125 0.89355576640625 0.4472268194444444
1 0.8022902921874999 0.42850569722222226 0.8022902921874999 0.4909094375 0.9029163265625 0.4909094375 0.9029163265625 0.42850569722222226
2 0.84090260859375 0.5449926819444444 0.84090260859375 0.9235753833333333 0.9988620812500001 0.9235753833333333 0.9988620812500001 0.5449926819444444
7 0.65135124140625 0.3577814555555555 0.65135124140625 0.37442245277777775 0.6595417328125001 0.37442245277777775 0.6595417328125001 0.3577814555555555
7 0.73208608359375 0.3869032013888889 0.73208608359375 0.4527738277777778 0.7426045382812501 0.4527738277777778 0.7426045382812501 0.3869032013888889
7 0.8525911351562501 0.3869032013888889 0.8525911351562501 0.44861357916666667 0.86312176484375 0.44861357916666667 0.86312176484375 0.3869032013888889
7 0.93449604609375 0.37996946527777775 0.93449604609375 0.4326659458333333 0.9426987125 0.4326659458333333 0.9426987125 0.37996946527777775
2 0.9848212390625 0.4389063208333333 0.9848212390625 0.48466906527777776 0.9988620812500001 0.48466906527777776 0.9988620812500001 0.4389063208333333
2 0.76834608125 0.4777353263888889 0.76834608125 0.49021607500000003 0.78823727421875 0.49021607500000003 0.78823727421875 0.4777353263888889
2 0.95672737890625 0.44653345555555557 0.95672737890625 0.45485395416666663 0.97193829140625 0.45485395416666663 0.97193829140625 0.44653345555555557
2 0.899393940625 0.44861357916666667 0.899393940625 0.4631744527777778 0.91928513359375 0.4631744527777778 0.91928513359375 0.44861357916666667
4 0.60804646953125 0.45485395416666663 0.60804646953125 0.5401390666666667 0.63144787265625 0.5401390666666667 0.63144787265625 0.45485395416666663
4 0.6841132062499999 0.4784286888888889 0.6841132062499999 0.4950696888888889 0.6899635578125001 0.4950696888888889 0.6899635578125001 0.4784286888888889
4 0.6887934875 0.47426844027777776 0.6887934875 0.4992299361111111 0.6969839773437501 0.4992299361111111 0.6969839773437501 0.47426844027777776