9 0.2068849 0.6229135597222223 0.2068849 0.6845671194444445 0.25950302421875 0.6845671194444445 0.25950302421875 0.6229135597222223
2 0.454429259375 0.6080316666666666 0.454429259375 0.6229135583333334 0.46399619140625 0.6229135583333334 0.46399619140625 0.6080316666666666
2 0.43529539609374995 0.6059056777777778 0.43529539609374995 0.6229135569444445 0.44844992734375 0.6229135569444445 0.44844992734375 0.6059056777777778
2 0.48671765625 0.6037796958333334 0.48671765625 0.620787575 0.50226391875 0.620787575 0.50226391875 0.6037796958333334
2 0.4735631234375 0.61015765 0.4735631234375 0.6335434833333333 0.4891093875 0.6335434833333333 0.4891093875 0.61015765
2 0.49867631953125 0.6059056777777778 0.49867631953125 0.6314174972222222 0.51302671796875 0.6314174972222222 0.51302671796875 0.6059056777777778
2 0.50824325078125 0.61015765 0.50824325078125 0.6462993916666666 0.5297688468749999 0.6462993916666666 0.5297688468749999 0.61015765
2 0.52259364921875 0.6059056777777778 0.52259364921875 0.6569293138888889 0.5560779109375 0.6569293138888889 0.5560779109375 0.6059056777777778
2 0.59554150390625 0.61015765 0.59554150390625 0.6526773444444445 0.66011829375 0.6526773444444445 0.66011829375 0.61015765
2 0.6505513609375 0.6144096208333334 0.6505513609375 0.6675592416666667 0.7043653515625 0.6675592416666667 0.7043653515625 0.6144096208333334
2 0.69479842109375 0.5740159069444444 0.69479842109375 0.6739371944444444 0.815580934375 0.6739371944444444 0.815580934375 0.5740159069444444
7 0.18655516953125 0.5208662875 0.18655516953125 0.5314962125 0.20927663437500002 0.5314962125 0.20927663437500002 0.5208662875
7 0.1913386359375 0.5314962125 0.1913386359375 0.550630076388889 0.20927663281250003 0.550630076388889 0.20927663281250003 0.5314962125
7 0.59554150390625 0.5400001513888889 0.59554150390625 0.5591340166666666 0.6134795015625001 0.5591340166666666 0.6134795015625001 0.5400001513888889
7 0.59554150390625 0.5633859833333333 0.59554150390625 0.5910237861111111 0.6122836351562501 0.5910237861111111 0.6122836351562501 0.5633859833333333
7 0.7031694859375001 0.5187403013888889 0.7031694859375001 0.5591340166666666 0.7258909499999999 0.5591340166666666 0.7258909499999999 0.5187403013888889
7 0.18552373125 0.5468032958333333 0.18552373125 0.5999529152777777 0.21542039218750003 0.5999529152777777 0.21542039218750003 0.5468032958333333
7 0.18911133046875 0.5978269305555556 0.18911133046875 0.612708825 0.20944106015625003 0.612708825 0.20944106015625003 0.5978269305555556