7 0.670264525 0.12535711805555555 0.670264525 0.15658160138888888 0.6847288078125 0.15658160138888888 0.6847288078125 0.12535711805555555
7 0.6795629937500001 0.1620918013888889 0.6795629937500001 0.18596934722222222 0.694027275 0.18596934722222222 0.694027275 0.1620918013888889
7 0.5979431125 0.20066322083333332 0.5979431125 0.20984689305555557 0.6186063734375 0.20984689305555557 0.6186063734375 0.20066322083333332
7 0.58657831875 0.2208673 0.58657831875 0.23372444166666667 0.60724158046875 0.23372444166666667 0.60724158046875 0.2208673
7 0.54835128671875 0.2410713777777778 0.54835128671875 0.25760198472222223 0.55764975390625 0.25760198472222223 0.55764975390625 0.2410713777777778
7 0.5214890484375 0.25209178472222227 0.5214890484375 0.2631121888888889 0.53078751484375 0.2631121888888889 0.53078751484375 0.25209178472222227
7 0.35127543515625004 0.2699999430555555 0.35127543515625004 0.27734688194444446 0.36367339140625 0.27734688194444446 0.36367339140625 0.2699999430555555
4 0.56333215078125 0.2924999375 0.56333215078125 0.3237244208333333 0.5695311281250001 0.3237244208333333 0.5695311281250001 0.2924999375
2 0 0.33759177083333336 0 0.39453053194444443 0.022729585937499998 0.39453053194444443 0.022729585937499998 0.33759177083333336
2 0.31718105546875003 0.30673463055555555 0.31718105546875003 0.33612237916666665 0.330612175 0.33612237916666665 0.330612175 0.30673463055555555
2 0.29858412031250003 0.3085713625 0.29858412031250003 0.33979584583333333 0.31614789296875 0.33979584583333333 0.31614789296875 0.3085713625
2 0.27482137109375004 0.30673463055555555 0.27482137109375004 0.3269387041666667 0.29445146953125 0.3269387041666667 0.29445146953125 0.30673463055555555
2 0.277920859375 0.31959176944444445 0.277920859375 0.3453060472222222 0.30065044531249996 0.3453060472222222 0.30065044531249996 0.31959176944444445
2 0.17770404374999998 0.3214285041666667 0.17770404374999998 0.35816319027777777 0.20766577265625 0.35816319027777777 0.20766577265625 0.3214285041666667
2 0.10848211875 0.3012244263888889 0.10848211875 0.37102032916666666 0.17253822968750002 0.37102032916666666 0.17253822968750002 0.3012244263888889
2 0.20456628281250003 0.28469381666666665 0.20456628281250003 0.3581631888888889 0.26862239374999997 0.3581631888888889 0.26862239374999997 0.28469381666666665
2 0.016530608593750003 0.2993876930555555 0.016530608593750003 0.3875509375 0.1177805875 0.3875509375 0.1177805875 0.2993876930555555
2 0.525053471875 0.2762448416666667 0.525053471875 0.30195911805555553 0.5343519390625 0.30195911805555553 0.5343519390625 0.2762448416666667
2 0.53331877890625 0.29093871666666665 0.53331877890625 0.3331836055555556 0.5591478546875 0.3331836055555556 0.5591478546875 0.29093871666666665
2 0.57051264609375 0.2891019819444444 0.57051264609375 0.3221631986111111 0.6232039625 0.3221631986111111 0.6232039625 0.2891019819444444
2 0.651306009375 0.2578774986111111 0.651306009375 0.3368570736111111 0.7742524125 0.3368570736111111 0.7742524125 0.2578774986111111
4 0.7701197601562499 0.25420403194444446 0.7701197601562499 0.3111427944444444 0.7794182281250001 0.3111427944444444 0.7794182281250001 0.25420403194444446
2 0.45045908828125 0.2571428013888889 0.45045908828125 0.4224488902777778 0.5403442734375 0.4224488902777778 0.5403442734375 0.2571428013888889
2 0.288252490625 0.27734688194444446 0.288252490625 0.5436733555555555 0.4948851 0.5436733555555555 0.4948851 0.27734688194444446
2 0.8712516453125 0.2377259 0.8712516453125 0.3460932263888889 0.94460622109375 0.3460932263888889 0.94460622109375 0.2377259