6 0.7481903109375 0.3526063902777778 0.7481903109375 0.37606609166666666 0.75658781875 0.37606609166666666 0.75658781875 0.3526063902777778
4 0.69540598671875 0.44431249027777775 0.69540598671875 0.4848337902777778 0.7038034921875 0.4848337902777778 0.7038034921875 0.44431249027777775
4 0.6474202359375 0.3611371902777778 0.6474202359375 0.38886229027777774 0.65461809921875 0.38886229027777774 0.65461809921875 0.3611371902777778
7 0.9569283242187501 0.1969192888888889 0.9569283242187501 0.2417059888888889 0.97612262421875 0.2417059888888889 0.97612262421875 0.1969192888888889
7 0.97252369296875 0.2438386902777778 0.97252369296875 0.2822272902777778 0.99051834921875 0.2822272902777778 0.99051834921875 0.2438386902777778
7 0.95932761171875 0.2523694888888889 0.95932761171875 0.28649269027777774 0.96532583046875 0.28649269027777774 0.96532583046875 0.2523694888888889
2 0.76978389921875 0.44431249027777775 0.76978389921875 0.47417029027777774 0.78417962421875 0.47417029027777774 0.78417962421875 0.44431249027777775
2 0.7146002859375 0.43578169027777774 0.7146002859375 0.46563948888888884 0.7325949421875 0.46563948888888884 0.7325949421875 0.43578169027777774
9 0.7349942296875 0.40592389027777775 0.7349942296875 0.48696649027777783 0.76978389921875 0.48696649027777783 0.76978389921875 0.40592389027777775
6 0.8308270835937501 0.39789717083333337 0.8308270835937501 0.4192530986111111 0.83854953984375 0.4192530986111111 0.83854953984375 0.39789717083333337
6 0.8376914890625 0.39942259305555555 0.8376914890625 0.417727675 0.8454139453125 0.417727675 0.8454139453125 0.39942259305555555