2 0.513114309375 0.5796609069444445 0.513114309375 0.5903388694444445 0.5199787140625001 0.5903388694444445 0.5199787140625001 0.5796609069444445
2 0.50968210625 0.5827117541666667 0.50968210625 0.5964405652777778 0.5165465124999999 0.5964405652777778 0.5165465124999999 0.5827117541666667
2 0.505391853125 0.5857626 0.505391853125 0.5979659875 0.5139723593750001 0.5979659875 0.5139723593750001 0.5857626
2 0.50281770078125 0.5918642958333333 0.50281770078125 0.6040676833333334 0.51054015703125 0.6040676833333334 0.51054015703125 0.5918642958333333
2 0.4993854984375 0.5964405652777778 0.4993854984375 0.610169375 0.50796600625 0.610169375 0.50796600625 0.5964405652777778
2 0.49166304296875 0.5979659875 0.49166304296875 0.6116947986111111 0.50110159921875 0.6116947986111111 0.50110159921875 0.5979659875
2 0.48565668671875006 0.6040676819444445 0.48565668671875006 0.6177964916666666 0.49337914296875 0.6177964916666666 0.49337914296875 0.6040676819444445
2 0.4839405859375 0.6071185291666666 0.4839405859375 0.6254236097222222 0.4942371953125 0.6254236097222222 0.4942371953125 0.6071185291666666
2 0.47879228203124996 0.610169375 0.47879228203124996 0.63457615 0.48908888984375 0.63457615 0.48908888984375 0.610169375
2 0.53542362734375 0.5811863305555556 0.53542362734375 0.5933897180555555 0.54228803203125 0.5933897180555555 0.54228803203125 0.5811863305555556
2 0.5388558296875 0.5857626 0.5388558296875 0.5964405652777778 0.5457202359375 0.5964405652777778 0.5457202359375 0.5857626
2 0.54142998203125 0.5918642958333333 0.54142998203125 0.6010168361111111 0.54915243828125 0.6010168361111111 0.54915243828125 0.5918642958333333
2 0.5422880328125 0.5979659875 0.5422880328125 0.6162710694444444 0.55515879375 0.6162710694444444 0.55515879375 0.5979659875
2 0.52684311953125 0.5827117541666667 0.52684311953125 0.5994914125 0.5371397289062501 0.5994914125 0.5371397289062501 0.5827117541666667
2 0.5954871749999999 0.5994914097222223 0.5954871749999999 0.6650846166666666 0.63753165859375 0.6650846166666666 0.63753165859375 0.5994914097222223
2 0.52855922265625 0.6010168347222222 0.52855922265625 0.6620337708333334 0.6109320874999999 0.6620337708333334 0.6109320874999999 0.6010168347222222
2 0.340646121875 0.5781354833333333 0.340646121875 0.6742371597222222 0.48050838437500004 0.6742371597222222 0.48050838437500004 0.5781354833333333
2 0.00034321484375 0.5543388805555556 0.00034321484375 0.7282371541666666 0.09215463828125 0.7282371541666666 0.09215463828125 0.5543388805555556
2 0.7365507015625 0.5528134569444444 0.7365507015625 0.7953557847222222 0.97165658828125 0.7953557847222222 0.97165658828125 0.5528134569444444
2 0.87641296484375 0.5680676916666667 0.87641296484375 0.8701015319444445 0.99825616171875 0.8701015319444445 0.99825616171875 0.5680676916666667
7 0.66310155859375 0.561355825 0.66310155859375 0.5918642958333333 0.67254011640625 0.5918642958333333 0.67254011640625 0.561355825
7 0.6716820664062501 0.5598304027777778 0.6716820664062501 0.5888134472222222 0.6819786734375 0.5888134472222222 0.6819786734375 0.5598304027777778