7 0.3616537109375 0.44537887361111117 0.3616537109375 0.4800387083333333 0.372376596875 0.4800387083333333 0.372376596875 0.44537887361111117
7 0.48642911484375 0.5164315347222223 0.48642911484375 0.5562903444444445 0.51469854375 0.5562903444444445 0.51469854375 0.5164315347222223
7 0.52542142890625 0.5129655513888889 0.52542142890625 0.5320284597222222 0.53224508359375 0.5320284597222222 0.53224508359375 0.5129655513888889
7 0.60535567265625 0.3881901472222223 0.60535567265625 0.46790776666666667 0.64727240859375 0.46790776666666667 0.64727240859375 0.3881901472222223
7 0.37042698125 0.5164315347222223 0.37042698125 0.5302954680555556 0.3772506375 0.5302954680555556 0.3772506375 0.5164315347222223
7 0.25150042421875 0.5285624763888889 0.25150042421875 0.5424264097222222 0.26612254218750003 0.5424264097222222 0.26612254218750003 0.5285624763888889
7 0.24955080859374998 0.5094995680555556 0.24955080859374998 0.5268294847222222 0.25539965546875 0.5268294847222222 0.25539965546875 0.5094995680555556
7 0.3587292875 0.5112325597222223 0.3587292875 0.5250964930555556 0.3655529421875 0.5250964930555556 0.3655529421875 0.5112325597222223
2 0.43866353046875 0.5528243611111111 0.43866353046875 0.5805522263888889 0.45913449531249995 0.5805522263888889 0.45913449531249995 0.5528243611111111
2 0.33143466796875 0.5528243611111111 0.33143466796875 0.5770862444444445 0.34898120781249997 0.5770862444444445 0.34898120781249997 0.5528243611111111
2 0.30706447109375 0.5580233361111111 0.30706447109375 0.5770862444444445 0.3216865890625 0.5770862444444445 0.3216865890625 0.5580233361111111
1 0.3996712171875 0.5372274347222222 0.3996712171875 0.5614893194444445 0.41234371875000003 0.5614893194444445 0.41234371875000003 0.5372274347222222
7 0.42794064453124997 0.5389604263888889 0.42794064453124997 0.5528243625 0.43866353046875 0.5528243625 0.43866353046875 0.5389604263888889