6 0.41843131015625 0.17755109861111112 0.41843131015625 0.2311225527777778 0.4304848875 0.2311225527777778 0.4304848875 0.17755109861111112
6 0.5088331375 0.25867358749999997 0.5088331375 0.2954082972222222 0.51572089453125 0.2954082972222222 0.51572089453125 0.25867358749999997
6 0.46492367890624997 0.4408165263888889 0.46492367890624997 0.45765326805555556 0.46922852812500004 0.45765326805555556 0.46922852812500004 0.4408165263888889
6 0.45717495 0.4423471375 0.45717495 0.45918387916666664 0.46234076875 0.45918387916666664 0.46234076875 0.4423471375
6 0.42445809765625003 0.4423471375 0.42445809765625003 0.4561226541666667 0.42876294765624995 0.4561226541666667 0.42876294765624995 0.4423471375
6 0.6372898375 0.31683687638888886 0.6372898375 0.34897974861111114 0.64245565625 0.34897974861111114 0.64245565625 0.31683687638888886
6 0.0688775828125 0.4102042666666667 0.0688775828125 0.43163284861111106 0.07834825 0.43163284861111106 0.07834825 0.4102042666666667
6 0.38898616015625 0.4086736513888889 0.38898616015625 0.4270410083333333 0.39759585859375 0.4270410083333333 0.39759585859375 0.4086736513888889
6 0.5231252390625001 0.2602041986111111 0.5231252390625001 0.29693890833333336 0.5308739671875 0.29693890833333336 0.5308739671875 0.2602041986111111
6 0.643661034375 0.4086736513888889 0.643661034375 0.4285716194444445 0.6574365515625 0.4285716194444445 0.6574365515625 0.4086736513888889
6 0.794158540625 0.35510220000000003 0.794158540625 0.39183691249999997 0.81826569453125 0.39183691249999997 0.81826569453125 0.35510220000000003
7 0.3864032515625 0.3535715888888889 0.3864032515625 0.3704083305555556 0.40017876796875 0.3704083305555556 0.40017876796875 0.3535715888888889
7 0.38554228125 0.36887771666666663 0.38554228125 0.3918369097222222 0.4001787671875 0.3918369097222222 0.4001787671875 0.36887771666666663
7 0.57598877890625 0.3153062638888889 0.57598877890625 0.33520423194444443 0.6276469648437499 0.33520423194444443 0.6276469648437499 0.3153062638888889
7 0.7807273796875001 0.20510213333333335 0.7807273796875001 0.22959194166666666 0.7927809578125 0.22959194166666666 0.7927809578125 0.20510213333333335
7 0.7850322296875001 0.2341837791666667 0.7850322296875001 0.25255113333333334 0.8186100507812499 0.25255113333333334 0.8186100507812499 0.2341837791666667
7 0.7850322296875001 0.2540817472222222 0.7850322296875001 0.26785726249999997 0.81172229296875 0.26785726249999997 0.81172229296875 0.2540817472222222
7 0.7798664109375 0.2877552305555555 0.7798664109375 0.31071442499999996 0.79191998828125 0.31071442499999996 0.79191998828125 0.2877552305555555
7 0.762647015625 0.31377564999999996 0.762647015625 0.33367361805555557 0.8031125953125 0.33367361805555557 0.8031125953125 0.31377564999999996
7 0.7247643453125 0.37959200555555556 0.7247643453125 0.3918369097222222 0.74887149921875 0.3918369097222222 0.74887149921875 0.37959200555555556
6 0.49884588203125 0.45000020138888885 0.49884588203125 0.4622451055555556 0.5022897609375 0.4622451055555556 0.5022897609375 0.45000020138888885
6 0.77969426015625 0.4530614277777778 0.77969426015625 0.4867349111111111 0.7883039578125 0.4867349111111111 0.7883039578125 0.4530614277777778
6 0.281192734375 0.30306136111111115 0.281192734375 0.3443879083333333 0.292385340625 0.3443879083333333 0.292385340625 0.30306136111111115
4 0.63350154921875 0.4668369430555555 0.63350154921875 0.5311226875 0.64469415625 0.5311226875 0.64469415625 0.4668369430555555
4 0.9053958460937499 0.44387774999999996 0.9053958460937499 0.494387975 0.92433718125 0.494387975 0.92433718125 0.44387774999999996
2 0.054241096093749996 0.4729593958333333 0.054241096093749996 0.5280614611111111 0.11020413124999999 0.5280614611111111 0.11020413124999999 0.4729593958333333
2 0.0051658187500000004 0.4729593958333333 0.0051658187500000004 0.5280614611111111 0.054241096093749996 0.5280614611111111 0.054241096093749996 0.4729593958333333
2 0.09642861484375001 0.4775512361111111 0.09642861484375001 0.5219390111111111 0.1196747984375 0.5219390111111111 0.1196747984375 0.4775512361111111
2 0.11536995000000001 0.4683675583333334 0.11536995000000001 0.5250002375 0.16444522578125 0.5250002375 0.16444522578125 0.4683675583333334
2 0.43651167578125005 0.4836736861111111 0.43651167578125005 0.5035716527777778 0.44339943281250005 0.5035716527777778 0.44339943281250005 0.4836736861111111
2 0.47267240624999995 0.48520430000000003 0.47267240624999995 0.5005104291666667 0.48042113359374994 0.5005104291666667 0.48042113359374994 0.48520430000000003
2 0.49333568046875 0.4836736861111111 0.49333568046875 0.5051022680555556 0.5053892578125 0.5051022680555556 0.5053892578125 0.4836736861111111
2 0.50194537890625 0.4775512361111111 0.50194537890625 0.5066328819444444 0.51658186484375 0.5066328819444444 0.51658186484375 0.4775512361111111
2 0.50711119765625 0.4729593958333333 0.50711119765625 0.5081634930555556 0.52605253203125 0.5081634930555556 0.52605253203125 0.4729593958333333
2 0.5174428343749999 0.46989817222222224 0.5174428343749999 0.5127553333333333 0.5424109578125 0.5127553333333333 0.5424109578125 0.46989817222222224
2 0.4191201015625 0.4821430736111111 0.4191201015625 0.5035716527777778 0.43633949765624996 0.5035716527777778 0.43633949765624996 0.4821430736111111
2 0.44322725546874997 0.46530633194444443 0.44322725546874997 0.5158165569444445 0.47336119765625 0.5158165569444445 0.47336119765625 0.46530633194444443
2 0.5391392828125 0.44387774999999996 0.5391392828125 0.5265308472222222 0.5864926203125 0.5265308472222222 0.5864926203125 0.44387774999999996
2 0.8473664624999999 0.41326549166666665 0.8473664624999999 0.6704084652777778 0.99889714375 0.6704084652777778 0.99889714375 0.41326549166666665
4 0.6727618015625 0.4561226541666667 0.6727618015625 0.5265308472222222 0.68912022734375 0.5265308472222222 0.68912022734375 0.4561226541666667
0 0.3502425203125 0.5035716527777778 0.3502425203125 0.5326533 0.36057415703125 0.5326533 0.36057415703125 0.5035716527777778
0 0.33388409453125 0.4928573638888889 0.33388409453125 0.5341839138888889 0.34852058124999996 0.5341839138888889 0.34852058124999996 0.4928573638888889
0 0.365051184375 0.48826552638888887 0.365051184375 0.5326533013888889 0.38140961015624997 0.5326533013888889 0.38140961015624997 0.48826552638888887
0 0.70530644921875 0.48826552638888887 0.70530644921875 0.5372451388888889 0.75352075625 0.5372451388888889 0.75352075625 0.48826552638888887