2 0.13772047578125 0.4454662263888889 0.13772047578125 0.4658692611111111 0.15302275078125 0.4658692611111111 0.15302275078125 0.4454662263888889
2 0.06694745390625 0.4454662263888889 0.06694745390625 0.49307330555555556 0.14824078984375 0.49307330555555556 0.14824078984375 0.4454662263888889
2 0 0.4284636972222222 0 0.506675325 0.08320612031249999 0.506675325 0.08320612031249999 0.4284636972222222
2 0.6651707671875 0.3919082638888889 0.6651707671875 0.5942383472222222 0.8535800281249999 0.5942383472222222 0.8535800281249999 0.3919082638888889
2 0.65656323828125 0.4259133208333334 0.65656323828125 0.4650191347222222 0.69673171015625 0.4650191347222222 0.69673171015625 0.4259133208333334
2 0.505453271875 0.4322892680555555 0.505453271875 0.44589129166666663 0.51214801796875 0.44589129166666663 0.51214801796875 0.4322892680555555
2 0.49302017265625003 0.4322892680555555 0.49302017265625003 0.4475915444444445 0.50545327109375 0.4475915444444445 0.50545327109375 0.4322892680555555
2 0.4796306828125 0.43398952083333336 0.4796306828125 0.4628938180555556 0.49971491874999996 0.4628938180555556 0.49971491874999996 0.43398952083333336
2 0.46815397656249996 0.42208775555555555 0.46815397656249996 0.44079053472222224 0.48249986015625 0.44079053472222224 0.48249986015625 0.42208775555555555
2 0.56570597890625 0.43058901527777776 0.56570597890625 0.45609280694444443 0.5991797062499999 0.45609280694444443 0.5991797062499999 0.43058901527777776
2 0.40216291562500006 0.4322892680555555 0.40216291562500006 0.45269230277777783 0.42702911171875 0.45269230277777783 0.42702911171875 0.4322892680555555
2 0.3897298171875 0.435689775 0.3897298171875 0.44929179583333334 0.4031193078125 0.44929179583333334 0.4031193078125 0.435689775
2 0.375383934375 0.43398952083333336 0.375383934375 0.4475915444444445 0.38686064062500003 0.4475915444444445 0.38686064062500003 0.43398952083333336
2 0.36103805234375 0.4322892680555555 0.36103805234375 0.44929179583333334 0.37442754140625 0.44929179583333334 0.37442754140625 0.4322892680555555
2 0.34477938359375 0.43398952083333336 0.34477938359375 0.44929179722222223 0.3533869140625 0.44929179722222223 0.3533869140625 0.43398952083333336
2 0.337128246875 0.4322892680555555 0.337128246875 0.4509920486111111 0.34382299296875 0.4509920486111111 0.34382299296875 0.4322892680555555
2 0.31417483515625 0.43058901527777776 0.31417483515625 0.45609280694444443 0.33234628671875 0.45609280694444443 0.33234628671875 0.43058901527777776
2 0.28930863671874996 0.43739002777777775 0.28930863671874996 0.45609280694444443 0.30843648125 0.45609280694444443 0.30843648125 0.43739002777777775
2 0.23861985156249998 0.4424907861111111 0.23861985156249998 0.48669735694444444 0.28165749921875 0.48669735694444444 0.28165749921875 0.4424907861111111
2 0.10150907265625 0.44206572222222223 0.10150907265625 0.5610834194444444 0.28131080390625 0.5610834194444444 0.28131080390625 0.44206572222222223
2 0.789728890625 0.3757558638888889 0.789728890625 0.7345092013888889 0.9991787796875 0.7345092013888889 0.9991787796875 0.3757558638888889
5 0.61572529296875 0.41146117083333333 0.61572529296875 0.47097001944444444 0.6224200390625 0.47097001944444444 0.6224200390625 0.41146117083333333
5 0.6013794109374999 0.42166268749999997 0.6013794109374999 0.4726702694444444 0.6109433320312501 0.4726702694444444 0.6109433320312501 0.42166268749999997
5 0.53156278203125 0.4233629416666667 0.53156278203125 0.45566774583333336 0.53730113515625 0.45566774583333336 0.53730113515625 0.4233629416666667
2 0.42731603359375 0.4199624347222222 0.42731603359375 0.47097001805555555 0.47953503828125 0.47097001805555555 0.47953503828125 0.4199624347222222
7 0.52888488125 0.33920042916666665 0.52888488125 0.35280245 0.546099940625 0.35280245 0.546099940625 0.33920042916666665
7 0.05585330390625 0.25503791666666664 0.05585330390625 0.2924434777777778 0.06733001093749999 0.2924434777777778 0.06733001093749999 0.25503791666666664
7 0.35137848515625 0.3791563680555556 0.35137848515625 0.3995594027777778 0.3599860140625 0.3995594027777778 0.3599860140625 0.3791563680555556
7 0.61189973984375 0.35875333750000005 0.61189973984375 0.3689548541666667 0.619550878125 0.3689548541666667 0.619550878125 0.35875333750000005
7 0.5688620906249999 0.3791563680555556 0.5688620906249999 0.38765763194444447 0.58033879765625 0.38765763194444447 0.58033879765625 0.3791563680555556
7 0.5755568375 0.3621538402777778 0.5755568375 0.3689548541666667 0.5889463273437501 0.3689548541666667 0.5889463273437501 0.3621538402777778
7 0.87375993828125 0.24653665416666667 0.87375993828125 0.2822419611111111 0.8976697429687499 0.2822419611111111 0.8976697429687499 0.24653665416666667
7 0.5587243281250001 0.39785915000000005 0.5587243281250001 0.4063604138888889 0.56637546484375 0.4063604138888889 0.56637546484375 0.39785915000000005
7 0.0484572015625 0.3190807666666667 0.0484572015625 0.33608329444444446 0.06471586875 0.33608329444444446 0.06471586875 0.3190807666666667
6 0.2065807125 0.3797231236111111 0.2065807125 0.4018264069444445 0.21136267343749998 0.4018264069444445 0.21136267343749998 0.3797231236111111
6 0.21231906562499997 0.3746223680555556 0.21231906562499997 0.4018264125 0.21997020234375003 0.4018264125 0.21997020234375003 0.3746223680555556
6 0.4211313703125 0.3474183236111111 0.4211313703125 0.3644208486111111 0.42591333203125004 0.3644208486111111 0.42591333203125004 0.3474183236111111
6 0.50720666640625 0.33721680416666666 0.50720666640625 0.35761983888888893 0.511988628125 0.35761983888888893 0.511988628125 0.33721680416666666
6 0.42712475000000005 0.3424309111111111 0.42712475000000005 0.3628339458333333 0.43228926953125 0.3628339458333333 0.43228926953125 0.3424309111111111
6 0.5141564398437499 0.33392964861111113 0.5141564398437499 0.35773318750000005 0.51989479296875 0.35773318750000005 0.51989479296875 0.33392964861111113
6 0.6032921953125 0.3390304069444444 0.6032921953125 0.3679347041666666 0.6109433320312501 0.3679347041666666 0.6109433320312501 0.3390304069444444
7 0.39116440546875003 0.3509321736111111 0.39116440546875003 0.37133520833333333 0.40168471953124996 0.37133520833333333 0.40168471953124996 0.3509321736111111
2 0.61304739375 0.3747357138888889 0.61304739375 0.39513874861111115 0.6235677078124999 0.39513874861111115 0.6235677078124999 0.3747357138888889
7 0.85724620078125 0.11278342499999999 0.85724620078125 0.19949631944444443 0.91271694765625 0.19949631944444443 0.91271694765625 0.11278342499999999
6 0.622930115625 0.40125965277777775 0.622930115625 0.4369649638888889 0.64588352734375 0.4369649638888889 0.64588352734375 0.40125965277777775