6 0.625083184375 0.2699998069444444 0.625083184375 0.30515603333333335 0.63299333515625 0.30515603333333335 0.63299333515625 0.2699998069444444
6 0.39173373515625 0.21843734305555557 0.39173373515625 0.2629685625 0.3996438859375 0.2629685625 0.3996438859375 0.21843734305555557
6 0.7147315609375 0.40124971666666664 0.7147315609375 0.43171844444444446 0.73450693828125 0.43171844444444446 0.73450693828125 0.40124971666666664
6 0.37855015078125 0.22078109305555557 0.37855015078125 0.2582810638888889 0.38777866171875003 0.2582810638888889 0.38777866171875003 0.22078109305555557
6 0.39964388671875 0.22546858749999998 0.39964388671875 0.26765605833333334 0.41019075390625004 0.26765605833333334 0.41019075390625004 0.22546858749999998
6 0.6132179585937501 0.26531230972222225 0.6132179585937501 0.30515603194444446 0.62244646640625 0.30515603194444446 0.62244646640625 0.26531230972222225
6 0.83865725546875 0.34734350416666665 0.83865725546875 0.38484347500000005 0.8623877085937499 0.38484347500000005 0.8623877085937499 0.34734350416666665
6 0.825473671875 0.36140599444444443 0.825473671875 0.38953097500000006 0.8360205390625 0.38953097500000006 0.8360205390625 0.36140599444444443
6 0.20490122421875 0.3578656972222222 0.20490122421875 0.38953097500000006 0.23089400312500002 0.38953097500000006 0.23089400312500002 0.3578656972222222
6 0.3719583578125 0.3942184708333333 0.3719583578125 0.4223434513888889 0.39173373671875 0.4223434513888889 0.39173373671875 0.3942184708333333
7 0.23221236015625002 0.3707809875 0.23221236015625002 0.38953097500000006 0.26385296328124996 0.38953097500000006 0.26385296328124996 0.3707809875
7 0.383823584375 0.37781223333333336 0.383823584375 0.394218475 0.4049173203125 0.394218475 0.4049173203125 0.37781223333333336
7 0.37855015078125 0.3567184958333333 0.37855015078125 0.3707809875 0.39568881093749997 0.3707809875 0.39568881093749997 0.3567184958333333
7 0.65540542890625 0.3098435305555556 0.65540542890625 0.3309372638888889 0.7015479757812499 0.3309372638888889 0.7015479757812499 0.3098435305555556
7 0.8294287468749999 0.2699998069444444 0.8294287468749999 0.29343729027777776 0.8597509929687501 0.29343729027777776 0.8597509929687501 0.2699998069444444
7 0.8043799359375001 0.30749978194444444 0.8043799359375001 0.3356247625 0.8412939734375 0.3356247625 0.8412939734375 0.30749978194444444
5 0.538071525 0.45281218194444445 0.538071525 0.5114058916666667 0.5538918265625 0.5114058916666667 0.5538918265625 0.45281218194444445
5 0.4589700171875 0.44343718749999994 0.4589700171875 0.5746870972222222 0.4998391296875 0.5746870972222222 0.4998391296875 0.44343718749999994
3 0.5354348085937499 0.4809371625 0.5354348085937499 0.5207808847222223 0.54907127265625 0.5207808847222223 0.54907127265625 0.4809371625
3 0.4589700171875 0.48562465972222224 0.4589700171875 0.6004683291666667 0.49852077109375 0.6004683291666667 0.49852077109375 0.48562465972222224
2 0.56707541171875 0.45281218194444445 0.56707541171875 0.47156216944444446 0.5736672031250001 0.47156216944444446 0.5736672031250001 0.45281218194444445
2 0.56048361953125 0.45515593055555553 0.56048361953125 0.4809371625 0.56971213046875 0.4809371625 0.56971213046875 0.45515593055555553
2 0.5499367515625 0.4574996763888889 0.5499367515625 0.4809371611111111 0.5644386945312501 0.4809371611111111 0.5644386945312501 0.4574996763888889
2 0.5275246570312501 0.4574996763888889 0.5275246570312501 0.48796840555555554 0.5407082421875 0.48796840555555554 0.5407082421875 0.4574996763888889
2 0.51170435625 0.45984342638888887 0.51170435625 0.4903121555555555 0.5314797328124999 0.4903121555555555 0.5314797328124999 0.45984342638888887
2 0.49852077109375 0.4645309236111111 0.49852077109375 0.5043746444444445 0.514341075 0.5043746444444445 0.514341075 0.4645309236111111
2 0.48797390390624995 0.45515593055555553 0.48797390390624995 0.4809371625 0.5024758484375 0.4809371625 0.5024758484375 0.45515593055555553
2 0.420737621875 0.46687467222222223 0.420737621875 0.5301558791666667 0.46951688515625 0.5301558791666667 0.46951688515625 0.46687467222222223
2 0.60794452421875 0.45281218194444445 0.60794452421875 0.4762496666666667 0.6184913921875 0.4762496666666667 0.6184913921875 0.45281218194444445
2 0.6132179585937501 0.4574996763888889 0.6132179585937501 0.48328091111111116 0.625083184375 0.48328091111111116 0.625083184375 0.4574996763888889
2 0.6184913921875 0.45515593055555553 0.6184913921875 0.4973434027777778 0.6356300523437499 0.4973434027777778 0.6356300523437499 0.45515593055555553
2 0.6303566179687501 0.44343718749999994 0.6303566179687501 0.5043746472222222 0.65804214453125 0.5043746472222222 0.65804214453125 0.44343718749999994
2 0.6356300523437499 0.45515593055555553 0.6356300523437499 0.5067183944444444 0.6725440875 0.5067183944444444 0.6725440875 0.45515593055555553
2 0.15442921171875 0.4246872013888889 0.15442921171875 0.5114058916666667 0.24539594609374998 0.5114058916666667 0.24539594609374998 0.4246872013888889
2 0.7015479757812499 0.43171844722222225 0.7015479757812499 0.6309370597222222 0.86106935 0.6309370597222222 0.86106935 0.43171844722222225
2 0.12410696640625 0.4364059430555556 0.12410696640625 0.6848432722222222 0.3970071703125 0.6848432722222222 0.3970071703125 0.4364059430555556
2 0.6409034859375 0.4739059166666667 0.6409034859375 0.5371871236111111 0.6857276742187499 0.5371871236111111 0.6857276742187499 0.4739059166666667
2 0 0.4739059166666667 0 0.7223432458333333 0.15442921171875 0.7223432458333333 0.15442921171875 0.4739059166666667
2 0.7859229179687499 0.4762496638888889 0.7859229179687499 0.7668744652777778 0.9994969906250001 0.7668744652777778 0.9994969906250001 0.4762496638888889
2 0.91116697109375 0.5793745958333333 0.91116697109375 0.9824993194444444 0.9994969906250001 0.9824993194444444 0.9994969906250001 0.5793745958333333
2 0.5900915398437501 0.44501986944444444 0.5900915398437501 0.46458509166666667 0.60509895546875 0.46458509166666667 0.60509895546875 0.44501986944444444