6 0.48322041484374995 0.5407162944444445 0.48322041484374995 0.5639921625000001 0.488256059375 0.5639921625000001 0.488256059375 0.5407162944444445
6 0.51947705390625 0.5156499763888889 0.51947705390625 0.5478781 0.52551982734375 0.5478781 0.52551982734375 0.5156499763888889
6 0.6614822234375 0.5299735875 0.6614822234375 0.5550399055555556 0.66651786796875 0.5550399055555556 0.66651786796875 0.5299735875
6 0.41574278124999997 0.5622017111111112 0.41574278124999997 0.5908489319444444 0.4237998125 0.5908489319444444 0.4237998125 0.5622017111111112
6 0.38049327109375 0.5263926847222222 0.38049327109375 0.5478781 0.3875431734375 0.5478781 0.3875431734375 0.5263926847222222
6 0.37142911171875 0.5407162944444445 0.37142911171875 0.5675730652777777 0.37747188515625 0.5675730652777777 0.37747188515625 0.5407162944444445
6 0.2938801890625 0.5228117819444444 0.2938801890625 0.5550399055555556 0.29891583359374996 0.5550399055555556 0.29891583359374996 0.5228117819444444
2 0.42682119921875 0.5998011888888889 0.42682119921875 0.6427720194444445 0.44797090468749995 0.6427720194444445 0.44797090468749995 0.5998011888888889
2 0.5033629921875 0.6087534444444445 0.5033629921875 0.6338197625 0.52149131171875 0.6338197625 0.52149131171875 0.6087534444444445
2 0.57084062578125 0.5980107375 0.57084062578125 0.6606765333333333 0.62119706875 0.6606765333333333 0.62119706875 0.5980107375
6 0.57084062578125 0.5657826138888888 0.57084062578125 0.5890584805555555 0.577890528125 0.5890584805555555 0.577890528125 0.5657826138888888
2 0.44494951875 0.5836871263888889 0.44494951875 0.6803714972222222 0.5013487343749999 0.6803714972222222 0.5013487343749999 0.5836871263888889
3 0.64536816171875 0.6051725416666667 0.64536816171875 0.7394563902777778 0.6977388625 0.7394563902777778 0.6977388625 0.6051725416666667
5 0.65543945078125 0.5568303569444445 0.65543945078125 0.6803714972222222 0.6957246046875001 0.6803714972222222 0.6957246046875001 0.5568303569444445
2 0.6725606414062499 0.47984095 0.6725606414062499 0.9990718305555556 0.9978632632812501 0.9990718305555556 0.9978632632812501 0.47984095