2 0.0009748078125000001 0.6117460791666667 0.0009748078125000001 0.7815792680555556 0.10235482343749999 0.7815792680555556 0.10235482343749999 0.6117460791666667
2 0.7077104960937499 0.5944161625000001 0.7077104960937499 0.7538514013888888 0.9016972578125 0.7538514013888888 0.9016972578125 0.5944161625000001
2 0.30511485546875 0.6152120624999999 0.30511485546875 0.6672018138888889 0.3616537109375 0.6672018138888889 0.3616537109375 0.6152120624999999
2 0.08773270625 0.6100130875 0.08773270625 0.7347884916666667 0.219331765625 0.7347884916666667 0.219331765625 0.6100130875
2 0.20081041640625 0.6117460791666667 0.20081041640625 0.7105266083333334 0.2748958125 0.7105266083333334 0.2748958125 0.6117460791666667
2 0.6375243312500001 0.6100130875 0.6375243312500001 0.6862647236111111 0.71258453515625 0.6862647236111111 0.71258453515625 0.6100130875
2 0.6131541351562501 0.6065471041666667 0.6131541351562501 0.6689348055555555 0.6482472171875 0.6689348055555555 0.6482472171875 0.6065471041666667
2 0.597557209375 0.6013481291666667 0.597557209375 0.6602698472222223 0.62972586875 0.6602698472222223 0.62972586875 0.6013481291666667
2 0.581960284375 0.6013481291666667 0.581960284375 0.6464059138888889 0.6043808625 0.6464059138888889 0.6043808625 0.6013481291666667
2 0.5751366289062501 0.5961491541666667 0.5751366289062501 0.6446729222222223 0.5985320171875 0.6446729222222223 0.5985320171875 0.5961491541666667
2 0.555640471875 0.6065471041666667 0.555640471875 0.6273430041666667 0.57318701328125 0.6273430041666667 0.57318701328125 0.6065471041666667
2 0.5468672015625 0.5978821458333333 0.5468672015625 0.6204110375 0.56051451171875 0.6204110375 0.56051451171875 0.5978821458333333
2 0.540043546875 0.5961491541666667 0.540043546875 0.6134790708333333 0.5468672015625 0.6134790708333333 0.5468672015625 0.5961491541666667
2 0.364578134375 0.6082800958333333 0.364578134375 0.6550708722222223 0.39869640859375 0.6550708722222223 0.39869640859375 0.6082800958333333
2 0.3996712171875 0.6065471041666667 0.3996712171875 0.6446729222222223 0.42501622109375 0.6446729222222223 0.42501622109375 0.6065471041666667
2 0.4191673734375 0.5996151375 0.4191673734375 0.6342749722222222 0.44256276171875 0.6342749722222222 0.44256276171875 0.5996151375
2 0.44256276171875 0.6134790708333333 0.44256276171875 0.6308089888888889 0.45426045625 0.6308089888888889 0.45426045625 0.6134790708333333
2 0.45426045625 0.6117460791666667 0.45426045625 0.6308089888888889 0.46595814999999996 0.6308089888888889 0.46595814999999996 0.6117460791666667
2 0.45913449531249995 0.5996151375 0.45913449531249995 0.6186780458333333 0.47960546015625 0.6186780458333333 0.47960546015625 0.5996151375
7 0.34508197734375 0.5632223111111111 0.34508197734375 0.5874841944444444 0.3655529421875 0.5874841944444444 0.3655529421875 0.5632223111111111
7 0.56148931953125 0.5718872694444445 0.56148931953125 0.5909501791666667 0.57318701328125 0.5909501791666667 0.57318701328125 0.5718872694444445