7 0.38389386796874997 0.33874628055555556 0.38389386796874997 0.36428564027777777 0.41695508593749997 0.36428564027777777 0.41695508593749997 0.33874628055555556
7 0.43658518515625 0.33874628055555556 0.43658518515625 0.35160341944444445 0.44794997734375 0.35160341944444445 0.44794997734375 0.33874628055555556
7 0.5409346515625 0.3681340305555556 0.5409346515625 0.3865013722222222 0.54919995703125 0.3865013722222222 0.54919995703125 0.3681340305555556
7 0.85221192265625 0.3038483305555556 0.85221192265625 0.35527689027777776 0.91213537890625 0.35527689027777776 0.91213537890625 0.3038483305555556
7 0.6020388664062499 0.3699707611111111 0.6020388664062499 0.3736442291666667 0.610304171875 0.3736442291666667 0.610304171875 0.3699707611111111
7 0.6020388664062499 0.37180749722222217 0.6020388664062499 0.3828279041666667 0.6113373359375001 0.3828279041666667 0.6113373359375001 0.37180749722222217
7 0.31570510859375 0.37180749722222217 0.31570510859375 0.3809911680555556 0.32397041249999997 0.3809911680555556 0.32397041249999997 0.37180749722222217
7 0.24441685703125 0.3846646402777778 0.24441685703125 0.3993585152777778 0.2516489984375 0.3993585152777778 0.2516489984375 0.3846646402777778
7 0.18139391171875 0.39017484166666666 0.18139391171875 0.40670544999999997 0.18759288984375 0.40670544999999997 0.18759288984375 0.39017484166666666
7 0.16383013984375 0.3754809652777778 0.16383013984375 0.4030319819444444 0.17726126015625 0.4030319819444444 0.17726126015625 0.3754809652777778
2 0.18803567265625 0.4000407291666666 0.18803567265625 0.43677541527777775 0.23969382578124998 0.43677541527777775 0.23969382578124998 0.4000407291666666
2 0.2706887171875 0.3926937916666667 0.2706887171875 0.4220815388888889 0.289285653125 0.4220815388888889 0.289285653125 0.3926937916666667
2 0.29031881484375 0.39636725972222225 0.29031881484375 0.4165713402777778 0.314081565625 0.4165713402777778 0.314081565625 0.39636725972222225
9 0.3285458484375 0.37432645138888887 0.3285458484375 0.3926937958333333 0.33991064296875 0.3926937958333333 0.33991064296875 0.37432645138888887
9 0.3616070671875 0.37432645138888887 0.3616070671875 0.3963672638888889 0.37090553359375 0.3963672638888889 0.37090553359375 0.37432645138888887
9 0.3512754359375 0.3633060486111111 0.3512754359375 0.3835101277777778 0.36264022812499996 0.3835101277777778 0.36264022812499996 0.3633060486111111
9 0.8145457390624999 0.3265713625 0.8145457390624999 0.35044890833333336 0.837275325 0.35044890833333336 0.837275325 0.3265713625
2 0.39501268203125 0.3661223763888889 0.39501268203125 0.3753060458333333 0.4032779875 0.3753060458333333 0.4032779875 0.3661223763888889
2 0.40431114921875 0.36244890555555553 0.40431114921875 0.3753060458333333 0.41464277968749996 0.3753060458333333 0.41464277968749996 0.36244890555555553
2 0.4022448234375 0.37163257777777775 0.4022448234375 0.3863264541666667 0.410510128125 0.3863264541666667 0.410510128125 0.37163257777777775
2 0.38674737656249997 0.3661223763888889 0.38674737656249997 0.38081625 0.39397951796875 0.38081625 0.39397951796875 0.3661223763888889
2 0.339221878125 0.3918366555555555 0.339221878125 0.4028570625 0.35058667187500003 0.4028570625 0.35058667187500003 0.3918366555555555
2 0.34232136640625 0.3979591083333333 0.34232136640625 0.4089795138888889 0.3557524875 0.4089795138888889 0.3557524875 0.3979591083333333
2 0.32682392109374997 0.3942856402777778 0.32682392109374997 0.41632645 0.340255040625 0.41632645 0.340255040625 0.3942856402777778
2 0.3133928015625 0.3961223736111111 0.3133928015625 0.4144897180555555 0.32682392109374997 0.4144897180555555 0.32682392109374997 0.3961223736111111
9 0.4673340953125 0.3685713597222222 0.4673340953125 0.38326523333333334 0.48179837656249996 0.38326523333333334 0.48179837656249996 0.3685713597222222
1 0.45218104765625 0.36428564166666666 0.45218104765625 0.3789795180555556 0.46044635156249997 0.3789795180555556 0.46044635156249997 0.36428564166666666
2 0.37917083749999997 0.37469379861111113 0.37917083749999997 0.389387675 0.38433665234375003 0.389387675 0.38433665234375003 0.37469379861111113
2 0.37090553515625 0.3820407347222222 0.37090553515625 0.3967346111111111 0.378137675 0.3967346111111111 0.378137675 0.3820407347222222
2 0.36780604375000003 0.39306114305555556 0.36780604375000003 0.4077550166666667 0.3760713484375 0.4077550166666667 0.3760713484375 0.39306114305555556
2 0.436339203125 0.3581631888888889 0.436339203125 0.3728570625 0.44667083359375 0.3728570625 0.44667083359375 0.3581631888888889
2 0.44253818203125006 0.3673468611111111 0.44253818203125006 0.38387746805555556 0.4528698125 0.38387746805555556 0.4528698125 0.3673468611111111
2 0.434272878125 0.37102032916666666 0.434272878125 0.3857142027777778 0.44047185625 0.3857142027777778 0.44047185625 0.37102032916666666
2 0.42600757343750006 0.37102032916666666 0.42600757343750006 0.38755093611111113 0.435306040625 0.38755093611111113 0.435306040625 0.37102032916666666
2 0.46010195390625 0.37653053194444447 0.46010195390625 0.39306114305555556 0.4683672578125 0.39306114305555556 0.4683672578125 0.37653053194444447
2 0.45596930234375 0.39489787499999995 0.45596930234375 0.41326521805555555 0.4683672578125 0.41326521805555555 0.4683672578125 0.39489787499999995
2 0.4497703234375 0.3912244069444445 0.4497703234375 0.40959175000000003 0.4570024640625 0.40959175000000003 0.4570024640625 0.3912244069444445
2 0.44047185468750005 0.3857142041666667 0.44047185468750005 0.40408154583333333 0.450803484375 0.40408154583333333 0.450803484375 0.3857142041666667
2 0.46526776953125 0.3857142041666667 0.46526776953125 0.42979582638888886 0.49316317187500003 0.42979582638888886 0.49316317187500003 0.3857142041666667
2 0.48593102890625 0.37653053194444447 0.48593102890625 0.44816317222222224 0.530357040625 0.44816317222222224 0.530357040625 0.37653053194444447
2 0.56548458515625 0.3857142041666667 0.56548458515625 0.43897949861111113 0.59337998671875 0.43897949861111113 0.59337998671875 0.3857142041666667
2 0.95395392109375 0.36122442222222223 0.95395392109375 0.4971427611111111 0.99837993203125 0.4971427611111111 0.99837993203125 0.36122442222222223
2 0.41464277968749996 0.3906121694444445 0.41464277968749996 0.431020325 0.44047185625 0.431020325 0.44047185625 0.3906121694444445
2 0.51382643203125 0.3906121694444445 0.51382643203125 0.47142847916666664 0.58201519296875 0.47142847916666664 0.58201519296875 0.3906121694444445
9 0.74732131171875 0.3502040152777778 0.74732131171875 0.5375509152777778 0.97771667109375 0.5375509152777778 0.97771667109375 0.3502040152777778