7 0.07311058828125 0.3517973208333333 0.07311058828125 0.3639282625 0.0945563609375 0.3639282625 0.0945563609375 0.3517973208333333
7 0.24370196171875 0.3431323611111111 0.24370196171875 0.3535303138888889 0.25345003984375 0.3535303138888889 0.25345003984375 0.3431323611111111
7 0.540043546875 0.35006432916666663 0.540043546875 0.36739424583333335 0.56343893515625 0.36739424583333335 0.56343893515625 0.35006432916666663
7 0.723307421875 0.2599487583333333 0.723307421875 0.28940961805555554 0.74670281015625 0.28940961805555554 0.74670281015625 0.2599487583333333
4 0.03314346640625 0.28421064305555555 0.03314346640625 0.33620039444444444 0.048740392187499995 0.33620039444444444 0.048740392187499995 0.28421064305555555
2 0 0.42458297222222224 0 0.6065471041666667 0.0448411609375 0.6065471041666667 0.0448411609375 0.42458297222222224
2 0.01462211796875 0.42631596527777776 0.01462211796875 0.5788192347222222 0.1286746359375 0.5788192347222222 0.1286746359375 0.42631596527777776
2 0.11892655703124999 0.4159180138888888 0.11892655703124999 0.5337614513888889 0.19886080078124999 0.5337614513888889 0.19886080078124999 0.4159180138888888
2 0.189112721875 0.4211169888888889 0.189112721875 0.5094995694444445 0.2407775390625 0.5094995694444445 0.2407775390625 0.4211169888888889
2 0.7281814609375 0.3431323611111111 0.7281814609375 0.885558773611111 0.9982032343749999 0.885558773611111 0.9982032343749999 0.3431323611111111
2 0.61412894296875 0.3951221138888889 0.61412894296875 0.6585368555555556 0.8285866687500001 0.6585368555555556 0.8285866687500001 0.3951221138888889
2 0.56051451171875 0.4107190388888889 0.56051451171875 0.5736202611111112 0.670667796875 0.5736202611111112 0.670667796875 0.4107190388888889
2 0.51664815859375 0.43324793194444444 0.51664815859375 0.5302954680555556 0.5848847078125 0.5302954680555556 0.5848847078125 0.43324793194444444
2 0.47180699765625 0.42631596527777776 0.47180699765625 0.46790776666666667 0.4893535375 0.46790776666666667 0.4893535375 0.42631596527777776
2 0.39187275390625 0.4089860472222222 0.39187275390625 0.5580233361111111 0.48350469140624996 0.5580233361111111 0.48350469140624996 0.4089860472222222
2 0.2797698515625 0.42631596527777776 0.2797698515625 0.4661747708333333 0.3138881265625 0.4661747708333333 0.3138881265625 0.42631596527777776
2 0.30219043203124996 0.41938399722222225 0.30219043203124996 0.4540438319444445 0.3246110125 0.4540438319444445 0.3246110125 0.41938399722222225
2 0.30998889531249996 0.41245203055555557 0.30998889531249996 0.4505778486111111 0.33338428359375 0.4505778486111111 0.33338428359375 0.41245203055555557
2 0.33240947578125 0.4159180138888888 0.33240947578125 0.44537887361111117 0.34215755390624997 0.44537887361111117 0.34215755390624997 0.4159180138888888
2 0.34215755390624997 0.41938399722222225 0.34215755390624997 0.44537887361111117 0.35288043984375 0.44537887361111117 0.35288043984375 0.41938399722222225
2 0.34898120859375 0.4228499805555555 0.34898120859375 0.43671391666666665 0.36262851875 0.43671391666666665 0.36262851875 0.4228499805555555
2 0.364578134375 0.41938399722222225 0.364578134375 0.4315149416666667 0.3733514046875 0.4315149416666667 0.3733514046875 0.41938399722222225
2 0.38114986796875 0.41938399722222225 0.38114986796875 0.43671391527777775 0.39187275390625 0.43671391527777775 0.39187275390625 0.41938399722222225