2 0.19468859921874998 0.3853498444444444 0.19468859921874998 0.4153356791666667 0.21245281249999998 0.4153356791666667 0.21245281249999998 0.3853498444444444
2 0.1379866671875 0.38762893055555553 0.1379866671875 0.4159736708333333 0.19397085390625 0.4159736708333333 0.19397085390625 0.38762893055555553
2 0.33393132109375 0.3879018333333333 0.33393132109375 0.39683378055555557 0.34254427265625 0.39683378055555557 0.34254427265625 0.3879018333333333
2 0.32603611484375 0.3879018333333333 0.32603611484375 0.39810977638888895 0.33393132109375 0.39810977638888895 0.33393132109375 0.3879018333333333
2 0.41001239609375 0.37641789444444446 0.41001239609375 0.407041725 0.42149633203125003 0.407041725 0.42149633203125003 0.37641789444444446
2 0.40355268203124994 0.3725899194444445 0.40355268203124994 0.3789698833333333 0.4143188734375 0.3789698833333333 0.4143188734375 0.3725899194444445
2 0.39093231875 0.37641789444444446 0.39093231875 0.4215029763888889 0.4193430921875 0.4215029763888889 0.4193430921875 0.37641789444444446
2 0.48537572500000004 0.3700379305555555 0.48537572500000004 0.3904538152777778 0.4932709296875 0.3904538152777778 0.4932709296875 0.3700379305555555
2 0.4918354390625 0.35488994444444444 0.4918354390625 0.3917298111111111 0.4968596609375 0.3917298111111111 0.4968596609375 0.35488994444444444
2 0.45983593359375 0.3564273416666666 0.45983593359375 0.43298691250000004 0.48711027890625 0.43298691250000004 0.48711027890625 0.3564273416666666
2 0.00001493671875 0.3474953847222222 0.00001493671875 0.7530180916666668 0.19553451328125 0.7530180916666668 0.19553451328125 0.3474953847222222
2 0.72493838671875 0.3360114486111111 0.72493838671875 0.4582637388888889 0.86180786875 0.4582637388888889 0.86180786875 0.3360114486111111
2 0.6818586890625 0.3642959625 0.6818586890625 0.4000237611111111 0.7105685265624999 0.4000237611111111 0.7105685265624999 0.3642959625
2 0.53687399921875 0.3462194013888889 0.53687399921875 0.43830355 0.6018300101562499 0.43830355 0.6018300101562499 0.3462194013888889
2 0.41318244453124997 0.36025532083333334 0.41318244453124997 0.4692008069444445 0.47976192265625006 0.4692008069444445 0.47976192265625006 0.36025532083333334
2 0.3406900984375 0.36557195694444444 0.3406900984375 0.44574684444444446 0.398109778125 0.44574684444444446 0.398109778125 0.36557195694444444
2 0.2095818296875 0.3653592958333333 0.2095818296875 0.4661627305555555 0.29571134609375 0.4661627305555555 0.29571134609375 0.3653592958333333
9 0.498525865625 0.3419660888888889 0.498525865625 0.40193775277777777 0.5308244359375001 0.40193775277777777 0.5308244359375001 0.3419660888888889
9 0.28145896484375 0.35436144999999997 0.28145896484375 0.40284917638888884 0.3151930265625 0.40284917638888884 0.3151930265625 0.35436144999999997
2 0.293660646875 0.38626126944444444 0.293660646875 0.40029719027777777 0.31519302890625 0.40029719027777777 0.31519302890625 0.38626126944444444
7 0.59716466171875 0.3298441555555556 0.59716466171875 0.35876294583333335 0.61179133828125 0.35876294583333335 0.61179133828125 0.3298441555555556
7 0.41772816484374997 0.3326695722222222 0.41772816484374997 0.3518094666666667 0.44428476562499997 0.3518094666666667 0.44428476562499997 0.3326695722222222
2 0.31314438125 0.3807560708333333 0.31314438125 0.4034364875 0.32590211562500004 0.4034364875 0.32590211562500004 0.3807560708333333