7 0.7621726882812501 0.2877631611111111 0.7621726882812501 0.3517105291666667 0.8001414390624999 0.3517105291666667 0.8001414390624999 0.2877631611111111
2 0.46823960390624997 0.3737875861111111 0.46823960390624997 0.3862217972222223 0.476233025 0.3862217972222223 0.476233025 0.3737875861111111
2 0.4572486515625 0.37734021805555557 0.4572486515625 0.39155074444444443 0.46724042812500005 0.39155074444444443 0.46724042812500005 0.37734021805555557
2 0.44725687421875 0.37734021805555557 0.44725687421875 0.38977442916666666 0.45724865000000003 0.38977442916666666 0.45724865000000003 0.37734021805555557
2 0.439263453125 0.37556390416666663 0.439263453125 0.38977442916666666 0.44725687421875 0.38977442916666666 0.44725687421875 0.37556390416666663
2 0.39230210468750004 0.3737875861111111 0.39230210468750004 0.41997179722222217 0.43326838828124997 0.41997179722222217 0.43326838828124997 0.3737875861111111
2 0.35333417578125 0.37556390416666663 0.35333417578125 0.39155074444444443 0.370320196875 0.39155074444444443 0.370320196875 0.37556390416666663
2 0.2773966765625 0.37734021805555557 0.2773966765625 0.40043232361111114 0.29837940546874997 0.40043232361111114 0.29837940546874997 0.37734021805555557
2 0.18846986640625002 0.3649060083333333 0.18846986640625002 0.41286653472222223 0.24342463671874998 0.41286653472222223 0.24342463671874998 0.3649060083333333
9 0.0001812703125 0.3613533777777778 0.0001812703125 0.42328095833333335 0.14256398515625 0.42328095833333335 0.14256398515625 0.3613533777777778
2 0.47723220390625 0.37734021805555557 0.47723220390625 0.39865600833333337 0.48822315781250003 0.39865600833333337 0.48822315781250003 0.37734021805555557
2 0.5462275109375 0.35881579166666666 0.5462275109375 0.4014473694444444 0.561215175 0.4014473694444444 0.561215175 0.35881579166666666
9 0.56221435234375 0.3446052652777778 0.56221435234375 0.4085526333333333 0.5911905046875 0.4085526333333333 0.5911905046875 0.3446052652777778
2 0.58319708359375 0.3676973694444444 0.58319708359375 0.4298684222222222 0.6251625445312501 0.4298684222222222 0.6251625445312501 0.3676973694444444
9 0.4912727421875 0.3446052652777778 0.4912727421875 0.4440789513888889 0.54922504375 0.4440789513888889 0.54922504375 0.3446052652777778
9 0.61429439921875 0.25223684305555555 0.61429439921875 0.6785526347222223 0.999976965625 0.6785526347222223 0.999976965625 0.25223684305555555