2 0.05589841718750001 0.44866055555555556 0.05589841718750001 0.5499105180555556 0.15398431953125 0.5499105180555556 0.15398431953125 0.44866055555555556
2 0.1824608734375 0.4617855513888889 0.1824608734375 0.5255355277777778 0.22042961015625 0.5255355277777778 0.22042961015625 0.4617855513888889
2 0.22148429687500001 0.4542855513888889 0.22148429687500001 0.529285525 0.24890616171875002 0.529285525 0.24890616171875002 0.4542855513888889
2 0.259453034375 0.44866055555555556 0.259453034375 0.5274105263888889 0.30058583203125 0.5274105263888889 0.30058583203125 0.44866055555555556
2 0.34699206640625 0.4505355541666667 0.34699206640625 0.5217855305555555 0.37441393125 0.5217855305555555 0.37441393125 0.4505355541666667
2 0.3628123734375 0.44866055555555556 0.3628123734375 0.5217855277777778 0.39023423984375 0.5217855277777778 0.39023423984375 0.44866055555555556
2 0.386015490625 0.4451784097222222 0.386015490625 0.5389283763888889 0.4471873421875 0.5389283763888889 0.4471873421875 0.4451784097222222
2 0.29636708437500003 0.45267841249999996 0.29636708437500003 0.5351783819444444 0.3543748765625 0.5351783819444444 0.3543748765625 0.45267841249999996
2 0 0.4465176916666666 0 0.5458926555555556 0.021093742968750002 0.5458926555555556 0.021093742968750002 0.4465176916666666
6 0.186679621875 0.4261605611111111 0.186679621875 0.44116055972222223 0.20249992890625 0.44116055972222223 0.20249992890625 0.4261605611111111
6 0.26367178359375 0.40928556666666666 0.26367178359375 0.4299105583333333 0.2752733421875 0.4299105583333333 0.2752733421875 0.40928556666666666
6 0.33644519296875003 0.41303556666666663 0.33644519296875003 0.4261605611111111 0.34593737734375 0.4261605611111111 0.34593737734375 0.41303556666666663
6 0.04957029609375 0.17116065277777778 0.04957029609375 0.2086606375 0.0706640375 0.2086606375 0.0706640375 0.17116065277777778
7 0.43558578515625 0.36053558611111114 0.43558578515625 0.3942855736111111 0.4598435890625 0.3942855736111111 0.4598435890625 0.36053558611111114
4 0.46722639921875003 0.44866055555555556 0.46722639921875003 0.4917855375 0.48304670625 0.4917855375 0.48304670625 0.44866055555555556
6 0.53050762734375 0.29491060694444443 0.53050762734375 0.32866059583333335 0.5399998109374999 0.32866059583333335 0.5399998109374999 0.29491060694444443
6 0.52839825234375 0.23116063333333334 0.52839825234375 0.26678561944444446 0.54105449765625 0.26678561944444446 0.54105449765625 0.23116063333333334
6 0.5663669875 0.28151775 0.5663669875 0.33214273194444444 0.58640604296875 0.33214273194444444 0.58640604296875 0.28151775
6 0.544218559375 0.20785701805555554 0.544218559375 0.24160700694444442 0.5589841796874999 0.24160700694444442 0.5589841796874999 0.20785701805555554
4 0.48937482890624995 0.42455341944444447 0.48937482890624995 0.48642839722222225 0.50414044765625 0.48642839722222225 0.50414044765625 0.42455341944444447
4 0.45246077890625 0.4489284097222222 0.45246077890625 0.5051783902777778 0.46511702421875 0.5051783902777778 0.46511702421875 0.4489284097222222
4 0.657371428125 0.3833034347222222 0.657371428125 0.5258033819444444 0.6784651703125 0.5258033819444444 0.6784651703125 0.3833034347222222
4 0.7227620296875 0.3814284361111111 0.7227620296875 0.5520533736111111 0.780769821875 0.5520533736111111 0.780769821875 0.3814284361111111
4 0.661439503125 0.40553557222222225 0.661439503125 0.6080355027777778 0.70890042421875 0.6080355027777778 0.70890042421875 0.40553557222222225
4 0.8545979226562499 0.3286606013888889 0.8545979226562499 0.48991054305555554 0.9062775914062501 0.48991054305555554 0.9062775914062501 0.3286606013888889
2 0.8609260453124999 0.28553561666666666 0.8609260453124999 0.761785451388889 0.9990900601562499 0.761785451388889 0.9990900601562499 0.28553561666666666