7 0.017490092968750003 0.07615059861111112 0.017490092968750003 0.10172281527777777 0.0528516734375 0.10172281527777777 0.0528516734375 0.07615059861111112
7 0.046858185156249996 0.11557443194444443 0.046858185156249996 0.15819479583333335 0.08341846484375 0.15819479583333335 0.08341846484375 0.11557443194444443
7 0.056447765625 0.15393275694444444 0.056447765625 0.18909455555555554 0.08881260234375 0.18909455555555554 0.08881260234375 0.15393275694444444
7 0.4208518546875 0.2988419861111111 0.4208518546875 0.3137591125 0.42924273828125 0.3137591125 0.42924273828125 0.2988419861111111
7 0.70853929296875 0.26154916805555556 0.70853929296875 0.28499036805555555 0.72651975703125 0.28499036805555555 0.72651975703125 0.26154916805555556
6 0.06723604453125001 0.21253575416666667 0.06723604453125001 0.27220426249999996 0.11218720625 0.27220426249999996 0.11218720625 0.21253575416666667
4 0.2877964140625 0.3574449847222222 0.2877964140625 0.5002231930555556 0.3357443203125 0.5002231930555556 0.3357443203125 0.3574449847222222
2 0.50416134140625 0.35851049166666665 0.50416134140625 0.3883447444444445 0.519744409375 0.3883447444444445 0.519744409375 0.35851049166666665
2 0.48438283046875 0.3531829458333333 0.48438283046875 0.39899983749999995 0.51135352734375 0.39899983749999995 0.51135352734375 0.3531829458333333
2 0.4652036671875 0.3531829458333333 0.4652036671875 0.41285145416666663 0.49696915546875 0.41285145416666663 0.49696915546875 0.3531829458333333
2 0.39388115546875 0.33080725694444446 0.39388115546875 0.4533407916666667 0.4795880390625 0.4533407916666667 0.4795880390625 0.33080725694444446
2 0.5557053398437499 0.3606415097222222 0.5557053398437499 0.3904757625 0.56469557109375 0.3904757625 0.56469557109375 0.3606415097222222
2 0.562298178125 0.36277252638888885 0.562298178125 0.3989998347222222 0.57068906171875 0.3989998347222222 0.57068906171875 0.36277252638888885
2 0.5676923171875 0.35851049166666665 0.5676923171875 0.4032618708333333 0.58327538671875 0.4032618708333333 0.58327538671875 0.35851049166666665
2 0.57428515390625 0.3606415097222222 0.57428515390625 0.40752390833333335 0.6024545484375 0.40752390833333335 0.6024545484375 0.3606415097222222
2 0.5814773398437499 0.36490354444444445 0.5814773398437499 0.4235065388888889 0.6096467343749999 0.4235065388888889 0.6096467343749999 0.36490354444444445
2 0.59586171171875 0.36490354444444445 0.59586171171875 0.4437512138888889 0.6228324109375001 0.4437512138888889 0.6228324109375001 0.36490354444444445
2 0.36091697109375 0.35637947361111116 0.36091697109375 0.4821095388888889 0.44782255156249995 0.4821095388888889 0.44782255156249995 0.35637947361111116
2 0.6060506421875 0.3574449847222222 0.6060506421875 0.47891301388888885 0.69355557421875 0.47891301388888885 0.69355557421875 0.3574449847222222