2 0.9722179265625 0.5558006069444444 0.9722179265625 0.758161925 0.9987258671875001 0.758161925 0.9987258671875001 0.5558006069444444
2 0.6798508671875 0.4878848236111111 0.6798508671875 0.7789524652777777 0.9823533156250001 0.7789524652777777 0.9823533156250001 0.4878848236111111
2 0.5379553875 0.47679653055555554 0.5379553875 0.5530285333333333 0.59331021796875 0.5530285333333333 0.59331021796875 0.47679653055555554
2 0.6240282460937501 0.491211325 0.6240282460937501 0.5605131458333333 0.67860342890625 0.5605131458333333 0.67860342890625 0.491211325
2 0.46544835781250005 0.47263842083333335 0.46544835781250005 0.5599587236111111 0.5200235421875 0.5599587236111111 0.5200235421875 0.47263842083333335
2 0.29751272421874997 0.4634905916666667 0.29751272421874997 0.4787370013888889 0.32713925234375 0.4787370013888889 0.32713925234375 0.4634905916666667
2 0.34663038984375 0.47180681249999995 0.34663038984375 0.485667175 0.36066401015625 0.485667175 0.36066401015625 0.47180681249999995
2 0.40354451015625 0.48012302916666666 0.40354451015625 0.4898252791666666 0.41601883828124997 0.4898252791666666 0.41601883828124997 0.48012302916666666
2 0.44720465859375 0.47596492222222225 0.44720465859375 0.5092298041666667 0.4682550859375 0.5092298041666667 0.4682550859375 0.47596492222222225
2 0.5142541695312499 0.4856671763888889 0.5142541695312499 0.5230901611111111 0.529067434375 0.5230901611111111 0.529067434375 0.4856671763888889
2 0.42287970859375 0.47873699305555556 0.42287970859375 0.5022996138888889 0.44174713984374997 0.5022996138888889 0.44174713984374997 0.47873699305555556
2 0.68172201171875 0.5203180875 0.68172201171875 0.54526675 0.70199279375 0.54526675 0.70199279375 0.5203180875