2 0.12293816484375 0.30804129166666666 0.12293816484375 0.3472165555555556 0.17280930703125 0.3472165555555556 0.17280930703125 0.30804129166666666
2 0.20760312734375003 0.31835057083333335 0.20760312734375003 0.3410309875 0.2296392140625 0.3410309875 0.2296392140625 0.31835057083333335
2 0.33634026171875 0.31216500277777776 0.33634026171875 0.33072170694444447 0.34561861484375 0.33072170694444447 0.34561861484375 0.31216500277777776
2 0.32474232187499996 0.31216500277777776 0.32474232187499996 0.33072170694444447 0.3340206734375 0.33072170694444447 0.3340206734375 0.31216500277777776
2 0.31430417578125003 0.31216500277777776 0.31430417578125003 0.3286598513888889 0.32358252734375 0.3286598513888889 0.32358252734375 0.31216500277777776
2 0.29574747109375 0.31010314722222226 0.29574747109375 0.33484541944444446 0.31314438125 0.33484541944444446 0.31314438125 0.31010314722222226
9 0.26443303359375003 0.2894845875 0.26443303359375003 0.3142268597222222 0.2829897375 0.3142268597222222 0.2829897375 0.2894845875
9 0.22963921328125 0.2997938666666667 0.22963921328125 0.3327835625 0.2632732390625 0.3327835625 0.2632732390625 0.2997938666666667
2 0.25167529921875 0.30804129166666666 0.25167529921875 0.38020625138888886 0.31314438125 0.38020625138888886 0.31314438125 0.30804129166666666
2 0.34329902578125 0.29567015555555554 0.34329902578125 0.3719588277777778 0.39201037421875 0.3719588277777778 0.39201037421875 0.29567015555555554
2 0.409407284375 0.3142268597222222 0.409407284375 0.3410309875 0.43028357578125 0.3410309875 0.43028357578125 0.3142268597222222
2 0.39780934375 0.31010314722222226 0.39780934375 0.32865985 0.40824748984375 0.32865985 0.40824748984375 0.31010314722222226
2 0 0.22364694444444444 0 0.5576676180555555 0.1397782546875 0.5576676180555555 0.1397782546875 0.22364694444444444