7 0.06043808671874999 0.18404371666666666 0.06043808671874999 0.4093326416666666 0.15889367890625 0.4093326416666666 0.15889367890625 0.18404371666666666
2 0.28366908281250003 0.5219771027777778 0.28366908281250003 0.5826318125000001 0.32851024296875 0.5826318125000001 0.32851024296875 0.5219771027777778
2 0.2563744640625 0.5410400111111111 0.2563744640625 0.5843648027777778 0.28659350703125 0.5843648027777778 0.28659350703125 0.5410400111111111
2 0.21933176484375 0.5289090694444444 0.21933176484375 0.5722338625 0.26709735 0.5722338625 0.26709735 0.5289090694444444
2 0.58780913125 0.5081131694444444 0.58780913125 0.5393070194444445 0.60828009609375 0.5393070194444445 0.60828009609375 0.5081131694444444
2 0.56441374296875 0.5081131694444444 0.56441374296875 0.5549039444444445 0.58585951640625 0.5549039444444445 0.58585951640625 0.5081131694444444
2 0.597557209375 0.49598222638888895 0.597557209375 0.5895637805555556 0.631675484375 0.5895637805555556 0.631675484375 0.49598222638888895
2 0.61510375078125 0.4821182930555556 0.61510375078125 0.6068936972222222 0.6706677976562501 0.6068936972222222 0.6706677976562501 0.4821182930555556
2 0.6404487546875 0.4821182930555556 0.6404487546875 0.6346215638888889 0.7330555000000001 0.6346215638888889 0.7330555000000001 0.4821182930555556
2 0.07895943515625001 0.5289090694444444 0.07895943515625001 0.6276895972222222 0.185213490625 0.6276895972222222 0.185213490625 0.5289090694444444
2 0.44256276171875 0.5098461611111111 0.44256276171875 0.5808988222222222 0.49715200078125 0.5808988222222222 0.49715200078125 0.5098461611111111
2 0.5000764249999999 0.48731726805555553 0.5000764249999999 0.6016947222222222 0.5751366289062501 0.6016947222222222 0.5751366289062501 0.48731726805555553
2 0.310963703125 0.4855842777777778 0.310963703125 0.6484855 0.44158795390625 0.6484855 0.44158795390625 0.4855842777777778
2 0.68723953125 0.4595894 0.68723953125 0.7039412333333334 0.8997476414062501 0.7039412333333334 0.8997476414062501 0.4595894