2 0 0.17281219305555556 0 0.7213162847222222 0.20500567812499998 0.7213162847222222 0.20500567812499998 0.17281219305555556
2 0.15836688671875002 0.35777287916666667 0.15836688671875002 0.6213950027777778 0.31263366171875 0.6213950027777778 0.31263366171875 0.35777287916666667
2 0.2791494015625 0.4045445458333333 0.2791494015625 0.5448595444444445 0.35688072265625 0.5448595444444445 0.35688072265625 0.4045445458333333
2 0.32817992500000004 0.4087965125 0.32817992500000004 0.5129697708333333 0.37960218125 0.5129697708333333 0.37960218125 0.4087965125
2 0.356880721875 0.4066705305555555 0.356880721875 0.4917099222222222 0.40351951171874995 0.4917099222222222 0.40351951171874995 0.4066705305555555
2 0.38438564999999997 0.41304848749999995 0.38438564999999997 0.4832059847222222 0.40710711484375006 0.4832059847222222 0.40710711484375006 0.41304848749999995
2 0.39514844843749997 0.41730045416666667 0.39514844843749997 0.46832409305555556 0.422653375 0.46832409305555556 0.422653375 0.41730045416666667
2 0.40471538046875005 0.41304848749999995 0.40471538046875005 0.46619810694444447 0.42265337734374997 0.46619810694444447 0.42265337734374997 0.41304848749999995
2 0.415478178125 0.41942643888888886 0.415478178125 0.45131620972222225 0.4334161734375 0.45131620972222225 0.4334161734375 0.41942643888888886
2 0.43102444375 0.4151744680555555 0.43102444375 0.4300563597222222 0.440591375 0.4300563597222222 0.440591375 0.4151744680555555
2 0.41906577812499995 0.38966265000000005 0.41906577812499995 0.5895052277777778 0.55419868984375 0.5895052277777778 0.55419868984375 0.38966265000000005
2 0.5302813601562499 0.4045445458333333 0.5302813601562499 0.43005636527777774 0.5458276234375 0.43005636527777774 0.5458276234375 0.4045445458333333
2 0.5386524257812499 0.40059628333333336 0.5386524257812499 0.4622498472222222 0.5721366867187501 0.4622498472222222 0.5721366867187501 0.40059628333333336
2 0.55061108984375 0.39421832916666666 0.55061108984375 0.5153994583333333 0.6319300101562499 0.5153994583333333 0.6319300101562499 0.39421832916666666
2 0.58409535 0.40910022222222225 0.58409535 0.5512375 0.69770266640625 0.5512375 0.69770266640625 0.40910022222222225
2 0.66745792109375 0.3210237111111111 0.66745792109375 0.6718112111111111 0.9891460015625 0.6718112111111111 0.9891460015625 0.3210237111111111
2 0.941311340625 0.5718899208333333 0.941311340625 0.8631498416666668 0.99871293203125 0.8631498416666668 0.99871293203125 0.5718899208333333
7 0.40471538046875005 0.3444095125 0.40471538046875005 0.3529134513888889 0.42504511015624996 0.3529134513888889 0.42504511015624996 0.3444095125
6 0.42982857656249995 0.33469075277777777 0.42982857656249995 0.3580765847222222 0.437003775 0.3580765847222222 0.437003775 0.33469075277777777
6 0.5111474968749999 0.3386390111111111 0.5111474968749999 0.3641508319444445 0.5171268265625 0.3641508319444445 0.5171268265625 0.3386390111111111
6 0.51473509609375 0.3386390152777778 0.51473509609375 0.36415083333333337 0.5231061609375 0.36415083333333337 0.5231061609375 0.3386390152777778
6 0.55539455625 0.3292239125 0.55539455625 0.3483577763888889 0.56137388515625 0.3483577763888889 0.56137388515625 0.3292239125
7 0.562569753125 0.365669375 0.562569753125 0.3762992972222222 0.5757242851562501 0.3762992972222222 0.5757242851562501 0.365669375
7 0.5864870859375 0.3386390152777778 0.5864870859375 0.35139491944444445 0.59605401796875 0.35139491944444445 0.59605401796875 0.3386390152777778
7 0.85196944140625 0.1397075611111111 0.85196944140625 0.18647922777777776 0.8914330328125001 0.18647922777777776 0.8914330328125001 0.1397075611111111