2 0 0.5510552625 0 0.5915552805555555 0.031092528125 0.5915552805555555 0.031092528125 0.5510552625
2 0.07294785468750001 0.5639174777777778 0.07294785468750001 0.5787993736111111 0.08371065234375 0.5787993736111111 0.08371065234375 0.5639174777777778
2 0.09566931796875 0.536279676388889 0.09566931796875 0.6128151291666667 0.16144197421875 0.6128151291666667 0.16144197421875 0.536279676388889
2 0.15307090859375 0.5561576444444445 0.15307090859375 0.5752915083333333 0.16502957421875 0.5752915083333333 0.16502957421875 0.5561576444444445
2 0.16144197421875 0.5604096180555556 0.16144197421875 0.5816694666666666 0.17698823828125002 0.5816694666666666 0.17698823828125002 0.5604096180555556
2 0.17459650546875 0.5582836319444445 0.17459650546875 0.5774174944444445 0.18535930390625 0.5774174944444445 0.18535930390625 0.5582836319444445
2 0.18535930312499999 0.5582836319444445 0.18535930312499999 0.5795434805555555 0.20090556640625 0.5795434805555555 0.20090556640625 0.5582836319444445
2 0.19373036875 0.5561576444444445 0.19373036875 0.5795434791666666 0.237977428125 0.5795434791666666 0.237977428125 0.5561576444444445
7 0.234389828125 0.5391497680555556 0.234389828125 0.5646615861111111 0.2451526265625 0.5646615861111111 0.2451526265625 0.5391497680555556
7 0.24993609218750001 0.5391497680555556 0.24993609218750001 0.5561576444444445 0.25591542421875 0.5561576444444445 0.25591542421875 0.5391497680555556
2 0.2977707515625 0.5200159055555555 0.2977707515625 0.5285198430555555 0.30853354921875 0.5285198430555555 0.30853354921875 0.5200159055555555
6 0.28939968671875 0.5072599944444445 0.28939968671875 0.532771813888889 0.29657488593750003 0.532771813888889 0.29657488593750003 0.5072599944444445
6 0.37550207265625 0.5030080263888889 0.37550207265625 0.524267875 0.3814814046875 0.524267875 0.3814814046875 0.5030080263888889
6 0.41018220000000005 0.5306458291666667 0.41018220000000005 0.5497796930555556 0.41496566562500004 0.5497796930555556 0.41496566562500004 0.5306458291666667
2 0.38985246953125 0.5604096180555556 0.38985246953125 0.5710395416666666 0.41616153125000005 0.5710395416666666 0.41616153125000005 0.5604096180555556
2 0.42094499843750005 0.5582836319444445 0.42094499843750005 0.5689135555555556 0.44007886328124995 0.5689135555555556 0.44007886328124995 0.5582836319444445
2 0.4424705953125 0.5540316625 0.4424705953125 0.5689135555555556 0.46040859218749997 0.5689135555555556 0.46040859218749997 0.5540316625
2 0.46638792421874997 0.5476537083333334 0.46638792421874997 0.5710395416666666 0.501068053125 0.5710395416666666 0.501068053125 0.5476537083333334
7 0.49628458671875003 0.28275598333333335 0.49628458671875003 0.3635434083333334 0.5357481789062499 0.3635434083333334 0.5357481789062499 0.28275598333333335
7 0.48671765546875 0.3699213625 0.48671765546875 0.40393711944444444 0.5405316460937499 0.40393711944444444 0.5405316460937499 0.3699213625
2 0.90128469453125 0.508110375 0.90128469453125 0.7334647722222223 0.998149878125 0.7334647722222223 0.998149878125 0.508110375
2 0.5006694265625 0.270000075 0.5006694265625 0.8418899972222222 0.92161442578125 0.8418899972222222 0.92161442578125 0.270000075
2 0 0.5344726083333333 0 0.5769923055555556 0.02870079453125 0.5769923055555556 0.02870079453125 0.5344726083333333
2 0.98021191015625 0.5548820430555556 0.98021191015625 0.6633072708333333 0.9981499070312501 0.6633072708333333 0.9981499070312501 0.5548820430555556