9 0.41788998203125 0.0013860361111111112 0.41788998203125 0.6999483958333333 0.864626846875 0.6999483958333333 0.864626846875 0.0013860361111111112
2 0.11226895156250001 0.36036947083333337 0.11226895156250001 0.5710470083333333 0.26274053046875 0.5710470083333333 0.26274053046875 0.36036947083333337
2 0.309519259375 0.40333659861111115 0.309519259375 0.5100614041666667 0.38046699921875 0.5100614041666667 0.38046699921875 0.40333659861111115
2 0.4061953 0.41026678194444444 0.4061953 0.4573920208333333 0.43582182890625 0.4573920208333333 0.43582182890625 0.41026678194444444
2 0.3929413265625 0.4116528180555556 0.3929413265625 0.4366014736111111 0.4061953 0.4366014736111111 0.4061953 0.4116528180555556
2 0.38748380937500004 0.4130388569444444 0.38748380937500004 0.43244336527777777 0.39216168125 0.43244336527777777 0.39216168125 0.4130388569444444
9 0.36721302499999997 0.38670416249999995 0.36721302499999997 0.4310573291666666 0.38670416171875 0.4310573291666666 0.38670416171875 0.38670416249999995
9 0.2798927296875 0.3631415430555555 0.2798927296875 0.45600598472222226 0.31965465000000004 0.45600598472222226 0.31965465000000004 0.3631415430555555
4 0.0693884484375 0.42274110972222223 0.0693884484375 0.48649878750000003 0.0842017125 0.48649878750000003 0.0842017125 0.42274110972222223
4 0.10291320468750001 0.4199690375 0.10291320468750001 0.48511274861111114 0.11538753359375001 0.48511274861111114 0.11538753359375001 0.4199690375
7 0.03352475546875 0.2702771027777778 0.03352475546875 0.28552350416666666 0.055354829687499996 0.28552350416666666 0.055354829687499996 0.2702771027777778
7 0.043660147656249995 0.2134496097222222 0.043660147656249995 0.23424015555555552 0.07328667578125 0.23424015555555552 0.07328667578125 0.2134496097222222
7 0.16060697109375 0.31740234166666664 0.16060697109375 0.33264874166666664 0.18165739921875 0.33264874166666664 0.18165739921875 0.31740234166666664
6 0.030406175 0.33264874166666664 0.030406175 0.3617555055555555 0.045999084375 0.3617555055555555 0.045999084375 0.33264874166666664
6 0.29392634921875 0.26334691944444444 0.29392634921875 0.29938386666666666 0.3017228046875 0.29938386666666666 0.3017228046875 0.26334691944444444
6 0.4061953 0.3672996513888889 0.4061953 0.3839320902777778 0.4124324640625 0.3839320902777778 0.4124324640625 0.3672996513888889
2 0.27131663046875 0.4061086722222222 0.27131663046875 0.44214561944444447 0.2798927296875 0.44214561944444447 0.2798927296875 0.4061086722222222