7 0.48700847421875004 0.3867307486111111 0.48700847421875004 0.4151892541666667 0.5030163828124999 0.4151892541666667 0.5030163828124999 0.3867307486111111
6 0.31290460000000003 0.42420959305555556 0.31290460000000003 0.43666018888888886 0.32290954296874996 0.43666018888888886 0.32290954296874996 0.42420959305555556
2 0.32456036015625 0.45000011388888894 0.32456036015625 0.46245070972222224 0.33456530390625 0.46245070972222224 0.33456530390625 0.45000011388888894
2 0.3365662921875 0.4233202652777778 0.3365662921875 0.4677866791666666 0.3645801328125 0.4677866791666666 0.3645801328125 0.4233202652777778
2 0.36257914453125 0.4339922041666666 0.36257914453125 0.46422936805555554 0.3705830984375 0.46422936805555554 0.3705830984375 0.4339922041666666
2 0.3685821109375 0.42865623472222225 0.3685821109375 0.47312265138888887 0.38959249140624996 0.47312265138888887 0.38959249140624996 0.42865623472222225
2 0.3805880421875 0.42865623472222225 0.3805880421875 0.4766799611111111 0.4156053453125 0.4766799611111111 0.4156053453125 0.42865623472222225
2 0.39159347968749997 0.43043489166666665 0.39159347968749997 0.48557324583333333 0.42360929765625005 0.48557324583333333 0.42360929765625005 0.43043489166666665
2 0.40359941171875 0.44288548888888885 0.40359941171875 0.4944665263888889 0.42260880390625 0.4944665263888889 0.42260880390625 0.44288548888888885
2 0.41660583828125003 0.40731235555555556 0.41660583828125003 0.5122530944444444 0.4856399484375 0.5122530944444444 0.4856399484375 0.40731235555555556
2 0.43661572499999995 0.4268775777777778 0.43661572499999995 0.5282610027777778 0.5206572484375 0.5282610027777778 0.5206572484375 0.4268775777777778
2 0.5196567609375 0.36640325416666664 0.5196567609375 0.6260871180555556 0.7137526585937499 0.6260871180555556 0.7137526585937499 0.36640325416666664
2 0.6531226976562501 0.36996056805555555 0.6531226976562501 0.7950594944444446 0.999293734375 0.7950594944444446 0.999293734375 0.36996056805555555
2 0.31215422890625 0.44288548888888885 0.31215422890625 0.4660080222222222 0.321158678125 0.4660080222222222 0.321158678125 0.44288548888888885
2 0.30114879140625 0.4375495180555556 0.30114879140625 0.46600802083333337 0.3151557125 0.46600802083333337 0.3151557125 0.4375495180555556
2 0.298147309375 0.44110683055555555 0.298147309375 0.46778667777777777 0.311153734375 0.46778667777777777 0.311153734375 0.44110683055555555
2 0.29414533125000003 0.4375495180555556 0.29414533125000003 0.46778667777777777 0.30314978046875 0.46778667777777777 0.30314978046875 0.4375495180555556
2 0.26313000703125 0.4233202652777778 0.26313000703125 0.4820159319444444 0.29914780390625 0.4820159319444444 0.29914780390625 0.4233202652777778
2 0.2421196265625 0.43043489166666665 0.2421196265625 0.49624518472222223 0.2751359390625 0.49624518472222223 0.2751359390625 0.43043489166666665
2 0.1870924375 0.4233202652777778 0.1870924375 0.5247036902777777 0.25812753437499997 0.5247036902777777 0.25812753437499997 0.4233202652777778
4 0.1226856015625 0.4586393111111111 0.1226856015625 0.6133824319444444 0.17571180078124998 0.6133824319444444 0.17571180078124998 0.4586393111111111
4 0.0686589078125 0.40705826944444445 0.0686589078125 0.6240543722222222 0.125687084375 0.6240543722222222 0.125687084375 0.40705826944444445
4 0.1126806578125 0.4248448361111111 0.1126806578125 0.4977697583333333 0.1376930171875 0.4977697583333333 0.1376930171875 0.4248448361111111