2 0 0.5271427458333333 0 0.6410202722222222 0.04907524453125 0.6410202722222222 0.04907524453125 0.5271427458333333
2 0.71992680546875 0.5216325416666666 0.71992680546875 0.9006937972222223 0.9995852468749999 0.9006937972222223 0.9995852468749999 0.5216325416666666
2 0.44116062031250003 0.5220917263888889 0.44116062031250003 0.5588264125 0.45872439218750005 0.5588264125 0.45872439218750005 0.5220917263888889
2 0.42979582734375 0.5276019291666666 0.42979582734375 0.56617335 0.44839276171875 0.56617335 0.44839276171875 0.5276019291666666
2 0.3998340984375 0.5165815236111111 0.3998340984375 0.5771937569444444 0.43702796875 0.5771937569444444 0.43702796875 0.5165815236111111
2 0.38846930546874997 0.5257651944444445 0.38846930546874997 0.5973978319444444 0.41843103359375 0.5973978319444444 0.41843103359375 0.5257651944444445
2 0.3512754359375 0.49454071111111114 0.3512754359375 0.6139284416666667 0.3946682828125 0.6139284416666667 0.3946682828125 0.49454071111111114
2 0.17563771796875 0.4922447930555555 0.17563771796875 0.5657141652777777 0.27172188125 0.5657141652777777 0.27172188125 0.4922447930555555
2 0.25932392421875 0.4959182625 0.25932392421875 0.6428570069444445 0.3822703265625 0.6428570069444445 0.3822703265625 0.4959182625
2 0.45286980234375 0.47387745 0.45286980234375 0.6557141472222222 0.5639191859375 0.6557141472222222 0.5639191859375 0.47387745
2 0.5861478296875 0.5399998847222223 0.5861478296875 0.6685712861111112 0.6873978078125 0.6685712861111112 0.6873978078125 0.5399998847222223