9 0.05157253515625 0.4367648902777778 0.05157253515625 0.5215911277777778 0.16324537578125 0.5215911277777778 0.16324537578125 0.4367648902777778
9 0.1601997546875 0.4728611625 0.1601997546875 0.5233959430555556 0.1876103609375 0.5233959430555556 0.1876103609375 0.4728611625
9 0.21806659062499997 0.5053478083333333 0.21806659062499997 0.5197863152777777 0.24040115859375 0.5197863152777777 0.24040115859375 0.5053478083333333
2 0.19268639999999998 0.5089574333333333 0.19268639999999998 0.5197863152777777 0.2160361765625 0.5197863152777777 0.2160361765625 0.5089574333333333
2 0.24040115859375 0.5089574333333333 0.24040115859375 0.5233959402777778 0.25562927343749997 0.5233959402777778 0.25562927343749997 0.5089574333333333
2 0.28710071015625 0.5233959430555556 0.28710071015625 0.5414440791666667 0.30334403359375 0.5414440791666667 0.30334403359375 0.5233959430555556
2 0.30131361796875 0.5233959430555556 0.30131361796875 0.5378344500000001 0.31146569375 0.5378344500000001 0.31146569375 0.5233959430555556
2 0.33786109296875 0.514371875 0.33786109296875 0.5378344500000001 0.34496754609375 0.5378344500000001 0.34496754609375 0.514371875
2 0.25258365 0.5089574333333333 0.25258365 0.5558825861111111 0.28811591718749996 0.5558825861111111 0.28811591718749996 0.5089574333333333
2 0.31248090078125 0.5125670611111112 0.31248090078125 0.5486633347222222 0.3398915078125 0.5486633347222222 0.3398915078125 0.5125670611111112
2 0.34293713203125 0.5053478083333333 0.34293713203125 0.5414440805555556 0.35918045546875 0.5414440805555556 0.35918045546875 0.5053478083333333