7 0.38152968515625 0.32992465416666666 0.38152968515625 0.3498876805555555 0.3969698390625 0.3498876805555555 0.3969698390625 0.32992465416666666
7 0.38223151171874997 0.3536307486111111 0.38223151171874997 0.36111688333333336 0.3934607140625 0.36111688333333336 0.3934607140625 0.3536307486111111
2 0.57367188359375 0.34186682916666666 0.57367188359375 0.36307754583333335 0.58700656171875 0.36307754583333335 0.58700656171875 0.34186682916666666
2 0.53156237578125 0.34311451805555554 0.53156237578125 0.3605821652777778 0.54349340234375 0.3605821652777778 0.54349340234375 0.34311451805555554
2 0.54138792578125 0.34311451805555554 0.54138792578125 0.3593344763888889 0.56033720625 0.3593344763888889 0.56033720625 0.34311451805555554
2 0.65718908671875 0.34311451805555554 0.65718908671875 0.3755544347222223 0.69228034453125 0.3755544347222223 0.69228034453125 0.34311451805555554
2 0.70070224609375 0.3481052736111111 0.70070224609375 0.3805451916666667 0.7147387484375 0.3805451916666667 0.7147387484375 0.3481052736111111
2 0.7252661265625 0.3368760722222222 0.7252661265625 0.35309603194444444 0.760357384375 0.35309603194444444 0.760357384375 0.3368760722222222
2 0.758251909375 0.3268945583333333 0.758251909375 0.35309603194444444 0.7856230898437501 0.35309603194444444 0.7856230898437501 0.3268945583333333
2 0.7736920617187499 0.3219038 0.7736920617187499 0.3693159875 0.82071434609375 0.3693159875 0.82071434609375 0.3219038
2 0.49110214843750005 0.34997680833333333 0.49110214843750005 0.3774259694444444 0.5135605523437501 0.3774259694444444 0.5135605523437501 0.34997680833333333
4 0.6024072312500001 0.32439918055555556 0.6024072312500001 0.3805451916666667 0.615040084375 0.3805451916666667 0.615040084375 0.32439918055555556