2 0.151126334375 0.362448525 0.151126334375 0.6174792277777778 0.36195041875 0.6174792277777778 0.36195041875 0.362448525
2 0.37921950859375003 0.40107140694444443 0.37921950859375003 0.48092351805555555 0.43747099296874997 0.48092351805555555 0.43747099296874997 0.40107140694444443
2 0.44589289765625006 0.3586499763888889 0.44589289765625006 0.5146111208333334 0.5392356406250001 0.5146111208333334 0.5392356406250001 0.3586499763888889
2 0.54274476796875 0.3836037597222222 0.54274476796875 0.4385020847222222 0.56379952265625 0.4385020847222222 0.56379952265625 0.3836037597222222
2 0.5497630195312501 0.38110838055555557 0.5497630195312501 0.4507390416666667 0.589767053125 0.4507390416666667 0.589767053125 0.38110838055555557
2 0.5694141234375001 0.38235607083333334 0.5694141234375001 0.4821712027777778 0.6459130640625 0.4821712027777778 0.6459130640625 0.38235607083333334
2 0.7434667609375001 0.2738071138888889 0.7434667609375001 0.7366997902777778 0.999632940625 0.7366997902777778 0.999632940625 0.2738071138888889
7 0.4124324640625 0.3575973972222222 0.4124324640625 0.36591361944444445 0.4256864375 0.36591361944444445 0.4256864375 0.3575973972222222
7 0.91705800703125 0.0003465097222222222 0.91705800703125 0.036383452777777776 0.9435659539062501 0.036383452777777776 0.9435659539062501 0.0003465097222222222
7 0.95693689296875 0.009702255555555555 0.95693689296875 0.047125238888888886 0.9865634203125 0.047125238888888886 0.9865634203125 0.009702255555555555
7 0.924971428125 0.1261293152777778 0.924971428125 0.19543113611111113 0.9662926390625 0.19543113611111113 0.9662926390625 0.1261293152777778