7 0.28270297890624996 0.17193884305555557 0.28270297890624996 0.2392858138888889 0.309393040625 0.2392858138888889 0.309393040625 0.17193884305555557
7 0.41787523203125004 0.29438787916666664 0.41787523203125004 0.3326532027777778 0.43681656640625005 0.3326532027777778 0.43681656640625005 0.29438787916666664
7 0.42131911171875 0.3326532027777778 0.42131911171875 0.35102055833333334 0.4333726875 0.35102055833333334 0.4333726875 0.3326532027777778
7 0.42131911171875 0.35408178333333334 0.42131911171875 0.3785715902777778 0.43767753750000005 0.3785715902777778 0.43767753750000005 0.35408178333333334
7 0.44800917343749996 0.34336749305555553 0.44800917343749996 0.3678573013888889 0.45920178046875 0.3678573013888889 0.45920178046875 0.34336749305555553
7 0.45059208359375 0.36938791249999997 0.45059208359375 0.38163281666666665 0.45920178203125 0.38163281666666665 0.45920178203125 0.36938791249999997
7 0.46436759921875004 0.3494899444444444 0.46436759921875004 0.3739797527777778 0.49191863203124997 0.3739797527777778 0.49191863203124997 0.3494899444444444
7 0.49536251171875 0.3494899444444444 0.49536251171875 0.3724491388888889 0.51430384609375 0.3724491388888889 0.51430384609375 0.3494899444444444
7 0.52980130234375 0.34795933333333334 0.52980130234375 0.3724491402777778 0.5444377890625 0.3724491402777778 0.5444377890625 0.34795933333333334
7 0.60298373359375 0.36632668611111113 0.60298373359375 0.3923471069444444 0.6167592507812499 0.3923471069444444 0.6167592507812499 0.36632668611111113
7 0.6055666421875 0.3311225916666667 0.6055666421875 0.3663266888888889 0.61762021953125 0.3663266888888889 0.61762021953125 0.3311225916666667
7 0.69596846953125 0.33571442916666666 0.69596846953125 0.3801022041666667 0.72265853203125 0.3801022041666667 0.72265853203125 0.33571442916666666
2 0.5194696664062499 0.39081649444444444 0.5194696664062499 0.4397961083333333 0.5590742750000001 0.4397961083333333 0.5590742750000001 0.39081649444444444
2 0.4342336578125 0.3724491388888889 0.4342336578125 0.5147961416666667 0.52377451484375 0.5147961416666667 0.52377451484375 0.3724491388888889
2 0.1690549671875 0.3617348486111111 0.1690549671875 0.4397961083333333 0.24051545859374998 0.4397961083333333 0.24051545859374998 0.3617348486111111
2 0.141503934375 0.36938791249999997 0.141503934375 0.43673488194444443 0.17680369453125 0.43673488194444443 0.17680369453125 0.36938791249999997
2 0.039048531250000004 0.3494899444444444 0.039048531250000004 0.4734695944444444 0.16647205859375 0.4734695944444444 0.16647205859375 0.3494899444444444
2 0 0.36632668611111113 0 0.48418388194444445 0.062294715625 0.48418388194444445 0.062294715625 0.36632668611111113
2 0.729546290625 0.35408178333333334 0.729546290625 0.6433676277777778 0.9981688609375 0.6433676277777778 0.9981688609375 0.35408178333333334