6 0.3453829515625 0.2661189958333333 0.3453829515625 0.2938397236111111 0.35941657031249996 0.2938397236111111 0.35941657031249996 0.2661189958333333
7 0.45609261171875 0.26057484722222224 0.45609261171875 0.3077000847222222 0.48805807578125 0.3077000847222222 0.48805807578125 0.26057484722222224
7 0.5574465242187501 0.3104721597222222 0.5574465242187501 0.3312627055555556 0.57849695234375 0.3312627055555556 0.57849695234375 0.3104721597222222
7 0.539514678125 0.32987666944444444 0.539514678125 0.3492811791666667 0.57148014296875 0.3492811791666667 0.57148014296875 0.32987666944444444
6 0.77964548984375 0.09286444166666666 0.77964548984375 0.20236131944444447 0.8443560640625 0.20236131944444447 0.8443560640625 0.09286444166666666
6 0.70869775 0.1136549875 0.70869775 0.22176582777777776 0.7414428617187501 0.22176582777777776 0.7414428617187501 0.1136549875
6 0.5590058164062499 0.3797739805555556 0.5590058164062499 0.41719696250000005 0.5855137625 0.41719696250000005 0.5855137625 0.3797739805555556
6 0.474804103125 0.43382940138888887 0.474804103125 0.45046183888888885 0.48104126640624995 0.45046183888888885 0.48104126640624995 0.43382940138888887
6 0.38904309921875 0.4393735472222222 0.38904309921875 0.45600598472222226 0.39605990859375 0.45600598472222226 0.39605990859375 0.4393735472222222
6 0.4475165109375 0.46293616666666665 0.4475165109375 0.47679653055555554 0.4545333203125 0.47679653055555554 0.4545333203125 0.46293616666666665
4 0.7539171875 0.4199690375 0.7539171875 0.6431209027777778 0.78744194453125 0.6431209027777778 0.78744194453125 0.4199690375
4 0.66503760234375 0.3977924527777778 0.66503760234375 0.7678641791666667 0.7383242796875 0.7678641791666667 0.7383242796875 0.3977924527777778
2 0.9519471429687499 0.49065689444444444 0.9519471429687499 0.5849073722222222 0.99950551875 0.5849073722222222 0.99950551875 0.49065689444444444
4 0.6549022109375 0.45600598472222226 0.6549022109375 0.5724330444444444 0.6689358296875 0.5724330444444444 0.6689358296875 0.45600598472222226
4 0.6393093015625 0.47263842083333335 0.6393093015625 0.5738190805555555 0.6549022109375 0.5738190805555555 0.6549022109375 0.47263842083333335
4 0.6283942648437499 0.4698663486111111 0.6283942648437499 0.5239217694444445 0.63852965625 0.5239217694444445 0.63852965625 0.4698663486111111
4 0.6128013546875 0.451847875 0.6128013546875 0.5433262791666666 0.6299535546875 0.5433262791666666 0.6299535546875 0.451847875
4 0.583954471875 0.4698663486111111 0.583954471875 0.5322379861111111 0.59486950859375 0.5322379861111111 0.59486950859375 0.4698663486111111
4 0.55978546171875 0.4476897652777778 0.55978546171875 0.5738190805555555 0.58863234453125 0.5738190805555555 0.58863234453125 0.4476897652777778
9 0 0.39640641944444444 0 0.5696609708333333 0.14891228828125 0.5696609708333333 0.14891228828125 0.39640641944444444
2 0.1450140609375 0.4754104944444444 0.1450140609375 0.5502564597222221 0.18399633437500001 0.5502564597222221 0.18399633437500001 0.4754104944444444
2 0.3173157140625 0.47679653055555554 0.3173157140625 0.54609835 0.3695519625 0.54609835 0.3695519625 0.47679653055555554
2 0.45203844453124997 0.4795686027777778 0.45203844453124997 0.5211496944444445 0.477766746875 0.5211496944444445 0.477766746875 0.4795686027777778
2 0.40058184375000006 0.48511274861111114 0.40058184375000006 0.5225357319444445 0.4161747546875 0.5225357319444445 0.4161747546875 0.48511274861111114
2 0.36549779609375 0.47263842083333335 0.36549779609375 0.5350100597222223 0.3998021984375 0.5350100597222223 0.3998021984375 0.47263842083333335
2 0.41461546171875 0.47402445694444445 0.41461546171875 0.5294659138888889 0.45281809140625 0.5294659138888889 0.45281809140625 0.47402445694444445
2 0.47620745546875 0.4795686027777778 0.47620745546875 0.5253078069444445 0.5089525671875 0.5253078069444445 0.5089525671875 0.4795686027777778
7 0.50583398359375 0.4255131833333333 0.50583398359375 0.4476897652777778 0.51129150234375 0.4476897652777778 0.51129150234375 0.4255131833333333
6 0.7522019585937499 0.1136549875 0.7522019585937499 0.20097528194444444 0.76701522421875 0.20097528194444444 0.76701522421875 0.1136549875
2 0.16242612734375 0.4470978097222222 0.16242612734375 0.6355987638888888 0.33784636328125 0.6355987638888888 0.33784636328125 0.4470978097222222