6 0.49339176953125 0.3453007055555556 0.49339176953125 0.36194170416666666 0.50275233046875 0.36194170416666666 0.50275233046875 0.3453007055555556
6 0.38340517265625 0.3453007055555556 0.38340517265625 0.36402182777777775 0.392765734375 0.36402182777777775 0.392765734375 0.3453007055555556
7 0.542534715625 0.3577814555555555 0.542534715625 0.3785827013888889 0.55423541875 0.3785827013888889 0.55423541875 0.3577814555555555
7 0.57412661015625 0.34738083194444447 0.57412661015625 0.3681820791666667 0.583487171875 0.3681820791666667 0.583487171875 0.34738083194444447
7 0.58465724296875 0.35362120555555554 0.58465724296875 0.3806628277777778 0.59635794375 0.3806628277777778 0.59635794375 0.35362120555555554
7 0.54487485625 0.3806628277777778 0.54487485625 0.3931435777777778 0.55657556015625 0.3931435777777778 0.55657556015625 0.3806628277777778
6 0.3412826484375 0.36194170555555555 0.3412826484375 0.3827429527777778 0.34947313828125004 0.3827429527777778 0.34947313828125004 0.36194170555555555
6 0.6057185054687501 0.3702622041666667 0.6057185054687501 0.3869032027777778 0.61156885546875 0.3869032027777778 0.61156885546875 0.3702622041666667
7 0.572956540625 0.3661019541666667 0.572956540625 0.3806628277777778 0.583487171875 0.3806628277777778 0.583487171875 0.3661019541666667
2 0.5050924703125 0.3869032013888889 0.5050924703125 0.4389063208333333 0.532004084375 0.4389063208333333 0.532004084375 0.3869032013888889
2 0.6033783640625 0.3889833263888889 0.6033783640625 0.4222653222222222 0.61975934609375 0.4222653222222222 0.61975934609375 0.3889833263888889
2 0.5437047859375 0.39938395 0.5437047859375 0.44098644444444446 0.5635959781250001 0.44098644444444446 0.5635959781250001 0.39938395
2 0.44541889296875 0.39938395 0.44541889296875 0.42850569722222226 0.46296994609375003 0.42850569722222226 0.46296994609375003 0.39938395
2 0.4231875578125 0.393143575 0.4231875578125 0.4264255708333333 0.44892910234374994 0.4264255708333333 0.44892910234374994 0.393143575
2 0.6314600484375 0.39106345138888887 0.6314600484375 0.4950696888888889 0.69230369765625 0.4950696888888889 0.69230369765625 0.39106345138888887
2 0.661881871875 0.3889833263888889 0.661881871875 0.5200311861111111 0.754317415625 0.5200311861111111 0.754317415625 0.3889833263888889
2 0.32841187578125003 0.40770444861111116 0.32841187578125003 0.4472268194444444 0.3483030671875 0.4472268194444444 0.3483030671875 0.40770444861111116
2 0.31320096328125 0.4118646972222222 0.31320096328125 0.4555473166666667 0.3354322953125 0.4555473166666667 0.3354322953125 0.4118646972222222
2 0.28043900078125 0.41810507361111116 0.28043900078125 0.46386781527777776 0.32139145546875 0.46386781527777776 0.32139145546875 0.41810507361111116
2 0.24299675546875 0.4118646972222222 0.24299675546875 0.47426843888888887 0.278098859375 0.47426843888888887 0.278098859375 0.4118646972222222
2 0.19619394765625 0.4160249486111111 0.19619394765625 0.4888293125 0.25235731562499997 0.4888293125 0.25235731562499997 0.4160249486111111
2 0.14237071953125 0.41810507361111116 0.14237071953125 0.5033901875000001 0.20555450859375002 0.5033901875000001 0.20555450859375002 0.41810507361111116
2 0.02419363125 0.4118646972222222 0.02419363125 0.5345920583333333 0.16109184296875 0.5345920583333333 0.16109184296875 0.4118646972222222
2 0.39393580625 0.4035442 0.39393580625 0.4451466958333334 0.42201749062499994 0.4451466958333334 0.42201749062499994 0.4035442
2 0.3471329984375 0.39938395 0.3471329984375 0.46178769305555556 0.392765734375 0.46178769305555556 0.392765734375 0.39938395
2 0.45828966328125 0.39522370138888885 0.45828966328125 0.4888293138888889 0.512112890625 0.4888293138888889 0.512112890625 0.39522370138888885
2 0.5554054875000001 0.39938395 0.5554054875000001 0.4597075694444444 0.603378365625 0.4597075694444444 0.603378365625 0.39938395
2 0.6033783640625 0.4243454472222222 0.6033783640625 0.45138707083333335 0.61975934609375 0.45138707083333335 0.61975934609375 0.4243454472222222
4 0.73442622265625 0.33281995833333333 0.73442622265625 0.4097845736111111 0.75548748671875 0.4097845736111111 0.75548748671875 0.33281995833333333
4 0.7203853812500001 0.34114045694444445 0.7203853812500001 0.4035442 0.7332561531249999 0.4035442 0.7332561531249999 0.34114045694444445
2 0.71102482109375 0.14144848194444443 0.71102482109375 0.6968417902777778 0.9988620812500001 0.6968417902777778 0.9988620812500001 0.14144848194444443