6 0.40379482265625005 0.3484695513888889 0.40379482265625005 0.37295936249999995 0.41068258203125 0.37295936249999995 0.41068258203125 0.3484695513888889
6 0.5472898039062499 0.3673471013888889 0.5472898039062499 0.3903062972222222 0.5533165921875 0.3903062972222222 0.5533165921875 0.3673471013888889
6 0.411256565625 0.34591852083333335 0.411256565625 0.3780613944444445 0.41900529453125 0.3780613944444445 0.41900529453125 0.34591852083333335
1 0.3159759078125 0.41530632361111114 0.3159759078125 0.5056124861111111 0.41326549218749997 0.5056124861111111 0.41326549218749997 0.41530632361111114
1 0.44167749453124994 0.41224510138888887 0.44167749453124994 0.4948981986111111 0.47783822578125 0.4948981986111111 0.47783822578125 0.41224510138888887
1 0.55963035390625 0.4198981611111111 0.55963035390625 0.5040818736111111 0.58029363046875 0.5040818736111111 0.58029363046875 0.4198981611111111
2 0.43249382421875 0.4566328722222222 0.43249382421875 0.47959206805555554 0.44110352265625 0.47959206805555554 0.44110352265625 0.4566328722222222
2 0.41441345937499996 0.45357164722222226 0.41441345937499996 0.4872451305555555 0.4316328546875 0.4872451305555555 0.4316328546875 0.45357164722222226
2 0.48616095000000004 0.44744919722222226 0.48616095000000004 0.4642859402777778 0.49907549765625003 0.4642859402777778 0.49907549765625003 0.44744919722222226
2 0.49649258906249993 0.4627553277777778 0.49649258906249993 0.5071431041666666 0.524043621875 0.5071431041666666 0.524043621875 0.4627553277777778
5 0.28899885859375 0.44183694166666665 0.28899885859375 0.5780614930555555 0.32774249843750003 0.5780614930555555 0.32774249843750003 0.44183694166666665
5 0.42445809765625003 0.45561245694444447 0.42445809765625003 0.5030614583333334 0.43651167578125005 0.5030614583333334 0.43651167578125005 0.45561245694444447
5 0 0.39642875 0 0.7770411958333333 0.10589928281250001 0.7770411958333333 0.10589928281250001 0.39642875
0 0 0.5632655597222223 0 0.8438779472222222 0.10848219140625 0.8438779472222222 0.10848219140625 0.5632655597222223
0 0.2915817671875 0.5137757486111111 0.2915817671875 0.6132655875 0.3225766796875 0.6132655875 0.3225766796875 0.5137757486111111
0 0.42503209609375 0.4632655222222222 0.42503209609375 0.5061226833333333 0.43536373515625 0.5061226833333333 0.43536373515625 0.4632655222222222
1 0.5016584046875 0.42346958611111113 0.5016584046875 0.4969390055555556 0.5378191359375 0.4969390055555556 0.5378191359375 0.42346958611111113
1 0.5734058695312501 0.1459184361111111 0.5734058695312501 0.6961227597222223 0.998843328125 0.6961227597222223 0.998843328125 0.1459184361111111
9 0.0637117640625 0.23877561805555556 0.0637117640625 0.6153063972222222 0.30564427109375003 0.6153063972222222 0.30564427109375003 0.23877561805555556
2 0.38341853515625 0.4561226569444445 0.38341853515625 0.5112247208333334 0.42130120546875 0.5112247208333334 0.42130120546875 0.4561226569444445
2 0.4462693296875 0.4591838819444444 0.4462693296875 0.5387757555555556 0.50223236484375 0.5387757555555556 0.50223236484375 0.4591838819444444