2 0.34540991953125 0.4312497041666667 0.34540991953125 0.48515591666666663 0.37441380625 0.48515591666666663 0.37441380625 0.4312497041666667
2 0.14765614765625 0.4171872111111111 0.14765614765625 0.5320308874999999 0.23598616484375 0.5320308874999999 0.23598616484375 0.4171872111111111
2 0.199072128125 0.4312497041666667 0.199072128125 0.5437496263888889 0.30585916484375 0.5437496263888889 0.30585916484375 0.4312497041666667
2 0.3572751453125 0.3539060055555555 0.3572751453125 0.6632807944444444 0.5418453296875 0.6632807944444444 0.5418453296875 0.3539060055555555
2 0.581396084375 0.33515602083333335 0.581396084375 0.6421870583333333 0.7989252312499999 0.6421870583333333 0.7989252312499999 0.33515602083333335
6 0.1054686765625 0.2578123222222222 0.1054686765625 0.3328122680555555 0.11997061875 0.3328122680555555 0.11997061875 0.2578123222222222
6 0.18852526171875 0.23671858750000002 0.18852526171875 0.2953122986111111 0.20170884609375 0.2953122986111111 0.20170884609375 0.23671858750000002
6 0.20170884453125 0.23906233611111113 0.20170884453125 0.30234354305555555 0.21093735390625 0.30234354305555555 0.21093735390625 0.23906233611111113
4 0.006591792187499999 0.4570309347222222 0.006591792187499999 0.541405875 0.031640604687500004 0.541405875 0.031640604687500004 0.4570309347222222
6 0.4456051625 0.24609358055555555 0.4456051625 0.29062480138888885 0.45878874765625 0.29062480138888885 0.45878874765625 0.24609358055555555
7 0.49042935078124994 0.26484356805555553 0.49042935078124994 0.29531229444444446 0.51152308671875 0.29531229444444446 0.51152308671875 0.26484356805555553
6 0.377050521875 0.37968723750000005 0.377050521875 0.40312472222222223 0.38496067265625 0.40312472222222223 0.38496067265625 0.37968723750000005
7 0.5378902554687499 0.3234372763888889 0.5378902554687499 0.3468747611111111 0.55898399140625 0.3468747611111111 0.55898399140625 0.3234372763888889
4 0.57480429140625 0.4124997180555556 0.57480429140625 0.4992184069444444 0.5906245929687499 0.4992184069444444 0.5906245929687499 0.4124997180555556
4 0.85429628671875 0.38437473611111117 0.85429628671875 0.5859370958333333 0.89384704140625 0.5859370958333333 0.89384704140625 0.38437473611111117
4 0.79628851640625 0.38437473611111117 0.79628851640625 0.5601558638888889 0.829247478125 0.5601558638888889 0.829247478125 0.38437473611111117
2 0 0.5554683680555556 0 0.6304683180555556 0.011865226562500001 0.6304683180555556 0.011865226562500001 0.5554683680555556
4 0.9136224187499999 0.39796848472222224 0.9136224187499999 0.5690621152777777 0.95185481328125 0.5690621152777777 0.95185481328125 0.39796848472222224
4 0.1384276390625 0.4312497041666667 0.1384276390625 0.5109371500000001 0.15556629921875 0.5109371500000001 0.15556629921875 0.4312497041666667