9 0.37251292265624997 0.30306135972222226 0.37251292265624997 0.3857144583333333 0.4121175328125 0.3857144583333333 0.4121175328125 0.30306135972222226
2 0.624490078125 0.3295919861111111 0.624490078125 0.4428573416666666 0.6867668945312501 0.4428573416666666 0.6867668945312501 0.3295919861111111
2 0.3059312625 0.3102042152777778 0.3059312625 0.4418369277777778 0.37653078359375003 0.4418369277777778 0.37653078359375003 0.3102042152777778
2 0.307366209375 0.3061225861111111 0.307366209375 0.4642859236111111 0.34151800859375003 0.4642859236111111 0.34151800859375003 0.3061225861111111
2 0.35644148750000004 0.27091848749999997 0.35644148750000004 0.6682218763888889 0.676722246875 0.6682218763888889 0.676722246875 0.27091848749999997
2 0.893686625 0.2984695111111111 0.893686625 0.40714302916666667 0.9986019453124999 0.40714302916666667 0.9986019453124999 0.2984695111111111
4 0.76712406953125 0.3198981027777778 0.76712406953125 0.40714304027777776 0.7938141328125 0.40714304027777776 0.7938141328125 0.3198981027777778
4 0.72557151796875 0.3260205555555556 0.72557151796875 0.4086736527777778 0.7436518828125 0.4086736527777778 0.7436518828125 0.3260205555555556
1 0 0.0030612250000000003 0 0.7025513347222222 0.32802948515625 0.7025513347222222 0.32802948515625 0.0030612250000000003
7 0.50969410703125 0.2510205194444444 0.50969410703125 0.2693878736111111 0.5527425953125 0.2693878736111111 0.5527425953125 0.2510205194444444
3 0.8047197531249999 0.3372450513888889 0.8047197531249999 0.4061226319444445 0.8624047296875 0.4061226319444445 0.8624047296875 0.3372450513888889
0 0.8667617578125 0.3694560472222222 0.8667617578125 0.49190508194444443 0.9855755875 0.49190508194444443 0.9855755875 0.3694560472222222
7 0.78450001015625 0.14918693055555557 0.78450001015625 0.21500328472222224 0.8068852234375001 0.21500328472222224 0.8068852234375001 0.14918693055555557
0 0.91767078828125 0.3664724652777778 0.91767078828125 0.4231051430555555 0.9934361289062499 0.4231051430555555 0.9934361289062499 0.3664724652777778
7 0.74051227890625 0.15057839722222222 0.74051227890625 0.2684355916666667 0.7603145828125 0.2684355916666667 0.7603145828125 0.15057839722222222