2 0 0.34567982222222227 0 0.6358801652777777 0.27686393046875 0.6358801652777777 0.27686393046875 0.34567982222222227
2 0.40889441875 0.36701808194444446 0.40889441875 0.43672306666666666 0.46010624296874997 0.43672306666666666 0.46010624296874997 0.36701808194444446
2 0.5417250914062499 0.37413083472222225 0.5417250914062499 0.4353005166666667 0.59213673125 0.4353005166666667 0.59213673125 0.37413083472222225
2 0.29446799609375 0.3684406333333334 0.29446799609375 0.4253426611111111 0.3488805609375 0.4253426611111111 0.3488805609375 0.3684406333333334
2 0.48251141875 0.3641729819444444 0.48251141875 0.38977889444444447 0.5001154828125001 0.38977889444444447 0.5001154828125001 0.3641729819444444
2 0.6769563171875 0.36132787916666664 0.6769563171875 0.4665966333333333 0.84579530390625 0.4665966333333333 0.84579530390625 0.36132787916666664
2 0.22485192031249998 0.3641729819444444 0.22485192031249998 0.4353005180555556 0.2880665171875 0.4353005180555556 0.2880665171875 0.3641729819444444
2 0.2800646703125 0.3655955319444445 0.2800646703125 0.42392011111111116 0.30487039843749997 0.42392011111111116 0.30487039843749997 0.3655955319444445
2 0.341678896875 0.36986318333333335 0.341678896875 0.40115929722222227 0.35688240859375 0.40115929722222227 0.35688240859375 0.36986318333333335
2 0.352881484375 0.36701808194444446 0.352881484375 0.40115929722222227 0.36488425625 0.40115929722222227 0.36488425625 0.36701808194444446
2 0.35608222343749996 0.3627504291666667 0.35608222343749996 0.3968916458333333 0.37768721250000004 0.3968916458333333 0.37768721250000004 0.3627504291666667
2 0.37688702812499997 0.35848277777777776 0.37688702812499997 0.3940465458333333 0.38808961484375 0.3940465458333333 0.38808961484375 0.35848277777777776
2 0.3856890609375 0.37413083472222225 0.3856890609375 0.39546909305555555 0.39369090859375 0.39546909305555555 0.39369090859375 0.37413083472222225
2 0.53292305859375 0.3769759375 0.53292305859375 0.4253426611111111 0.55292767734375 0.4253426611111111 0.55292767734375 0.3769759375
2 0.52732176484375 0.37128573472222226 0.52732176484375 0.41538480555555557 0.5441256453125 0.41538480555555557 0.5441256453125 0.37128573472222226
2 0.5185197328125 0.37413083472222225 0.5185197328125 0.4125397027777778 0.53532361328125 0.4125397027777778 0.53532361328125 0.37413083472222225
2 0.501715853125 0.3556376763888889 0.501715853125 0.3997367458333333 0.53292305859375 0.3997367458333333 0.53292305859375 0.3556376763888889
2 0.46010624296874997 0.35990533055555557 0.46010624296874997 0.3855112430555556 0.4761099390625 0.3855112430555556 0.4761099390625 0.35990533055555557
6 0.1464338125 0.3072709513888889 0.1464338125 0.3314543125 0.16243750859375 0.3314543125 0.16243750859375 0.3072709513888889
6 0.63694707890625 0.3030033 0.63694707890625 0.3271866638888889 0.65055021953125 0.3271866638888889 0.65055021953125 0.3030033
6 0.57773340546875 0.0241833625 0.57773340546875 0.09673345 0.58893599140625 0.09673345 0.58893599140625 0.0241833625
6 0.22485192031249998 0.14083251944444444 0.22485192031249998 0.19488944722222223 0.23445413828125 0.19488944722222223 0.23445413828125 0.14083251944444444
6 0.23685469218750002 0.150790375 0.23685469218750002 0.19346689444444445 0.25285838828124996 0.19346689444444445 0.25285838828124996 0.150790375
6 0.59453728515625 0.02702846527777778 0.59453728515625 0.1024236513888889 0.61214135 0.1024236513888889 0.61214135 0.02702846527777778
6 0.5681311890625 0.03414121666666667 0.5681311890625 0.1024236513888889 0.5801339609375 0.1024236513888889 0.5801339609375 0.03414121666666667
6 0.21765025859375 0.14510017083333332 0.21765025859375 0.19773454722222222 0.22885284453125002 0.19773454722222222 0.22885284453125002 0.14510017083333332
7 0.6313457851562501 0.24610127361111112 0.6313457851562501 0.2603267805555556 0.6489498499999999 0.2603267805555556 0.6489498499999999 0.24610127361111112
7 0.6129415351562499 0.008535304166666667 0.6129415351562499 0.056902027777777774 0.7273679578125 0.056902027777777774 0.7273679578125 0.008535304166666667
7 0.8521967835937501 0.1294521138888889 0.8521967835937501 0.16786098472222222 0.8802032499999999 0.16786098472222222 0.8802032499999999 0.1294521138888889
7 0.8393938257812501 0.06970498472222222 0.8393938257812501 0.11390617222222223 0.86339936953125 0.11390617222222223 0.86339936953125 0.06970498472222222
7 0.17524046484375 0.19346689444444445 0.17524046484375 0.2276081111111111 0.21204896484375002 0.2276081111111111 0.21204896484375002 0.19346689444444445
7 0.15603603046875 0.2560591291666667 0.15603603046875 0.28166504166666667 0.17604065 0.28166504166666667 0.17604065 0.2560591291666667
6 0.41609608124999997 0.3030033 0.41609608124999997 0.3200739097222222 0.41929682109375 0.3200739097222222 0.41929682109375 0.3030033
6 0.4328999609375 0.3286092125 0.4328999609375 0.34425727083333335 0.43370014687499997 0.34425727083333335 0.43370014687499997 0.3286092125
7 0.5129184390625 0.3314543125 0.5129184390625 0.3357219638888889 0.5201201023437501 0.3357219638888889 0.5201201023437501 0.3314543125