7 0.73500511640625 0.39165613194444443 0.73500511640625 0.43671391666666665 0.75840050390625 0.43671391666666665 0.75840050390625 0.39165613194444443
7 0.719408190625 0.4037870736111111 0.719408190625 0.4315149402777778 0.72818146171875 0.4315149402777778 0.72818146171875 0.4037870736111111
7 0.27782023671875 0.3656612541666666 0.27782023671875 0.40032108888888884 0.32168658828124996 0.40032108888888884 0.32168658828124996 0.3656612541666666
7 0.32656062812500003 0.3933891222222222 0.32656062812500003 0.4401798986111111 0.35483005703125003 0.4401798986111111 0.35483005703125003 0.3933891222222222
2 0.5312702765624999 0.47483973472222224 0.5312702765624999 0.5354944444444444 0.58293509453125 0.5354944444444444 0.58293509453125 0.47483973472222224
2 0.45523526328125 0.4817717013888889 0.45523526328125 0.5198975194444444 0.48252988359375 0.5198975194444444 0.48252988359375 0.4817717013888889
2 0.5078748875 0.4800387069444444 0.5078748875 0.5164315347222223 0.53516950703125 0.5164315347222223 0.53516950703125 0.4800387069444444
9 0.44451237734375004 0.4471118638888889 0.44451237734375004 0.47483973194444445 0.47765584609375 0.47483973194444445 0.47765584609375 0.4471118638888889
2 0.2524752328125 0.4956356333333334 0.2524752328125 0.5198975194444444 0.2748958125 0.5198975194444444 0.2748958125 0.4956356333333334
2 0.21250811015624999 0.49390264305555553 0.21250811015624999 0.5285624763888889 0.24760119296875 0.5285624763888889 0.24760119296875 0.49390264305555553
2 0.13452348281249998 0.5008346083333333 0.13452348281249998 0.5406934180555556 0.17936464296875002 0.5406934180555556 0.17936464296875002 0.5008346083333333
2 0 0.5112325597222223 0 0.5649553013888888 0.0428915453125 0.5649553013888888 0.0428915453125 0.5112325597222223
2 0.70088684140625 0.43324793194444444 0.70088684140625 0.7243905416666667 0.99949698984375 0.7243905416666667 0.99949698984375 0.43324793194444444
1 0.09510307968750001 0.4560934361111111 0.09510307968750001 0.4991016125 0.14232194453125 0.4991016125 0.14232194453125 0.4560934361111111