0 0.71220099921875 0.45284329027777775 0.71220099921875 0.5168242902777778 0.76618496875 0.5168242902777778 0.76618496875 0.45284329027777775
0 0.5394522976562499 0.45710869027777784 0.5394522976562499 0.5082934902777778 0.58383911640625 0.5082934902777778 0.58383911640625 0.45710869027777784
0 0.525056575 0.46137409166666665 0.525056575 0.5018953916666666 0.54545051875 0.5018953916666666 0.54545051875 0.46137409166666665
3 0.25033815390625 0.48696649027777783 0.25033815390625 0.5850706930555556 0.29232568671875 0.5850706930555556 0.29232568671875 0.48696649027777783
3 0.45547723515625 0.48270109027777774 0.45547723515625 0.5488147902777778 0.49626512187499994 0.5488147902777778 0.49626512187499994 0.48270109027777774
5 0.25633637187499997 0.43578169027777774 0.25633637187499997 0.5424166902777777 0.2887267546875 0.5424166902777777 0.2887267546875 0.43578169027777774
5 0.4542775921875 0.43151629027777777 0.4542775921875 0.5418746208333333 0.49146654765625 0.5418746208333333 0.49146654765625 0.43151629027777777
6 0.4218872109375 0.42085279166666667 0.4218872109375 0.44004709166666667 0.42908507343749996 0.44004709166666667 0.42908507343749996 0.42085279166666667
3 0.56104588515625 0.43151629027777777 0.56104588515625 0.49123189166666664 0.6030334164062501 0.49123189166666664 0.6030334164062501 0.43151629027777777
3 0.7050031359375 0.4123219902777778 0.7050031359375 0.49762999027777777 0.7325949421875 0.49762999027777777 0.7325949421875 0.4123219902777778
2 0.4075540375 0.4457809361111111 0.4075540375 0.5040280902777777 0.44707972890625003 0.5040280902777777 0.44707972890625003 0.4457809361111111
2 0.48546832890624997 0.4400470902777778 0.48546832890624997 0.4613740888888889 0.50346298515625 0.4613740888888889 0.50346298515625 0.4400470902777778
2 0.44707972890625003 0.44217979027777776 0.44707972890625003 0.5146915902777778 0.50346298515625 0.5146915902777778 0.50346298515625 0.44217979027777776
2 0.27073209765625 0.4560934361111111 0.27073209765625 0.5424166902777777 0.3179056609375 0.5424166902777777 0.3179056609375 0.4560934361111111
2 0.191555609375 0.4635067902777778 0.191555609375 0.5189569888888889 0.26713316484375 0.5189569888888889 0.26713316484375 0.4635067902777778
2 0.10997983359375 0.46990489027777776 0.10997983359375 0.5850706902777778 0.22514563359375 0.5850706902777778 0.22514563359375 0.46990489027777776
2 0 0.42298549027777776 0 0.8708524916666666 0.207150978125 0.8708524916666666 0.207150978125 0.42298549027777776
2 0.31151998359375 0.4101892916666667 0.31151998359375 0.5850706902777778 0.42428649687500003 0.5850706902777778 0.42428649687500003 0.4101892916666667
7 0.53345408046875 0.3632698902777778 0.53345408046875 0.4016584902777778 0.5514487359375 0.4016584902777778 0.5514487359375 0.3632698902777778
1 0.43523956484375 0.41765595555555557 0.43523956484375 0.45984342638888887 0.465561809375 0.45984342638888887 0.465561809375 0.41765595555555557
7 0.7358252960937499 0.2770310527777778 0.7358252960937499 0.3285935166666667 0.74900888046875 0.3285935166666667 0.74900888046875 0.2770310527777778