2 0.5990667562499999 0.49393666249999996 0.5990667562499999 0.5133611402777778 0.6140903734375 0.5133611402777778 0.6140903734375 0.49393666249999996
2 0.57994578671875 0.496364725 0.57994578671875 0.5157892013888888 0.59633518828125 0.5157892013888888 0.59633518828125 0.496364725
2 0.5621906015625 0.49150860416666664 0.5621906015625 0.5206453194444444 0.58404313671875 0.5206453194444444 0.58404313671875 0.49150860416666664
2 0.54170384921875 0.49150860416666664 0.54170384921875 0.5303575555555555 0.5717510859375 0.5303575555555555 0.5717510859375 0.49150860416666664
2 0.5075592640625 0.4987927833333333 0.5075592640625 0.5400697930555556 0.54170385078125 0.5400697930555556 0.54170385078125 0.4987927833333333
2 0.466585759375 0.42352293888888887 0.466585759375 0.5449259138888889 0.532143365625 0.5449259138888889 0.532143365625 0.42352293888888887
2 0.42561225468749997 0.49150860416666664 0.42561225468749997 0.5522100916666667 0.470683109375 0.5522100916666667 0.470683109375 0.49150860416666664
2 0.39010188437500004 0.4987927833333333 0.39010188437500004 0.5594942708333334 0.43790430625 0.5594942708333334 0.43790430625 0.4987927833333333
2 0.31771536093749997 0.4890805458333333 0.31771536093749997 0.5692065111111111 0.39693080234375 0.5692065111111111 0.39693080234375 0.4890805458333333
2 0 0.5085050208333333 0 0.6080554597222222 0.116945190625 0.6080554597222222 0.116945190625 0.5085050208333333
2 0.60999302421875 0.49150860416666664 0.60999302421875 0.5133611402777778 0.62501664140625 0.5133611402777778 0.62501664140625 0.49150860416666664
7 0.28766812421875 0.3676775708333333 0.28766812421875 0.425951 0.31088644296875 0.425951 0.31088644296875 0.3676775708333333
7 0.58131157109375 0.27055519027777775 0.58131157109375 0.3385408555555556 0.6154561578125 0.3385408555555556 0.6154561578125 0.27055519027777775
7 0.5977009718749999 0.3336847361111111 0.5977009718749999 0.3603933916666667 0.6277482078125 0.3603933916666667 0.6277482078125 0.3336847361111111
7 0.57994578671875 0.3603933916666667 0.57994578671875 0.3992423430555555 0.612724590625 0.3992423430555555 0.612724590625 0.3603933916666667
7 0.5908720546875 0.3968142819444444 0.5908720546875 0.42352293888888887 0.60862723984375 0.42352293888888887 0.60862723984375 0.3968142819444444