7 0.60841829375 0.416263625 0.60841829375 0.4505441597222222 0.6286193250000001 0.4505441597222222 0.6286193250000001 0.416263625
7 0.61025475078125 0.4521765666666667 0.61025475078125 0.4652358152777778 0.6286193234375 0.4652358152777778 0.6286193234375 0.4521765666666667
7 0.67563258125 0.4342200958333333 0.67563258125 0.4880895041666667 0.69399715390625 0.4880895041666667 0.69399715390625 0.4342200958333333
6 0.36802603437500003 0.44989120833333335 0.36802603437500003 0.46784767777777775 0.37353540625 0.46784767777777775 0.37353540625 0.44989120833333335
6 0.43322026328124996 0.46621526944444447 0.43322026328124996 0.4858041458333333 0.43689317890624996 0.4858041458333333 0.43689317890624996 0.46621526944444447
2 0.40861172031250004 0.5249819027777778 0.40861172031250004 0.5723216861111111 0.43156743515624996 0.5723216861111111 0.43156743515624996 0.5249819027777778
2 0.43707680703124996 0.531511525 0.43707680703124996 0.5608948361111111 0.44534086484374996 0.5608948361111111 0.44534086484374996 0.531511525
2 0.38565600624999996 0.5298791180555555 0.38565600624999996 0.5527328069444445 0.39483829453124997 0.5527328069444445 0.39483829453124997 0.5298791180555555
2 0.3709643484375 0.5266143055555556 0.3709643484375 0.5674244652777778 0.39208360625 0.5674244652777778 0.39208360625 0.5266143055555556
2 0.3645367484375 0.531511525 0.3645367484375 0.5804837152777778 0.380146634375 0.5804837152777778 0.380146634375 0.531511525
9 0.28648731796875004 0.47437730277777773 0.28648731796875004 0.49559858611111113 0.3305622890625 0.49559858611111113 0.3305622890625 0.47437730277777773
2 0.29475137578125 0.49070136805555553 0.29475137578125 0.5804837180555555 0.31495240546875 0.5804837180555555 0.31495240546875 0.49070136805555553
2 0.22611378906250001 0.46809252777777777 0.22611378906250001 0.5921554125 0.3059996765625 0.5921554125 0.3059996765625 0.46809252777777777
2 0.3087543625 0.4762545583333333 0.3087543625 0.5970526291666667 0.36660276171875 0.5970526291666667 0.36660276171875 0.4762545583333333
2 0.48023355156249997 0.5448972527777778 0.48023355156249997 0.5644861291666666 0.488497609375 0.5644861291666666 0.488497609375 0.5448972527777778
2 0.4848246921875 0.5448972527777778 0.4848246921875 0.5759129722222222 0.49584343515624996 0.5759129722222222 0.49584343515624996 0.5448972527777778
9 0.49657803515625 0.48351878750000005 0.49657803515625 0.5879927930555555 0.56177226484375 0.5879927930555555 0.56177226484375 0.48351878750000005
2 0.524859465625 0.5145345097222223 0.524859465625 0.6010520486111111 0.59005369765625 0.6010520486111111 0.59005369765625 0.5145345097222223
2 0.43964786250000004 0.5259613541666667 0.43964786250000004 0.5781983569444444 0.4772952359375 0.5781983569444444 0.4772952359375 0.5259613541666667
2 0.39098174921875 0.530858575 0.39098174921875 0.5814631722222222 0.42862911953125 0.5814631722222222 0.42862911953125 0.530858575
2 0.09825045859375 0.4974758416666667 0.09825045859375 0.6264359458333334 0.19558268750000002 0.6264359458333334 0.19558268750000002 0.4974758416666667