6 0.1839963359375 0.3617555055555555 0.1839963359375 0.43244336527777777 0.1995892453125 0.43244336527777777 0.1995892453125 0.3617555055555555
6 0.59642879921875 0.0069301833333333335 0.59642879921875 0.1289013875 0.6290382601562501 0.1289013875 0.6290382601562501 0.0069301833333333335
4 0.14579370625000002 0.5502564597222221 0.14579370625000002 0.6680695541666667 0.16684413515625002 0.6680695541666667 0.16684413515625002 0.5502564597222221
4 0.099794621875 0.5280798777777778 0.099794621875 0.6403488291666667 0.1231839875 0.6403488291666667 0.1231839875 0.5280798777777778
4 0.1325397328125 0.5294659138888889 0.1325397328125 0.6472790083333333 0.15514945156249998 0.6472790083333333 0.15514945156249998 0.5294659138888889
4 0.34460330625 0.5488704263888889 0.34460330625 0.5849073736111111 0.35473869687500004 0.5849073736111111 0.35473869687500004 0.5488704263888889
0 0.312637840625 0.5752051180555556 0.312637840625 0.6181722458333334 0.36097586171875 0.6181722458333334 0.36097586171875 0.5752051180555556
0 0.33368826953125 0.5724330444444444 0.33368826953125 0.6084699930555555 0.3547386984375 0.6084699930555555 0.3547386984375 0.5724330444444444
0 0.35785727968750003 0.5682749347222222 0.35785727968750003 0.6056979194444445 0.38358558125000003 0.6056979194444445 0.38358558125000003 0.5682749347222222
0 0.3648740890625 0.5613447527777778 0.3648740890625 0.6001537708333333 0.3929413265625 0.6001537708333333 0.3929413265625 0.5613447527777778
2 0.56056510703125 0.5419402430555555 0.56056510703125 0.5765911513888888 0.58005624453125 0.5765911513888888 0.58005624453125 0.5419402430555555
2 0.567581915625 0.5280798777777778 0.567581915625 0.5655028625 0.5847341171875 0.5655028625 0.5847341171875 0.5280798777777778
2 0.49351559453125005 0.5419402430555555 0.49351559453125005 0.5585726791666666 0.505989921875 0.5585726791666666 0.505989921875 0.5419402430555555
2 0.48805807734375 0.5266938416666667 0.48805807734375 0.5433262791666666 0.49507488671875005 0.5433262791666666 0.49507488671875005 0.5266938416666667
2 0.49741382265625 0.5169915875 0.49741382265625 0.5377821333333332 0.50209169453125 0.5377821333333332 0.50209169453125 0.5169915875
2 0.547311134375 0.5239217708333334 0.547311134375 0.5350100597222223 0.55978546171875 0.5350100597222223 0.55978546171875 0.5239217708333334
2 0.53249786953125 0.5211496944444445 0.53249786953125 0.5350100583333334 0.54653148828125 0.5350100583333334 0.54653148828125 0.5211496944444445
2 0.50131205 0.5128334777777778 0.50131205 0.5363960972222223 0.5106677953125 0.5363960972222223 0.5106677953125 0.5128334777777778
2 0.51846425078125 0.4989731152777778 0.51846425078125 0.5142195138888889 0.5293792875000001 0.5142195138888889 0.5293792875000001 0.4989731152777778
2 0.5176846054687501 0.5114474416666667 0.5176846054687501 0.5239217708333334 0.524701415625 0.5239217708333334 0.524701415625 0.5114474416666667
2 0.4826005578125 0.5363960972222223 0.4826005578125 0.6623432944444445 0.5776222796875 0.6623432944444445 0.5776222796875 0.5363960972222223
2 0.6790712210937501 0.4421456180555556 0.6790712210937501 0.7276691236111111 0.880219759375 0.7276691236111111 0.880219759375 0.4421456180555556
2 0.5987677359375 0.5253078041666667 0.5987677359375 0.6264884625 0.67673228515625 0.6264884625 0.67673228515625 0.5253078041666667
2 0.3929413265625 0.5391681694444445 0.3929413265625 0.5918375541666667 0.43114395546875006 0.5918375541666667 0.43114395546875006 0.5391681694444445
2 0.42880501953124994 0.5502564597222221 0.42880501953124994 0.579363225 0.44673686640625 0.579363225 0.44673686640625 0.5502564597222221
9 0.64086859140625 0.43382940138888887 0.64086859140625 0.6084699930555555 0.7601543515625 0.6084699930555555 0.7601543515625 0.43382940138888887
2 0.477143040625 0.533624023611111 0.477143040625 0.5613447527777778 0.49039701328124996 0.5613447527777778 0.49039701328124996 0.533624023611111
7 0.8116109546875 0.3049280138888889 0.8116109546875 0.36036947222222226 0.8412374828125 0.36036947222222226 0.8412374828125 0.3049280138888889
7 0.816288828125 0.35759739583333333 0.816288828125 0.3797739791666667 0.835779965625 0.3797739791666667 0.835779965625 0.35759739583333333
7 0.82876315546875 0.38116001805555555 0.82876315546875 0.421355075 0.8490339382812501 0.421355075 0.8490339382812501 0.38116001805555555
4 0.93323565078125 0.5003591486111111 0.93323565078125 0.6334186458333333 0.9566250164062501 0.6334186458333333 0.9566250164062501 0.5003591486111111
2 0.5379553875 0.5059032958333334 0.5379553875 0.5211496944444445 0.55120936015625 0.5211496944444445 0.55120936015625 0.5059032958333334
2 0.5488704249999999 0.5045172583333334 0.5488704249999999 0.5225357319444445 0.5566668796875 0.5225357319444445 0.5566668796875 0.5045172583333334
2 0.557446525 0.5142195138888889 0.557446525 0.5322379875 0.57381908046875 0.5322379875 0.57381908046875 0.5142195138888889
2 0.5044306320312499 0.5003591486111111 0.5044306320312499 0.5156055486111111 0.5130067320312499 0.5156055486111111 0.5130067320312499 0.5003591486111111
7 0.65412256640625 0.09425047638888889 0.65412256640625 0.13721760416666665 0.71415526875 0.13721760416666665 0.71415526875 0.09425047638888889