6 0.13775516484375 0.15867354166666667 0.13775516484375 0.21377560555555558 0.15583552812499998 0.21377560555555558 0.15583552812499998 0.15867354166666667
6 0.28670293671875 0.13418373472222223 0.28670293671875 0.20153070833333334 0.306505240625 0.20153070833333334 0.306505240625 0.13418373472222223
6 0.0585459453125 0.3035715736111111 0.0585459453125 0.32959198888888885 0.0723214609375 0.32959198888888885 0.0723214609375 0.3035715736111111
6 0.07404340312499999 0.30765319999999996 0.07404340312499999 0.3306123958333333 0.08179213125 0.3306123958333333 0.08179213125 0.30765319999999996
6 0.26862256953124997 0.3214287138888889 0.26862256953124997 0.33979607222222225 0.2798151765625 0.33979607222222225 0.2798151765625 0.3214287138888889
6 0.2324618390625 0.31836749305555556 0.2324618390625 0.3290817791666667 0.23934959843749998 0.3290817791666667 0.23934959843749998 0.31836749305555556
6 0.12914546796874998 0.16173476527777778 0.12914546796874998 0.20918376805555555 0.13947709921875 0.20918376805555555 0.13947709921875 0.16173476527777778
6 0.27551032890625 0.13724495972222223 0.27551032890625 0.19846948055555555 0.28584196328125 0.19846948055555555 0.28584196328125 0.13724495972222223
7 0.07404340312499999 0.239285825 0.07404340312499999 0.27142869861111113 0.090401828125 0.27142869861111113 0.090401828125 0.239285825
2 0.281537115625 0.37653078194444445 0.281537115625 0.4163267180555556 0.31855881640625 0.4163267180555556 0.31855881640625 0.37653078194444445
2 0.25226414296875 0.37959200555555556 0.25226414296875 0.4239797791666667 0.2806761484375 0.4239797791666667 0.2806761484375 0.37959200555555556
2 0.1894133484375 0.3857144597222222 0.1894133484375 0.4346940736111111 0.2126595375 0.4346940736111111 0.2126595375 0.3857144597222222
2 0.21179856484375 0.38265323611111113 0.21179856484375 0.4438777541666667 0.25570802187499997 0.4438777541666667 0.25570802187499997 0.38265323611111113
2 0.13718118671875 0.3535715861111111 0.13718118671875 0.4683675541666667 0.19917100703124999 0.4683675541666667 0.19917100703124999 0.3535715861111111
2 0.29646059453125 0.40765325555555554 0.29646059453125 0.5056124847222223 0.392028240625 0.5056124847222223 0.392028240625 0.40765325555555554
2 0.4439734171875 0.38520426249999995 0.4439734171875 0.4647961277777778 0.5128509976562501 0.4647961277777778 0.5128509976562501 0.38520426249999995
2 0 0.3500001652777778 0 0.5780615 0.191135290625 0.5780615 0.191135290625 0.3500001652777778
2 0.18596946953125 0.42551039444444444 0.18596946953125 0.6872452041666667 0.40121191640625 0.6872452041666667 0.40121191640625 0.42551039444444444