7 0.58071074140625 0.3712498694444445 0.58071074140625 0.3993748597222222 0.59653104765625 0.3993748597222222 0.59653104765625 0.3712498694444445
7 0.5385232546875 0.39749986111111113 0.5385232546875 0.4199998527777778 0.55328887421875 0.4199998527777778 0.55328887421875 0.39749986111111113
7 0.5427420046875 0.42187485138888886 0.5427420046875 0.4349998458333333 0.55117950078125 0.4349998458333333 0.55117950078125 0.42187485138888886
7 0.7087497515625001 0.4518748416666667 0.7087497515625001 0.4668748347222222 0.73195286953125 0.4668748347222222 0.73195286953125 0.4518748416666667
7 0.44233577734375 0.39374986111111115 0.44233577734375 0.41062485694444445 0.44971858515624996 0.41062485694444445 0.44971858515624996 0.39374986111111115
2 0.38728112812500004 0.3918748625 0.38728112812500004 0.494999825 0.43790610937499996 0.494999825 0.43790610937499996 0.3918748625
2 0.35669520078125 0.4312498486111111 0.35669520078125 0.5306248152777778 0.424195178125 0.5306248152777778 0.424195178125 0.4312498486111111
2 0.5370466992187499 0.4312498486111111 0.5370466992187499 0.45749984027777774 0.56341387734375 0.45749984027777774 0.56341387734375 0.4312498486111111
2 0.546538884375 0.4443748430555555 0.546538884375 0.5231248152777778 0.5929451179687499 0.5231248152777778 0.5929451179687499 0.4443748430555555
2 0.41765610468750003 0.41437485555555553 0.41765610468750003 0.6318747805555556 0.55898418046875 0.6318747805555556 0.55898418046875 0.41437485555555553
2 0 0.3997498583333334 0 0.7316247416666667 0.3070589703125 0.7316247416666667 0.3070589703125 0.3997498583333334
2 0.735261946875 0.43751957083333337 0.735261946875 0.8966246861111112 0.9988620812500001 0.8966246861111112 0.9988620812500001 0.43751957083333337
4 0.061171853124999995 0.0033749958333333338 0.061171853124999995 0.1758749361111111 0.09808590234375 0.1758749361111111 0.09808590234375 0.0033749958333333338
4 0.1191796453125 0.1702499388888889 0.1191796453125 0.20962492638888888 0.1371093265625 0.20962492638888888 0.1371093265625 0.1702499388888889
4 0.145546825 0.17212494166666667 0.145546825 0.23999991944444443 0.1719140015625 0.23999991944444443 0.1719140015625 0.17212494166666667
4 0.18267181562499998 0.18937493472222222 0.18267181562499998 0.2699999069444444 0.21536711640625 0.2699999069444444 0.21536711640625 0.18937493472222222
4 0.21642180390625 0.2193749222222222 0.21642180390625 0.29249989583333336 0.23857023359375 0.29249989583333336 0.23857023359375 0.2193749222222222
4 0.25333585390625 0.25312491249999997 0.25333585390625 0.3149998916666667 0.27126553515624996 0.3149998916666667 0.27126553515624996 0.25312491249999997
4 0.27548428359375 0.2474999125 0.27548428359375 0.32999988333333335 0.2944686515625 0.32999988333333335 0.2944686515625 0.2474999125
4 0.2944686515625 0.2643749083333333 0.2944686515625 0.3449998791666667 0.3123983328125 0.3449998791666667 0.3123983328125 0.2643749083333333