9 0.0286917671875 0.4658692597222222 0.0286917671875 0.7668140041666667 0.34525758359375003 0.7668140041666667 0.34525758359375003 0.4658692597222222
2 0.415074209375 0.5168768444444444 0.415074209375 0.596788725 0.472457740625 0.596788725 0.472457740625 0.5168768444444444
2 0.49254197734374994 0.5389801305555556 0.49254197734374994 0.567884425 0.5059314671874999 0.567884425 0.5059314671874999 0.5389801305555556
2 0.37012377734375 0.5202773472222222 0.37012377734375 0.5525821527777778 0.399771934375 0.5525821527777778 0.399771934375 0.5202773472222222
2 0.732596415625 0.5525821527777778 0.732596415625 0.5746854388888889 0.7545934359375 0.5746854388888889 0.7545934359375 0.5525821527777778
2 0.59774511796875 0.5372798777777779 0.59774511796875 0.5559826611111112 0.612091 0.5559826611111112 0.612091 0.5372798777777779
2 0.57957366640625 0.5406803847222222 0.57957366640625 0.5661841736111111 0.58818119609375 0.5661841736111111 0.58818119609375 0.5406803847222222
2 0.5843556265625 0.5457811430555556 0.5843556265625 0.5797861986111111 0.6082654328125 0.5797861986111111 0.6082654328125 0.5457811430555556
9 0.49732393750000004 0.4182621847222222 0.49732393750000004 0.61039075 0.5786172742187501 0.61039075 0.5786172742187501 0.4182621847222222
7 0.57383531171875 0.4573679972222222 0.57383531171875 0.4964738111111111 0.644608334375 0.4964738111111111 0.644608334375 0.4573679972222222
7 0.63791358984375 0.5032748208333333 0.63791358984375 0.5423806361111111 0.67234370859375 0.5423806361111111 0.67234370859375 0.5032748208333333