9 0.44051863906250005 0.5081248222222222 0.44051863906250005 0.5428121263888889 0.4584483203125 0.5428121263888889 0.4584483203125 0.5081248222222222
2 0.46055769375000005 0.5212498180555556 0.46055769375000005 0.5381248111111111 0.46794050390624997 0.5381248111111111 0.46794050390624997 0.5212498180555556
2 0.42997176875000004 0.5249998166666666 0.42997176875000004 0.5399998111111112 0.44157332578124997 0.5399998111111112 0.44157332578124997 0.5249998166666666
2 0.41309677499999997 0.5174998194444445 0.41309677499999997 0.5381248111111111 0.42997176875000004 0.5381248111111111 0.42997176875000004 0.5174998194444445
2 0.36247179140624997 0.5193748180555555 0.36247179140624997 0.5381248125 0.3751280375 0.5381248125 0.3751280375 0.5193748180555555
2 0.30340931171875 0.5156248194444444 0.30340931171875 0.5437498083333333 0.32239368046875 0.5437498083333333 0.32239368046875 0.5156248194444444
9 0.07981564062499999 0.48187483333333336 0.07981564062499999 0.5887497944444444 0.2190343421875 0.5887497944444444 0.2190343421875 0.48187483333333336
2 0.47004987890625005 0.5249998166666666 0.47004987890625005 0.5437498111111111 0.47637800234374994 0.5437498111111111 0.47637800234374994 0.5249998166666666
2 0.47426862734375 0.5231248166666667 0.47426862734375 0.5437498069444444 0.4837608125 0.5437498069444444 0.4837608125 0.5231248166666667
2 0.48059674921875006 0.5231248166666667 0.48059674921875006 0.5568748041666667 0.490088934375 0.5568748041666667 0.490088934375 0.5231248166666667
2 0.48903424765625003 0.5231248166666667 0.48903424765625003 0.5568748041666667 0.49747174453125 0.5568748041666667 0.49747174453125 0.5231248166666667
2 0.49641705781249995 0.5249998166666666 0.49641705781249995 0.5624998027777778 0.51645611328125 0.5624998027777778 0.51645611328125 0.5249998166666666
2 0.50063580625 0.5324998138888889 0.50063580625 0.5681248013888889 0.5122373648437499 0.5681248013888889 0.5122373648437499 0.5324998138888889
2 0.5122373648437499 0.5249998166666666 0.5122373648437499 0.5774997972222222 0.5502061015625 0.5774997972222222 0.5502061015625 0.5249998166666666
2 0.5217295484375 0.5324998138888889 0.5217295484375 0.5887497944444444 0.5618076585937499 0.5887497944444444 0.5618076585937499 0.5324998138888889
2 0.5502061 0.5174998194444445 0.5502061 0.6074997888888889 0.613487328125 0.6074997888888889 0.613487328125 0.5174998194444445
2 0.5881748375 0.5156248194444444 0.5881748375 0.6487497722222222 0.68942480234375 0.6487497722222222 0.68942480234375 0.5156248194444444
2 0.7358310359375 0.506249823611111 0.7358310359375 0.8287497111111111 0.99949698984375 0.8287497111111111 0.99949698984375 0.506249823611111