2 0 0.4456248375 0 0.5032748208333333 0.0277353734375 0.5032748208333333 0.0277353734375 0.4456248375
2 0.4640623375 0.5008065375 0.4640623375 0.57429445 0.5987015109375 0.57429445 0.5987015109375 0.5008065375
2 0.32804252109375 0.48374983055555554 0.32804252109375 0.5606855763888889 0.45773421484375004 0.5606855763888889 0.45773421484375004 0.48374983055555554
2 0.1645311921875 0.4422883847222222 0.1645311921875 0.5402988291666666 0.31265169843749996 0.5402988291666666 0.31265169843749996 0.4422883847222222
2 0.01912784375 0.44812484166666666 0.01912784375 0.5185770958333333 0.12445308046875 0.5185770958333333 0.12445308046875 0.44812484166666666
7 0.61518962421875 0.21999991388888887 0.61518962421875 0.23312490833333332 0.653906021875 0.23312490833333332 0.653906021875 0.21999991388888887
7 0.56531230390625 0.30249988333333333 0.56531230390625 0.32312487083333336 0.59906229140625 0.32312487083333336 0.59906229140625 0.30249988333333333
7 0.6834372609375 0.27874988472222223 0.6834372609375 0.3031248763888889 0.72351537265625 0.3031248763888889 0.72351537265625 0.27874988472222223
6 0.1012499640625 0.013749986111111112 0.1012499640625 0.1116193361111111 0.12341767109374999 0.1116193361111111 0.12341767109374999 0.013749986111111112
6 0.45984358984374996 0.03187499027777778 0.45984358984374996 0.12749995833333333 0.4798826421875 0.12749995833333333 0.4798826421875 0.03187499027777778
6 0.7192966234375 0.21374992638888887 0.7192966234375 0.2774999055555556 0.73722630546875 0.2774999055555556 0.73722630546875 0.21374992638888887
6 0.55476543125 0.22499991944444445 0.55476543125 0.27562490416666663 0.5695310484375 0.27562490416666663 0.5695310484375 0.22499991944444445
6 0.8595700109375001 0.25624990694444444 0.8595700109375001 0.3424998736111111 0.90492155859375 0.3424998736111111 0.90492155859375 0.25624990694444444
7 0.891210625 0.4407055152777778 0.891210625 0.46999982361111114 0.9118243351562499 0.46999982361111114 0.9118243351562499 0.4407055152777778
7 0.57058361484375 0.2613169388888889 0.57058361484375 0.2924434777777778 0.59162424296875 0.2924434777777778 0.59162424296875 0.2613169388888889
4 0.7385260609375 0.5134763388888889 0.7385260609375 0.5814864513888889 0.75478472734375 0.5814864513888889 0.75478472734375 0.5134763388888889
7 0.143458828125 0.3785896277777778 0.143458828125 0.39559215555555555 0.15493553359375 0.39559215555555555 0.15493553359375 0.3785896277777778