7 0.11134022421875 0.4329897638888889 0.11134022421875 0.5298969944444445 0.21456189218750002 0.5298969944444445 0.21456189218750002 0.4329897638888889
7 0.00927835234375 0.49896915416666665 0.00927835234375 0.5587629791666667 0.04871134765625 0.5587629791666667 0.04871134765625 0.49896915416666665
7 0.26837634375 0.4329897638888889 0.26837634375 0.4494846097222222 0.29041242968750003 0.4494846097222222 0.29041242968750003 0.4329897638888889
7 0.21502581875 0.4494846097222222 0.21502581875 0.5298969944444445 0.29389181171875 0.5298969944444445 0.29389181171875 0.4494846097222222
7 0.29389181171875 0.5463918430555555 0.29389181171875 0.5773196819444444 0.30780933984375 0.5773196819444444 0.30780933984375 0.5463918430555555
7 0.29505160625000004 0.53195885 0.29505160625000004 0.5443299861111112 0.308969134375 0.5443299861111112 0.308969134375 0.53195885
6 0.29644335546875 0.5092784333333333 0.29644335546875 0.5340207083333334 0.30340211953125 0.5340207083333334 0.30340211953125 0.5092784333333333
7 0.33958768828124997 0.5649485486111111 0.33958768828124997 0.5855671083333334 0.345386659375 0.5855671083333334 0.345386659375 0.5649485486111111
7 0.5606444164062501 0.3917526430555555 0.5606444164062501 0.4350516180555556 0.5792011203125 0.4350516180555556 0.5792011203125 0.3917526430555555
7 0.57224235546875 0.5216495694444444 0.57224235546875 0.5381444166666667 0.5838402953124999 0.5381444166666667 0.5838402953124999 0.5216495694444444
7 0.2259278765625 0.5752578277777778 0.2259278765625 0.5958763875 0.23868561093750001 0.5958763875 0.23868561093750001 0.5752578277777778
7 0.21896911171875 0.5876289611111111 0.21896911171875 0.6268042277777778 0.2537629328125 0.6268042277777778 0.2537629328125 0.5876289611111111
2 0.0498711421875 0.6004124638888888 0.0498711421875 0.6189691666666667 0.06610825859375 0.6189691666666667 0.06610825859375 0.6004124638888888
2 0.07770619765625 0.5901031819444444 0.07770619765625 0.6230928833333333 0.09858249062499999 0.6230928833333333 0.09858249062499999 0.5901031819444444
2 0.09278352109375 0.625154736111111 0.09278352109375 0.6498970083333333 0.11481960703125 0.6498970083333333 0.11481960703125 0.625154736111111
2 0.06610825859375 0.6292784486111112 0.06610825859375 0.6663918527777778 0.09046393281250001 0.6663918527777778 0.09046393281250001 0.6292784486111112
2 0.040592790625 0.6292784486111112 0.040592790625 0.6663918527777778 0.0649484640625 0.6663918527777778 0.0649484640625 0.6292784486111112
2 0.0069587640625 0.6437114402777778 0.0069587640625 0.6787629930555555 0.02551546875 0.6787629930555555 0.02551546875 0.6437114402777778
2 0.02783505625 0.6395877277777778 0.02783505625 0.6767011361111112 0.044072171874999996 0.6767011361111112 0.044072171874999996 0.6395877277777778
2 0.15912374375 0.6292784486111112 0.15912374375 0.7035052625 0.23451035390625 0.7035052625 0.23451035390625 0.6292784486111112
2 0.35768048203124997 0.6004124638888888 0.35768048203124997 0.6148454555555556 0.370438215625 0.6148454555555556 0.370438215625 0.6004124638888888
2 0.31012892734375 0.6065980333333333 0.31012892734375 0.625154736111111 0.3194072796875 0.625154736111111 0.3194072796875 0.6065980333333333
2 0.3043299578125 0.6045361763888889 0.3043299578125 0.6272165916666667 0.31012892734375 0.6272165916666667 0.31012892734375 0.6045361763888889
2 0.28229387109375004 0.6127836 0.28229387109375004 0.6313403027777778 0.29969078125 0.6313403027777778 0.29969078125 0.6127836
2 0.25909799140625 0.6169073125 0.25909799140625 0.6416495847222222 0.27533510703125 0.6416495847222222 0.27533510703125 0.6169073125
2 0.313608309375 0.6107217444444444 0.313608309375 0.6478351541666666 0.34028357109375 0.6478351541666666 0.34028357109375 0.6107217444444444
2 0.486649571875 0.5880413277777777 0.486649571875 0.6313403027777778 0.5075258640625 0.6313403027777778 0.5075258640625 0.5880413277777777
2 0.50172689375 0.5880413277777777 0.50172689375 0.6334021583333334 0.5342011249999999 0.6334021583333334 0.5342011249999999 0.5880413277777777
2 0.5284021554687499 0.5901031819444444 0.5284021554687499 0.6354640180555555 0.55971659296875 0.6354640180555555 0.55971659296875 0.5901031819444444
2 0.5597165937499999 0.5901031819444444 0.5597165937499999 0.6375258708333333 0.59451041328125 0.6375258708333333 0.59451041328125 0.5901031819444444
2 0.5921908265625 0.5901031819444444 0.5921908265625 0.6375258708333333 0.6281444406250001 0.6375258708333333 0.6281444406250001 0.5901031819444444
2 0.62582485234375 0.5859794722222222 0.62582485234375 0.6416495847222222 0.6559794984375 0.6416495847222222 0.6559794984375 0.5859794722222222
2 0.6559794976562501 0.5880413277777777 0.6559794976562501 0.6457732944444444 0.68381455390625 0.6457732944444444 0.68381455390625 0.5880413277777777
2 0.6826547578125 0.5797939027777778 0.6826547578125 0.6478351513888889 0.711649609375 0.6478351513888889 0.711649609375 0.5797939027777778
2 0.6991238125 0.5756701916666667 0.6991238125 0.6519588638888889 0.769871246875 0.6519588638888889 0.769871246875 0.5756701916666667
2 0.7176805171875 0.5880413277777777 0.7176805171875 0.6478351513888889 0.8046650671875 0.6478351513888889 0.8046650671875 0.5880413277777777
2 0.77798980546875 0.5797939027777778 0.77798980546875 0.6581444305555556 0.8406186812499999 0.6581444305555556 0.8406186812499999 0.5797939027777778
2 0.80698465390625 0.5979382430555555 0.80698465390625 0.6643300000000001 0.9039434757812501 0.6643300000000001 0.9039434757812501 0.5979382430555555
2 0.96193317734375 0.5571134875 0.96193317734375 0.6004124638888888 0.9990465835937499 0.6004124638888888 0.9990465835937499 0.5571134875
2 0.8633506851562499 0.5612372 0.8633506851562499 0.6828867041666666 0.9990465835937499 0.6828867041666666 0.9990465835937499 0.5612372
2 0.3822681109375 0.5917526750000001 0.3822681109375 0.6783506277777778 0.44257739921874995 0.6783506277777778 0.44257739921874995 0.5917526750000001