2 0.24319723203125002 0.43301925694444443 0.24319723203125002 0.5654722027777778 0.38361009375 0.5654722027777778 0.38361009375 0.43301925694444443
2 0.38040804296875 0.4430585430555556 0.38040804296875 0.5529421875 0.47627591562499993 0.5529421875 0.47627591562499993 0.4430585430555556
2 0.463661721875 0.46099873055555557 0.463661721875 0.5350020013888889 0.527994109375 0.5350020013888889 0.527994109375 0.46099873055555557
2 0.5148393101562501 0.4587562069444444 0.5148393101562501 0.5327594763888889 0.56403466640625 0.5327594763888889 0.56403466640625 0.4587562069444444
2 0.049916166406250004 0.42511835694444444 0.049916166406250004 0.6067627472222222 0.24795900859375003 0.6067627472222222 0.24795900859375003 0.42511835694444444
2 0.66918298046875 0.4585960236111111 0.66918298046875 0.4765362097222222 0.7461295625 0.4765362097222222 0.7461295625 0.4585960236111111
2 0.63386323828125 0.47429368749999995 0.63386323828125 0.6492105069444444 0.701979884375 0.6492105069444444 0.701979884375 0.47429368749999995
2 0.640170334375 0.4720511611111112 0.640170334375 0.7882469527777778 0.8886699515625001 0.7882469527777778 0.8886699515625001 0.4720511611111112
2 0.74802168984375 0.45523223749999997 0.74802168984375 0.9530724194444444 0.9987130273437501 0.9530724194444444 0.9987130273437501 0.45523223749999997
2 0 0.3909465736111111 0 0.6436041958333333 0.04793393671875 0.6436041958333333 0.04793393671875 0.3909465736111111
4 0.02144413046875 0.39991666944444443 0.02144413046875 0.4671923694444445 0.04919535546875 0.4671923694444445 0.04919535546875 0.39991666944444443