4 0.36706648359375 0.7554020236111111 0.36706648359375 0.7946679680555555 0.37968768046875 0.7946679680555555 0.37968768046875 0.7554020236111111
4 0.35549705390624997 0.7684906708333332 0.35549705390624997 0.7984075833333334 0.36496295234375 0.7984075833333334 0.36496295234375 0.7684906708333332
2 0.34287585625 0.766620863888889 0.34287585625 0.7984075819444445 0.353393521875 0.7984075819444445 0.353393521875 0.766620863888889
2 0.3218405265625 0.7572718277777778 0.3218405265625 0.8058868111111112 0.3407723234375 0.8058868111111112 0.3407723234375 0.7572718277777778
2 0.31027109609375 0.7610114430555555 0.31027109609375 0.8077566222222223 0.3218405265625 0.8077566222222223 0.3218405265625 0.7610114430555555
4 0.28397693359375 0.7610114430555555 0.28397693359375 0.8096264222222221 0.30921932734375 0.8096264222222221 0.30921932734375 0.7610114430555555
2 0.04838125625 0.7367039513888888 0.04838125625 0.8563715958333333 0.115694309375 0.8563715958333333 0.115694309375 0.7367039513888888
4 0.44980544765625 0.7797095138888889 0.44980544765625 0.8021471958333333 0.4571678125 0.8021471958333333 0.4571678125 0.7797095138888889
2 0.45927134531249997 0.783449125 0.45927134531249997 0.8133660388888889 0.47399607578124997 0.8133660388888889 0.47399607578124997 0.783449125
2 0.47189254140625003 0.7853189319444444 0.47189254140625003 0.8283244944444444 0.49503140312499994 0.8283244944444444 0.49503140312499994 0.7853189319444444
2 0.48451373984375 0.7722302861111111 0.48451373984375 0.8601112125 0.5244808640625 0.8601112125 0.5244808640625 0.7722302861111111
2 0.48872080625000003 0.7759698972222222 0.48872080625000003 0.8545017902777778 0.5223773320312499 0.8545017902777778 0.5223773320312499 0.7759698972222222
2 0 0.7054514777777778 0 0.8830831402777777 0.046728478125 0.8830831402777777 0.046728478125 0.7054514777777778
2 0.08308954843750001 0.697438 0.08308954843750001 0.9162054194444444 0.2797698734375 0.9162054194444444 0.2797698734375 0.697438
2 0.52377968203125 0.7722302861111111 0.52377968203125 0.9292940708333333 0.6300080921875 0.9292940708333333 0.6300080921875 0.7722302861111111
2 0.391607703125 0.7741000944444445 0.391607703125 0.8002773916666666 0.40843596640625 0.8002773916666666 0.40843596640625 0.7741000944444445
2 0.41685009765625003 0.7759698972222222 0.41685009765625003 0.8189754611111111 0.44629955546875 0.8189754611111111 0.44629955546875 0.7759698972222222
7 0.384245346875 0.7317178180555555 0.384245346875 0.7391970472222221 0.3937112453125 0.7391970472222221 0.3937112453125 0.7317178180555555
4 0.9544780335937499 0.7843840291666666 0.9544780335937499 0.9975420277777778 0.9976004546875 0.9975420277777778 0.9976004546875 0.7843840291666666