2 0.0363639640625 0.6541885916666667 0.0363639640625 0.7246023180555555 0.22347630000000002 0.7246023180555555 0.22347630000000002 0.6541885916666667
2 0.00221937734375 0.6566166513888889 0.00221937734375 0.7246023180555555 0.08689795234375 0.7246023180555555 0.08689795234375 0.6566166513888889
9 0.010414078125 0.6163815819444445 0.010414078125 0.6833253041666667 0.16611339375 0.6833253041666667 0.16611339375 0.6163815819444445
2 0.9842176953124999 0.6639008305555556 0.9842176953124999 0.7709210555555556 0.9989777890625 0.7709210555555556 0.9989777890625 0.6639008305555556
1 0.14972399218750002 0.637192175 0.14972399218750002 0.7051778430555555 0.24259726874999998 0.7051778430555555 0.24259726874999998 0.637192175
2 0.252157753125 0.6590447111111112 0.252157753125 0.7076059 0.35049416328125 0.7076059 0.35049416328125 0.6590447111111112
2 0.24532883593750002 0.6663288888888889 0.24532883593750002 0.7076059013888889 0.28903390546874996 0.7076059013888889 0.28903390546874996 0.6663288888888889
2 0.35049416328125 0.6541885916666667 0.35049416328125 0.6954656041666667 0.42561225546875 0.6954656041666667 0.42561225546875 0.6541885916666667
2 0.44843091093750004 0.6448026347222222 0.44843091093750004 0.6954656041666667 0.49526721093750004 0.6954656041666667 0.49526721093750004 0.6448026347222222
2 0.5034619124999999 0.6590447111111112 0.5034619124999999 0.6857533652777777 0.5335091507812499 0.6857533652777777 0.5335091507812499 0.6590447111111112
2 0.9172943054687501 0.6444763541666666 0.9172943054687501 0.7561670916666666 0.99650974765625 0.7561670916666666 0.99650974765625 0.6444763541666666
2 0.85310248125 0.6493324736111111 0.85310248125 0.7343145541666666 0.9213916546875 0.7343145541666666 0.9213916546875 0.6493324736111111
2 0.8134947609375001 0.6639008305555556 0.8134947609375001 0.7148900791666667 0.8490051320312499 0.7148900791666667 0.8490051320312499 0.6639008305555556
2 0.74657137109375 0.6590447111111112 0.74657137109375 0.717318138888889 0.76842390625 0.717318138888889 0.76842390625 0.6590447111111112
2 0.68374533125 0.6469044138888889 0.68374533125 0.7440267958333333 0.7506687210937499 0.7440267958333333 0.7506687210937499 0.6469044138888889
2 0.78481330859375 0.6614727708333333 0.78481330859375 0.717318138888889 0.8230552445312499 0.717318138888889 0.8230552445312499 0.6614727708333333
2 0.5458012 0.6614727708333333 0.5458012 0.6857533652777777 0.57584843671875 0.6857533652777777 0.57584843671875 0.6614727708333333
2 0.53487493125 0.6566166513888889 0.53487493125 0.688181425 0.5458012 0.688181425 0.5458012 0.6566166513888889
2 0.6014910421875 0.6652883069444445 0.6014910421875 0.6822847222222223 0.6288067109375 0.6822847222222223 0.6288067109375 0.6652883069444445
2 0.6492934648437501 0.6628602458333333 0.6492934648437501 0.6798566611111111 0.6629512984375 0.6798566611111111 0.6629512984375 0.6628602458333333
7 0.84763934921875 0.5789187486111111 0.84763934921875 0.6007712833333333 0.8653945335937501 0.6007712833333333 0.8653945335937501 0.5789187486111111
7 0.85310248125 0.5327856166666667 0.85310248125 0.547353973611111 0.8681260992187501 0.547353973611111 0.8681260992187501 0.5327856166666667
7 0.85310248125 0.5594942708333334 0.85310248125 0.5740626277777777 0.8667603164062501 0.5740626277777777 0.8667603164062501 0.5594942708333334
7 0.977388778125 0.5522100944444445 0.977388778125 0.6080554625 0.99241239609375 0.6080554625 0.99241239609375 0.5522100944444445
7 0.1866001453125 0.3264005569444444 0.1866001453125 0.3531092111111111 0.22893943359375002 0.3531092111111111 0.22893943359375002 0.3264005569444444
7 0.19069749765625 0.2972638444444444 0.19069749765625 0.3191163805555555 0.22620786796874998 0.3191163805555555 0.22620786796874998 0.2972638444444444