2 0.26052562578125 0.2889587763888889 0.26052562578125 0.33472147916666667 0.28026079140625 0.33472147916666667 0.28026079140625 0.2889587763888889
2 0.26481588046875004 0.31184012638888886 0.26481588046875004 0.3545519833333333 0.31286671875 0.3545519833333333 0.31286671875 0.31184012638888886
2 0.29827985546875 0.3240435125 0.29827985546875 0.3728570638888889 0.34032433906250004 0.3728570638888889 0.34032433906250004 0.3240435125
2 0.5810043031250001 0.3574103722222222 0.5810043031250001 0.3914032041666667 0.64792769375 0.3914032041666667 0.64792769375 0.3574103722222222
2 0.51879888046875 0.37590791250000005 0.51879888046875 0.5238739805555556 0.63806792734375 0.5238739805555556 0.63806792734375 0.37590791250000005
2 0.5891590375 0.36828079166666666 0.5891590375 0.5909926152777778 0.84804902734375 0.5909926152777778 0.84804902734375 0.36828079166666666
2 0.33260188359375 0.3255689375 0.33260188359375 0.39268756666666665 0.3883751796875 0.39268756666666665 0.3883751796875 0.3255689375
7 0.6011717484375 0.16997574583333333 0.6011717484375 0.18675539861111112 0.6243391164062501 0.18675539861111112 0.6243391164062501 0.16997574583333333
7 0.57972048046875 0.22946726111111113 0.57972048046875 0.3026875861111111 0.6183327625 0.3026875861111111 0.6183327625 0.22946726111111113
1 0.0005362703125 0.15588141944444445 0.0005362703125 0.6652883055555556 0.27315669453125 0.6652883055555556 0.27315669453125 0.15588141944444445
2 0.7742566734375 0.36915247222222225 0.7742566734375 0.41338975 0.82230751171875 0.41338975 0.82230751171875 0.36915247222222225
2 0.8051464976562499 0.3752541708333333 0.8051464976562499 0.4515253472222222 0.89438376875 0.4515253472222222 0.89438376875 0.3752541708333333
2 0.83775242421875 0.42406771666666665 0.83775242421875 0.7566100333333333 0.99820790078125 0.7566100333333333 0.99820790078125 0.42406771666666665
2 0.9441507078125 0.3816909666666667 0.9441507078125 0.4255931388888889 0.98254462265625 0.4255931388888889 0.98254462265625 0.3816909666666667
7 0.5851905671875001 0.13728810972222222 0.5851905671875001 0.1677965777777778 0.59634522578125 0.1677965777777778 0.59634522578125 0.13728810972222222
2 0.9702525710937501 0.35255425138888885 0.9702525710937501 0.384119025 0.98664197265625 0.384119025 0.98664197265625 0.35255425138888885