2 0.44930694375 0.4950696888888889 0.44930694375 0.5200311847222222 0.47153827656249997 0.5200311847222222 0.47153827656249997 0.4950696888888889
2 0.4270756109375 0.5075504361111111 0.4270756109375 0.5345920611111111 0.44462666328125 0.5345920611111111 0.44462666328125 0.5075504361111111
2 0.40601434765625 0.5096305611111112 0.40601434765625 0.5408324361111111 0.4294157515625 0.5408324361111111 0.4294157515625 0.5096305611111112
2 0.37676259375 0.5096305611111112 0.37676259375 0.5595535555555555 0.4025041359375 0.5595535555555555 0.4025041359375 0.5096305611111112
2 0.31942915546875 0.5137908111111111 0.31942915546875 0.5553933041666667 0.3393203484375 0.5553933041666667 0.3393203484375 0.5137908111111111
2 0.3358101375 0.48674918888888885 0.3358101375 0.5699541791666667 0.38027280234375 0.5699541791666667 0.38027280234375 0.48674918888888885
2 0.2515650859375 0.5096305611111112 0.2515650859375 0.5803548027777777 0.31708901484375 0.5803548027777777 0.31708901484375 0.5096305611111112
9 0.17083024453125 0.5013100611111111 0.17083024453125 0.5949156763888889 0.24922494609374998 0.5949156763888889 0.24922494609374998 0.5013100611111111
2 0.04797287734375 0.5179510611111111 0.04797287734375 0.6136368013888889 0.19189150703125 0.6136368013888889 0.19189150703125 0.5179510611111111
2 0.6283276796874999 0.5054703111111111 0.6283276796874999 0.5366721819444444 0.6622597140625001 0.5366721819444444 0.6622597140625001 0.5054703111111111
2 0.65991957421875 0.5075504361111111 0.65991957421875 0.5345920611111111 0.6751304859375 0.5345920611111111 0.6751304859375 0.5075504361111111
2 0.58386501328125 0.5033901861111112 0.58386501328125 0.586595175 0.6365181718749999 0.586595175 0.6365181718749999 0.5033901861111112
9 0.4656879265625 0.3099385861111111 0.4656879265625 0.6219572972222223 0.59439564296875 0.6219572972222223 0.59439564296875 0.3099385861111111
7 0.3852456015625 0.46074763055555557 0.3852456015625 0.518991125 0.41683749687500005 0.518991125 0.41683749687500005 0.46074763055555557
7 0.91060710703125 0.48778925277777774 0.91060710703125 0.600115986111111 0.9375187195312501 0.600115986111111 0.9375187195312501 0.48778925277777774
7 0.63915082890625 0.4586675055555556 0.63915082890625 0.48362900416666665 0.6531916703125 0.48362900416666665 0.6531916703125 0.4586675055555556
7 0.029544271875 0.5189911236111111 0.029544271875 0.5730743708333333 0.05411574375 0.5730743708333333 0.05411574375 0.5189911236111111