2 0.7881453710937499 0.29762086111111113 0.7881453710937499 0.3606395027777778 0.8952770640625 0.3606395027777778 0.8952770640625 0.29762086111111113
2 0.6849523429687501 0.28361671666666666 0.6849523429687501 0.3648407458333333 0.78341897265625 0.3648407458333333 0.78341897265625 0.28361671666666666
2 0.41475991015625 0.2808158888888889 0.41475991015625 0.3718428166666667 0.52346707109375 0.3718428166666667 0.52346707109375 0.2808158888888889
2 0.06106777343749999 0.22619973194444445 0.06106777343749999 0.2878179625 0.11463362031249999 0.2878179625 0.11463362031249999 0.22619973194444445
2 0.0201056546875 0.22900055833333333 0.0201056546875 0.27661464583333334 0.055553640625 0.27661464583333334 0.055553640625 0.22900055833333333
2 0.003563259375 0.22619973194444445 0.003563259375 0.2682121611111111 0.029558450781250002 0.2682121611111111 0.029558450781250002 0.22619973194444445
4 0.17759002421875 0.2513062847222222 0.17759002421875 0.3619390138888889 0.19964655078125 0.3619390138888889 0.19964655078125 0.2513062847222222
4 0.112995915625 0.2331009 0.112995915625 0.3605386027777777 0.143717503125 0.3605386027777777 0.143717503125 0.2331009
2 0.0484018046875 0.2499058736111111 0.0484018046875 0.31992658749999997 0.091727121875 0.31992658749999997 0.091727121875 0.2499058736111111
6 0.29653771406249996 0.20089137083333333 0.29653771406249996 0.2288996583333333 0.31701877265625 0.2288996583333333 0.31701877265625 0.20089137083333333
6 0.283146253125 0.14207397222222223 0.283146253125 0.1840864013888889 0.29732545 0.1840864013888889 0.29732545 0.14207397222222223
7 0.27369345546875 0.18968805833333333 0.27369345546875 0.20649302777777778 0.30126411171875 0.20649302777777778 0.30126411171875 0.18968805833333333