6 0.5281902640625 0.3446052666666667 0.5281902640625 0.3836842152777778 0.5351845078124999 0.3836842152777778 0.5351845078124999 0.3446052666666667
6 0.40828894687500006 0.3410526347222222 0.40828894687500006 0.3783552680555556 0.41328483515625003 0.3783552680555556 0.41328483515625003 0.3410526347222222
6 0.40029552578125005 0.3410526347222222 0.40029552578125005 0.37657895277777775 0.40629059140625 0.37657895277777775 0.40629059140625 0.3410526347222222
6 0.52019684296875 0.34536653472222223 0.52019684296875 0.37657895277777775 0.52619190859375 0.37657895277777775 0.52619190859375 0.34536653472222223
6 0.209818465625 0.3961184236111111 0.209818465625 0.4228292194444444 0.22444026250000002 0.4228292194444444 0.22444026250000002 0.3961184236111111
6 0.283017065625 0.4343092111111111 0.283017065625 0.4556250027777778 0.2930088421875 0.4556250027777778 0.2930088421875 0.4343092111111111
6 0.26603104609375 0.45740131805555556 0.26603104609375 0.4698355291666667 0.27502364453125 0.4698355291666667 0.27502364453125 0.45740131805555556
7 0.21407380859375 0.34549342222222224 0.21407380859375 0.36680921250000004 0.240052428125 0.36680921250000004 0.240052428125 0.34549342222222224
7 0.22706311875 0.39700658194444444 0.22706311875 0.4272039513888889 0.23505653984375 0.4272039513888889 0.23505653984375 0.39700658194444444
7 0.28501542109375 0.39700658194444444 0.28501542109375 0.40944079305555553 0.30599815234375 0.40944079305555553 0.30599815234375 0.39700658194444444
7 0.6866848304687501 0.36148026666666666 0.6866848304687501 0.38101974027777774 0.7086667390625 0.38101974027777774 0.7086667390625 0.36148026666666666
7 0.68068976484375 0.38457236944444445 0.68068976484375 0.3970065791666667 0.699674140625 0.3970065791666667 0.699674140625 0.38457236944444445
7 0.6077497984375 0.3863486875 0.6077497984375 0.41476974027777774 0.6387243046875 0.41476974027777774 0.6387243046875 0.3863486875
6 0.693305815625 0.4200986847222222 0.693305815625 0.4467434236111111 0.71106100078125 0.4467434236111111 0.71106100078125 0.4200986847222222
4 0.31898746093749997 0.47161184444444443 0.31898746093749997 0.5337828986111112 0.33197676875000004 0.5337828986111112 0.33197676875000004 0.47161184444444443
7 0.674184846875 0.30996710694444446 0.674184846875 0.3531092125 0.69767578515625 0.3531092125 0.69767578515625 0.30996710694444446
2 0.19151944999999998 0.4689473694444445 0.19151944999999998 0.5630921069444444 0.28444297109375 0.5630921069444444 0.28444297109375 0.4689473694444445
2 0.32341089843750004 0.4440789513888889 0.32341089843750004 0.5328947402777777 0.35838211640625 0.5328947402777777 0.35838211640625 0.4440789513888889
2 0.6195535078125001 0.41381070000000003 0.6195535078125001 0.5449259138888889 0.7670581234375 0.5449259138888889 0.7670581234375 0.41381070000000003
2 0.5811987281250001 0.44230263333333336 0.5811987281250001 0.5684210555555556 0.67012553828125 0.5684210555555556 0.67012553828125 0.44230263333333336
2 0.0346485609375 0.45828947499999995 0.0346485609375 0.6181578986111111 0.20550793671875 0.6181578986111111 0.20550793671875 0.45828947499999995
2 0.33939774140625 0.4511842125 0.33939774140625 0.5435526347222221 0.39335333281249996 0.5435526347222221 0.39335333281249996 0.4511842125
2 0.396350865625 0.40677631805555553 0.396350865625 0.7016447402777778 0.5742044828124999 0.7016447402777778 0.5742044828124999 0.40677631805555553
2 0.62816007734375 0.45265965277777775 0.62816007734375 0.6075000013888888 0.7506687210937499 0.6075000013888888 0.7506687210937499 0.45265965277777775
2 0.93702877578125 0.5506578972222222 0.93702877578125 0.7460526375000001 0.9999769671875001 0.7460526375000001 0.9999769671875001 0.5506578972222222
4 0.8660871632812499 0.4511842125 0.8660871632812499 0.5755263208333333 0.89606249375 0.5755263208333333 0.89606249375 0.4511842125
4 0.8081348593750001 0.47960526666666664 0.8081348593750001 0.5648684236111111 0.8331143000000001 0.5648684236111111 0.8331143000000001 0.47960526666666664
2 0.0457623234375 0.46361842222222227 0.0457623234375 0.5151315819444444 0.07573765390625001 0.5151315819444444 0.07573765390625001 0.46361842222222227
7 0.19479484687499998 0.35553727222222226 0.19479484687499998 0.41866681944444445 0.21255003203124997 0.41866681944444445 0.21255003203124997 0.35553727222222226
6 0.6769164140624999 0.42352293888888887 0.6769164140624999 0.4429474152777778 0.6905742484374999 0.4429474152777778 0.6905742484374999 0.42352293888888887
6 0.40512550234375 0.45265965277777775 0.40512550234375 0.4866524861111111 0.4105886359375 0.4866524861111111 0.4105886359375 0.45265965277777775