7 0.25312497109375 0.17414199722222223 0.25312497109375 0.2979585513888889 0.31752955 0.2979585513888889 0.31752955 0.17414199722222223
7 0.28008502578125 0.2966271875 0.28008502578125 0.3285798472222222 0.2943139453125 0.3285798472222222 0.2943139453125 0.2966271875
7 0.44034758125 0.25801772638888887 0.44034758125 0.28065086111111115 0.45682317109375 0.28065086111111115 0.45682317109375 0.25801772638888887
7 0.50475215859375 0.32174553194444444 0.50475215859375 0.35369819027777777 0.51224106328125 0.35369819027777777 0.51224106328125 0.32174553194444444
7 0.5369544484375 0.32174553194444444 0.5369544484375 0.3363905 0.541447790625 0.3363905 0.541447790625 0.32174553194444444
7 0.62457463046875 0.3590236319444444 0.62457463046875 0.38298812499999996 0.63431020625 0.38298812499999996 0.63431020625 0.3590236319444444
2 0.62981686328125 0.3857617888888889 0.62981686328125 0.4030694805555556 0.64629245390625 0.4030694805555556 0.64629245390625 0.3857617888888889
2 0.64629245390625 0.38709315 0.64629245390625 0.4030694805555556 0.65378135859375 0.4030694805555556 0.65378135859375 0.38709315
2 0.6080990414062499 0.3844304277777778 0.6080990414062499 0.40040675833333333 0.6208301796875 0.40040675833333333 0.6208301796875 0.3844304277777778
2 0.6208301781250001 0.38709315 0.6208301781250001 0.40040675833333333 0.62906797265625 0.40040675833333333 0.62906797265625 0.38709315
2 0.5863812171875 0.3844304277777778 0.5863812171875 0.40173811944444443 0.60660125859375 0.40173811944444443 0.60660125859375 0.3844304277777778
2 0.55717449140625 0.38709315 0.55717449140625 0.40173811944444443 0.568407846875 0.40173811944444443 0.568407846875 0.38709315
2 0.57365008046875 0.38709315 0.57365008046875 0.40173811944444443 0.5848834375 0.40173811944444443 0.5848834375 0.38709315