6 0.34506179375 0.4009665611111111 0.34506179375 0.4174614097222223 0.35086076484375 0.4174614097222223 0.35086076484375 0.4009665611111111
6 0.36245870390625 0.2896263361111111 0.36245870390625 0.31849232083333334 0.3705772609375 0.31849232083333334 0.3705772609375 0.2896263361111111
6 0.48075769218750003 0.33911087916666666 0.48075769218750003 0.3597294402777778 0.48655666249999996 0.3597294402777778 0.48655666249999996 0.33911087916666666
6 0.59325771015625 0.3473583041666667 0.59325771015625 0.3659150069444444 0.59905668125 0.3659150069444444 0.59905668125 0.3473583041666667
6 0.329984471875 0.3514820166666667 0.329984471875 0.3741624333333333 0.3346236484375 0.3741624333333333 0.3346236484375 0.3514820166666667
6 0.31838653203125 0.3473583041666667 0.31838653203125 0.3741624333333333 0.32070611953125 0.3741624333333333 0.32070611953125 0.3473583041666667
6 0.26387621328125 0.38240985833333335 0.26387621328125 0.40921398472222226 0.27199477109375 0.40921398472222226 0.27199477109375 0.38240985833333335
6 0.72779381484375 0.3721005763888889 0.72779381484375 0.39271913750000004 0.7335927859375 0.39271913750000004 0.7335927859375 0.3721005763888889
6 0.7973814570312501 0.36385315277777774 0.7973814570312501 0.3803480013888889 0.8055000140624999 0.3803480013888889 0.8055000140624999 0.36385315277777774
6 0.24647930312500002 0.3844717125 0.24647930312500002 0.4009665611111111 0.25459786093750003 0.4009665611111111 0.25459786093750003 0.3844717125
7 0.23372156875 0.38653356944444445 0.23372156875 0.40302841666666667 0.2429999203125 0.40302841666666667 0.2429999203125 0.38653356944444445
7 0.33230405859375 0.31849232083333334 0.33230405859375 0.34323459444444443 0.34390199921875003 0.34323459444444443 0.34390199921875003 0.31849232083333334
7 0.641969059375 0.24632735833333333 0.641969059375 0.3164304625 0.68488143828125 0.3164304625 0.68488143828125 0.24632735833333333
2 0.8518917742187501 0.044265470833333334 0.8518917742187501 0.17210054305555555 0.8971237406249999 0.17210054305555555 0.8971237406249999 0.044265470833333334
2 0.3554999390625 0.4463273916666667 0.3554999390625 0.48550265555555555 0.40073190546875 0.48550265555555555 0.40073190546875 0.4463273916666667
2 0.20124733671875 0.44426553750000003 0.20124733671875 0.5267397763888889 0.27895353515625 0.5267397763888889 0.27895353515625 0.44426553750000003
2 0.77998454609375 0.4071521277777778 0.77998454609375 0.4360181111111111 0.8078196023437499 0.4360181111111111 0.8078196023437499 0.4071521277777778
2 0.82869589375 0.4009665611111111 0.82869589375 0.43395625833333334 0.85073198046875 0.43395625833333334 0.85073198046875 0.4009665611111111
2 0.6906804078125 0.4133376972222222 0.6906804078125 0.44632739444444447 0.7324329921875 0.44632739444444447 0.7324329921875 0.4133376972222222
2 0.39841231796875 0.3473583041666667 0.39841231796875 0.8174614736111111 0.7335927859375 0.8174614736111111 0.7335927859375 0.3473583041666667
7 0.17747282421875 0.4035442 0.17747282421875 0.4368261958333333 0.19268373671875 0.4368261958333333 0.19268373671875 0.4035442
6 0.572956540625 0.30785846111111115 0.572956540625 0.33698020833333336 0.583487171875 0.33698020833333336 0.583487171875 0.30785846111111115
2 0.39744601562500004 0.45138706944444446 0.39744601562500004 0.4701081916666666 0.41733720859375 0.4701081916666666 0.41733720859375 0.45138706944444446
2 0.42552769921875006 0.4451466944444445 0.42552769921875006 0.4659479416666667 0.4348882609375 0.4659479416666667 0.4348882609375 0.4451466944444445