2 0.56269503984375 0.3477840986111111 0.56269503984375 0.36274255694444446 0.5711091703125 0.36274255694444446 0.5711091703125 0.3477840986111111
2 0.54271147734375 0.3515237125 0.54271147734375 0.36648216944444445 0.5542809078125 0.36648216944444445 0.5542809078125 0.3515237125
2 0.5269349812499999 0.3533935208333333 0.5269349812499999 0.3683519736111111 0.53745264453125 0.3683519736111111 0.53745264453125 0.3533935208333333
2 0.51010671953125 0.3571331347222222 0.51010671953125 0.37022178333333333 0.5195726171875 0.37022178333333333 0.5195726171875 0.3571331347222222
2 0.5058996515625 0.36648216944444445 0.5058996515625 0.3795708194444445 0.5185208484375 0.3795708194444445 0.5185208484375 0.36648216944444445
2 0.48591609062499996 0.3515237125 0.48591609062499996 0.36461236249999995 0.49433022031249996 0.36461236249999995 0.49433022031249996 0.3515237125
2 0.50695141875 0.39078965972222224 0.50695141875 0.4599725180555555 0.55533267421875 0.4599725180555555 0.55533267421875 0.39078965972222224
6 0.58162683515625 0.3571331347222222 0.58162683515625 0.3795708166666667 0.59004096640625 0.3795708166666667 0.59004096640625 0.3571331347222222
7 0.65945755078125 0.3590029416666667 0.65945755078125 0.3926594666666666 0.7036317421875 0.3926594666666666 0.7036317421875 0.3590029416666667
7 0.6584057859375 0.3945292736111111 0.6584057859375 0.41135753611111114 0.67418228203125 0.41135753611111114 0.67418228203125 0.3945292736111111
6 0.46950852734375 0.34591429027777776 0.46950852734375 0.3683519736111111 0.4758191265625 0.3683519736111111 0.4758191265625 0.34591429027777776
2 0.47687089296874996 0.3720915916666666 0.47687089296874996 0.4356650291666667 0.5094756515625 0.4356650291666667 0.5094756515625 0.3720915916666666
2 0.454783796875 0.36274255555555557 0.454783796875 0.3777010097222222 0.4642496953125 0.3777010097222222 0.4642496953125 0.36274255555555557
2 0.437955534375 0.3758312041666667 0.437955534375 0.4001386944444444 0.4600426296875 0.4001386944444444 0.4600426296875 0.3758312041666667
7 0.43480023437500004 0.35526332777777775 0.43480023437500004 0.3777010111111111 0.447145346875 0.3777010111111111 0.447145346875 0.35526332777777775
2 0.41586843984375 0.3515237125 0.41586843984375 0.36835197777777773 0.42954140390625 0.36835197777777773 0.42954140390625 0.3515237125
2 0.39904017578125 0.36274255555555557 0.39904017578125 0.3814406236111111 0.4158684390625 0.3814406236111111 0.4158684390625 0.36274255555555557
2 0.39588487734375 0.3515237125 0.39588487734375 0.36461236249999995 0.408506075 0.36461236249999995 0.408506075 0.3515237125
1 0.39904017578125 0.34030487083333333 0.39904017578125 0.36274255555555557 0.42428257109375 0.36274255555555557 0.42428257109375 0.34030487083333333
2 0.31595064609375 0.34965390416666664 0.31595064609375 0.36648216944444445 0.33067537578125 0.36648216944444445 0.33067537578125 0.34965390416666664
2 0.2843976515625 0.35526332777777775 0.2843976515625 0.37022178333333333 0.3001741484375 0.37022178333333333 0.3001741484375 0.35526332777777775
2 0.26862115468750003 0.3571331347222222 0.26862115468750003 0.37022178333333333 0.2843976515625 0.37022178333333333 0.2843976515625 0.3571331347222222
2 0.25810349140625 0.3590029416666667 0.25810349140625 0.3720915916666666 0.26862115468750003 0.3720915916666666 0.26862115468750003 0.3590029416666667
2 0.24232699453125 0.3571331347222222 0.24232699453125 0.3720915861111111 0.2591552578125 0.3720915861111111 0.2591552578125 0.3571331347222222
2 0.21918813359375 0.36087274861111107 0.21918813359375 0.3739614 0.23706816171875 0.3739614 0.23706816171875 0.36087274861111107
2 0.20972223515625 0.3515237125 0.20972223515625 0.36648216944444445 0.22549873203124998 0.36648216944444445 0.22549873203124998 0.3515237125
2 0.1876351390625 0.38705004583333336 0.1876351390625 0.40948772777777775 0.223119096875 0.40948772777777775 0.223119096875 0.38705004583333336
2 0.116115015625 0.3646123597222222 0.116115015625 0.3777010111111111 0.14556447734375 0.3777010111111111 0.14556447734375 0.3646123597222222
2 0.07257188437499999 0.3739613972222222 0.07257188437499999 0.3945292722222222 0.09781427890625 0.3945292722222222 0.09781427890625 0.3739613972222222
2 0.05889892109375 0.36648216944444445 0.05889892109375 0.3814406236111111 0.07677894843750001 0.3814406236111111 0.07677894843750001 0.36648216944444445
2 0.055743621093749994 0.36274255555555557 0.055743621093749994 0.3814406236111111 0.08519307968749999 0.3814406236111111 0.08519307968749999 0.36274255555555557
7 0.0957107453125 0.3758312041666667 0.0957107453125 0.4169669597222222 0.1367296359375 0.4169669597222222 0.1367296359375 0.3758312041666667
2 0.01367296328125 0.36274255555555557 0.01367296328125 0.3833104305555556 0.041018890625 0.3833104305555556 0.041018890625 0.36274255555555557
2 0 0.36835197777777773 0 0.38705004583333336 0.01262119609375 0.38705004583333336 0.01262119609375 0.36835197777777773
7 0.5732127031250001 0.3234766083333333 0.5732127031250001 0.34030487083333333 0.5984550984375 0.34030487083333333 0.5984550984375 0.3234766083333333
2 0.43963836718750005 0.34591429027777776 0.43963836718750005 0.35526332638888886 0.45225956484375 0.35526332638888886 0.45225956484375 0.34591429027777776
1 0.5208347468750001 0.33880903472222224 0.5208347468750001 0.3518976833333333 0.5303006460937499 0.3518976833333333 0.5303006460937499 0.33880903472222224