6 0.6461769203125 0.10124992361111111 0.6461769203125 0.15515613611111112 0.6619972234375 0.15515613611111112 0.6619972234375 0.10124992361111111
6 0.14256398515625 0.20203110416666664 0.14256398515625 0.24890607361111114 0.1544292109375 0.24890607361111114 0.1544292109375 0.20203110416666664
6 0.13597219375 0.31453102638888886 0.13597219375 0.3496872527777778 0.1557475703125 0.3496872527777778 0.1557475703125 0.31453102638888886
6 0.6316749765624999 0.10828116805555556 0.6316749765624999 0.16218738194444443 0.6448585609374999 0.16218738194444443 0.6448585609374999 0.10828116805555556
7 0.134653834375 0.26765605694444444 0.134653834375 0.28640604583333334 0.15574756953125 0.28640604583333334 0.15574756953125 0.26765605694444444
7 0.67913588125 0.14578114305555556 0.67913588125 0.18093736805555555 0.70682140859375 0.18093736805555555 0.70682140859375 0.14578114305555556
7 0.5459816765625 0.27234355555555556 0.5459816765625 0.29109354444444446 0.5552101859375 0.29109354444444446 0.5552101859375 0.27234355555555556
7 0.5433449593749999 0.28640604583333334 0.5433449593749999 0.30515603333333335 0.557846903125 0.30515603333333335 0.557846903125 0.28640604583333334
7 0.298130284375 0.29578104027777774 0.298130284375 0.316874775 0.30867715234375004 0.316874775 0.30867715234375004 0.29578104027777774
4 0.11092338203125 0.3824997319444445 0.11092338203125 0.45984342777777776 0.13465383515625 0.45984342777777776 0.13465383515625 0.3824997319444445
4 0.05291560937499999 0.36609349166666666 0.05291560937499999 0.4457809361111111 0.07664606171875 0.4457809361111111 0.07664606171875 0.36609349166666666
4 0.31245095703125003 0.3503903847222222 0.31245095703125003 0.4059372208333333 0.328271259375 0.4059372208333333 0.328271259375 0.3503903847222222
5 0.52206995390625 0.33796851805555556 0.52206995390625 0.3754684847222222 0.5352535375 0.3754684847222222 0.5352535375 0.33796851805555556
3 0.52225122421875 0.35437475 0.52225122421875 0.3895309763888889 0.5354348078125 0.3895309763888889 0.5354348078125 0.35437475
2 0.34409156015625003 0.3417185125 0.34409156015625003 0.4073434680555556 0.37441380546874997 0.4073434680555556 0.37441380546874997 0.3417185125
2 0.3019040890625 0.35343725416666666 0.3019040890625 0.40031222222222224 0.324316184375 0.40031222222222224 0.324316184375 0.35343725416666666
2 0.2926755796875 0.35109350694444447 0.2926755796875 0.4073434694444445 0.31113259765625 0.4073434694444445 0.31113259765625 0.35109350694444447
2 0.49306606718749996 0.3323435194444444 0.49306606718749996 0.37453099027777775 0.51020472734375 0.37453099027777775 0.51020472734375 0.3323435194444444
2 0.4798824828125 0.3323435194444444 0.4798824828125 0.3604685 0.49570278515625 0.3604685 0.49570278515625 0.3323435194444444
2 0.50888636875 0.3393747638888889 0.50888636875 0.37453099027777775 0.5299801054687501 0.37453099027777775 0.5299801054687501 0.3393747638888889
2 0.5288430164062501 0.29578104027777774 0.5288430164062501 0.49265590277777777 0.64222184453125 0.49265590277777777 0.64222184453125 0.29578104027777774
2 0.14915577734375002 0.34499975555555557 0.14915577734375002 0.5301558791666667 0.30867715234375004 0.5301558791666667 0.30867715234375004 0.34499975555555557
2 0.34031775546875 0.3239060208333333 0.34031775546875 0.5582808597222222 0.5130227140625 0.5582808597222222 0.5130227140625 0.3239060208333333
9 0.3216865890625 0.3171374861111111 0.3216865890625 0.3881901472222223 0.360678903125 0.3881901472222223 0.360678903125 0.3171374861111111
9 0.635574715625 0.0017329916666666667 0.635574715625 0.5718872694444445 0.9972284265625 0.5718872694444445 0.9972284265625 0.0017329916666666667
6 0.38504909921874997 0.29287560138888885 0.38504909921874997 0.3067395361111111 0.39187275390625 0.3067395361111111 0.39187275390625 0.29287560138888885
6 0.47863065234375 0.28074465972222223 0.47863065234375 0.2946085930555556 0.48155507578125 0.2946085930555556 0.48155507578125 0.28074465972222223