6 0.63409509375 0.10125621944444443 0.63409509375 0.14458101805555554 0.6457927875 0.14458101805555554 0.6457927875 0.10125621944444443
6 0.9665045687499999 0.09432425277777777 0.9665045687499999 0.13764904583333334 0.9762526476562501 0.13764904583333334 0.9762526476562501 0.09432425277777777
6 0.94913792578125 0.09589220694444445 0.94913792578125 0.1496149486111111 0.96473485234375 0.1496149486111111 0.96473485234375 0.09589220694444445
6 0.44451237734375004 0.07856228472222222 0.44451237734375004 0.13748400277777778 0.46108411171875 0.13748400277777778 0.46108411171875 0.07856228472222222
6 0.527695990625 0.13921699305555554 0.527695990625 0.1842747763888889 0.53939368515625 0.1842747763888889 0.53939368515625 0.13921699305555554
6 0.585209653125 0.14788194999999998 0.585209653125 0.1825417861111111 0.5939829234375 0.1825417861111111 0.5939829234375 0.14788194999999998
6 0.5822852296875001 0.22066760416666667 0.5822852296875001 0.23626452777777776 0.58715926875 0.23626452777777776 0.58715926875 0.22066760416666667
6 0.56473868828125 0.21893461250000001 0.56473868828125 0.2345315375 0.5725371515625 0.2345315375 0.5725371515625 0.21893461250000001
6 0.5247715671875001 0.19467272777777778 0.5247715671875001 0.21200264583333334 0.5354944539062501 0.21200264583333334 0.5354944539062501 0.19467272777777778
6 0.9140448429687501 0.2212452777777778 0.9140448429687501 0.2455071611111111 0.92184330703125 0.2455071611111111 0.92184330703125 0.2212452777777778
6 0.91014561171875 0.1900514263888889 0.91014561171875 0.21258032083333334 0.9159944609374999 0.21258032083333334 0.9159944609374999 0.1900514263888889
6 0.9198936906249999 0.2553274472222222 0.9198936906249999 0.2726573638888889 0.92964176875 0.2726573638888889 0.92964176875 0.2553274472222222
6 0.90234714921875 0.25359445416666665 0.90234714921875 0.27092437083333337 0.9091708046875 0.27092437083333337 0.9091708046875 0.25359445416666665
6 0.46595814999999996 0.15539159166666666 0.46595814999999996 0.16925552777777778 0.47473142109375 0.16925552777777778 0.47473142109375 0.15539159166666666
6 0.42599102890624996 0.15192560833333332 0.42599102890624996 0.1623235611111111 0.44353756874999994 0.1623235611111111 0.44353756874999994 0.15192560833333332
6 0.20276003281250002 0 0.20276003281250002 0.05949937500000001 0.27002177421875 0.05949937500000001 0.27002177421875 0
7 0.20860887890625 0.16694486666666666 0.20860887890625 0.17907581111111112 0.21640734140625 0.17907581111111112 0.21640734140625 0.16694486666666666
7 0.09748078359375 0.06469835555555556 0.09748078359375 0.08896024027777777 0.11112809374999999 0.08896024027777777 0.11112809374999999 0.06469835555555556
5 0.057513664062500004 0.0005776638888888889 0.057513664062500004 0.02830552916666667 0.1423219453125 0.02830552916666667 0.1423219453125 0.0005776638888888889
7 0.8906494546875001 0.2102696625 0.8906494546875001 0.22240060416666665 0.90137234140625 0.22240060416666665 0.90137234140625 0.2102696625
7 0.89942272578125 0.22933256805555555 0.89942272578125 0.23973051944444446 0.91307003515625 0.23973051944444446 0.91307003515625 0.22933256805555555
7 0.89162426171875 0.24146351111111108 0.89162426171875 0.2605264208333333 0.905271571875 0.2605264208333333 0.905271571875 0.24146351111111108
7 0.5718872890625 0.23453154444444443 0.5718872890625 0.24839548055555555 0.5787109453125 0.24839548055555555 0.5787109453125 0.23453154444444443
7 0.8370350234374999 0.2466624861111111 0.8370350234374999 0.2657253958333333 0.843858678125 0.2657253958333333 0.843858678125 0.2466624861111111
7 0.981306584375 0.12246474861111112 0.981306584375 0.15019261805555556 0.9988531257812501 0.15019261805555556 0.9988531257812501 0.12246474861111112
2 0.74840872265625 0.2521502972222222 0.74840872265625 0.27121320694444445 0.777652959375 0.27121320694444445 0.777652959375 0.2521502972222222
2 0.777652959375 0.2590822625 0.777652959375 0.27467918888888887 0.80982161796875 0.27467918888888887 0.80982161796875 0.2590822625
2 0.8107964257812499 0.2608152541666667 0.8107964257812499 0.27641218194444445 0.8322421976562501 0.27641218194444445 0.8322421976562501 0.2608152541666667
2 0.8634360492187501 0.27814517222222224 0.8634360492187501 0.3041400458333333 0.89365509453125 0.3041400458333333 0.89365509453125 0.27814517222222224
2 0.80397276953125 0.2868101305555556 0.80397276953125 0.31973697222222225 0.829317775 0.31973697222222225 0.829317775 0.2868101305555556
2 0.9423954859375 0.3058730416666667 0.9423954859375 0.3405328722222222 0.9960099171874999 0.3405328722222222 0.9960099171874999 0.3058730416666667
2 0.9550679867187499 0.3110720125 0.9550679867187499 0.3457318513888889 0.99990915 0.3457318513888889 0.99990915 0.3110720125
2 0.72501333515625 0.27641218194444445 0.72501333515625 0.3093390236111111 0.7659552656249999 0.3093390236111111 0.7659552656249999 0.27641218194444445
2 0.64166726484375 0.26601423055555556 0.64166726484375 0.31800398055555557 0.69528169609375 0.31800398055555557 0.69528169609375 0.26601423055555556
4 0.59390168046875 0.2573492694444444 0.59390168046875 0.3024070541666667 0.60559937421875 0.3024070541666667 0.60559937421875 0.2573492694444444
4 0.57635513828125 0.2642812388888889 0.57635513828125 0.3041400444444444 0.58512840859375 0.3041400444444444 0.58512840859375 0.2642812388888889
4 0.592926871875 0.24001935416666664 0.592926871875 0.4751863388888889 0.66618367578125 0.4751863388888889 0.66618367578125 0.24001935416666664
4 0.65838524296875 0.2486843125 0.65838524296875 0.5069000791666667 0.7383194859375 0.5069000791666667 0.7383194859375 0.2486843125
6 0.9921106859375 0.19149558611111112 0.9921106859375 0.23655336944444444 0.99990915 0.23655336944444444 0.99990915 0.19149558611111112
2 0.087976409375 0.13430685833333333 0.087976409375 0.7183250722222223 0.5597834054687499 0.7183250722222223 0.5597834054687499 0.13430685833333333
3 0.7732663234375 0.28637688333333333 0.7732663234375 0.31583774166666667 0.78788844140625 0.31583774166666667 0.78788844140625 0.28637688333333333
1 0.8280018078125 0.2668807263888889 0.8280018078125 0.32060346944444446 0.8611452749999999 0.32060346944444446 0.8611452749999999 0.2668807263888889