7 0.74637216328125 0.1739061236111111 0.74637216328125 0.2207810902777778 0.7872412757812499 0.2207810902777778 0.7872412757812499 0.1739061236111111
7 0.7727393328125001 0.14812489166666667 0.7727393328125001 0.173906125 0.807016653125 0.173906125 0.807016653125 0.14812489166666667
2 0.23748579453125 0.36843724027777774 0.23748579453125 0.38484347638888894 0.25198773828125 0.38484347638888894 0.25198773828125 0.36843724027777774
2 0.20848190859375001 0.37312473611111113 0.20848190859375001 0.3965622208333333 0.23484907734375 0.3965622208333333 0.23484907734375 0.37312473611111113
2 0.18079638046875 0.37781223333333336 0.18079638046875 0.3989059680555555 0.20980026718749997 0.3989059680555555 0.20980026718749997 0.37781223333333336
2 0.15179249453125002 0.36843724027777774 0.15179249453125002 0.39890596666666667 0.17156787109375 0.39890596666666667 0.17156787109375 0.36843724027777774
2 0.10696830625 0.3707809875 0.10696830625 0.41531220694444443 0.15179249453125002 0.41531220694444443 0.15179249453125002 0.3707809875
2 0.0502788921875 0.3707809875 0.0502788921875 0.4129684611111111 0.11092338203125 0.4129684611111111 0.11092338203125 0.3707809875
2 0 0.3754684847222222 0 0.4364059430555556 0.0555523265625 0.4364059430555556 0.0555523265625 0.3754684847222222
2 0.44446807421875 0.3426560069444444 0.44446807421875 0.37781223333333336 0.47479031875000005 0.37781223333333336 0.47479031875000005 0.3426560069444444
2 0.4049173203125 0.3309372652777778 0.4049173203125 0.44812468611111106 0.461606734375 0.44812468611111106 0.461606734375 0.3309372652777778
2 0.50379420546875 0.31218727777777777 0.50379420546875 0.33328101527777776 0.57366720390625 0.33328101527777776 0.57366720390625 0.31218727777777777
2 0.5908058640625 0.34031225833333334 0.5908058640625 0.36140599444444443 0.60398944921875 0.36140599444444443 0.60398944921875 0.34031225833333334
2 0.6000343734375 0.3239060208333333 0.6000343734375 0.38953097500000006 0.65145035390625 0.38953097500000006 0.65145035390625 0.3239060208333333
2 0.606626165625 0.35437475 0.606626165625 0.4551559319444444 0.6422218453124999 0.4551559319444444 0.6422218453124999 0.35437475
2 0.625083184375 0.30749978194444444 0.625083184375 0.48562465972222224 0.7226417109375001 0.48562465972222224 0.7226417109375001 0.30749978194444444
2 0.28494669921875004 0.29578104027777774 0.28494669921875004 0.3543747513888889 0.3732767171875 0.3543747513888889 0.3732767171875 0.29578104027777774
2 0.6791358820312501 0.22312483888888887 0.6791358820312501 0.6121870722222222 0.9876317632812499 0.6121870722222222 0.9876317632812499 0.22312483888888887
2 0.44183135703125 0.3309372652777778 0.44183135703125 0.5957808347222222 0.625083184375 0.5957808347222222 0.625083184375 0.3309372652777778
2 0.27176311484375 0.30515603333333335 0.27176311484375 0.5114058916666667 0.42732941406249997 0.5114058916666667 0.42732941406249997 0.30515603333333335