7 0.60367927421875 0.013455104166666667 0.60367927421875 0.08297332777777779 0.6654888234375 0.08297332777777779 0.6654888234375 0.013455104166666667
7 0.625123403125 0.1749167875 0.625123403125 0.3251658513888889 0.6705345015625 0.3251658513888889 0.6705345015625 0.1749167875
6 0.08199226015625 0.2435380347222222 0.08199226015625 0.3534216777777778 0.11352774453125 0.3534216777777778 0.11352774453125 0.2435380347222222
6 0.0832536796875 0.36239176944444446 0.0832536796875 0.41621233055555557 0.13623329453125 0.41621233055555557 0.13623329453125 0.36239176944444446
6 0.12866477734374998 0.5126408347222222 0.12866477734374998 0.5373085916666667 0.15641600390625 0.5373085916666667 0.15641600390625 0.5126408347222222
6 0.57091841796875 0.05516606944444444 0.57091841796875 0.21438522638888888 0.62011377265625 0.21438522638888888 0.62011377265625 0.05516606944444444
6 0.5721798375 0.2188702763888889 0.5721798375 0.3018436375 0.62515945078125 0.3018436375 0.62515945078125 0.2188702763888889
4 0.039104000781249995 0.5796922833333333 0.039104000781249995 0.6626656444444444 0.06433238984375 0.6626656444444444 0.06433238984375 0.5796922833333333
4 0.06307096875 0.5774497597222222 0.06307096875 0.6649081680555555 0.08199226015625 0.6649081680555555 0.08199226015625 0.5774497597222222
4 0.09965213125 0.5639946180555555 0.09965213125 0.6963034930555555 0.14506322968750002 0.6963034930555555 0.14506322968750002 0.5639946180555555
4 0.13118761484375 0.5258717222222222 0.13118761484375 0.7030310666666667 0.19425858359374998 0.7030310666666667 0.19425858359374998 0.5258717222222222
4 0.17912155078125 0.5393268638888888 0.17912155078125 0.7097586375 0.22705548828125002 0.7097586375 0.22705548828125002 0.5393268638888888
2 0.8657541789062501 0.5322255597222222 0.8657541789062501 0.5725909819444445 0.93260940546875 0.5725909819444445 0.93260940546875 0.5322255597222222
2 0.77745482109375 0.5344680861111111 0.77745482109375 0.5860461236111111 0.8594470812499999 0.5860461236111111 0.8594470812499999 0.5344680861111111
2 0.7030310789062499 0.5367106097222223 0.7030310789062499 0.6017437861111111 0.7787162421875 0.6017437861111111 0.7787162421875 0.5367106097222223
2 0.6361758531249999 0.5389531333333334 0.6361758531249999 0.6039863097222222 0.7042925 0.6039863097222222 0.7042925 0.5389531333333334
2 0.5289552046875 0.5434381805555556 0.5289552046875 0.6017437888888889 0.62482307734375 0.6017437888888889 0.62482307734375 0.5434381805555556
2 0.37380062109375 0.5411956569444444 0.37380062109375 0.6398666833333333 0.5251709460937499 0.6398666833333333 0.5251709460937499 0.5411956569444444
2 0.2905469421875 0.565863411111111 0.2905469421875 0.6443517291666667 0.39524475 0.6443517291666667 0.39524475 0.565863411111111
0 0.57750073828125 0.5549544472222222 0.57750073828125 0.653625475 0.644355965625 0.653625475 0.644355965625 0.5549544472222222
0 0.43622176875 0.5706521125 0.43622176875 0.6805357555555556 0.48415570390624996 0.6805357555555556 0.48415570390624996 0.5706521125
0 0.38828783125 0.5930773430555556 0.38828783125 0.7029609888888889 0.47532576875 0.7029609888888889 0.47532576875 0.5930773430555556
0 0.33783105625 0.6020474375 0.33783105625 0.6738081847222221 0.39207209140625 0.6738081847222221 0.39207209140625 0.6020474375