6 0.37432621171874997 0.1490372888888889 0.37432621171874997 0.22528892499999997 0.39577198515625 0.22528892499999997 0.39577198515625 0.1490372888888889
7 0.61997778984375 0.08664958472222223 0.61997778984375 0.12130941944444444 0.6375243312500001 0.12130941944444444 0.6375243312500001 0.08664958472222223
6 0.61997778984375 0.12130942083333333 0.61997778984375 0.2010270402777778 0.639473946875 0.2010270402777778 0.639473946875 0.12130942083333333
7 0.28171946718749996 0.3102055194444444 0.28171946718749996 0.33966637638888886 0.29439196953125 0.33966637638888886 0.29439196953125 0.3102055194444444
6 0.27782023671875 0.3431323597222222 0.27782023671875 0.3691272375 0.29049273828125 0.3691272375 0.29049273828125 0.3431323597222222
2 0.11112809531250001 0.42804895694444445 0.11112809531250001 0.5112325597222223 0.245651578125 0.5112325597222223 0.245651578125 0.42804895694444445
5 0.52542142890625 0.43498092222222223 0.52542142890625 0.48523768333333334 0.5429679710937501 0.48523768333333334 0.5429679710937501 0.43498092222222223
3 0.52737104375 0.4488448583333333 0.52737104375 0.4973686263888889 0.54296796953125 0.4973686263888889 0.54296796953125 0.4488448583333333
5 0.5000764249999999 0.43324793194444444 0.5000764249999999 0.4956356333333334 0.5176229671875 0.4956356333333334 0.5176229671875 0.43324793194444444
3 0.49910161796874997 0.4505778486111111 0.49910161796874997 0.5164315347222223 0.5176229671875 0.5164315347222223 0.5176229671875 0.4505778486111111
7 0.54199316171875 0.37086023055555556 0.54199316171875 0.4055200638888889 0.56148931875 0.4055200638888889 0.56148931875 0.37086023055555556
7 0.551741240625 0.4471118638888889 0.551741240625 0.48177169861111113 0.571237396875 0.48177169861111113 0.571237396875 0.4471118638888889
2 0.61022971171875 0.4523108402777778 0.61022971171875 0.4731067416666667 0.624851828125 0.4731067416666667 0.624851828125 0.4523108402777778
2 0.67651664453125 0.4401798986111111 0.67651664453125 0.46964075694444446 0.69406318515625 0.46964075694444446 0.69406318515625 0.4401798986111111
2 0.571237396875 0.4540438305555556 0.571237396875 0.47657272361111114 0.59268316953125 0.47657272361111114 0.59268316953125 0.4540438305555556
2 0.48058026875 0.43671391666666665 0.48058026875 0.49216965138888885 0.520547390625 0.49216965138888885 0.520547390625 0.43671391666666665
1 0.372376596875 0.3691272375 0.372376596875 0.49390264027777775 0.48058026875 0.49390264027777775 0.48058026875 0.3691272375
2 0 0.4089860458333333 0 0.7382544736111112 0.11697694218750002 0.7382544736111112 0.11697694218750002 0.4089860458333333
7 0.27684542734375 0.3899231375 0.27684542734375 0.41765100555555557 0.29049273828125 0.41765100555555557 0.29049273828125 0.3899231375
7 0.282694275 0.4159180152777777 0.282694275 0.4471118666666667 0.29341716171875 0.4471118666666667 0.29341716171875 0.4159180152777777
2 0.6735922210937499 0.42631596527777776 0.6735922210937499 0.5528243625 0.79154397109375 0.5528243625 0.79154397109375 0.42631596527777776
7 0.37459507578125 0.11999991111111111 0.37459507578125 0.14578114305555556 0.390415378125 0.14578114305555556 0.390415378125 0.11999991111111111