2 0.48876865390625 0.5060335833333334 0.48876865390625 0.5233635013888889 0.497541925 0.5233635013888889 0.497541925 0.5060335833333334
2 0.47512134453125 0.5025676 0.47512134453125 0.5268294861111111 0.48974346171875 0.5268294861111111 0.48974346171875 0.5025676
2 0.4205321046875 0.5112325597222223 0.4205321046875 0.5268294847222222 0.43417941484375 0.5268294847222222 0.43417941484375 0.5112325597222223
2 0.41078402656249996 0.5112325597222223 0.41078402656249996 0.5302954680555556 0.42833056718750007 0.5302954680555556 0.42833056718750007 0.5112325597222223
2 0.39811152421874996 0.5112325597222223 0.39811152421874996 0.5302954680555556 0.40980921875 0.5302954680555556 0.40980921875 0.5112325597222223
2 0.3786153671875 0.5112325597222223 0.3786153671875 0.5354944430555555 0.39421229296875004 0.5354944430555555 0.39421229296875004 0.5112325597222223
2 0.35521997890625 0.5060335833333334 0.35521997890625 0.5406934180555556 0.3727665203125 0.5406934180555556 0.3727665203125 0.5060335833333334
2 0.427355759375 0.49390264166666664 0.427355759375 0.5805522277777778 0.48389461562499997 0.5805522277777778 0.48389461562499997 0.49390264166666664
2 0.007213578125 0.5424264097222222 0.007213578125 0.6446729222222223 0.1056691703125 0.6446729222222223 0.1056691703125 0.5424264097222222
2 0.0003899234375 0.5406934180555556 0.0003899234375 0.6602698472222223 0.01988608046875 0.6602698472222223 0.01988608046875 0.5406934180555556
4 0.15440956249999999 0.5129655513888889 0.15440956249999999 0.5788192361111111 0.16903168046875 0.5788192361111111 0.16903168046875 0.5129655513888889
4 0.1358882140625 0.5129655513888889 0.1358882140625 0.5840182111111111 0.152459946875 0.5840182111111111 0.152459946875 0.5129655513888889
4 0.11151801796875001 0.5302954680555556 0.11151801796875001 0.5857512027777777 0.12516532734375002 0.5857512027777777 0.12516532734375002 0.5302954680555556
4 0.09299666875 0.5302954680555556 0.09299666875 0.5753532527777778 0.106643978125 0.5753532527777778 0.106643978125 0.5302954680555556
2 0.14103235078125 0.49910161666666664 0.14103235078125 0.5441594013888889 0.18879793515625 0.5441594013888889 0.18879793515625 0.49910161666666664
7 0.8856317398437501 0.11425633333333333 0.8856317398437501 0.235168375 0.9573885992187501 0.235168375 0.9573885992187501 0.11425633333333333