2 0.11662917578125001 0.45346719444444444 0.11662917578125001 0.5408324347222222 0.19385380624999998 0.5408324347222222 0.19385380624999998 0.45346719444444444
2 0.32256152421875 0.44306656666666666 0.32256152421875 0.6385982944444445 0.44541889140624996 0.6385982944444445 0.44541889140624996 0.44306656666666666
2 0.25235731484375 0.4576274444444444 0.25235731484375 0.4867491847222222 0.2734185796875 0.4867491847222222 0.2734185796875 0.4576274444444444
9 0.25937773515625 0.42850569861111115 0.25937773515625 0.4825889402777778 0.28628935 0.4825889402777778 0.28628935 0.42850569861111115
9 0.28043899921875004 0.35154107916666666 0.28043899921875004 0.5158709361111111 0.347132996875 0.5158709361111111 0.347132996875 0.35154107916666666
9 0.34830306796875 0.3598615791666667 0.34830306796875 0.46594793888888886 0.42786783984375 0.46594793888888886 0.42786783984375 0.3598615791666667
2 0.52498366484375 0.42850569861111115 0.52498366484375 0.7654859027777778 0.8233515578124999 0.7654859027777778 0.8233515578124999 0.42850569861111115
0 0.8163311343749999 0.5054703125 0.8163311343749999 0.6989219125 0.8748346421875001 0.6989219125 0.8748346421875001 0.5054703125
2 0.80463043359375 0.4118646972222222 0.80463043359375 0.5137908069444445 0.9309980140624999 0.5137908069444445 0.9309980140624999 0.4118646972222222
2 0.8795149234374999 0.42434544583333333 0.8795149234374999 0.5304318055555556 0.99886208046875 0.5304318055555556 0.99886208046875 0.42434544583333333
4 0.20593234843750002 0.4548539527777778 0.20593234843750002 0.4881359458333333 0.21178270000000002 0.4881359458333333 0.21178270000000002 0.4548539527777778
4 0.21529291015625002 0.4436608958333333 0.21529291015625002 0.498536575 0.2269936125 0.498536575 0.2269936125 0.4436608958333333
7 0.9508282523437501 0.06864411666666667 0.9508282523437501 0.14768885694444445 0.9976310578125 0.14768885694444445 0.9976310578125 0.06864411666666667
2 0.89232474453125 0.7357698388888889 0.89232474453125 0.852256825 0.99763105625 0.852256825 0.99763105625 0.7357698388888889
7 0.1744906046875 0.43498092499999996 0.1744906046875 0.4540438319444445 0.181314259375 0.4540438319444445 0.181314259375 0.43498092499999996