7 0.36711727890625 0.35204075138888885 0.36711727890625 0.3593876875 0.3836478875 0.3593876875 0.3836478875 0.35204075138888885
7 0.37434942109375 0.36489789305555553 0.37434942109375 0.3722448277777778 0.387780540625 0.3722448277777778 0.387780540625 0.36489789305555553
7 0.484897865625 0.39244890555555556 0.484897865625 0.3961223736111111 0.49419633359375004 0.3961223736111111 0.49419633359375004 0.39244890555555556
6 0.4349616421875 0.37714278333333334 0.4349616421875 0.3918366569444444 0.43806113125 0.3918366569444444 0.43806113125 0.37714278333333334
6 0.43289531640625 0.4010203277777778 0.43289531640625 0.4157142027777778 0.44012745859375 0.4157142027777778 0.44012745859375 0.4010203277777778
6 0.45769122890625 0.39918359305555556 0.45769122890625 0.4138774680555556 0.46389020781249996 0.4138774680555556 0.46389020781249996 0.39918359305555556
6 0.4886861203125 0.395510125 0.4886861203125 0.4175509347222222 0.49385193515625003 0.4175509347222222 0.49385193515625003 0.395510125
2 0.45872439296875 0.42306113888888885 0.45872439296875 0.4395917472222222 0.46698969687499997 0.4395917472222222 0.46698969687499997 0.42306113888888885
1 0.4463264359375 0.4175509347222222 0.4463264359375 0.4304080763888889 0.45872439140625004 0.4304080763888889 0.45872439140625004 0.4175509347222222
2 0.43668358671874996 0.431020325 0.43668358671874996 0.44755093472222224 0.44701521640625 0.44755093472222224 0.44701521640625 0.431020325
2 0.329234628125 0.4016325763888889 0.329234628125 0.48795908749999994 0.37159431328125 0.48795908749999994 0.37159431328125 0.4016325763888889
2 0.23728311406249997 0.3795917638888889 0.23728311406249997 0.5155101027777778 0.34989788515625003 0.5155101027777778 0.34989788515625003 0.3795917638888889
2 0.4235968484375 0.41816318611111114 0.4235968484375 0.44204073194444443 0.43909429375000003 0.44204073194444443 0.43909429375000003 0.41816318611111114
2 0.46802286015625 0.4212244055555555 0.46802286015625 0.4432652152777778 0.48352030546874997 0.4432652152777778 0.48352030546874997 0.4212244055555555
2 0.57783333984375 0.4156267333333333 0.57783333984375 0.45603488750000004 0.61296088359375 0.45603488750000004 0.61296088359375 0.4156267333333333