2 0.29418315234375003 0.5192717972222223 0.29418315234375003 0.7083781583333333 0.388656603125 0.7083781583333333 0.388656603125 0.5192717972222223
2 0 0.2891339388888889 0 0.9772443597222222 0.3356398546875 0.9772443597222222 0.3356398546875 0.2891339388888889
2 0.40779046796875 0.5687009430555555 0.40779046796875 0.5878348069444445 0.42931606484374996 0.5878348069444445 0.42931606484374996 0.5687009430555555
2 0.44924716875000004 0.4725001291666666 0.44924716875000004 0.8680092416666666 0.7228158609374999 0.8680092416666666 0.7228158609374999 0.4725001291666666
7 0.27983275390625 0.3288189888888889 0.27983275390625 0.3840945972222222 0.29179141953125 0.3840945972222222 0.29179141953125 0.3288189888888889
6 0.26906995546875 0.33094497500000003 0.26906995546875 0.3713386861111111 0.27744102265625 0.3713386861111111 0.27744102265625 0.33094497500000003
6 0.47874521484375 0.3933071958333333 0.47874521484375 0.4400788625 0.4895080125 0.4400788625 0.4895080125 0.3933071958333333
6 0.29418315234375003 0.3316536347222222 0.29418315234375003 0.37204734861111116 0.3061418171875 0.37204734861111116 0.3061418171875 0.3316536347222222
6 0.75220001171875 0.43582689305555555 0.75220001171875 0.4762206041666666 0.7689421421875 0.4762206041666666 0.7689421421875 0.43582689305555555
6 0.832323065625 0.4379528777777778 0.832323065625 0.4762206041666666 0.85265279609375 0.4762206041666666 0.85265279609375 0.4379528777777778
6 0.7193136835937499 0.48791352083333334 0.7193136835937499 0.5091733708333334 0.7336640812499999 0.5091733708333334 0.7336640812499999 0.48791352083333334
7 0.51810914921875 0.4108465708333333 0.51810914921875 0.4278544486111111 0.5767066078124999 0.4278544486111111 0.5767066078124999 0.4108465708333333
7 0.63141749765625 0.37247255416666664 0.63141749765625 0.4149922513888889 0.64576789609375 0.4149922513888889 0.64576789609375 0.37247255416666664
7 0.8003336375 0.3757678208333334 0.8003336375 0.4820670625 0.82783856640625 0.4820670625 0.82783856640625 0.3757678208333334
4 0.81259126875 0.5304332180555555 0.81259126875 0.7005120055555556 0.8353127328125 0.7005120055555556 0.8353127328125 0.5304332180555555
7 0.7945678507812499 0.5172217416666667 0.7945678507812499 0.5746233333333333 0.8137017125 0.5746233333333333 0.8137017125 0.5172217416666667
0 0.8331203054687499 0.5924411027777777 0.8331203054687499 0.65622065 0.86660456796875 0.65622065 0.86660456796875 0.5924411027777777
7 0.74434145859375 0.5193477263888889 0.74434145859375 0.5491115166666667 0.76825878828125 0.5491115166666667 0.76825878828125 0.5193477263888889
7 0.9007864218750001 0.5437206236111112 0.9007864218750001 0.5564765333333332 0.91274508671875 0.5564765333333332 0.91274508671875 0.5437206236111112