7 0.66871818203125 0.031193851388888888 0.66871818203125 0.08838257777777778 0.70381126484375 0.08838257777777778 0.70381126484375 0.031193851388888888
7 0.6589701031249999 0.08838257777777778 0.6589701031249999 0.24955080833333332 0.7681485828125 0.24955080833333332 0.7681485828125 0.08838257777777778
5 0.07408539609375 0.3084725277777778 0.07408539609375 0.6048141138888888 0.14622117734375 0.6048141138888888 0.14622117734375 0.3084725277777778
3 0.0107228859375 0.35006432916666663 0.0107228859375 0.6620028375 0.17351579687500002 0.6620028375 0.17351579687500002 0.35006432916666663
7 0.06823654921875 0.20795900555555555 0.06823654921875 0.3015405583333334 0.10722886250000001 0.3015405583333334 0.10722886250000001 0.20795900555555555
2 0.7086853046875 0.235686875 0.7086853046875 0.7521184083333333 0.9991780421875 0.7521184083333333 0.9991780421875 0.235686875
9 0.249550809375 0.3535303111111111 0.249550809375 0.49043665694444444 0.36262851875 0.49043665694444444 0.36262851875 0.3535303111111111
2 0.3616537109375 0.3933891222222222 0.3616537109375 0.4696407597222222 0.41721775859375 0.4696407597222222 0.41721775859375 0.3933891222222222
2 0.4152681421875 0.3985880972222222 0.4152681421875 0.46097579722222226 0.4571848796875 0.46097579722222226 0.4571848796875 0.3985880972222222
2 0.450361225 0.37086022916666667 0.450361225 0.4419128888888889 0.5069000796875 0.4419128888888889 0.5069000796875 0.37086022916666667
2 0.46985738125000004 0.3951221138888889 0.46985738125000004 0.5025676 0.55369085625 0.5025676 0.55369085625 0.3951221138888889
2 0.48642911484375 0.37952518888888886 0.48642911484375 0.3951221138888889 0.540043546875 0.3951221138888889 0.540043546875 0.37952518888888886
2 0.5673381671875 0.39165613055555554 0.5673381671875 0.4523108402777778 0.62095259765625 0.4523108402777778 0.62095259765625 0.39165613055555554