7 0.0682365484375 0.33620039305555555 0.0682365484375 0.3517973194444445 0.07603501093750001 0.3517973194444445 0.07603501093750001 0.33620039305555555
7 0.048740392187499995 0.33273441111111113 0.048740392187499995 0.34313236249999995 0.06336251015625 0.34313236249999995 0.06336251015625 0.33273441111111113
7 0.0448411609375 0.31540449305555557 0.0448411609375 0.3240694513888889 0.05848847109375001 0.3240694513888889 0.05848847109375001 0.31540449305555557
7 0.048740392187499995 0.28074465972222223 0.048740392187499995 0.2946085930555556 0.0604380875 0.2946085930555556 0.0604380875 0.28074465972222223
7 0.056538854687499994 0.2998075694444444 0.056538854687499994 0.31540449583333335 0.06141289531250001 0.31540449583333335 0.06141289531250001 0.2998075694444444
7 0.5088496953125 0.2634147416666667 0.5088496953125 0.2946085930555556 0.5239486648437499 0.2946085930555556 0.5239486648437499 0.2634147416666667
7 0.50690008046875 0.2998075694444444 0.50690008046875 0.3102055208333333 0.5244466210937501 0.3102055208333333 0.5244466210937501 0.2998075694444444
7 0.73110588359375 0.23915285833333333 0.73110588359375 0.29980756666666664 0.77009819765625 0.29980756666666664 0.77009819765625 0.23915285833333333
7 0.44841160859375 0.32406945416666666 0.44841160859375 0.35006432916666663 0.45913449531249995 0.35006432916666663 0.45913449531249995 0.32406945416666666
7 0.36652775000000004 0.3639282625 0.36652775000000004 0.3812581805555556 0.3850490984375 0.3812581805555556 0.3850490984375 0.3639282625
7 0.20860887890625 0.3465983472222222 0.20860887890625 0.36046228055555557 0.21738215 0.36046228055555557 0.21738215 0.3465983472222222
6 0.0448411609375 0.35006432916666663 0.0448411609375 0.3691272375 0.055564047656250004 0.3691272375 0.055564047656250004 0.35006432916666663
6 0.056538854687499994 0.3535303138888889 0.056538854687499994 0.3691272375 0.0692113578125 0.3691272375 0.0692113578125 0.3535303138888889
6 0.1637677171875 0.31540449305555557 0.1637677171875 0.33966637777777775 0.17059137265625 0.33966637777777775 0.17059137265625 0.31540449305555557
6 0.2748958125 0.32233645972222225 0.2748958125 0.3483313361111111 0.2797698515625 0.3483313361111111 0.2797698515625 0.32233645972222225
6 0.37335140546875 0.32233645972222225 0.37335140546875 0.3448653527777778 0.3782254453125 0.3448653527777778 0.3782254453125 0.32233645972222225
6 0.6345999078125 0.2668807263888889 0.6345999078125 0.3171374875 0.64532279375 0.3171374875 0.64532279375 0.2668807263888889
6 0.650966528125 0.3379333861111111 0.650966528125 0.3725932222222222 0.66052701171875 0.3725932222222222 0.66052701171875 0.3379333861111111
6 0.62095259765625 0.26861371805555556 0.62095259765625 0.3171374875 0.63265029296875 0.3171374875 0.63265029296875 0.26861371805555556
6 0.36847736484375 0.32060346944444446 0.36847736484375 0.3448653527777778 0.37237659609375 0.3448653527777778 0.37237659609375 0.32060346944444446
6 0.20665926406250001 0.37086022916666667 0.20665926406250001 0.3847241625 0.20958368749999998 0.3847241625 0.20958368749999998 0.37086022916666667
6 0.21153330234375 0.3743262138888889 0.21153330234375 0.3881901486111111 0.21738215 0.3881901486111111 0.21738215 0.3743262138888889
7 0.3938223703125 0.32406945416666666 0.3938223703125 0.3465983472222222 0.40552006484375 0.3465983472222222 0.40552006484375 0.32406945416666666
6 0.450361225 0.37779219583333334 0.450361225 0.3985880986111111 0.45718488046875 0.3985880986111111 0.45718488046875 0.37779219583333334
7 0.51664815859375 0.3171374875 0.51664815859375 0.33966637777777775 0.52932066015625 0.33966637777777775 0.52932066015625 0.3171374875
4 0.8734278304687499 0.3985880986111111 0.8734278304687499 0.5718872694444445 0.92021860625 0.5718872694444445 0.92021860625 0.3985880986111111
4 0.75742569609375 0.4037870708333334 0.75742569609375 0.528562475 0.78569512421875 0.528562475 0.78569512421875 0.4037870708333334
4 0.73597992421875 0.4159180138888888 0.73597992421875 0.5112325597222223 0.75157685 0.5112325597222223 0.75157685 0.4159180138888888
4 0.6774914523437501 0.4072530555555555 0.6774914523437501 0.5181645263888889 0.70088684140625 0.5181645263888889 0.70088684140625 0.4072530555555555
2 0.94166437890625 0.4488448583333333 0.94166437890625 0.5614893208333334 0.99917804296875 0.5614893208333334 0.99917804296875 0.4488448583333333
2 0.42306660546875 0.40032108888888884 0.42306660546875 0.5268294847222222 0.5127489265625 0.5268294847222222 0.5127489265625 0.40032108888888884
2 0.29146754609375003 0.39165613194444443 0.29146754609375003 0.5458923930555556 0.3938223703125 0.5458923930555556 0.3938223703125 0.39165613194444443
2 0.1384227140625 0.4055200652777778 0.1384227140625 0.5302954694444445 0.25345003984375 0.5302954694444445 0.25345003984375 0.4055200652777778
2 0.08285866796875 0.38645715555555554 0.08285866796875 0.41938399722222225 0.11697694140624999 0.41938399722222225 0.11697694140624999 0.38645715555555554
2 0.1218509796875 0.3847241625 0.1218509796875 0.47483973333333335 0.17156618125 0.47483973333333335 0.17156618125 0.3847241625
2 0.22615542031250002 0.3933891222222222 0.22615542031250002 0.46097579722222226 0.2719713890625 0.46097579722222226 0.2719713890625 0.3933891222222222
2 0.27099658125000003 0.3951221138888889 0.27099658125000003 0.4228499805555555 0.29146754609375003 0.4228499805555555 0.29146754609375003 0.3951221138888889
2 0.3899231390625 0.4055200652777778 0.3899231390625 0.45404383333333337 0.42306660625000003 0.45404383333333337 0.42306660625000003 0.4055200652777778
2 0.42014218124999997 0.4089860472222222 0.42014218124999997 0.4384469069444445 0.4386635296875 0.4384469069444445 0.4386635296875 0.4089860472222222
9 0.00974807890625 0.38299117083333334 0.00974807890625 0.41938399722222225 0.0448411609375 0.41938399722222225 0.0448411609375 0.38299117083333334
6 0.6386744765625 0.3378471361111111 0.6386744765625 0.36941190972222226 0.650966528125 0.36941190972222226 0.650966528125 0.3378471361111111