6 0.12750554296875 0.24205169583333333 0.12750554296875 0.2794823708333333 0.13943656953125 0.2794823708333333 0.13943656953125 0.24205169583333333
6 0.34998411484375 0.23706094027777777 0.34998411484375 0.2673139736111111 0.356779671875 0.2673139736111111 0.356779671875 0.23706094027777777
6 0.48543636796875 0.22707942777777776 0.48543636796875 0.26700548194444446 0.49526191796874997 0.26700548194444446 0.49526191796874997 0.22707942777777776
6 0.6819474109375 0.30568384305555557 0.6819474109375 0.3381237625 0.702300340625 0.3381237625 0.702300340625 0.30568384305555557
6 0.4208684546875 0.35184834305555557 0.4208684546875 0.3705636791666667 0.42648305546875004 0.3705636791666667 0.42648305546875004 0.35184834305555557
6 0.12750554296875 0.28696850555555553 0.12750554296875 0.30693153055555555 0.13803291875 0.30693153055555555 0.13803291875 0.28696850555555553
7 0.21835695781250003 0.31441766666666665 0.21835695781250003 0.3268945513888889 0.234182965625 0.3268945513888889 0.234182965625 0.31441766666666665
7 0.5128075492187499 0.26451009999999997 0.5128075492187499 0.28197774583333335 0.551407934375 0.28197774583333335 0.551407934375 0.26451009999999997
7 0.65948900546875 0.2981977083333333 0.65948900546875 0.3181607347222222 0.6847547140625 0.3181607347222222 0.6847547140625 0.2981977083333333
7 0.679140109375 0.28197775138888886 0.679140109375 0.2981977152777778 0.69879121328125 0.2981977152777778 0.69879121328125 0.28197775138888886
7 0.48122541796874996 0.36432523194444444 0.48122541796874996 0.38428825833333335 0.4917527953125 0.38428825833333335 0.4917527953125 0.36432523194444444
7 0.48262906718750004 0.35434371805555553 0.48262906718750004 0.3693159875 0.49315644453124996 0.3693159875 0.49315644453124996 0.35434371805555553
7 0.48052359375 0.33438069305555557 0.48052359375 0.34935296111111114 0.48754184531250006 0.34935296111111114 0.48754184531250006 0.33438069305555557
2 0.49315644531249997 0.32439918055555556 0.49315644531249997 0.5128002430555556 0.61106307109375 0.5128002430555556 0.61106307109375 0.32439918055555556
2 0.47420716640625005 0.3768021236111111 0.47420716640625005 0.4441773361111111 0.5064911234375 0.4441773361111111 0.5064911234375 0.3768021236111111
2 0.44262503437499995 0.4017559083333333 0.44262503437499995 0.43170044722222223 0.46578526406250004 0.43170044722222223 0.46578526406250004 0.4017559083333333
2 0.40161944375 0.40206783055555556 0.40161944375 0.41953547916666667 0.41355047031250003 0.41953547916666667 0.41355047031250003 0.40206783055555556
2 0.3896884140625 0.4045632097222222 0.3896884140625 0.41953547916666667 0.399513965625 0.41953547916666667 0.399513965625 0.4045632097222222
2 0.3826701625 0.4120493430555555 0.3826701625 0.419535475 0.38968841015625 0.419535475 0.38968841015625 0.4120493430555555
7 0.33196329609375 0.350912575 0.33196329609375 0.3683802222222222 0.338279721875 0.3683802222222222 0.338279721875 0.350912575
7 0.36775637734375 0.3858478708333334 0.36775637734375 0.3945816972222222 0.37547645390625 0.3945816972222222 0.37547645390625 0.3858478708333334
2 0.22668952421875002 0.32471110138888887 0.22668952421875002 0.48067224722222224 0.3263486953125 0.48067224722222224 0.3263486953125 0.32471110138888887
3 0.73902188359375 0.4041555916666667 0.73902188359375 0.8508283097222221 0.9986971890625 0.8508283097222221 0.9986971890625 0.4041555916666667
5 0.7418291820312499 0.36740546388888884 0.7418291820312499 0.7429599041666667 0.9264092007812501 0.7429599041666667 0.9264092007812501 0.36740546388888884
7 0.21023478906249998 0.2870572138888889 0.21023478906249998 0.29953796250000003 0.22427563125 0.29953796250000003 0.22427563125 0.2870572138888889
7 0.11015328671875 0.2898428666666667 0.11015328671875 0.308905775 0.15499444765624998 0.308905775 0.15499444765624998 0.2898428666666667
6 0.47765584453125004 0.22225618888888887 0.47765584453125004 0.2569160236111111 0.48545430703125003 0.2569160236111111 0.48545430703125003 0.22225618888888887