2 0.348536228125 0.5520338083333333 0.348536228125 0.5795848430555556 0.37178241171875 0.5795848430555556 0.37178241171875 0.5520338083333333
2 0.31840228515625 0.5489725805555555 0.31840228515625 0.5887685180555556 0.35198010546875 0.5887685180555556 0.35198010546875 0.5489725805555555
2 0.28912931171875 0.5459113583333333 0.28912931171875 0.6010134236111111 0.323568103125 0.6010134236111111 0.323568103125 0.5459113583333333
2 0.1487912390625 0.5321358388888889 0.1487912390625 0.5581562624999999 0.17720324296875 0.5581562624999999 0.17720324296875 0.5321358388888889
2 0.48887429921875 0.574993 0.48887429921875 0.5994828097222222 0.5043717562500001 0.5994828097222222 0.5043717562500001 0.574993
2 0.57841515625 0.5780542263888889 0.57841515625 0.6040746472222221 0.6137149171875 0.6040746472222221 0.6137149171875 0.5780542263888889
2 0.5990784312499999 0.5964215833333333 0.5990784312499999 0.6193807777777778 0.6335172210937501 0.6193807777777778 0.6335172210937501 0.5964215833333333
2 0.50178884609375 0.574993 0.50178884609375 0.613258325 0.55430800234375 0.613258325 0.55430800234375 0.574993
2 0.20389330546875 0.5152991 0.20389330546875 0.6056052611111111 0.287407371875 0.6056052611111111 0.287407371875 0.5152991
2 0.1160743890625 0.5290746152777778 0.1160743890625 0.5566256458333333 0.13329378359375 0.5566256458333333 0.13329378359375 0.5290746152777778
2 0.0007044375 0.5030541916666667 0.0007044375 0.5933603527777778 0.03169935078125 0.5933603527777778 0.03169935078125 0.5030541916666667
6 0.77213335546875 0.46325825972222223 0.77213335546875 0.5275440013888889 0.7876308101562499 0.5275440013888889 0.7876308101562499 0.46325825972222223
6 0.42430156796874996 0.2612173513888889 0.42430156796874996 0.3423398361111111 0.443242903125 0.3423398361111111 0.443242903125 0.2612173513888889
7 0.469932965625 0.28417654722222224 0.469932965625 0.3193806430555555 0.5035107875 0.3193806430555555 0.5035107875 0.28417654722222224
7 0.29429513125 0.49387051666666665 0.29429513125 0.524482775 0.3080706484375 0.524482775 0.3080706484375 0.49387051666666665
6 0.43549417421875003 0.4923399013888889 0.43549417421875003 0.5122378694444444 0.4432429015625 0.5122378694444444 0.4432429015625 0.4923399013888889
6 0.5043717562500001 0.518360325 0.5043717562500001 0.5351970680555556 0.51298145390625 0.5351970680555556 0.51298145390625 0.518360325
6 0.55516897265625 0.5474419694444445 0.55516897265625 0.5642787125 0.560334790625 0.5642787125 0.560334790625 0.5474419694444445
6 0.97492267734375 0.46377571805555556 0.97492267734375 0.5326533013888889 0.9930030414062501 0.5326533013888889 0.9930030414062501 0.46377571805555556
6 0.9447887335937499 0.4607144958333333 0.9447887335937499 0.5387757541666667 0.9671739468749999 0.5387757541666667 0.9671739468749999 0.4607144958333333