2 0.5937458289062499 0.6398496444444445 0.5937458289062499 0.7239063236111111 0.65678833828125 0.7239063236111111 0.65678833828125 0.6398496444444445
2 0.55735309453125 0.6347552986111111 0.55735309453125 0.7060761166666667 0.61323168359375 0.7060761166666667 0.61323168359375 0.6347552986111111
4 0.5516219570312499 0.6398496444444445 0.5516219570312499 0.6958874305555556 0.5659498000000001 0.6958874305555556 0.5659498000000001 0.6398496444444445
2 0.5266915125 0.6449439888888888 0.5266915125 0.6907930888888889 0.566809475 0.6907930888888889 0.566809475 0.6449439888888888
2 0.4504673875 0.6398496444444445 0.4504673875 0.6755100527777778 0.4762575046875 0.6755100527777778 0.4762575046875 0.6398496444444445
2 0.9376140632812501 0.6449439888888888 0.9376140632812501 0.833434723611111 0.99922378828125 0.833434723611111 0.99922378828125 0.6449439888888888
2 0.42195497812499994 0.6253307499999999 0.42195497812499994 0.6788213638888888 0.45490901796875 0.6788213638888888 0.45490901796875 0.6253307499999999
2 0.3513187125 0.6398496444444445 0.3513187125 0.6653213652777777 0.3713776921875 0.6653213652777777 0.3713776921875 0.6398496444444445
2 0.395735025 0.6423968166666667 0.395735025 0.6602270208333333 0.4114956515625 0.6602270208333333 0.4114956515625 0.6423968166666667
2 0.32839416171875 0.6398496444444445 0.32839416171875 0.6602270208333333 0.34702035859375 0.6602270208333333 0.34702035859375 0.6398496444444445
2 0.47310538515625 0.6194722666666667 0.47310538515625 0.6873005291666666 0.5132233453125 0.6873005291666666 0.5132233453125 0.6194722666666667
2 0.0745047828125 0.5990948875 0.0745047828125 0.7213591486111112 0.21205207656249997 0.7213591486111112 0.21205207656249997 0.5990948875
2 0.6367293578125001 0.5456042583333333 0.6367293578125001 0.8865356805555555 0.9496824085937501 0.8865356805555555 0.9496824085937501 0.5456042583333333
7 0.10111363359375 0.5130732347222222 0.10111363359375 0.5633859833333333 0.1326348890625 0.5633859833333333 0.1326348890625 0.5130732347222222
7 0.1077924109375 0.5697639388888889 0.1077924109375 0.5846458333333333 0.12812214140625 0.5846458333333333 0.12812214140625 0.5697639388888889
7 0.304262596875 0.5810012875 0.304262596875 0.6022611375 0.31143779609375 0.6022611375 0.31143779609375 0.5810012875
2 0.38472733046875 0.6426548472222222 0.38472733046875 0.6617887083333334 0.39788186015625 0.6617887083333334 0.39788186015625 0.6426548472222222
2 0.9114146804687501 0.5655119680555555 0.9114146804687501 0.5888977986111111 0.97599146875 0.5888977986111111 0.97599146875 0.5655119680555555