4 0.902894015625 0.5231649194444444 0.902894015625 0.7220599402777778 0.9518408367187501 0.7220599402777778 0.9518408367187501 0.5231649194444444
4 0.8022034140625 0.5380820458333334 0.8022034140625 0.7394632527777778 0.8497517546875001 0.7394632527777778 0.8497517546875001 0.5380820458333334
4 0.77703076328125 0.5306234833333333 0.77703076328125 0.7021704375000001 0.8036018945312501 0.7021704375000001 0.8036018945312501 0.5306234833333333
2 0.3700729078125 0.6226124291666667 0.3700729078125 0.6723361861111111 0.399441 0.6723361861111111 0.399441 0.6226124291666667
2 0.16729322109375 0.6400157430555555 0.16729322109375 0.6922256847222222 0.19805979375 0.6922256847222222 0.19805979375 0.6400157430555555
2 0.10016615234375 0.6449881180555556 0.10016615234375 0.704656625 0.14491753125 0.704656625 0.14491753125 0.6449881180555556
2 0.04562540859375 0.6400157430555555 0.04562540859375 0.7220599375 0.10855703593749999 0.7220599375 0.10855703593749999 0.6400157430555555
2 0.28057015078125 0.6375295555555556 0.28057015078125 0.6599052472222222 0.2959534359375 0.6599052472222222 0.2959534359375 0.6375295555555556
2 0.2553974984375 0.6425019319444444 0.2553974984375 0.6599052472222222 0.27357774687499997 0.6599052472222222 0.27357774687499997 0.6425019319444444
2 0.19666131328125 0.6275848041666667 0.19666131328125 0.6872533125 0.2400142125 0.6872533125 0.2400142125 0.6275848041666667
9 0.28057015078125 0.6250986152777778 0.28057015078125 0.6449881180555556 0.29735191796875 0.6449881180555556 0.29735191796875 0.6250986152777778
9 0.29875039765625 0.6002367402777777 0.29875039765625 0.6673638097222222 0.32532152890625 0.6673638097222222 0.32532152890625 0.6002367402777777
9 0.32532152734375 0.5753748611111111 0.32532152734375 0.6698499958333333 0.3700729078125 0.6698499958333333 0.3700729078125 0.5753748611111111
2 0.31553216484375 0.6300709930555556 0.31553216484375 0.6673638097222222 0.3253215296875 0.6673638097222222 0.3253215296875 0.6300709930555556
9 0.39664403984374996 0.5057616041666666 0.39664403984374996 0.6847671222222222 0.43440301562499994 0.6847671222222222 0.43440301562499994 0.5057616041666666
9 0.42601213203125 0.3839384069444444 0.42601213203125 0.7245461263888889 0.6273933390625 0.7245461263888889 0.6273933390625 0.3839384069444444
6 0.27497622734375 0.5853196138888889 0.27497622734375 0.6052091152777778 0.27917166875 0.6052091152777778 0.27917166875 0.5853196138888889
9 0.00087402890625 0.5185477194444444 0.00087402890625 0.7447908055555555 0.04842236875 0.7447908055555555 0.04842236875 0.5185477194444444
2 0.96993380703125 0.7243905416666667 0.96993380703125 0.8994227055555555 0.9982032343749999 0.8994227055555555 0.9982032343749999 0.7243905416666667