7 0.0443373234375 0.39714116111111114 0.0443373234375 0.4265244763888889 0.083821153125 0.4265244763888889 0.083821153125 0.39714116111111114
6 0.15732316015625 0.37382105972222224 0.15732316015625 0.41136640694444443 0.17017836015625 0.41136640694444443 0.17017836015625 0.37382105972222224
6 0.14446796015625002 0.37708587361111107 0.14446796015625002 0.416263625 0.15732316015625 0.416263625 0.15732316015625 0.37708587361111107
6 0.2923027609375 0.36402662361111116 0.2923027609375 0.39504234444444447 0.30423973359375 0.39504234444444447 0.30423973359375 0.36402662361111116
6 0.56562880859375 0.36239421527777776 0.56562880859375 0.38851271805555554 0.5720564085937501 0.38851271805555554 0.5720564085937501 0.36239421527777776
6 0.41320286328125 0.3966747486111111 0.41320286328125 0.42279325138888885 0.41963046328125 0.42279325138888885 0.41963046328125 0.3966747486111111
2 0.5557119375 0.49168079444444446 0.5557119375 0.5145344833333334 0.5658124507812501 0.5145344833333334 0.5658124507812501 0.49168079444444446
2 0.5639759953125 0.48515117083333337 0.5639759953125 0.5161668916666666 0.5823405671875 0.5161668916666666 0.5823405671875 0.48515117083333337
2 0.62825199609375 0.48678357499999997 0.62825199609375 0.5308585486111111 0.64110719609375 0.5308585486111111 0.64110719609375 0.48678357499999997
2 0.6300884515625 0.48678357499999997 0.6300884515625 0.5373881722222222 0.651207709375 0.5373881722222222 0.651207709375 0.48678357499999997
2 0.69129495390625 0.4925203388888889 0.69129495390625 0.5480221555555556 0.71792358203125 0.5480221555555556 0.71792358203125 0.4925203388888889
2 0.48803849218749995 0.4962515375 0.48803849218749995 0.5158404125 0.497220778125 0.5158404125 0.497220778125 0.4962515375
2 0.47977443671875 0.4946191319444444 0.47977443671875 0.5076783819444445 0.48712026640625006 0.5076783819444445 0.48712026640625006 0.4946191319444444
2 0.4687556921875 0.49951635 0.4687556921875 0.5191052291666667 0.48069266484375 0.5191052291666667 0.48069266484375 0.49951635
2 0.4623280921875 0.5044135680555556 0.4623280921875 0.5191052263888889 0.47059215 0.5191052263888889 0.47059215 0.5044135680555556
2 0.44304529375 0.49951635 0.44304529375 0.5321644791666666 0.46691923671874996 0.5321644791666666 0.46691923671874996 0.49951635
2 0.33400564843749997 0.5158404125 0.33400564843749997 0.5452237291666666 0.349615534375 0.5452237291666666 0.349615534375 0.5158404125
2 0.3027858765625 0.5158404125 0.3027858765625 0.5533857597222223 0.33308742109375 0.5533857597222223 0.33308742109375 0.5158404125
2 0.28533953359374997 0.5191052291666667 0.28533953359374997 0.5582829805555556 0.30186764843749997 0.5582829805555556 0.30186764843749997 0.5191052291666667
2 0.26605673359375 0.5207376347222222 0.26605673359375 0.5615477944444445 0.28993067578125 0.5615477944444445 0.28993067578125 0.5207376347222222
2 0.21279947500000002 0.5256348527777778 0.21279947500000002 0.5533857597222223 0.23300050468750003 0.5533857597222223 0.23300050468750003 0.5256348527777778
2 0.2293275890625 0.5174728208333333 0.2293275890625 0.5762394486111111 0.27340256093750004 0.5762394486111111 0.27340256093750004 0.5174728208333333
2 0.1389585875 0.5245465847222223 0.1389585875 0.6143289361111111 0.23261790312500003 0.6143289361111111 0.23261790312500003 0.5245465847222223
2 0.016834186718749998 0.5310762111111111 0.016834186718749998 0.6339178125 0.13069453046875 0.6339178125 0.13069453046875 0.5310762111111111
2 0.3417122125 0.4612714097222222 0.3417122125 0.6245120458333333 0.4500631859375 0.6245120458333333 0.4500631859375 0.4612714097222222
2 0.49138347187500003 0.46780103472222223 0.49138347187500003 0.5902315124999999 0.5639235296875 0.5902315124999999 0.5639235296875 0.46780103472222223
2 0.57756579453125 0.46780103472222223 0.57756579453125 0.5379945083333333 0.6308230523437499 0.5379945083333333 0.6308230523437499 0.46780103472222223
2 0.6464329375 0.4449473458333334 0.6464329375 0.5445241347222222 0.7134636234375 0.5445241347222222 0.7134636234375 0.4449473458333334
2 0.7088724828124999 0.4710658486111111 0.7088724828124999 0.5722750416666667 0.807122940625 0.5722750416666667 0.807122940625 0.4710658486111111
2 0.7993835835937501 0.46453622499999997 0.7993835835937501 0.5657454180555556 0.8627413562499999 0.5657454180555556 0.8627413562499999 0.46453622499999997
2 0.8649892609375 0.4195603194444445 0.8649892609375 0.6194121874999999 1 0.6194121874999999 1 0.4195603194444445