7 0.5186679187500001 0.22287755555555552 0.5186679187500001 0.2432549361111111 0.5444580359375 0.2432549361111111 0.5444580359375 0.22287755555555552
7 0.42410415468749996 0.3247644430555556 0.42410415468749996 0.340047475 0.43986478203125 0.340047475 0.43986478203125 0.3247644430555556
6 0.5115039968749999 0.1413680513888889 0.5115039968749999 0.19231149305555553 0.52583183984375 0.19231149305555553 0.52583183984375 0.1413680513888889
6 0.50290729140625 0.13627370694444443 0.50290729140625 0.19995300694444443 0.5143695640625 0.19995300694444443 0.5143695640625 0.13627370694444443
6 0.42840250703124994 0.3425946472222222 0.42840250703124994 0.3680663680555556 0.43699921171874995 0.3680663680555556 0.43699921171874995 0.3425946472222222
6 0.5215334875 0.3094814097222222 0.5215334875 0.3553305097222222 0.5458908203124999 0.3553305097222222 0.5458908203124999 0.3094814097222222
4 0.42840250703124994 0.40754753611111116 0.42840250703124994 0.4279249097222222 0.43556642890625 0.4279249097222222 0.43556642890625 0.40754753611111116
4 0.43556643046875 0.41009470833333334 0.43556643046875 0.4304720819444445 0.447028703125 0.4304720819444445 0.447028703125 0.41009470833333334
4 0.44846148750000003 0.40754753611111116 0.44846148750000003 0.4279249097222222 0.452759840625 0.4279249097222222 0.452759840625 0.40754753611111116
4 0.452759840625 0.4050003638888889 0.452759840625 0.43047208472222226 0.46278932968750003 0.43047208472222226 0.46278932968750003 0.4050003638888889
4 0.46565489921875003 0.4050003638888889 0.46565489921875003 0.43811360416666667 0.47425160390625 0.43811360416666667 0.47425160390625 0.4050003638888889
4 0.47281882265624997 0.41009470833333334 0.47281882265624997 0.43811360138888894 0.4842810953125 0.43811360138888894 0.4842810953125 0.41009470833333334
4 0.48571388125 0.40245319444444444 0.48571388125 0.45339663611111114 0.49717615390625003 0.45339663611111114 0.49717615390625003 0.40245319444444444
4 0.49574336953125 0.40245319444444444 0.49574336953125 0.47632118472222224 0.5100712125 0.47632118472222224 0.5100712125 0.40245319444444444
4 0.5072056445312499 0.40245319444444444 0.5072056445312499 0.47632118472222224 0.5286974085937499 0.47632118472222224 0.5286974085937499 0.40245319444444444
4 0.5415924664062499 0.39481167500000003 0.5415924664062499 0.46613249444444443 0.5501891718749999 0.46613249444444443 0.5501891718749999 0.39481167500000003
4 0.52583183984375 0.3999060194444445 0.52583183984375 0.49924573333333333 0.5444580375 0.49924573333333333 0.5444580375 0.3999060194444445
4 0.54302525078125 0.3973588472222222 0.54302525078125 0.5170759388888888 0.56594979921875 0.5170759388888888 0.56594979921875 0.3973588472222222
4 0.6390218 0.39481167500000003 0.6390218 0.5603778611111111 0.66051356484375 0.5603778611111111 0.66051356484375 0.39481167500000003
4 0.55496513671875 0.39481167500000003 0.55496513671875 0.5221702805555556 0.5793224679687501 0.5221702805555556 0.5793224679687501 0.39481167500000003
4 0.5907847421875 0.3922645027777778 0.5907847421875 0.5247174527777777 0.61514207578125 0.5247174527777777 0.61514207578125 0.3922645027777778
4 0.62087321328125 0.36933995416666665 0.62087321328125 0.568019375 0.64523054609375 0.568019375 0.64523054609375 0.36933995416666665
4 0.6695878804687501 0.2886795111111111 0.6695878804687501 0.7064157333333333 0.7483910179687501 0.7064157333333333 0.7483910179687501 0.2886795111111111
4 0.8472531343749999 0.25047192916666666 0.8472531343749999 0.7836799625 0.9518463890625 0.7836799625 0.9518463890625 0.25047192916666666
4 0.9733381523437499 0.2861323361111111 0.9733381523437499 0.6987742166666666 0.9991282695312499 0.6987742166666666 0.9991282695312499 0.2861323361111111
4 0.715914565625 0.2886795111111111 0.715914565625 0.6529251194444444 0.7631964460937499 0.6529251194444444 0.7631964460937499 0.2886795111111111
4 0.7517341734375 0.3090568875 0.7517341734375 0.6733024986111111 0.8147766828125 0.6733024986111111 0.8147766828125 0.3090568875
4 0.78755378125 0.2759436513888889 0.78755378125 0.6478307777777778 0.8334028789062501 0.6478307777777778 0.8334028789062501 0.2759436513888889
4 0.82910452578125 0.2759436513888889 0.82910452578125 0.6809440152777778 0.8849831140625 0.6809440152777778 0.8849831140625 0.2759436513888889
4 0.9203251343750001 0.30650971666666665 0.9203251343750001 0.6554722958333333 0.97477093828125 0.6554722958333333 0.97477093828125 0.30650971666666665
1 0 0.2508964513888889 0 0.5463684125 0.2235143515625 0.5463684125 0.2235143515625 0.2508964513888889
1 0.23784219453125002 0.3196700986111111 0.23784219453125002 0.4954249736111111 0.34386823515625 0.4954249736111111 0.34386823515625 0.3196700986111111
1 0.33956988046875003 0.3553305097222222 0.33956988046875003 0.4572173944444445 0.379687840625 0.4572173944444445 0.379687840625 0.3553305097222222
1 0.37395670390625 0.3782550597222222 0.37395670390625 0.44448153333333335 0.38828454687499997 0.44448153333333335 0.38828454687499997 0.3782550597222222
1 0.39401568515625 0.3909909166666667 0.39401568515625 0.44702870277777773 0.42267137187500003 0.44702870277777773 0.42267137187500003 0.3909909166666667
2 0.38828454687499997 0.39608526111111114 0.38828454687499997 0.4393871875 0.39544846875 0.4393871875 0.39544846875 0.39608526111111114
2 0.0902654109375 0.41136829444444445 0.0902654109375 0.6024062013888889 0.27222901796875 0.6024062013888889 0.27222901796875 0.41136829444444445