6 0.41616713828125 0 0.41616713828125 0.06309710972222222 0.43488826015625 0.06309710972222222 0.43488826015625 0
6 0 0.25238845833333334 0 0.29191082916666666 0.0195133515625 0.29191082916666666 0.0195133515625 0.25238845833333334
7 0 0.16086296944444445 0 0.18790459027777778 0.01249293046875 0.18790459027777778 0.01249293046875 0.16086296944444445
7 0 0.08597847916666666 0 0.11926047361111111 0.024193632031250002 0.11926047361111111 0.024193632031250002 0.08597847916666666
7 0.11194889453125001 0.24198783472222224 0.11194889453125001 0.3106319513888889 0.13769043593750002 0.3106319513888889 0.13769043593750002 0.24198783472222224
4 0.00430243984375 0.36471519305555555 0.00430243984375 0.41671830972222224 0.025363703124999998 0.41671830972222224 0.025363703124999998 0.36471519305555555
4 0.4091467171875 0.37511581805555555 0.4091467171875 0.40423756666666666 0.418507278125 0.40423756666666666 0.418507278125 0.37511581805555555
2 0.46179987499999997 0.37511581805555555 0.46179987499999997 0.39175681805555557 0.47701078671874997 0.39175681805555557 0.47701078671874997 0.37511581805555555
2 0.45126924218750003 0.37719594305555554 0.45126924218750003 0.3917568152777778 0.46414001484374995 0.3917568152777778 0.46414001484374995 0.37719594305555554
2 0.43371819140624995 0.3792760680555556 0.43371819140624995 0.3917568152777778 0.45126924375 0.3917568152777778 0.45126924375 0.3792760680555556
2 0.41616713828125 0.3855164402777778 0.41616713828125 0.4083978111111111 0.44541889140624996 0.4083978111111111 0.44541889140624996 0.3855164402777778
2 0.30735061171875 0.36263507083333335 0.30735061171875 0.45832080555555554 0.37638475234375 0.45832080555555554 0.37638475234375 0.36263507083333335
2 0.2312960515625 0.3709555666666667 0.2312960515625 0.4832823027777778 0.33777243671875 0.4832823027777778 0.33777243671875 0.3709555666666667
2 0.10726861406249999 0.4000773166666667 0.10726861406249999 0.522804675 0.25820766484375 0.522804675 0.25820766484375 0.4000773166666667
2 0.48169106796875 0.3834363152777778 0.48169106796875 0.42503880833333335 0.51211289296875 0.42503880833333335 0.51211289296875 0.3834363152777778
2 0.4419086796875 0.39383694027777777 0.4419086796875 0.46456118055555556 0.48754141796874995 0.46456118055555556 0.48754141796874995 0.39383694027777777
2 0.53668436484375 0.37511581805555555 0.53668436484375 0.39799719027777775 0.55423541875 0.39799719027777775 0.55423541875 0.37511581805555555
2 0.57295653984375 0.3834363152777778 0.57295653984375 0.40007731249999995 0.5858273125 0.40007731249999995 0.5858273125 0.3834363152777778
2 0.5448748570312499 0.37511581805555555 0.5448748570312499 0.4229586888888889 0.58231710234375 0.4229586888888889 0.58231710234375 0.37511581805555555
2 0.78824945078125 0.36263507083333335 0.78824945078125 0.5498462986111111 0.8444128187500001 0.5498462986111111 0.8444128187500001 0.36263507083333335
9 0.727405803125 0.2794300791666667 0.727405803125 0.3584748166666667 0.79526987421875 0.3584748166666667 0.79526987421875 0.2794300791666667
9 0.5834871726562499 0.3064717041666667 0.5834871726562499 0.4021574388888889 0.66305194375 0.4021574388888889 0.66305194375 0.3064717041666667
2 0.3389425078125 0.4021574388888889 0.3389425078125 0.5789680416666667 0.46648015546875 0.5789680416666667 0.46648015546875 0.4021574388888889
2 0.56359597890625 0.2794300791666667 0.56359597890625 0.6517724083333334 0.8046304328125 0.6517724083333334 0.8046304328125 0.2794300791666667
2 0 0.4021574388888889 0 0.7245767736111112 0.1739626140625 0.7245767736111112 0.1739626140625 0.4021574388888889
9 0.7905895898437499 0.24406795833333333 0.7905895898437499 0.5519264208333333 0.99886208046875 0.5519264208333333 0.99886208046875 0.24406795833333333
2 0.4887114890625 0.3709555666666667 0.4887114890625 0.48744255416666665 0.5577456296875 0.48744255416666665 0.5577456296875 0.3709555666666667