7 0.05717148828125 0.08699961527777778 0.05717148828125 0.13913600138888887 0.08961806796875 0.13913600138888887 0.08961806796875 0.08699961527777778
7 0.128304375 0 0.128304375 0.059267494444444443 0.16511876484375002 0.059267494444444443 0.16511876484375002 0
7 0.30274932187500003 0.27034854861111113 0.30274932187500003 0.3080642333333333 0.3270842578125 0.3080642333333333 0.3270842578125 0.27034854861111113
7 0.295885621875 0.1838243361111111 0.295885621875 0.27034854861111113 0.32458836562500004 0.27034854861111113 0.32458836562500004 0.1838243361111111
7 0.28465411406249996 0.23263286666666666 0.28465411406249996 0.264802125 0.2971335671875 0.264802125 0.2971335671875 0.23263286666666666
6 0.17050053828125 0.016084629166666666 0.17050053828125 0.04603531944444444 0.18859574609375002 0.04603531944444444 0.18859574609375002 0.016084629166666666
6 0.0375943546875 0.09928098888888888 0.0375943546875 0.11813883194444445 0.050697782031250006 0.11813883194444445 0.050697782031250006 0.09928098888888888
2 0.18432153281250002 0.3682825486111111 0.18432153281250002 0.4004518069444445 0.19992084999999998 0.4004518069444445 0.19992084999999998 0.3682825486111111
2 0.03207219609375 0.3693918319444444 0.03207219609375 0.4082168 0.06139891328125 0.4082168 0.06139891328125 0.3693918319444444
2 0.0002495890625 0.3727196875 0.0002495890625 0.4104353694444444 0.0314482234375 0.4104353694444444 0.0314482234375 0.3727196875
2 0.14064344453125 0.3749382569444444 0.14064344453125 0.3971239541666666 0.1549948171875 0.3971239541666666 0.1549948171875 0.3749382569444444
2 0.15374687109375001 0.36384540972222223 0.15374687109375001 0.4059982305555556 0.185569478125 0.4059982305555556 0.185569478125 0.36384540972222223
2 0.19992084999999998 0.32834829583333336 0.19992084999999998 0.43040249583333334 0.26107017421875 0.43040249583333334 0.26107017421875 0.32834829583333336
1 0.06202288593750001 0.3072718847222222 0.06202288593750001 0.41376322361111106 0.14251536250000002 0.41376322361111106 0.14251536250000002 0.3072718847222222
4 0.56057706171875 0.3272390111111111 0.56057706171875 0.5135988555555555 0.6036311789062501 0.5135988555555555 0.6036311789062501 0.3272390111111111
4 0.45321217109375 0.3686523208333333 0.45321217109375 0.4252258458333333 0.46444367968750006 0.4252258458333333 0.46444367968750006 0.3686523208333333
4 0.46132381640625003 0.36421518194444447 0.46132381640625003 0.42189799027777775 0.470059434375 0.42189799027777775 0.470059434375 0.36421518194444447
4 0.45009230859375 0.3675430361111111 0.45009230859375 0.3886194472222222 0.45446011640624995 0.3886194472222222 0.45446011640624995 0.3675430361111111
5 0.80601672421875 0.23683230138888892 0.80601672421875 0.5662898805555556 0.9270674265625001 0.5662898805555556 0.9270674265625001 0.23683230138888892
3 0.771074253125 0.3832578930555555 0.771074253125 0.6395026777777778 0.9651297624999999 0.6395026777777778 0.9651297624999999 0.3832578930555555
7 0.9531962828125 0.1435731388888889 0.9531962828125 0.26670375 0.9669236828125 0.26670375 0.9669236828125 0.1435731388888889