6 0.31965184453125 0.16839731666666666 0.31965184453125 0.23880551249999998 0.33514930078125 0.23880551249999998 0.33514930078125 0.16839731666666666
7 0.32593855625 0.34504389166666666 0.32593855625 0.378717375 0.34229698203125 0.378717375 0.34229698203125 0.34504389166666666
4 0.6398189304687499 0.5088809680555555 0.6398189304687499 0.5794900652777778 0.6518725062499999 0.5794900652777778 0.6518725062499999 0.5088809680555555
4 0.42257962734375 0.5041499805555555 0.42257962734375 0.5485377555555555 0.43291126562500004 0.5485377555555555 0.43291126562500004 0.5041499805555555
2 0.44839306171875004 0.5357145249999999 0.44839306171875004 0.5510206555555556 0.46044663906250005 0.5510206555555556 0.46044663906250005 0.5357145249999999
2 0.4380614234375 0.5403063652777778 0.4380614234375 0.5494900430555556 0.4458101515625 0.5494900430555556 0.4458101515625 0.5403063652777778
2 0.405344571875 0.5250002361111111 0.405344571875 0.5479594291666667 0.41998105859374996 0.5479594291666667 0.41998105859374996 0.5250002361111111
2 0.38037644921874997 0.5219390097222222 0.38037644921874997 0.5479594291666667 0.40190069296875003 0.5479594291666667 0.40190069296875003 0.5219390097222222
2 0.399317784375 0.5311226875 0.399317784375 0.5479594291666667 0.40878845234375005 0.5479594291666667 0.40878845234375005 0.5311226875
2 0.278782015625 0.5158165569444445 0.278782015625 0.5586737194444444 0.30633304843750003 0.5586737194444444 0.30633304843750003 0.5158165569444445
2 0.23228964765625001 0.49744920416666666 0.23228964765625001 0.5617349472222222 0.2830868640625 0.5617349472222222 0.2830868640625 0.49744920416666666
2 0.47714946015625 0.5326533 0.47714946015625 0.5525512666666667 0.4943688546875 0.5525512666666667 0.4943688546875 0.5326533
2 0.49006400625 0.5219390097222222 0.49006400625 0.5510206555555556 0.50125661328125 0.5510206555555556 0.50125661328125 0.5219390097222222
2 0.495229825 0.5112247194444445 0.495229825 0.5586737208333333 0.5193369789062501 0.5586737208333333 0.5193369789062501 0.5112247194444445
2 0.5303573820312499 0.4752553152777778 0.5303573820312499 0.5150512513888889 0.61473241953125 0.5150512513888889 0.61473241953125 0.4752553152777778
2 0.48816986171875004 0.49949003611111115 0.48816986171875004 0.7352044277777777 0.6586418765625 0.7352044277777777 0.6586418765625 0.49949003611111115
2 0.778316675 0.5485377541666666 0.778316675 0.7410838847222222 0.99881481015625 0.7410838847222222 0.99881481015625 0.5485377541666666
2 0.14253831875 0.502917951388889 0.14253831875 0.5779179847222222 0.2131378390625 0.5779179847222222 0.2131378390625 0.502917951388889
4 0.8846942625 0.499856725 0.8846942625 0.5503669527777778 0.9139672351562499 0.5503669527777778 0.9139672351562499 0.499856725