7 0.46225623515625003 0.48683906250000003 0.46225623515625003 0.5004410875 0.4689509796875 0.5004410875 0.4689509796875 0.48683906250000003
7 0.44408478203125 0.4987408333333333 0.44408478203125 0.5157433611111111 0.46799458671874994 0.5157433611111111 0.46799458671874994 0.4987408333333333
7 0.44695395859375 0.5174436138888888 0.44695395859375 0.5276451305555555 0.46990737109375 0.5276451305555555 0.46990737109375 0.5174436138888888
7 0.37426815390625 0.5361463944444445 0.37426815390625 0.5582496805555556 0.3800065078125 0.5582496805555556 0.3800065078125 0.5361463944444445
7 0.634406828125 0.4715367888888889 0.634406828125 0.4919398208333333 0.6449271414062501 0.4919398208333333 0.6449271414062501 0.4715367888888889
7 0.74216033828125 0.48173830694444447 0.74216033828125 0.5242446277777778 0.76033178984375 0.5242446277777778 0.76033178984375 0.48173830694444447
7 0.71346857265625 0.46643602916666665 0.71346857265625 0.4749372944444445 0.72781445546875 0.4749372944444445 0.72781445546875 0.46643602916666665
2 0.45109833515625003 0.5588164208333334 0.45109833515625003 0.6047232444444445 0.48457206328125 0.6047232444444445 0.48457206328125 0.5588164208333334
2 0.39371478984374997 0.5486149055555555 0.39371478984374997 0.560516675 0.40614788828125 0.560516675 0.40614788828125 0.5486149055555555
2 0.35641549296875 0.5656174333333334 0.35641549296875 0.7526452416666667 0.47213894921875 0.7526452416666667 0.47213894921875 0.5656174333333334
2 0.76581908671875 0.6698995958333334 0.76581908671875 0.9980483833333333 0.99917878046875 0.9980483833333333 0.99917878046875 0.6698995958333334