2 0 0.37617161805555555 0 0.8105101541666667 0.2517939359375 0.8105101541666667 0.2517939359375 0.37617161805555555
2 0.5392086140625 0.5308590097222222 0.5392086140625 0.657421425 0.6855464046875 0.657421425 0.6855464046875 0.5308590097222222
2 0.6670893859375 0.5214840166666667 0.6670893859375 0.5753902291666666 0.72641551640625 0.5753902291666666 0.72641551640625 0.5214840166666667
2 0.770580525 0.512109025 0.770580525 0.5941402180555555 0.84045352421875 0.5941402180555555 0.84045352421875 0.512109025
2 0.75476022421875 0.5074215277777778 0.75476022421875 0.5800777263888889 0.8088129203125 0.5800777263888889 0.8088129203125 0.5074215277777778
2 0.26894512812500004 0.5015621583333333 0.26894512812500004 0.5671871097222223 0.32167946640625 0.5671871097222223 0.32167946640625 0.5015621583333333
2 0.3889157484375 0.5132808972222223 0.3889157484375 0.5624996125 0.42978486171875 0.5624996125 0.42978486171875 0.5132808972222223
2 0.377050521875 0.5144527722222223 0.377050521875 0.5496089986111111 0.4020993328125 0.5496089986111111 0.4020993328125 0.5144527722222223
2 0.377050521875 0.5074215277777778 0.377050521875 0.5308590097222222 0.3968259 0.5308590097222222 0.3968259 0.5074215277777778
2 0.3599118625 0.5074215277777778 0.3599118625 0.5355465069444444 0.379687240625 0.5355465069444444 0.379687240625 0.5074215277777778
2 0.35463842890624997 0.5003902805555556 0.35463842890624997 0.5332027583333333 0.36914037187500004 0.5332027583333333 0.36914037187500004 0.5003902805555556
2 0.34540991796875 0.5003902805555556 0.34540991796875 0.5261715138888888 0.35595678671875 0.5261715138888888 0.35595678671875 0.5003902805555556
2 0.33749976796875003 0.49570278611111107 0.33749976796875003 0.5238277652777777 0.35068335234375 0.5238277652777777 0.35068335234375 0.49570278611111107
2 0.32695289921875 0.4960934125 0.32695289921875 0.5184371375 0.33749976796875003 0.5184371375 0.33749976796875003 0.4960934125
2 0.22675765703125 0.48093718055555557 0.22675765703125 0.5301558791666667 0.25576154375 0.5301558791666667 0.25576154375 0.48093718055555557
2 0.2597166171875 0.4960934125 0.2597166171875 0.5195308958333333 0.27421856093749997 0.5195308958333333 0.27421856093749997 0.4960934125
4 0.805517025 0.483593425 0.805517025 0.6523433069444444 0.8424310617187499 0.6523433069444444 0.8424310617187499 0.483593425
7 0.7081468390625 0.3110488791666667 0.7081468390625 0.34151760833333333 0.7358323664062499 0.34151760833333333 0.7358323664062499 0.3110488791666667