7 0.12548632890625 0.009981513888888889 0.12548632890625 0.06987059444444445 0.14724290703125 0.06987059444444445 0.14724290703125 0.009981513888888889
7 0.126889978125 0.06238445833333333 0.126889978125 0.10605357777777778 0.14794473359375 0.10605357777777778 0.14794473359375 0.06238445833333333
7 0.111449825 0.22832711527777777 0.111449825 0.24579476249999999 0.1311009296875 0.24579476249999999 0.1311009296875 0.22832711527777777
7 0.12057355234375 0.2632624111111111 0.12057355234375 0.30817921805555554 0.14443560859375 0.30817921805555554 0.14443560859375 0.2632624111111111
7 0.1191699015625 0.30817921944444443 0.1191699015625 0.32564686805555554 0.13039910390625 0.32564686805555554 0.13039910390625 0.30817921944444443
7 0.21672359765625 0.27449161666666666 0.21672359765625 0.3231514916666667 0.25041120546875 0.3231514916666667 0.25041120546875 0.27449161666666666
7 0.299538965625 0.16719034722222223 0.299538965625 0.25827165555555553 0.330419271875 0.25827165555555553 0.330419271875 0.16719034722222223
7 0.29673166484375 0.2545285875 0.29673166484375 0.2981977097222222 0.3346302234375 0.2981977097222222 0.3346302234375 0.2545285875
7 0.31919006953125 0.1422365638888889 0.31919006953125 0.18216261805555556 0.33252474765625 0.18216261805555556 0.33252474765625 0.1422365638888889
7 0.6487671703125 0.21335484722222223 0.6487671703125 0.2520332097222222 0.67543652578125 0.2520332097222222 0.67543652578125 0.21335484722222223
7 0.5940248078125 0.14722732083333334 0.5940248078125 0.19214412777777778 0.6145722 0.19214412777777778 0.6145722 0.14722732083333334
7 0.5926211578125 0.19214412777777778 0.5926211578125 0.2058687111111111 0.6136759125 0.2058687111111111 0.6136759125 0.19214412777777778
7 0.59051568203125 0.23830862916666667 0.59051568203125 0.2832254375 0.6171850375 0.2832254375 0.6171850375 0.23830862916666667
7 0.56314450078125 0.3406191388888889 0.56314450078125 0.35559140972222225 0.5877083820312501 0.35559140972222225 0.5877083820312501 0.3406191388888889
7 0.56333896328125 0.35559140972222225 0.56333896328125 0.3618298555555555 0.58649919296875 0.3618298555555555 0.58649919296875 0.35559140972222225
7 0.5998338710937501 0.2957023277777778 0.5998338710937501 0.3131699763888889 0.60895759765625 0.3131699763888889 0.60895759765625 0.2957023277777778
7 0.59959993046875 0.31441766666666665 0.59959993046875 0.32689455694444447 0.60661818203125 0.32689455694444447 0.60661818203125 0.31441766666666665
6 0.284677815625 0.06666224166666666 0.284677815625 0.1290467 0.29941614375 0.1290467 0.29941614375 0.06666224166666666
6 0.79330054453125 0.2762740208333333 0.79330054453125 0.3062185611111111 0.8115479984375 0.3062185611111111 0.8115479984375 0.2762740208333333
6 0.26953844609375 0.04794690555555555 0.26953844609375 0.13154207777777777 0.2856804234375 0.13154207777777777 0.2856804234375 0.04794690555555555
6 0.29831327734375 0.07789144444444444 0.29831327734375 0.1290467 0.306735178125 0.1290467 0.306735178125 0.07789144444444444
6 0.14320991875 0.2064034277777778 0.14320991875 0.2588063722222222 0.15724642109375 0.2588063722222222 0.15724642109375 0.2064034277777778
7 0.40990347578125 0.2313572111111111 0.40990347578125 0.24882485833333334 0.42043085234375 0.24882485833333334 0.42043085234375 0.2313572111111111
4 0.23695370468750002 0.35523492638888887 0.23695370468750002 0.3939132888888889 0.24467378203124998 0.3939132888888889 0.24467378203124998 0.35523492638888887
4 0.22853180390625 0.35523492638888887 0.22853180390625 0.4400777888888889 0.24467378046875 0.4400777888888889 0.24467378046875 0.35523492638888887
4 0.7128914359375 0.3778715777777778 0.7128914359375 0.4452467930555556 0.7290334140625 0.4452467930555556 0.7290334140625 0.3778715777777778
4 0.59478428515625 0.36575117777777777 0.59478428515625 0.43063101111111113 0.61162808828125 0.43063101111111113 0.61162808828125 0.36575117777777777
4 0.870501309375 0.3944480277777778 0.870501309375 0.5167215666666667 0.89506519140625 0.5167215666666667 0.89506519140625 0.3944480277777778
4 0.833304578125 0.3607604208333333 0.833304578125 0.48053857916666665 0.85786845859375 0.48053857916666665 0.85786845859375 0.3607604208333333
4 0.8101443492187499 0.34578815138888885 0.8101443492187499 0.4855293347222222 0.84313013046875 0.4855293347222222 0.84313013046875 0.34578815138888885
4 0.89225789140625 0.354521975 0.89225789140625 0.5192169430555555 0.93366557578125 0.5192169430555555 0.93366557578125 0.354521975
4 0.7763564828125 0.3258251222222222 0.7763564828125 0.5067400486111111 0.81214956640625 0.5067400486111111 0.81214956640625 0.3258251222222222
4 0.7532965109374999 0.36931600833333333 0.7532965109374999 0.5090571958333333 0.804529746875 0.5090571958333333 0.804529746875 0.36931600833333333
4 0.72662715546875 0.36289930833333334 0.72662715546875 0.4464944833333333 0.743470959375 0.4464944833333333 0.743470959375 0.36289930833333334
4 0.657146465625 0.3566608625 0.657146465625 0.43276990138888893 0.67188479375 0.43276990138888893 0.67188479375 0.3566608625
4 0.6305773671875 0.35808680694444445 0.6305773671875 0.4341958430555556 0.64601751953125 0.4341958430555556 0.64601751953125 0.35808680694444445
2 0.6438543929687499 0.36307754583333335 0.6438543929687499 0.4005082180555556 0.68175295234375 0.4005082180555556 0.68175295234375 0.36307754583333335
2 0.58576081640625 0.3661076388888889 0.58576081640625 0.3835752847222222 0.59558636796875 0.3835752847222222 0.59558636796875 0.3661076388888889
2 0.615237471875 0.3573738138888889 0.615237471875 0.3823275972222222 0.6299758007812499 0.3823275972222222 0.6299758007812499 0.3573738138888889
2 0.5583896351562501 0.36236457222222224 0.5583896351562501 0.37858453194444447 0.5759352640625 0.37858453194444447 0.5759352640625 0.36236457222222224
2 0.5485640828125 0.36485995 0.5485640828125 0.3898137333333333 0.5604951101562501 0.3898137333333333 0.5604951101562501 0.36485995
2 0.53733488046875 0.3636122625 0.53733488046875 0.3885660458333334 0.54996773203125 0.3885660458333334 0.54996773203125 0.3636122625
2 0.55066955859375 0.3723460847222222 0.55066955859375 0.41227214027777775 0.59488454296875 0.41227214027777775 0.59488454296875 0.3723460847222222
2 0 0.31281349583333334 0 0.4899853555555555 0.11553795468750001 0.4899853555555555 0.11553795468750001 0.31281349583333334
2 0.29715276953125 0.2452956888888889 0.29715276953125 0.6345747041666666 0.5519152984375 0.6345747041666666 0.5519152984375 0.2452956888888889
2 0.0005614515625000001 0.4312013722222222 0.0005614515625000001 0.7031976083333333 0.06793666484375001 0.7031976083333333 0.06793666484375001 0.4312013722222222
2 0.9147589007812501 0.3887799402777778 0.9147589007812501 0.5085581 0.9989779179687501 0.5085581 0.9989779179687501 0.3887799402777778