2 0.06515346953125 0.3967455138888889 0.06515346953125 0.4695265708333333 0.148451871875 0.4695265708333333 0.148451871875 0.3967455138888889
7 0.667806003125 0.2514736388888889 0.667806003125 0.3301350791666667 0.759887721875 0.3301350791666667 0.759887721875 0.2514736388888889
3 0.6393028078125 0.39938142638888885 0.6393028078125 0.4819526027777778 0.6727532484375 0.4819526027777778 0.6727532484375 0.39938142638888885
4 0.54463175859375 0.3899663319444444 0.54463175859375 0.4491902263888889 0.55778628828125 0.4491902263888889 0.55778628828125 0.3899663319444444
9 0.26121140390625 0.38358838194444445 0.26121140390625 0.40272224166666665 0.29589153125 0.40272224166666665 0.29589153125 0.38358838194444445
2 0.30426259609375 0.3875366666666667 0.30426259609375 0.40454454722222216 0.31861299296875 0.40454454722222216 0.31861299296875 0.3875366666666667
2 0.33655099140625 0.3899663583333333 0.33655099140625 0.40272226666666666 0.35209725546875 0.40272226666666666 0.35209725546875 0.3899663583333333
2 0.22892300937500001 0.3814624208333333 0.22892300937500001 0.40272226666666666 0.2564279375 0.40272226666666666 0.2564279375 0.3814624208333333
1 0.437003775 0.35382461666666665 0.437003775 0.4048482541666667 0.46211697265625 0.4048482541666667 0.46211697265625 0.35382461666666665
6 0.46929216953125 0.29399333055555554 0.46929216953125 0.3204141652777778 0.47504617031249996 0.3204141652777778 0.47504617031249996 0.29399333055555554
6 0.41256062578124997 0.3195265888888889 0.41256062578124997 0.34260351111111115 0.41955027031250003 0.34260351111111115 0.41955027031250003 0.3195265888888889
7 0.5272940234375 0.3315089958333333 0.5272940234375 0.3654587111111111 0.55537742890625 0.3654587111111111 0.55537742890625 0.3315089958333333