2 0.5417132062500001 0.48933133055555555 0.5417132062500001 0.5361822013888888 0.57099500078125 0.5361822013888888 0.57099500078125 0.48933133055555555
7 0.78279998203125 0.49627219722222227 0.78279998203125 0.5431230694444444 0.83355509140625 0.5431230694444444 0.83355509140625 0.49627219722222227
7 0.8950468624999999 0.20475566250000002 0.8950468624999999 0.4338043638888889 0.99949698984375 0.4338043638888889 0.99949698984375 0.20475566250000002
2 0.79158452109375 0.5656808972222223 0.79158452109375 0.5865035041666667 0.8091535992187501 0.5865035041666667 0.8091535992187501 0.5656808972222223
2 0.8081775375 0.5656808972222223 0.8081775375 0.5917091611111112 0.8374593328125 0.5917091611111112 0.8374593328125 0.5656808972222223
2 0.832579034375 0.5656808972222223 0.832579034375 0.5934443763888889 0.87064536875 0.5934443763888889 0.87064536875 0.5656808972222223
2 0.8569805304687501 0.5726217652777778 0.8569805304687501 0.6038556819444445 0.8960229249999999 0.6038556819444445 0.8960229249999999 0.5726217652777778
2 0.8911426242187501 0.5830330680555555 0.8911426242187501 0.6142669847222222 0.93311319609375 0.6142669847222222 0.93311319609375 0.5830330680555555
2 0.9370174359375 0.5726217652777778 0.9370174359375 0.6264135069444444 0.999485265625 0.6264135069444444 0.999485265625 0.5726217652777778
2 0.0566114703125 0.5656808972222223 0.0566114703125 0.6455008986111112 0.19423590625 0.6455008986111112 0.19423590625 0.5656808972222223
2 0 0.5396526347222222 0 0.6871461194444445 0.13372019609375002 0.6871461194444445 0.13372019609375002 0.5396526347222222
2 0 0.5656808972222223 0 0.6834370305555555 0.04896053359375 0.6834370305555555 0.04896053359375 0.5656808972222223