6 0.53345408203125 0.3668244013888889 0.53345408203125 0.3924168027777778 0.53825265625 0.3924168027777778 0.53825265625 0.3668244013888889
6 0.45067866093750003 0.3582936027777777 0.45067866093750003 0.3924168027777778 0.4578765234375 0.3924168027777778 0.4578765234375 0.3582936027777777
6 0.6318248671875 0.3625590041666667 0.6318248671875 0.3924168027777778 0.6378230859375 0.3924168027777778 0.6378230859375 0.3625590041666667
6 0.6786109734375 0.3881514 0.6786109734375 0.4137438013888889 0.6858088359375001 0.4137438013888889 0.6858088359375001 0.3881514
6 0.35350751484375 0.3582936027777777 0.35350751484375 0.3924168027777778 0.3619050234375 0.3924168027777778 0.3619050234375 0.3582936027777777
6 0.347509296875 0.405213 0.347509296875 0.4308054013888889 0.35710644765625 0.4308054013888889 0.35710644765625 0.405213
6 0.34151107812500003 0.40734570138888887 0.34151107812500003 0.4265400013888889 0.34750929765625 0.4265400013888889 0.34750929765625 0.40734570138888887
6 0.538252653125 0.3668244013888889 0.538252653125 0.3881514 0.546650159375 0.3881514 0.546650159375 0.3668244013888889
6 0.7433917359375 0.43720350138888886 0.7433917359375 0.45426510138888887 0.7481903101562499 0.45426510138888887 0.7481903101562499 0.43720350138888886
6 0.68340954921875 0.4393362 0.68340954921875 0.4563978 0.69060741171875 0.4563978 0.69060741171875 0.4393362
6 0.7361938734375 0.4308054013888889 0.7361938734375 0.4563978027777778 0.74099244921875 0.4563978027777778 0.74099244921875 0.4308054013888889
2 0.294724971875 0.4457343 0.294724971875 0.4862556013888889 0.33671250390625 0.4862556013888889 0.33671250390625 0.4457343
2 0.27073209765625 0.4478670013888889 0.27073209765625 0.4947864013888889 0.29472497343750004 0.4947864013888889 0.29472497343750004 0.4478670013888889
4 0.29832390390625 0.4436016013888889 0.29832390390625 0.490521 0.3047220765625 0.490521 0.3047220765625 0.4436016013888889
2 0.5466501609375001 0.4649286013888889 0.5466501609375001 0.49052100277777777 0.5538480234375001 0.49052100277777777 0.5538480234375001 0.4649286013888889
2 0.534653725 0.4691940013888889 0.534653725 0.4926537013888889 0.54665016171875 0.4926537013888889 0.54665016171875 0.4691940013888889
2 0.553848021875 0.4563978 0.553848021875 0.4990518013888889 0.576641253125 0.4990518013888889 0.576641253125 0.4563978
2 0.5994344851562501 0.4691940013888889 0.5994344851562501 0.4947864013888889 0.611430925 0.4947864013888889 0.611430925 0.4691940013888889
2 0.611430925 0.4691940013888889 0.611430925 0.4947864013888889 0.6222277187499999 0.4947864013888889 0.6222277187499999 0.4691940013888889
2 0.62222771640625 0.4691940013888889 0.62222771640625 0.4947864013888889 0.63542379765625 0.4947864013888889 0.63542379765625 0.4691940013888889
2 0.6354237992187499 0.4691940013888889 0.6354237992187499 0.5033172027777778 0.65821703046875 0.5033172027777778 0.65821703046875 0.4691940013888889
2 0.3547071609375 0.4393362 0.3547071609375 0.575829 0.43268400468749996 0.575829 0.43268400468749996 0.4393362
2 0.40029362187500006 0.37322250138888885 0.40029362187500006 0.6440754 0.55384802109375 0.6440754 0.55384802109375 0.37322250138888885
2 0.6990049171875 0.47985750000000005 0.6990049171875 0.5289096 0.7457910234375 0.5289096 0.7457910234375 0.47985750000000005
2 0.78897819921875 0.4734594 0.78897819921875 0.5566347 0.88015112421875 0.5566347 0.88015112421875 0.4734594
2 0.8525593171875 0.4926537013888889 0.8525593171875 0.5800944013888889 0.9761226234375 0.5800944013888889 0.9761226234375 0.4926537013888889
2 0.9713240484375 0.5203788013888888 0.9713240484375 0.6035541 1 0.6035541 1 0.5203788013888888
4 0.17715988359374998 0.3241704027777778 0.17715988359374998 0.7165872041666665 0.25393708359375 0.7165872041666665 0.25393708359375 0.3241704027777778
9 0 0 0 0.7485777027777778 0.24673922109375002 0.7485777027777778 0.24673922109375002 0
4 0.27835490703125 0.43968719861111116 0.27835490703125 0.5053121541666666 0.29285685 0.5053121541666666 0.29285685 0.43968719861111116