6 0.4441437546875 0.3496465625 0.4441437546875 0.36517654861111115 0.45599923750000004 0.36517654861111115 0.45599923750000004 0.3496465625
6 0.5446033578125 0.31969587083333334 0.5446033578125 0.33411657083333335 0.54834719375 0.33411657083333335 0.54834719375 0.31969587083333334
6 0.539611575 0.31747730138888886 0.539611575 0.3330072888888889 0.54397938515625 0.3330072888888889 0.54397938515625 0.31747730138888886
2 0.59854580390625 0.38103932361111115 0.59854580390625 0.40877144305555557 0.60665744921875 0.40877144305555557 0.60665744921875 0.38103932361111115
2 0.60353758515625 0.38103932361111115 0.60353758515625 0.42319214722222226 0.62225676484375 0.42319214722222226 0.62225676484375 0.38103932361111115
2 0.60915333984375 0.3832578930555555 0.60915333984375 0.43650356388888883 0.630992384375 0.43650356388888883 0.630992384375 0.3832578930555555
2 0.6537673875000001 0.344432925 0.6537673875000001 0.5629620263888888 0.83971125 0.5629620263888888 0.83971125 0.344432925
2 0.61757697109375 0.3854764625 0.61757697109375 0.4398314166666667 0.6606310859375 0.4398314166666667 0.6606310859375 0.3854764625
2 0.5302207960937501 0.3832578930555555 0.5302207960937501 0.5041699361111112 0.6107132734375 0.5041699361111112 0.6107132734375 0.3832578930555555
2 0.47250332031250003 0.3943507416666666 0.47250332031250003 0.4431592666666667 0.4893505828125 0.4431592666666667 0.4893505828125 0.3943507416666666
2 0.46626359375000004 0.39767859583333337 0.46626359375000004 0.4464871236111111 0.485606746875 0.4464871236111111 0.485606746875 0.39767859583333337
2 0.45128824921875 0.3832578930555555 0.45128824921875 0.45979854444444446 0.4737512671875 0.45979854444444446 0.4737512671875 0.3832578930555555
2 0.43568893124999997 0.3777114694444444 0.43568893124999997 0.46867281944444444 0.46875948203125006 0.46867281944444444 0.46875948203125006 0.3777114694444444
2 0.37266768828124996 0.37438361527777775 0.37266768828124996 0.48974922777777774 0.44941633124999997 0.48974922777777774 0.44941633124999997 0.37438361527777775
2 0.27969575859375 0.3899136013888889 0.27969575859375 0.5307927708333333 0.40449029531249997 0.5307927708333333 0.40449029531249997 0.3899136013888889
2 0.1012395703125 0.4231921444444445 0.1012395703125 0.6428305319444445 0.33148549296874996 0.6428305319444445 0.33148549296874996 0.4231921444444445
2 0 0.5285741986111111 0 0.7970211180555555 0.11434299609375001 0.7970211180555555 0.11434299609375001 0.5285741986111111
9 0.45846393515625 0.3399957861111111 0.45846393515625 0.4353942777777778 0.51399750390625 0.4353942777777778 0.51399750390625 0.3399957861111111
2 0.7734141515624999 0.34831542083333333 0.7734141515624999 0.7343465291666667 0.9999162359374999 0.7343465291666667 0.9999162359374999 0.34831542083333333