2 0.44956023671875 0.41953096111111116 0.44956023671875 0.4453121944444444 0.46406218046875003 0.4453121944444444 0.46406218046875003 0.41953096111111116
2 0.41923799375000004 0.4148434638888889 0.41923799375000004 0.4687496777777778 0.45747038828125 0.4687496777777778 0.45747038828125 0.4148434638888889
2 0.35463842890624997 0.4054684708333333 0.35463842890624997 0.4874996638888889 0.4166012765625 0.4874996638888889 0.4166012765625 0.4054684708333333
7 0.32827125859375 0.37031224583333333 0.32827125859375 0.39609347916666665 0.34540991953125 0.39609347916666665 0.34540991953125 0.37031224583333333
2 0.28898417265625 0.4289059555555556 0.28898417265625 0.48515591666666663 0.34040015156250003 0.48515591666666663 0.34040015156250003 0.4289059555555556
2 0.2507517875 0.4007809763888889 0.2507517875 0.5039059055555556 0.292939259375 0.5039059055555556 0.292939259375 0.4007809763888889
2 0 0.3216794652777778 0 0.6902339000000001 0.2781736375 0.6902339000000001 0.2781736375 0.3216794652777778
2 0.46142546328125 0.34078101944444444 0.46142546328125 0.5376558847222223 0.5655757828125 0.5376558847222223 0.5655757828125 0.34078101944444444
2 0.6670893859375 0.29843728194444447 0.6670893859375 0.6874995166666668 0.9979973617187501 0.6874995166666668 0.9979973617187501 0.29843728194444447
2 0.558983990625 0.40624970833333335 0.558983990625 0.44374968333333337 0.5919429523437499 0.44374968333333337 0.5919429523437499 0.40624970833333335
7 0.57612265078125 0.35468724305555555 0.57612265078125 0.37578097777777775 0.5813960851562501 0.37578097777777775 0.5813960851562501 0.35468724305555555
2 0.8439306914062501 0.3895309805555556 0.8439306914062501 0.7434369875 0.9994969906250001 0.7434369875 0.9994969906250001 0.3895309805555556