7 0.6367140390625 0.46109748749999996 0.6367140390625 0.5027127833333334 0.6685497421875 0.5027127833333334 0.6685497421875 0.46109748749999996
7 0.639523071875 0.40616529444444444 0.639523071875 0.459432875 0.666677053125 0.459432875 0.666677053125 0.40616529444444444
7 0.44382713906250004 0.46942054722222226 0.44382713906250004 0.4794082166666667 0.47379015234375005 0.4794082166666667 0.47379015234375005 0.46942054722222226
7 0.9213626703125 0.20641187083333332 0.9213626703125 0.33611279583333337 0.996509746875 0.33611279583333337 0.996509746875 0.20641187083333332
7 0.20786840703124998 0.4910605013888889 0.20786840703124998 0.5326757972222222 0.22753163515625002 0.5326757972222222 0.22753163515625002 0.4910605013888889
6 0.4288456328125 0.4361283097222222 0.4288456328125 0.46942054722222226 0.43633638671875 0.46942054722222226 0.43633638671875 0.4361283097222222
6 0.23783142109375 0.5393342458333333 0.23783142109375 0.5559803638888888 0.24625851796874998 0.5559803638888888 0.24625851796874998 0.5393342458333333
6 0.38483745703125 0.3345869861111111 0.38483745703125 0.39784223750000003 0.39794627578125 0.39784223750000003 0.39794627578125 0.3345869861111111
6 0.51498929765625 0.4128237430555555 0.51498929765625 0.44278675694444447 0.5252890828125001 0.44278675694444447 0.5252890828125001 0.4128237430555555
6 0.27434884375 0.42614063888888887 0.27434884375 0.44611598194444446 0.2799669078125 0.44611598194444446 0.2799669078125 0.42614063888888887
6 0.26779443515625 0.4244760277777778 0.26779443515625 0.4477805930555555 0.27341250078125 0.4477805930555555 0.27341250078125 0.4244760277777778
6 0.49158069296875 0.42281141527777777 0.49158069296875 0.4477805930555555 0.50188047890625 0.4477805930555555 0.50188047890625 0.42281141527777777
6 0.50482769609375 0.42281141527777777 0.50482769609375 0.44537547361111113 0.5130223968750001 0.44537547361111113 0.5130223968750001 0.42281141527777777
2 0.38190718359375003 0.5576449763888889 0.38190718359375003 0.5959151638888889 0.4064912859375 0.5959151638888889 0.4064912859375 0.5576449763888889
2 0.42510025703125 0.5559803638888888 0.42510025703125 0.5892726027777778 0.44101810781250006 0.5892726027777778 0.44101810781250006 0.5559803638888888
2 0.431654665625 0.5526511402777777 0.431654665625 0.6075833319444445 0.47098111953125 0.6075833319444445 0.47098111953125 0.5526511402777777
2 0.57491532421875 0.5493219152777777 0.57491532421875 0.6824908652777778 0.6910220015624999 0.6824908652777778 0.6910220015624999 0.5493219152777777
2 0.201313996875 0.5576449763888889 0.201313996875 0.6092479444444444 0.2471948625 0.6092479444444444 0.2471948625 0.5576449763888889
2 0.34270196875000003 0.5626388125 0.34270196875000003 0.59593105 0.37172863828125 0.59593105 0.37172863828125 0.5626388125
2 0.46910843359375 0.5493219152777777 0.46910843359375 0.627558675 0.51779833046875 0.627558675 0.51779833046875 0.5493219152777777
2 0.6498228593750001 0.5409988583333334 0.6498228593750001 0.7490753416666667 0.86330933203125 0.7490753416666667 0.86330933203125 0.5409988583333334
1 0.494389725 0.5110358430555556 0.494389725 0.6092479444444444 0.64607748203125 0.6092479444444444 0.64607748203125 0.5110358430555556
4 0.41386412578125 0.5619223305555555 0.41386412578125 0.5862029263888888 0.4213548796875 0.5862029263888888 0.4213548796875 0.5619223305555555