7 0.23543121640625003 0.4590507458333334 0.23543121640625003 0.5212217958333334 0.28738845390625 0.5212217958333334 0.28738845390625 0.4590507458333334
7 0.5112042437500001 0.4430639013888889 0.5112042437500001 0.45905074305555554 0.53118779609375 0.45905074305555554 0.53118779609375 0.4430639013888889
7 0.52119601875 0.4217481125 0.52119601875 0.4448402166666667 0.53618368359375 0.4448402166666667 0.53618368359375 0.4217481125
7 0.67706773203125 0.32049811111111115 0.67706773203125 0.3524717972222222 0.702047171875 0.3524717972222222 0.702047171875 0.32049811111111115
2 0.08555456953125 0.5105639027777779 0.08555456953125 0.5283270611111112 0.09754470078125001 0.5283270611111112 0.09754470078125001 0.5105639027777779
2 0.0775611484375 0.5212217972222223 0.0775611484375 0.5514191680555556 0.09254881328125 0.5514191680555556 0.09254881328125 0.5212217972222223
2 0.06057512968749999 0.5141165347222222 0.06057512968749999 0.5301033763888889 0.07756115 0.5301033763888889 0.07756115 0.5141165347222222
2 0.0535808859375 0.5176691680555556 0.0535808859375 0.5443139041666666 0.0675693734375 0.5443139041666666 0.0675693734375 0.5176691680555556
2 0.09954305703125 0.5087875875 0.09954305703125 0.5514191652777778 0.13251591796875 0.5514191652777778 0.13251591796875 0.5087875875
2 0.5228196984375 0.5089144777777778 0.5228196984375 0.528453951388889 0.5637859820312501 0.528453951388889 0.5637859820312501 0.5089144777777778
2 0.48784848203125 0.5106907930555555 0.48784848203125 0.5320065819444444 0.5268164093750001 0.5320065819444444 0.5268164093750001 0.5106907930555555
2 0.47086246093749995 0.5124671083333333 0.47086246093749995 0.5373355291666666 0.49883943437499995 0.5373355291666666 0.49883943437499995 0.5124671083333333
2 0.45287726484375 0.5089144777777778 0.45287726484375 0.5302302666666666 0.47785670468749997 0.5302302666666666 0.47785670468749997 0.5089144777777778
2 0.71621051875 0.5009210555555555 0.71621051875 0.5435526347222221 0.76816775625 0.5435526347222221 0.76816775625 0.5009210555555555
2 0.8970616703125 0.5080263180555555 0.8970616703125 0.5524342166666667 0.96200821640625 0.5524342166666667 0.96200821640625 0.5080263180555555
2 0.8041381507812501 0.4973684222222222 0.8041381507812501 0.5542105277777778 0.8920657828125 0.5542105277777778 0.8920657828125 0.4973684222222222
2 0.97599670234375 0.4991447375 0.97599670234375 0.5417763166666667 0.999976965625 0.5417763166666667 0.999976965625 0.4991447375
9 0.9470205523437499 0.4653947375 0.9470205523437499 0.5506578972222222 0.999976965625 0.5506578972222222 0.999976965625 0.4653947375
2 0.293558378125 0.47605263333333336 0.293558378125 0.6785526333333334 0.42345147031249997 0.6785526333333334 0.42345147031249997 0.47605263333333336
2 0.5023865046875 0.5098026333333334 0.5023865046875 0.71407895 0.66325410390625 0.71407895 0.66325410390625 0.5098026333333334