7 0.77452581171875 0.20241838888888888 0.77452581171875 0.28077389583333334 0.80023621171875 0.28077389583333334 0.80023621171875 0.20241838888888888
7 0.7653435265625 0.2073156097222222 0.7653435265625 0.2709794583333333 0.77544403984375 0.2709794583333333 0.77544403984375 0.2073156097222222
7 0.78095341328125 0.3068923986111111 0.78095341328125 0.34607015 0.79839975625 0.34607015 0.79839975625 0.3068923986111111
7 0.6095368390625 0.38764550138888887 0.6095368390625 0.4202936291666667 0.625146725 0.4202936291666667 0.625146725 0.38764550138888887
7 0.58658112421875 0.4072343763888889 0.58658112421875 0.4268232527777778 0.5975998671875 0.4268232527777778 0.5975998671875 0.4072343763888889
2 0.40729996640625005 0.44844535277777775 0.40729996640625005 0.4745638597222222 0.42107339453125 0.4745638597222222 0.42107339453125 0.44844535277777775
2 0.35955207890624996 0.45007775972222225 0.35955207890624996 0.4827258888888889 0.38526247890625 0.4827258888888889 0.38526247890625 0.45007775972222225
2 0.33935104921875003 0.45497497777777773 0.33935104921875003 0.49088791666666665 0.364143221875 0.49088791666666665 0.364143221875 0.45497497777777773
2 0.30445836328125 0.44844535277777775 0.30445836328125 0.4974175486111111 0.3430239640625 0.4974175486111111 0.3430239640625 0.44844535277777775
2 0.24500008984375002 0.4386509152777778 0.24500008984375002 0.5137416097222223 0.30996773437499997 0.5137416097222223 0.30996773437499997 0.4386509152777778
2 0.536704609375 0.4358525013888889 0.536704609375 0.4521765638888888 0.54680512265625 0.4521765638888888 0.54680512265625 0.4358525013888889
2 0.55874209453125 0.42932287777777783 0.55874209453125 0.4603385986111111 0.5771066671875 0.4603385986111111 0.5771066671875 0.42932287777777783
2 0.5412957515625 0.4342200958333333 0.5412957515625 0.4619710013888889 0.557823865625 0.4619710013888889 0.557823865625 0.4342200958333333
2 0.56792438046875 0.43911731666666665 0.56792438046875 0.4685006291666666 0.588125409375 0.4685006291666666 0.588125409375 0.43911731666666665
2 0.57986135078125 0.4374849097222222 0.57986135078125 0.4766626611111111 0.60098060859375 0.4766626611111111 0.60098060859375 0.4374849097222222
2 0.0004591140625 0.4685006291666666 0.0004591140625 0.5925635152777778 0.06106219843750001 0.5925635152777778 0.06106219843750001 0.4685006291666666
2 0.12287568906249999 0.4317204708333333 0.12287568906249999 0.5523701416666666 0.24408186171875 0.5523701416666666 0.24408186171875 0.4317204708333333
2 0.38548906328125 0.4446313236111111 0.38548906328125 0.47891185833333333 0.40844477812499996 0.47891185833333333 0.40844477812499996 0.4446313236111111
1 0.5122046085937499 0.4054535694444445 0.5122046085937499 0.4625877930555556 0.5369967812499999 0.4625877930555556 0.5369967812499999 0.4054535694444445
1 0.45343798046875 0.4152480111111111 0.45343798046875 0.45932298472222227 0.4828212953125 0.45932298472222227 0.4828212953125 0.4152480111111111
2 0.47979222265625 0.4225196375 0.47979222265625 0.49288725833333336 0.5232233500000001 0.49288725833333336 0.5232233500000001 0.4225196375
2 0.5884175820312499 0.4355788875 0.5884175820312499 0.4861834875 0.6269831820312499 0.4861834875 0.6269831820312499 0.4355788875
2 0.8477724757812499 0.4211927277777778 0.8477724757812499 0.7966461958333333 0.9983619648437501 0.7966461958333333 0.9983619648437501 0.4211927277777778