2 0.33315768515625 0.5559691736111111 0.33315768515625 0.5925793361111111 0.36747971328125 0.5925793361111111 0.36747971328125 0.5559691736111111
2 0.56397332109375 0.5376640930555556 0.56397332109375 0.5880030638888889 0.5991533984374999 0.5880030638888889 0.5991533984374999 0.5376640930555556
2 0.7433059125 0.5102064708333334 0.7433059125 0.6322403486111111 0.91234189765625 0.6322403486111111 0.91234189765625 0.5102064708333334
2 0.7004033796875 0.5407149402777778 0.7004033796875 0.5895284916666667 0.75102836875 0.5895284916666667 0.75102836875 0.5407149402777778
2 0.6738038078125 0.5422403625000001 0.6738038078125 0.5742742569444445 0.70126143046875 0.5742742569444445 0.70126143046875 0.5422403625000001
2 0.6334754265625 0.5468166333333333 0.6334754265625 0.5742742555555556 0.66608135078125 0.5742742555555556 0.66608135078125 0.5468166333333333
2 0.5940050929687499 0.5330878222222223 0.5940050929687499 0.58037595 0.6171724617187501 0.58037595 0.6171724617187501 0.5330878222222223
9 0.52879324375 0.4888505444444445 0.52879324375 0.5803759513888889 0.572553828125 0.5803759513888889 0.572553828125 0.4888505444444445
9 0.47301994843750006 0.5468166333333333 0.47301994843750006 0.5620708680555556 0.48503265703125004 0.5620708680555556 0.48503265703125004 0.5468166333333333
9 0.41049145546875004 0.5528134555555556 0.41049145546875004 0.5787456555555556 0.43451687265625 0.5787456555555556 0.43451687265625 0.5528134555555556
9 0.4997287265625 0.5345083736111111 0.4997287265625 0.5512880291666667 0.50916728125 0.5512880291666667 0.50916728125 0.5345083736111111
6 0.3813177234375 0.4698304194444444 0.3813177234375 0.4881355 0.38646602812499997 0.4881355 0.38646602812499997 0.4698304194444444
6 0.3873240796875 0.4698304194444444 0.3873240796875 0.4866100777777778 0.394188484375 0.4866100777777778 0.394188484375 0.4698304194444444
6 0.58896599765625 0.46067787916666664 0.58896599765625 0.47745753611111114 0.59497235234375 0.47745753611111114 0.59497235234375 0.46067787916666664
6 0.59754650546875 0.463728725 0.59754650546875 0.47593211250000006 0.6009787078125 0.47593211250000006 0.6009787078125 0.463728725
6 0.59325625 0.4576270305555556 0.59325625 0.4728812638888889 0.59840455546875 0.4728812638888889 0.59840455546875 0.4576270305555556
6 0.58381769296875 0.5232202416666667 0.58381769296875 0.53694905 0.5906820984375 0.53694905 0.5906820984375 0.5232202416666667
7 0.6087011640625 0.4728812680555556 0.6087011640625 0.4805083875 0.628436328125 0.4805083875 0.628436328125 0.4728812680555556
7 0.63890454609375 0.4881355 0.63890454609375 0.49881346527777776 0.64662700078125 0.49881346527777776 0.64662700078125 0.4881355