2 0.42355086953125004 0.4766945430555556 0.42355086953125004 0.49791582916666666 0.48599041328125 0.49791582916666666 0.48599041328125 0.4766945430555556
9 0.37488475390625 0.4342519791666667 0.37488475390625 0.5240343319444444 0.420796184375 0.5240343319444444 0.420796184375 0.4342519791666667
2 0.36478423984375 0.47832695 0.36478423984375 0.5403583888888889 0.3932493265625 0.5403583888888889 0.3932493265625 0.47832695
2 0.35284726875 0.4913862013888889 0.35284726875 0.5599472680555556 0.37396652656249996 0.5599472680555556 0.37396652656249996 0.4913862013888889
2 0.2702066953125 0.4522084486111111 0.2702066953125 0.5828009555555556 0.35652018281250003 0.5828009555555556 0.35652018281250003 0.4522084486111111
4 0.254596809375 0.4701649208333333 0.254596809375 0.5730065208333333 0.2747978390625 0.5730065208333333 0.2747978390625 0.4701649208333333
4 0.22704995234375 0.4734297319444445 0.22704995234375 0.5762713333333334 0.24725098124999997 0.5762713333333334 0.24725098124999997 0.4734297319444445
4 0.17103800859375 0.4848565763888889 0.17103800859375 0.6529944319444444 0.20317600468750002 0.6529944319444444 0.20317600468750002 0.4848565763888889
4 0.07186932109375001 0.4571056680555556 0.07186932109375001 0.6774805263888889 0.11686252187499999 0.6774805263888889 0.11686252187499999 0.4571056680555556
2 0.39600401171875 0.49791582916666666 0.39600401171875 0.6611564666666666 0.5117008132812499 0.6611564666666666 0.5117008132812499 0.49791582916666666
9 0.5135372703125001 0.3885446 0.5135372703125001 0.5681093 0.6090330460937501 0.5681093 0.6090330460937501 0.3885446
6 0.85328184765625 0.14694845833333334 0.85328184765625 0.2285687777777778 0.87072818984375 0.2285687777777778 0.87072818984375 0.14694845833333334
6 0.88725630625 0.2791733736111111 0.88725630625 0.3558964736111111 0.9065391023437501 0.3558964736111111 0.9065391023437501 0.2791733736111111
6 0.8826651632812499 0.37548535 0.8826651632812499 0.4195603222222222 0.9102120203125 0.4195603222222222 0.9102120203125 0.37548535
6 0.8468542476562501 0.3787501625 0.8468542476562501 0.4130306972222222 0.86705527734375 0.4130306972222222 0.86705527734375 0.3787501625
7 0.8615459039062501 0.10940310972222222 0.8615459039062501 0.1420512375 0.89643858984375 0.1420512375 0.89643858984375 0.10940310972222222
7 0.8716464187499999 0.07512257638888889 0.8716464187499999 0.10777070416666668 0.8936839031250001 0.10777070416666668 0.8936839031250001 0.07512257638888889
4 0.05768494843750001 0.4753669180555556 0.05768494843750001 0.6575098583333333 0.1274235 0.6575098583333333 0.1274235 0.4753669180555556
7 0.86183071796875 0.3452648194444444 0.86183071796875 0.38046891666666666 0.88507690234375 0.38046891666666666 0.88507690234375 0.3452648194444444
7 0.5183037781250001 0.44628527500000004 0.5183037781250001 0.46006078888888885 0.52949638515625 0.46006078888888885 0.52949638515625 0.44628527500000004
7 0.22471308515625 0.34679543194444445 0.22471308515625 0.40189749999999996 0.24279345078125 0.40189749999999996 0.24279345078125 0.34679543194444445