7 0.23115257109375 0.006529626388888888 0.23115257109375 0.07182588194444445 0.26879994375 0.07182588194444445 0.26879994375 0.006529626388888888
7 0.226561428125 0.07509069305555556 0.226561428125 0.16160823055555557 0.2834916 0.16160823055555557 0.2834916 0.07509069305555556
7 0.23849840000000003 0.1730350763888889 0.23849840000000003 0.24486095694444446 0.27430931484375 0.24486095694444446 0.27430931484375 0.1730350763888889
7 0.25832830390625 0.2562878027777778 0.25832830390625 0.2862152513888889 0.27339108671875 0.2862152513888889 0.27339108671875 0.2562878027777778
7 0.46095075 0.2856711152777778 0.46095075 0.30036277222222224 0.5013528078125 0.30036277222222224 0.5013528078125 0.2856711152777778
7 0.43983149296875 0.2856711152777778 0.43983149296875 0.3068923986111111 0.44809555 0.3068923986111111 0.44809555 0.2856711152777778
7 0.43156743515624996 0.3264812763888889 0.43156743515624996 0.3362757138888889 0.44166795078125 0.3362757138888889 0.44166795078125 0.3264812763888889
7 0.8392609265625 0.14528416805555555 0.8392609265625 0.19262395416666667 0.8686442421875 0.19262395416666667 0.8686442421875 0.14528416805555555
7 0.927410871875 0.39177752916666664 0.927410871875 0.44074972083333336 0.95495772890625 0.44074972083333336 0.95495772890625 0.39177752916666664
7 0.92649264375 0.339540525 0.92649264375 0.39177752916666664 0.95771241484375 0.39177752916666664 0.95771241484375 0.339540525
7 0.8649713289062501 0.339540525 0.8649713289062501 0.3493349625 0.87966298515625 0.3493349625 0.87966298515625 0.339540525
7 0.62317115234375 0.3618500861111111 0.62317115234375 0.37001211805555556 0.6351081234375 0.37001211805555556 0.6351081234375 0.3618500861111111
7 0.62408938125 0.37490933750000005 0.62408938125 0.3944982152777778 0.63418989609375 0.3944982152777778 0.63418989609375 0.37490933750000005
7 0.6599002953124999 0.38633618333333336 0.6599002953124999 0.40592506111111115 0.6709190390625001 0.40592506111111115 0.6709190390625001 0.38633618333333336
6 0.25832830390625 0.2905683347222222 0.25832830390625 0.33137849305555556 0.27485641875 0.33137849305555556 0.27485641875 0.2905683347222222
6 0.244554875 0.30602518194444445 0.244554875 0.37055624583333335 0.25924653359375 0.37055624583333335 0.25924653359375 0.30602518194444445
6 0.53952488203125 0.1275608986111111 0.53952488203125 0.2010191861111111 0.5487071671875 0.2010191861111111 0.5487071671875 0.1275608986111111
6 0.546870709375 0.12243047222222223 0.546870709375 0.19588875694444446 0.56064413828125 0.19588875694444446 0.56064413828125 0.12243047222222223
6 0.511978025 0.25628779305555555 0.511978025 0.2938331402777778 0.51748739609375 0.2938331402777778 0.51748739609375 0.25628779305555555
6 0.50004105234375 0.26305062777777777 0.50004105234375 0.30222838055555556 0.50922333828125 0.30222838055555556 0.50922333828125 0.26305062777777777
6 0.754915096875 0.2646830347222222 0.754915096875 0.30875800694444444 0.7604244687499999 0.30875800694444444 0.7604244687499999 0.2646830347222222
6 0.772480675 0.26847983750000004 0.772480675 0.30928999583333333 0.8073733609374999 0.30928999583333333 0.8073733609374999 0.26847983750000004
7 0.751361415625 0.21134561249999997 0.751361415625 0.23746411527777778 0.7632983875 0.23746411527777778 0.7632983875 0.21134561249999997
6 0.749107584375 0.24562614722222223 0.749107584375 0.26358261666666666 0.7582898703125001 0.26358261666666666 0.7582898703125001 0.24562614722222223
2 0.704281325 0.4119105444444444 0.704281325 0.4494558902777778 0.73366463984375 0.4494558902777778 0.73366463984375 0.4119105444444444
2 0.568216553125 0.39091031249999997 0.568216553125 0.5410916986111112 0.62881963984375 0.5410916986111112 0.62881963984375 0.39091031249999997
2 0.26520111953125 0.4056019708333333 0.26520111953125 0.5737398277777778 0.42129997890625 0.5737398277777778 0.42129997890625 0.4056019708333333
2 0 0.4290492638888889 0 0.8730637972222223 0.05125385859375 0.8730637972222223 0.05125385859375 0.4290492638888889
2 0.37538854921875 0.3800770708333333 0.37538854921875 0.6910520486111111 0.6023579515625 0.6910520486111111 0.6023579515625 0.3800770708333333
2 0.9145556718750001 0.40973399861111115 0.9145556718750001 0.4538089722222222 0.9365931585937499 0.4538089722222222 0.9365931585937499 0.40973399861111115