7 0.2242058046875 0.22043654166666668 0.2242058046875 0.28282424305555554 0.2476011921875 0.28282424305555554 0.2476011921875 0.22043654166666668
6 0.3597040953125 0.17364576666666667 0.3597040953125 0.20483961805555553 0.364578134375 0.20483961805555553 0.364578134375 0.17364576666666667
6 0.44743680078125003 0.15458285555555557 0.44743680078125003 0.18404371527777777 0.45621007109375 0.18404371527777777 0.45621007109375 0.15458285555555557
6 0.45718488046875 0.15458285555555557 0.45718488046875 0.18404371527777777 0.4610841109375 0.18404371527777777 0.4610841109375 0.15458285555555557
6 0.43768872265625003 0.15631584999999998 0.43768872265625003 0.18057773194444443 0.44646199453125 0.18057773194444443 0.44646199453125 0.15631584999999998
6 0.364578134375 0.17711174861111112 0.364578134375 0.20657260694444446 0.37140178984375 0.20657260694444446 0.37140178984375 0.17711174861111112
6 0.349956015625 0.17884474027777778 0.349956015625 0.20830559861111111 0.35677967109375 0.20830559861111111 0.35677967109375 0.17884474027777778
6 0.15791887109375 0.26029535000000004 0.15791887109375 0.2880232180555556 0.17351579609375 0.2880232180555556 0.17351579609375 0.26029535000000004
6 0.5410183539062501 0.25336338472222225 0.5410183539062501 0.2741592861111111 0.55466566328125 0.2741592861111111 0.55466566328125 0.25336338472222225
6 0.30219043203124996 0.28282424305555554 0.30219043203124996 0.2966881791666667 0.3177873578125 0.2966881791666667 0.3177873578125 0.28282424305555554
7 0.30219043203124996 0.24643141666666668 0.30219043203124996 0.25336338333333336 0.3216865890625 0.25336338333333336 0.3216865890625 0.24643141666666668
2 0.360678903125 0.3053531361111111 0.360678903125 0.32095006111111113 0.3704269796875 0.32095006111111113 0.3704269796875 0.3053531361111111
2 0.33923313046875003 0.30881912083333335 0.33923313046875003 0.3590758819444444 0.36457813359375 0.3590758819444444 0.36457813359375 0.30881912083333335
2 0.30998889453125 0.3244160472222222 0.30998889453125 0.35734289027777777 0.3411827453125 0.35734289027777777 0.3411827453125 0.3244160472222222
2 0.26027369453125 0.31401809583333334 0.26027369453125 0.3920027236111111 0.3138881265625 0.3920027236111111 0.3138881265625 0.31401809583333334
2 0.2320042671875 0.32268305555555554 0.2320042671875 0.41279862500000003 0.29439196953125 0.41279862500000003 0.29439196953125 0.32268305555555554
2 0.14524636875000002 0.32614903749999996 0.14524636875000002 0.37120682222222223 0.185213490625 0.37120682222222223 0.185213490625 0.32614903749999996
2 0.13452348281249998 0.3313480125 0.13452348281249998 0.37467280416666665 0.14914560078125 0.37467280416666665 0.14914560078125 0.3313480125
2 0.520547390625 0.31228510416666666 0.520547390625 0.37293981388888886 0.55369085625 0.37293981388888886 0.55369085625 0.31228510416666666
2 0.52849387421875 0.2984211680555555 0.52849387421875 0.4832823180555556 0.6314600484375 0.4832823180555556 0.6314600484375 0.2984211680555555
2 0.56733816640625 0.29495518611111116 0.56733816640625 0.5808988194444444 0.80519128046875 0.5808988194444444 0.80519128046875 0.29495518611111116
2 0.33660236640624996 0.26376133611111113 0.33660236640624996 0.5956090500000001 0.5478420093749999 0.5956090500000001 0.5478420093749999 0.26376133611111113
2 0 0.3001541597222222 0 0.5623270569444444 0.1283298765625 0.5623270569444444 0.1283298765625 0.3001541597222222
2 0.7227255218749999 0.22534684583333334 0.7227255218749999 0.8928373319444445 0.9988620812500001 0.8928373319444445 0.9988620812500001 0.22534684583333334
2 0.147051 0.33351333333333333 0.147051 0.4479201930555556 0.25352738515625 0.4479201930555556 0.25352738515625 0.33351333333333333