2 0.38549238515625 0.5657378652777777 0.38549238515625 0.5851623430555556 0.39915022109375 0.5851623430555556 0.39915022109375 0.5657378652777777
2 0.3732003328125 0.5681659250000001 0.3732003328125 0.5924465194444444 0.3909555171875 0.5924465194444444 0.3909555171875 0.5681659250000001
2 0.35681093203124997 0.5754501027777777 0.35681093203124997 0.6070148763888888 0.38276081953125 0.6070148763888888 0.38276081953125 0.5754501027777777
4 0.3486162328125 0.5681659250000001 0.3486162328125 0.6094429375 0.3609082828125 0.6094429375 0.3609082828125 0.5681659250000001
4 0.29398489375 0.5803062236111111 0.29398489375 0.6021587513888889 0.30354537734375 0.6021587513888889 0.30354537734375 0.5803062236111111
4 0.27486392421875 0.5730220444444445 0.27486392421875 0.6045868180555556 0.2844244078125 0.6045868180555556 0.2844244078125 0.5730220444444445
4 0.26393765546875 0.5705939833333333 0.26393765546875 0.5997306972222223 0.27349813984375004 0.5997306972222223 0.27349813984375004 0.5705939833333333
4 0.01946241484375 0.5366011513888889 0.01946241484375 0.6968530777777778 0.04677808359375 0.6968530777777778 0.04677808359375 0.5366011513888889
4 0.05087543515625 0.5341730930555555 0.05087543515625 0.6944250222222222 0.08092267187499999 0.6944250222222222 0.08092267187499999 0.5341730930555555
4 0.0003414453125 0.5463133916666667 0.0003414453125 0.7065653208333333 0.027657114062499998 0.7065653208333333 0.027657114062499998 0.5463133916666667
4 0.20930631640625 0.5584536875 0.20930631640625 0.6555760680555556 0.23115885078125 0.6555760680555556 0.23115885078125 0.5584536875
0 0.27622970703125 0.5948745805555556 0.27622970703125 0.6434357694444445 0.31310586015625 0.6434357694444445 0.31310586015625 0.5948745805555556
0 0.23525620234375003 0.5900184597222222 0.23525620234375003 0.6628602444444444 0.27622970703125 0.6628602444444444 0.27622970703125 0.5900184597222222
2 0.307642728125 0.5827342819444444 0.307642728125 0.6045868180555556 0.32812948203125003 0.6045868180555556 0.32812948203125003 0.5827342819444444
4 0.62313870859375 0.5523835361111111 0.62313870859375 0.6058008458333333 0.63816232734375 0.6058008458333333 0.63816232734375 0.5523835361111111
4 0.6750384828125 0.5317450333333333 0.6750384828125 0.6094429402777778 0.69006210234375 0.6094429402777778 0.69006210234375 0.5317450333333333
4 0.7952274273437501 0.5438853305555555 0.7952274273437501 0.6070148791666666 0.8075194796874999 0.6070148791666666 0.8075194796874999 0.5438853305555555
4 0.8020563453125 0.529316975 0.8020563453125 0.6288674152777778 0.8211773140625 0.6288674152777778 0.8211773140625 0.529316975
4 0.8307377984375 0.529316975 0.8307377984375 0.6167271166666667 0.845761415625 0.6167271166666667 0.845761415625 0.529316975
4 0.68596475 0.5317450333333333 0.68596475 0.6264393555555555 0.70371993515625 0.6264393555555555 0.70371993515625 0.5317450333333333
4 0.7569854914062499 0.5341730930555555 0.7569854914062499 0.6070148791666666 0.77337489296875 0.6070148791666666 0.77337489296875 0.5341730930555555
4 0.856687684375 0.529316975 0.856687684375 0.6337235347222222 0.8853691375 0.6337235347222222 0.8853691375 0.529316975
2 0.55211796875 0.5705939833333333 0.55211796875 0.6094429347222222 0.56850737109375 0.6094429347222222 0.56850737109375 0.5705939833333333
2 0.444221075 0.5657378652777777 0.444221075 0.6118709986111112 0.47426831171875 0.6118709986111112 0.47426831171875 0.5657378652777777
6 0.40597913671874997 0.5147486152777778 0.40597913671874997 0.5366011513888889 0.41144227109375003 0.5366011513888889 0.41144227109375003 0.5147486152777778
9 0.40871070546875005 0.5244608555555555 0.40871070546875005 0.6045868208333333 0.444221075 0.6045868208333333 0.444221075 0.5244608555555555
9 0.49885241406249997 0.49289607916666667 0.49885241406249997 0.6167271138888889 0.549386403125 0.6167271138888889 0.549386403125 0.49289607916666667
9 0.5657758046875 0.5171766763888889 0.5657758046875 0.6167271166666667 0.61221244296875 0.6167271166666667 0.61221244296875 0.5171766763888889
2 0.39778443671875 0.5560256291666666 0.39778443671875 0.6191551777777777 0.43875794140625 0.6191551777777777 0.43875794140625 0.5560256291666666
7 0.66138064765625 0.35571071944444443 0.66138064765625 0.38848952222222216 0.68323318125 0.38848952222222216 0.68323318125 0.35571071944444443
7 0.6408938953125001 0.35328265833333333 0.6408938953125001 0.3897035541666667 0.66274642890625 0.3897035541666667 0.66274642890625 0.35328265833333333
7 0.62040714375 0.35813877777777775 0.62040714375 0.3921316097222223 0.6422596781250001 0.3921316097222223 0.6422596781250001 0.35813877777777775
7 0.59855460703125 0.35813877777777775 0.59855460703125 0.3921316097222223 0.62040714140625 0.3921316097222223 0.62040714140625 0.35813877777777775
7 0.63543076171875 0.4455489180555556 0.63543076171875 0.5111065236111111 0.65045437734375 0.5111065236111111 0.65045437734375 0.4455489180555556
7 0.61630979375 0.48682593194444446 0.61630979375 0.5208187638888889 0.62723606171875 0.5208187638888889 0.62723606171875 0.48682593194444446
7 0.6367965460937499 0.5475274222222222 0.6367965460937499 0.5766641333333333 0.6463570296875 0.5766641333333333 0.6463570296875 0.5475274222222222
7 0.29535067812500004 0.43219459444444447 0.29535067812500004 0.45161906944444447 0.321300565625 0.45161906944444447 0.321300565625 0.43219459444444447
7 0.04950965078125 0.36178086666666665 0.04950965078125 0.3860614611111111 0.0809226703125 0.3860614611111111 0.0809226703125 0.36178086666666665
7 0.08638580234375 0.34721250972222223 0.08638580234375 0.37392116527777775 0.10687255625 0.37392116527777775 0.10687255625 0.34721250972222223
7 0.05907013359375 0.4006298208333333 0.05907013359375 0.43219459444444447 0.10550677187499999 0.43219459444444447 0.10550677187499999 0.4006298208333333
7 0.065899053125 0.4419068263888889 0.065899053125 0.4710435416666666 0.09184893984375 0.4710435416666666 0.09184893984375 0.4419068263888889
2 0.4746096921875 0.5562847805555555 0.4746096921875 0.6062077736111111 0.50152130625 0.6062077736111111 0.50152130625 0.5562847805555555
6 0.04753408515625 0.47099966388888886 0.04753408515625 0.5063617833333334 0.06625520703125 0.5063617833333334 0.06625520703125 0.47099966388888886
6 0.13996962578125 0.4730797888888889 0.13996962578125 0.5022015333333333 0.1505002578125 0.5022015333333333 0.1505002578125 0.4730797888888889
6 0.2382555203125 0.5022015333333333 0.2382555203125 0.5250829055555555 0.24644601015625 0.5250829055555555 0.24644601015625 0.5022015333333333
6 0.3611128875 0.5479642791666667 0.3611128875 0.5687655263888889 0.36813330781250003 0.5687655263888889 0.36813330781250003 0.5479642791666667
7 0.3611128875 0.5417239013888888 0.3611128875 0.5542046500000001 0.378663940625 0.5542046500000001 0.378663940625 0.5417239013888888
7 0.3494121859375 0.5334034041666667 0.3494121859375 0.5438040291666667 0.3611128875 0.5438040291666667 0.3611128875 0.5334034041666667
7 0.55885474609375 0.49388103611111106 0.55885474609375 0.5042816611111111 0.57172551796875 0.5042816611111111 0.57172551796875 0.49388103611111106
7 0.5541744640624999 0.5042816555555555 0.5541744640624999 0.5188425291666666 0.56821530625 0.5188425291666666 0.56821530625 0.5042816555555555
6 0.8268008132812501 0.42731704583333335 0.8268008132812501 0.4772400388888889 0.8396715851562501 0.4772400388888889 0.8396715851562501 0.42731704583333335
6 0.850202215625 0.42731704583333335 0.850202215625 0.4668394152777777 0.875943759375 0.4668394152777777 0.875943759375 0.42731704583333335
6 0.8361613757812499 0.3524325513888889 0.8361613757812499 0.4189965444444444 0.8513722874999999 0.4189965444444444 0.8513722874999999 0.3524325513888889
6 0.22889495859375 0.18186232361111113 0.22889495859375 0.2650673125 0.24995622109375 0.2650673125 0.24995622109375 0.18186232361111113
6 0.20198334609375 0.17770207361111112 0.20198334609375 0.2629871875 0.22655481718749998 0.2629871875 0.22655481718749998 0.17770207361111112