6 0.8382141320312501 0.3205139083333333 0.8382141320312501 0.3809882319444445 0.8722309398437501 0.3809882319444445 0.8722309398437501 0.3205139083333333
7 0 0.3201560305555555 0 0.34541510138888887 0.0398196609375 0.34541510138888887 0.0398196609375 0.3201560305555555
7 0.0128063140625 0.28138346527777774 0.0128063140625 0.31162062777777777 0.03181570625 0.31162062777777777 0.03181570625 0.28138346527777774
7 0.86766114296875 0.22624511111111112 0.86766114296875 0.25826093055555555 0.92325615078125 0.25826093055555555 0.92325615078125 0.22624511111111112
7 0.90024478125 0.3205139083333333 0.90024478125 0.3560870402777778 0.9192541734375 0.3560870402777778 0.9192541734375 0.3205139083333333
7 0.89124033203125 0.0377075125 0.89124033203125 0.15509885 0.9192541734375 0.15509885 0.9192541734375 0.0377075125
9 0.30495065781249997 0.46102777916666665 0.30495065781249997 0.5054941944444444 0.33296449765624997 0.5054941944444444 0.33296449765624997 0.46102777916666665
7 0.04182065078125 0.06083005138888889 0.04182065078125 0.16754944722222223 0.09384635625 0.16754944722222223 0.09384635625 0.06083005138888889
7 0.08984437734375 0.36320166944444443 0.08984437734375 0.38454554583333334 0.1048517921875 0.38454554583333334 0.1048517921875 0.36320166944444443
7 0.240919021875 0.4361265875 0.240919021875 0.4556918097222222 0.25292495390625 0.4556918097222222 0.25292495390625 0.4361265875
7 0.38799168671875 0.4396839 0.38799168671875 0.46458509166666667 0.3969961359375 0.46458509166666667 0.3969961359375 0.4396839
2 0.35218298125 0.46636374861111113 0.35218298125 0.4983795680555555 0.37298427109375 0.4983795680555555 0.37298427109375 0.46636374861111113
2 0.36698130625 0.4716997180555556 0.36698130625 0.5126088222222223 0.3859906984375 0.5126088222222223 0.3859906984375 0.4716997180555556
2 0.38499020390625 0.47703568888888886 0.38499020390625 0.5161661333333333 0.40500009062500003 0.5161661333333333 0.40500009062500003 0.47703568888888886
2 0.38899218125 0.48237165833333334 0.38899218125 0.5321740402777777 0.42701096562499996 0.5321740402777777 0.42701096562499996 0.48237165833333334
2 0.426010471875 0.46458509166666667 0.426010471875 0.5695258291666667 0.49704556796875005 0.5695258291666667 0.49704556796875005 0.46458509166666667
2 0.44101788515624996 0.48770762777777776 0.44101788515624996 0.6033203069444445 0.55307325078125 0.6033203069444445 0.55307325078125 0.48770762777777776