6 0.48943306953125 0.2405498486111111 0.48943306953125 0.26941583194444446 0.499871215625 0.26941583194444446 0.499871215625 0.2405498486111111
6 0.37345366874999997 0.2652921180555555 0.37345366874999997 0.2962199583333333 0.38853099296875004 0.2962199583333333 0.38853099296875004 0.2652921180555555
6 0.56250009296875 0.2627393375 0.56250009296875 0.28954346666666664 0.5729382390625 0.28954346666666664 0.5729382390625 0.2627393375
6 0.298067059375 0.35935204444444446 0.298067059375 0.3820324625 0.3119845875 0.3820324625 0.3119845875 0.35935204444444446
7 0.40476810859374995 0.33254791805555556 0.40476810859374995 0.36141390416666663 0.41520625468750005 0.36141390416666663 0.41520625468750005 0.33254791805555556
7 0.5161083328125 0.318114925 0.5161083328125 0.3407953402777778 0.5265464789062501 0.3407953402777778 0.5265464789062501 0.318114925
7 0.520747509375 0.3346097722222222 0.520747509375 0.3511046222222222 0.5288660671875001 0.3511046222222222 0.5288660671875001 0.3346097722222222
7 0.41520625468750005 0.3346097722222222 0.41520625468750005 0.3552283333333333 0.42564440078125 0.3552283333333333 0.42564440078125 0.3346097722222222
6 0.34097943750000004 0.35699563194444445 0.34097943750000004 0.3776141930555556 0.35373717265625004 0.3776141930555556 0.35373717265625004 0.35699563194444445
2 0.45695883828125006 0.33092789166666664 0.45695883828125006 0.36391758750000003 0.46623719140625 0.36391758750000003 0.46623719140625 0.33092789166666664
2 0.44768048515625003 0.33711345833333334 0.44768048515625003 0.3618557291666667 0.46391760234375 0.3618557291666667 0.46391760234375 0.33711345833333334
2 0.47164956875 0.32783510416666667 0.47164956875 0.34226809722222223 0.4809279203125 0.34226809722222223 0.4809279203125 0.32783510416666667
2 0.48440730234374996 0.3298969611111111 0.48440730234374996 0.3608248013888889 0.49484544843749995 0.3608248013888889 0.49484544843749995 0.3298969611111111
2 0.54858256484375 0.3410309847222222 0.54858256484375 0.36783511249999995 0.5613402984375 0.36783511249999995 0.5613402984375 0.3410309847222222
2 0.53582483046875 0.34515469583333336 0.53582483046875 0.3698969680555555 0.554381534375 0.3698969680555555 0.554381534375 0.34515469583333336
2 0.525386684375 0.35154644999999995 0.525386684375 0.38659799999999994 0.547422771875 0.38659799999999994 0.547422771875 0.35154644999999995
2 0.63150783515625 0.3412371708333333 0.63150783515625 0.46288667361111113 0.71617279765625 0.46288667361111113 0.71617279765625 0.3412371708333333
2 0.67558000859375 0.33711345833333334 0.67558000859375 0.4958763708333333 0.8135954953125 0.4958763708333333 0.8135954953125 0.33711345833333334
2 0.75568865390625 0.3449190541666667 0.75568865390625 0.5820324944444445 0.9992453937500001 0.5820324944444445 0.9992453937500001 0.3449190541666667
7 0.8460928046875 0.11643043194444444 0.8460928046875 0.15766755138888888 0.8762474476562501 0.15766755138888888 0.8762474476562501 0.11643043194444444