7 0.5881691484375 0.3965622208333333 0.5881691484375 0.41296845694444445 0.6145363171875 0.41296845694444445 0.6145363171875 0.3965622208333333
7 0.5749855625 0.41296845833333334 0.5749855625 0.45984342638888887 0.6158546742187501 0.45984342638888887 0.6158546742187501 0.41296845833333334
7 0.51170435625 0.40124971805555554 0.51170435625 0.4645309236111111 0.54861839296875 0.4645309236111111 0.54861839296875 0.40124971805555554
7 0.6448585625 0.45281218055555555 0.6448585625 0.4762496638888889 0.6567237875 0.4762496638888889 0.6567237875 0.45281218055555555
7 0.598716015625 0.46687467222222223 0.598716015625 0.502030898611111 0.607944525 0.502030898611111 0.607944525 0.46687467222222223
2 0.45105986640625 0.5207808847222223 0.45105986640625 0.5489058652777777 0.4866555453125 0.5489058652777777 0.4866555453125 0.5207808847222223
9 0.31922401953125 0.5207808847222223 0.31922401953125 0.6028120791666667 0.40454525625000004 0.6028120791666667 0.40454525625000004 0.5207808847222223
2 0.53016137421875 0.5207808847222223 0.53016137421875 0.5512496138888889 0.54334495859375 0.5512496138888889 0.54334495859375 0.5207808847222223
2 0.51961450703125 0.5137496388888889 0.51961450703125 0.5582808583333333 0.53016137578125 0.5582808583333333 0.53016137578125 0.5137496388888889
2 0.539389884375 0.5184371361111111 0.539389884375 0.5653121055555556 0.5565285421875 0.5653121055555556 0.5565285421875 0.5184371361111111
2 0.54466331796875 0.5114058916666667 0.54466331796875 0.5699996013888889 0.584214071875 0.5699996013888889 0.584214071875 0.5114058916666667
2 0.81492680390625 0.49499965277777774 0.81492680390625 0.6895307694444445 0.896665028125 0.6895307694444445 0.896665028125 0.49499965277777774
2 0.4866555453125 0.5114058916666667 0.4866555453125 0.5817183430555555 0.5288430164062501 0.5817183430555555 0.5288430164062501 0.5114058916666667
2 0.5552101859375 0.5207808847222223 0.5552101859375 0.605155825 0.61717303359375 0.605155825 0.61717303359375 0.5207808847222223
2 0.6277199023437501 0.4903121555555555 0.6277199023437501 0.7645307166666667 0.8650244257812499 0.7645307166666667 0.8650244257812499 0.4903121555555555
7 0.77405769140625 0.4481246847222222 0.77405769140625 0.4645309236111111 0.7859229179687499 0.4645309236111111 0.7859229179687499 0.4481246847222222
7 0.7806494835937501 0.43171844444444446 0.7806494835937501 0.4481246847222222 0.7951514265624999 0.4481246847222222 0.7951514265624999 0.43171844444444446
7 0.25929888671875 0.4817717 0.25929888671875 0.5164315347222223 0.28854312265625 0.5164315347222223 0.28854312265625 0.4817717