7 0.00959714921875 0.5353076999999999 0.00959714921875 0.5481039027777778 0.020393943749999997 0.5481039027777778 0.020393943749999997 0.5353076999999999
7 0.00959714921875 0.5502366013888889 0.00959714921875 0.571563601388889 0.017994655468750002 0.571563601388889 0.017994655468750002 0.5502366013888889
2 0.09957043203125 0.5886252 0.09957043203125 0.6184829986111111 0.1427576078125 0.6184829986111111 0.1427576078125 0.5886252
2 0 0.5907579027777777 0 0.6611370041666667 0.025192518749999997 0.6611370041666667 0.025192518749999997 0.5907579027777777
7 0.5626329203125 0.5779617013888889 0.5626329203125 0.5907579055555555 0.5758290015624999 0.5907579055555555 0.5758290015624999 0.5779617013888889
7 0.58422650625 0.5779617013888889 0.58422650625 0.5950233013888889 0.59982187421875 0.5950233013888889 0.59982187421875 0.5779617013888889
2 0.5578343453125 0.5928906013888889 0.5578343453125 0.6035541027777778 0.56743149453125 0.6035541027777778 0.56743149453125 0.5928906013888889
2 0.5326418265624999 0.5907579027777777 0.5326418265624999 0.6035541041666667 0.54463826640625 0.6035541041666667 0.54463826640625 0.5907579027777777
2 0.54463826484375 0.5907579027777777 0.54463826484375 0.6056868013888889 0.55543505859375 0.6056868013888889 0.55543505859375 0.5907579027777777
2 0.5098485953125 0.5886252 0.5098485953125 0.5992886986111111 0.5194457445312499 0.5992886986111111 0.5194457445312499 0.5886252
2 0.5230446765625001 0.5886252 0.5230446765625001 0.6056868 0.5326418265624999 0.6056868 0.5326418265624999 0.5886252
2 0.47505892734375 0.5779617013888889 0.47505892734375 0.5950233013888889 0.48345643359375 0.5950233013888889 0.48345643359375 0.5779617013888889
2 0.46306248984375 0.5822271 0.46306248984375 0.5971559986111111 0.47625857109374997 0.5971559986111111 0.47625857109374997 0.5822271
2 0.46066320234375 0.5950233013888889 0.46066320234375 0.6120848999999999 0.46906070859375 0.6120848999999999 0.46906070859375 0.5950233013888889
2 0.51464716953125 0.6035541 0.51464716953125 0.6355445972222222 0.53624075703125 0.6355445972222222 0.53624075703125 0.6035541
9 0.39948137031250003 0.5800944013888889 0.39948137031250003 0.6014214013888889 0.42227460156249996 0.6014214013888889 0.42227460156249996 0.5800944013888889
2 0.35149561875 0.5876693805555556 0.35149561875 0.6163502986111111 0.37668813671875 0.6163502986111111 0.37668813671875 0.5876693805555556
9 0.30590915703125 0.5459712 0.30590915703125 0.6206157 0.35629419375000004 0.6206157 0.35629419375000004 0.5459712
2 0.31070773125 0.5950233013888889 0.31070773125 0.618483 0.33949918125 0.618483 0.33949918125 0.5950233013888889
9 0.12836188125 0.4862556013888889 0.12836188125 0.6462081027777777 0.31670595078125 0.6462081027777777 0.31670595078125 0.4862556013888889
2 0.46306248984375 0.5971560013888889 0.46306248984375 0.6398100027777778 0.49065429765625 0.6398100027777778 0.49065429765625 0.5971560013888889
2 0.44626747578125 0.5843598013888889 0.44626747578125 0.5971560041666666 0.4570642703125 0.5971560041666666 0.4570642703125 0.5843598013888889
2 0.43427103828125 0.5822271 0.43427103828125 0.5971559986111111 0.44626747578125 0.5971559986111111 0.44626747578125 0.5822271
2 0.42947246406249995 0.5950233013888889 0.42947246406249995 0.6291465055555555 0.45346533906250003 0.6291465055555555 0.45346533906250003 0.5950233013888889
2 0.3682906328125 0.5950233013888889 0.3682906328125 0.6590043013888889 0.42347424609375006 0.6590043013888889 0.42347424609375006 0.5950233013888889
2 0.46306248984375 0.6035541 0.46306248984375 0.6867293986111112 0.52784325234375 0.6867293986111112 0.52784325234375 0.6035541
2 0.663882846875 0.554502 0.663882846875 0.8424165027777778 0.9410005531250001 0.8424165027777778 0.9410005531250001 0.554502
2 0.97753424296875 0.6654659749999999 0.97753424296875 0.7229853055555556 0.9997830984375 0.7229853055555556 0.9997830984375 0.6654659749999999
2 0.5883052890625 0.6035541 0.5883052890625 0.6227484 0.6086992328124999 0.6227484 0.6086992328124999 0.6035541
9 0.4925210921875 0.5724151458333334 0.4925210921875 0.5998727680555556 0.50968210546875 0.5998727680555556 0.50968210546875 0.5724151458333334