2 0.43260284765624996 0.43453095138888886 0.43260284765624996 0.48140591944444444 0.46951688515625 0.48140591944444444 0.46951688515625 0.43453095138888886
2 0.44051299921875 0.4453121944444444 0.44051299921875 0.5109371486111112 0.48797390390624995 0.5109371486111112 0.48797390390624995 0.4453121944444444
2 0.40623567890625 0.43593719999999997 0.40623567890625 0.48281216805555555 0.4365579234375 0.48281216805555555 0.4365579234375 0.43593719999999997
9 0.3864603015625 0.3937497291666666 0.3864603015625 0.4453121944444444 0.4088723953125 0.4453121944444444 0.4088723953125 0.3937497291666666
2 0.34427283046875 0.4289059555555556 0.34427283046875 0.44999969027777775 0.366684925 0.44999969027777775 0.366684925 0.4289059555555556
9 0.28494669921875004 0.3890622319444444 0.28494669921875004 0.48281216805555555 0.342954471875 0.48281216805555555 0.342954471875 0.3890622319444444
9 0.00149962890625 0.12421866527777778 0.00149962890625 0.7171870069444444 0.25989788828125 0.7171870069444444 0.25989788828125 0.12421866527777778
2 0.33504432109375004 0.43593719999999997 0.33504432109375004 0.6051558263888889 0.42732941406249997 0.6051558263888889 0.42732941406249997 0.43593719999999997
2 0.49720241328125 0.46171843194444445 0.49720241328125 0.5578121166666666 0.55257346875 0.5578121166666666 0.55257346875 0.46171843194444445
2 0.5301613749999999 0.4523434388888889 0.5301613749999999 0.6117183291666667 0.6527687125 0.6117183291666667 0.6527687125 0.4523434388888889
2 0.6000343734375 0.46171843194444445 0.6000343734375 0.7457807305555556 0.89270995390625 0.7457807305555556 0.89270995390625 0.46171843194444445
9 0.36009313203125004 0.4082809625 0.36009313203125004 0.4387496916666667 0.37195835859375 0.4387496916666667 0.37195835859375 0.4082809625