7 0.67426075546875 0.3318958583333333 0.67426075546875 0.34933128611111114 0.68546924453125 0.34933128611111114 0.68546924453125 0.3318958583333333
4 0.6556966937500001 0.40661912638888886 0.6556966937500001 0.46141619027777775 0.66830624375 0.46141619027777775 0.66830624375 0.40661912638888886
2 0.73310533125 0.4190730069444445 0.73310533125 0.5660287694444445 0.8928263203125001 0.5660287694444445 0.8928263203125001 0.4190730069444445
6 0.48756933671875 0.33438663055555556 0.48756933671875 0.3592943875 0.498777828125 0.3592943875 0.498777828125 0.33438663055555556
6 0.38108867734374996 0.33438663055555556 0.38108867734374996 0.35431283888888887 0.38809398359374997 0.35431283888888887 0.38809398359374997 0.33438663055555556
9 0.43292794375000004 0.35431283611111114 0.43292794375000004 0.40661912638888886 0.46235023203125003 0.40661912638888886 0.46235023203125003 0.35431283611111114
9 0.38108867734374996 0.3518220611111111 0.38108867734374996 0.4365084347222222 0.4259226375 0.4365084347222222 0.4259226375 0.3518220611111111
2 0.38248973828125 0.40661912638888886 0.38248973828125 0.44896231249999996 0.40350565703125 0.44896231249999996 0.40350565703125 0.40661912638888886
2 0.42872476171875 0.38669292083333334 0.42872476171875 0.43401765694444444 0.4567459875 0.43401765694444444 0.4567459875 0.38669292083333334
2 0.28721756796875 0.3144604277777778 0.28721756796875 0.47387006805555554 0.38108867578125 0.47387006805555554 0.38108867578125 0.3144604277777778
2 0.23397724062499997 0.3941652486111111 0.23397724062499997 0.42903610694444444 0.26900377109375 0.42903610694444444 0.26900377109375 0.3941652486111111
2 0.13870506953125 0.37174826944444445 0.13870506953125 0.4962870513888889 0.1602002609375 0.4962870513888889 0.1602002609375 0.37174826944444445
2 0.0168127359375 0.31944198055555556 0.0168127359375 0.4564346402777778 0.12329339453124999 0.4564346402777778 0.12329339453124999 0.31944198055555556
2 0.23818042187500002 0.3817113694444444 0.23818042187500002 0.5261763583333333 0.35867169453125 0.5261763583333333 0.35867169453125 0.3817113694444444
2 0.41891733203125003 0.37423904166666666 0.41891733203125003 0.6656597958333333 0.65289457109375 0.6656597958333333 0.65289457109375 0.37423904166666666
2 0 0.30449732500000004 0 0.7901985791666667 0.15411674453125 0.7901985791666667 0.15411674453125 0.30449732500000004