6 0.4051595640625 0.340157575 0.4051595640625 0.37842530138888886 0.414726496875 0.37842530138888886 0.414726496875 0.340157575
6 0.32814577265625 0.35078749861111114 0.32814577265625 0.38905522638888884 0.33890856953125004 0.38905522638888884 0.33890856953125004 0.35078749861111114
6 0.25998138125 0.3826772680555555 0.25998138125 0.4251969638888889 0.27433177890625 0.4251969638888889 0.27433177890625 0.3826772680555555
6 0.41544402343750003 0.3465355305555556 0.41544402343750003 0.3826772722222222 0.4238150890625 0.3826772722222222 0.4238150890625 0.3465355305555556
6 0.41903162343749994 0.3486615138888889 0.41903162343749994 0.3826772680555555 0.42740268984374996 0.3826772680555555 0.42740268984374996 0.3486615138888889
6 0.54388009375 0.3380315902777778 0.54388009375 0.3550394680555556 0.555838759375 0.3550394680555556 0.555838759375 0.3380315902777778
7 0.24276089375 0.3826772680555555 0.24276089375 0.40181113194444446 0.25591542343749996 0.40181113194444446 0.25591542343749996 0.3826772680555555
2 0.18296757109375 0.4294489388888889 0.18296757109375 0.5952757569444445 0.2595030265625 0.5952757569444445 0.2595030265625 0.4294489388888889
2 0.23821659765624997 0.39543317916666665 0.23821659765624997 0.6399214375 0.367370178125 0.6399214375 0.367370178125 0.39543317916666665
2 0.5162726421875 0.27273348472222225 0.5162726421875 0.6107650736111111 0.68010634921875 0.6107650736111111 0.68010634921875 0.27273348472222225
9 0.0005125117187500001 0.22808780555555555 0.0005125117187500001 0.6128910611111111 0.20859327890624998 0.6128910611111111 0.20859327890624998 0.22808780555555555
9 0.6283424109375 0.002125986111111111 0.6283424109375 0.9396853013888888 0.9975170664062499 0.9396853013888888 0.9975170664062499 0.002125986111111111
2 0.0005125117187500001 0.4513162138888889 0.0005125117187500001 0.8935210611111111 0.16315035234375 0.8935210611111111 0.16315035234375 0.4513162138888889
2 0.32447843984375 0.28700795416666663 0.32447843984375 0.8418899986111111 0.6234450578125 0.8418899986111111 0.6234450578125 0.28700795416666663