6 0.66146883671875 0.38860321666666664 0.66146883671875 0.40810560972222226 0.67000113359375 0.40810560972222226 0.67000113359375 0.38860321666666664
6 0.5895537656250001 0.39510401388888894 0.5895537656250001 0.41243947638888884 0.5968671624999999 0.41243947638888884 0.5968671624999999 0.39510401388888894
2 0.40671883515624996 0.4514442625 0.40671883515624996 0.4731135875 0.43841022343749997 0.4731135875 0.43841022343749997 0.4514442625
2 0.35308725625 0.44711039722222223 0.35308725625 0.46444585694444446 0.36893295 0.46444585694444446 0.36893295 0.44711039722222223
2 0.62002625390625 0.44277652916666665 0.62002625390625 0.4601119916666667 0.63099635 0.4601119916666667 0.63099635 0.44277652916666665
2 0.61149395703125 0.4514442625 0.61149395703125 0.46877972222222225 0.6212451546875 0.46877972222222225 0.6212451546875 0.4514442625
2 0.5846781671875 0.45361119166666664 0.5846781671875 0.4687797194444444 0.60418056015625 0.4687797194444444 0.60418056015625 0.45361119166666664
2 0.06786476484375001 0.4514442625 0.06786476484375001 0.5077845069444444 0.10565065 0.5077845069444444 0.10565065 0.4514442625
2 0.0398300765625 0.4514442625 0.0398300765625 0.499116775 0.084929359375 0.499116775 0.084929359375 0.4514442625
2 0.031214053125000002 0.44167982083333335 0.031214053125000002 0.4991167763888889 0.07517816171875 0.4991167763888889 0.07517816171875 0.44167982083333335
2 0.5651757734375 0.4514442625 0.5651757734375 0.4731135875 0.585897065625 0.4731135875 0.585897065625 0.4514442625
7 0.52495209140625 0.3994378791666667 0.52495209140625 0.40810560972222226 0.54079778515625 0.40810560972222226 0.54079778515625 0.3994378791666667
2 0.6346530484375 0.44711039722222223 0.6346530484375 0.4601119916666667 0.6456231445312499 0.4601119916666667 0.6456231445312499 0.44711039722222223
2 0.67000113359375 0.4406095986111111 0.67000113359375 0.4536111944444444 0.6797523296875 0.4536111944444444 0.6797523296875 0.4406095986111111
2 0.6602499390625 0.44277652916666665 0.6602499390625 0.4601119916666667 0.67000113515625 0.4601119916666667 0.67000113515625 0.44277652916666665
2 0.6407475460937501 0.45577812500000003 0.6407475460937501 0.499116775 0.66878223515625 0.499116775 0.66878223515625 0.45577812500000003
2 0.6626877375 0.46011199444444445 0.6626877375 0.5186191694444444 0.68584682890625 0.5186191694444444 0.68584682890625 0.46011199444444445
2 0.672438934375 0.45577812500000003 0.672438934375 0.5164522347222222 0.7138815171874999 0.5164522347222222 0.7138815171874999 0.45577812500000003
2 0.687065728125 0.4644458541666666 0.687065728125 0.5272868972222222 0.72728941328125 0.5272868972222222 0.72728941328125 0.4644458541666666
2 0.7102248195312499 0.4341088 0.7102248195312499 0.5540065569444445 0.805800503125 0.5540065569444445 0.805800503125 0.4341088
2 0.8552738640624999 0.3972709472222222 0.8552738640624999 0.6486351180555556 0.99910400859375 0.6486351180555556 0.99910400859375 0.3972709472222222
2 0.44541889218749997 0.45416056944444444 0.44541889218749997 0.47496181666666665 0.48286113750000004 0.47496181666666665 0.48286113750000004 0.45416056944444444