4 0.00085359375 0.3701056291666666 0.00085359375 0.4890805458333333 0.02134034609375 0.4890805458333333 0.02134034609375 0.3701056291666666
4 0.02134034609375 0.3628214513888889 0.02134034609375 0.4720841291666667 0.03772974765625 0.4720841291666667 0.03772974765625 0.3628214513888889
4 0.0841663859375 0.37981786666666667 0.0841663859375 0.4696560680555556 0.10738470468750001 0.4696560680555556 0.10738470468750001 0.37981786666666667
4 0.10465313828125 0.37253368888888894 0.10465313828125 0.46479994999999996 0.12513988984375 0.46479994999999996 0.12513988984375 0.37253368888888894
4 0.14152929140624998 0.37253368888888894 0.14152929140624998 0.45023159305555555 0.1633818265625 0.45023159305555555 0.1633818265625 0.37253368888888894
4 0.171576528125 0.37981786666666667 0.171576528125 0.4259509986111111 0.18386858046875001 0.4259509986111111 0.18386858046875001 0.37981786666666667
6 0.25352353671875 0.33611279583333337 0.25352353671875 0.35553727222222226 0.2644498046875 0.35553727222222226 0.2644498046875 0.33611279583333337
6 0.40375971875000005 0.32882861944444447 0.40375971875000005 0.3531092138888889 0.4105886359375 0.3531092138888889 0.4105886359375 0.32882861944444447
6 0.532143365625 0.4044453375 0.532143365625 0.4262978736111111 0.5389722828125 0.4262978736111111 0.5389722828125 0.4044453375
2 0.38463875000000003 0.3847241625 0.38463875000000003 0.86057365 0.9063680375000001 0.86057365 0.9063680375000001 0.3847241625
9 0.57994578671875 0 0.57994578671875 0.7513109722222222 0.99924131484375 0.7513109722222222 0.99924131484375 0
2 0.24396305234375001 0.3652495097222222 0.24396305234375001 0.6590447111111112 0.440635871875 0.6590447111111112 0.440635871875 0.3652495097222222
2 0.1360661578125 0.3968142833333333 0.1360661578125 0.5643503902777778 0.2644498046875 0.5643503902777778 0.2644498046875 0.3968142833333333
2 0.43517273906250004 0.40652652083333335 0.43517273906250004 0.5157891986111112 0.54580119921875 0.5157891986111112 0.54580119921875 0.40652652083333335
9 0.41468598671874995 0.3409689152777778 0.41468598671874995 0.4405193555555556 0.48843829453125 0.4405193555555556 0.48843829453125 0.3409689152777778
9 0.2507919703125 0.3531092125 0.2507919703125 0.43809129444444445 0.3108864421875 0.43809129444444445 0.3108864421875 0.3531092125
7 0.19069749609375 0.3506811527777778 0.19069749609375 0.3579653305555555 0.209818465625 0.3579653305555555 0.209818465625 0.3506811527777778
6 0.56538855078125 0.3465983458333333 0.56538855078125 0.3656612541666666 0.57221220546875 0.3656612541666666 0.57221220546875 0.3465983458333333