2 0.467583790625 0.521291475 0.467583790625 0.5382993527777777 0.477150721875 0.5382993527777777 0.477150721875 0.521291475
2 0.41855326640625 0.5153387458333334 0.41855326640625 0.5344726069444444 0.4257284671875 0.5344726069444444 0.4257284671875 0.5153387458333334
2 0.53957495 0.5136379486111111 0.53957495 0.5497796930555556 0.57664681171875 0.5497796930555556 0.57664681171875 0.5136379486111111
2 0.48576095781250006 0.5136379486111111 0.48576095781250006 0.5412757541666667 0.51207002109375 0.5412757541666667 0.51207002109375 0.5136379486111111
2 0.51207001953125 0.5093859805555555 0.51207001953125 0.5391497652777778 0.54316254765625 0.5391497652777778 0.54316254765625 0.5093859805555555
2 0.56923244375 0.5242678722222223 0.56923244375 0.5519056763888889 0.60630430234375 0.5519056763888889 0.60630430234375 0.5242678722222223
2 0.6015208359375 0.5115119652777778 0.6015208359375 0.5604096152777778 0.6565306921875 0.5604096152777778 0.6565306921875 0.5115119652777778
2 0.68642735546875 0.5370237861111111 0.68642735546875 0.5837954513888889 0.72828268203125 0.5837954513888889 0.72828268203125 0.5370237861111111
2 0.66131415859375 0.5306458305555556 0.66131415859375 0.5752915111111111 0.7019736203125 0.5752915111111111 0.7019736203125 0.5306458305555556
2 0.72230334921875 0.5178899194444444 0.72230334921875 0.5859214319444445 0.7773132070312501 0.5859214319444445 0.7773132070312501 0.5178899194444444
2 0.75578761015625 0.5285198458333333 0.75578761015625 0.5922993888888889 0.8107974671875 0.5922993888888889 0.8107974671875 0.5285198458333333
2 0.79214198203125 0.5008820430555555 0.79214198203125 0.6127088236111111 0.9265573648437501 0.6127088236111111 0.9265573648437501 0.5008820430555555
6 0.4156831921875 0.48174817638888884 0.4156831921875 0.49875605416666663 0.42477178593750003 0.49875605416666663 0.42477178593750003 0.48174817638888884
6 0.37382786640625 0.4762206055555555 0.37382786640625 0.4932284833333333 0.383394796875 0.4932284833333333 0.383394796875 0.4762206055555555
7 0.38243810078124996 0.4698426486111111 0.38243810078124996 0.49748045277777775 0.43146862578125 0.49748045277777775 0.43146862578125 0.4698426486111111
2 0.40181113515625 0.5155513208333333 0.40181113515625 0.5453151097222222 0.41974913125 0.5453151097222222 0.41974913125 0.5155513208333333
2 0.42572846640625006 0.5091733708333334 0.42572846640625006 0.5474410986111111 0.450841659375 0.5474410986111111 0.450841659375 0.5091733708333334
2 0.37729587109375 0.5091733708333334 0.37729587109375 0.5389371583333333 0.40360493203125003 0.5389371583333333 0.40360493203125003 0.5091733708333334
7 0.10085140781249999 0.2714173972222222 0.10085140781249999 0.3373229291666667 0.10443900625 0.3373229291666667 0.10443900625 0.2714173972222222
2 0.35875994140625 0.5052757444444445 0.35875994140625 0.5414174847222222 0.3755020703125 0.5414174847222222 0.3755020703125 0.5052757444444445
2 0.34082194453125003 0.5031497569444444 0.34082194453125003 0.5371655152777778 0.3575640765625 0.5371655152777778 0.3575640765625 0.5031497569444444
2 0.3061418171875 0.5116536972222222 0.3061418171875 0.5392915013888888 0.33005914609375 0.5392915013888888 0.33005914609375 0.5116536972222222
2 0.27983275390625 0.49606313472222224 0.27983275390625 0.5725985902777778 0.3109252828125 0.5725985902777778 0.3109252828125 0.49606313472222224
2 0.2379774265625 0.4918111652777778 0.2379774265625 0.5789765430555556 0.29537901718750004 0.5789765430555556 0.29537901718750004 0.4918111652777778
2 0.19253450156250002 0.47905525555555556 0.19253450156250002 0.5959844208333334 0.26189475859375 0.5959844208333334 0.26189475859375 0.47905525555555556
2 0.05500985703125 0.4620473763888889 0.05500985703125 0.6363781333333333 0.20090556796875 0.6363781333333333 0.20090556796875 0.4620473763888889
2 0 0.44149619861111117 0 0.6859844513888889 0.07932581093749999 0.6859844513888889 0.07932581093749999 0.44149619861111117
7 0.45961135078125004 0.47125998194444446 0.45961135078125004 0.49039384444444445 0.4703741484375 0.49039384444444445 0.4703741484375 0.47125998194444446