6 0.34118274609375 0.4419128888888889 0.34118274609375 0.4540438305555556 0.34898120781249997 0.4540438305555556 0.34898120781249997 0.4419128888888889
6 0.38407429140625 0.44364588194444443 0.38407429140625 0.45404383333333337 0.39187275390625 0.45404383333333337 0.39187275390625 0.44364588194444443
2 0.6307006765625001 0.37779219583333334 0.6307006765625001 0.7937102111111112 0.9994969906250001 0.7937102111111112 0.9994969906250001 0.37779219583333334
2 0.1686417578125 0.5025676 0.1686417578125 0.5684212861111111 0.22907984453125 0.5684212861111111 0.22907984453125 0.5025676
2 0.28464389140625 0.48523768333333334 0.28464389140625 0.559756326388889 0.33435909140625003 0.559756326388889 0.33435909140625003 0.48523768333333334
2 0.35190563203125 0.48350469166666665 0.35190563203125 0.5372274333333333 0.38797352265625 0.5372274333333333 0.38797352265625 0.48350469166666665
2 0.46888257421875 0.4887036666666667 0.46888257421875 0.5996151375 0.5751366296875 0.5996151375 0.5751366296875 0.4887036666666667
2 0.41136891015625 0.4644417819444444 0.41136891015625 0.5632223111111111 0.4737566125 0.5632223111111111 0.4737566125 0.4644417819444444
2 0.25637446328125 0.5043005902777777 0.25637446328125 0.5372274333333333 0.28659350703125 0.5372274333333333 0.28659350703125 0.5043005902777777
2 0.32948505156249996 0.49043665833333333 0.32948505156249996 0.5285624763888889 0.34508197734375 0.5285624763888889 0.34508197734375 0.49043665833333333
2 0.3431323625 0.48697067638888886 0.3431323625 0.5129655527777778 0.352880440625 0.5129655527777778 0.352880440625 0.48697067638888886
2 0.39772160078124996 0.49390264305555553 0.39772160078124996 0.5389604277777778 0.41624295 0.5389604277777778 0.41624295 0.49390264305555553
2 0.3899231390625 0.4817717013888889 0.3899231390625 0.5354944430555555 0.41819256640624997 0.5354944430555555 0.41819256640624997 0.4817717013888889
2 0.6307006765625001 0.43671391666666665 0.6307006765625001 0.5060335847222223 0.69991203359375 0.5060335847222223 0.69991203359375 0.43671391666666665
2 0.46985738125000004 0.4661747722222222 0.46985738125000004 0.5094995666666667 0.5283458515625 0.5094995666666667 0.5283458515625 0.4661747722222222