2 0.5483850671875 0.3349000819444444 0.5483850671875 0.3557013291666667 0.5628037499999999 0.3557013291666667 0.5628037499999999 0.3349000819444444
2 0.56046361015625 0.3349000819444444 0.56046361015625 0.3557013291666667 0.5686541 0.3557013291666667 0.5686541 0.3349000819444444
2 0.5663139609375001 0.32865970972222225 0.5663139609375001 0.36194170416666666 0.5815248726562501 0.36194170416666666 0.5815248726562501 0.32865970972222225
2 0.575674521875 0.33073983333333334 0.575674521875 0.37234232916666665 0.59322557578125 0.37234232916666665 0.59322557578125 0.33073983333333334
2 0.58503508359375 0.32865970972222225 0.58503508359375 0.37234232916666665 0.60375620546875 0.37234232916666665 0.60375620546875 0.32865970972222225
2 0.590885434375 0.3265795861111111 0.590885434375 0.38482307916666664 0.62364739921875 0.38482307916666664 0.62364739921875 0.3265795861111111
2 0.6002459953125 0.3349000819444444 0.6002459953125 0.39106345138888887 0.6283276812499999 0.39106345138888887 0.6283276812499999 0.3349000819444444
2 0.6142868375 0.31825908472222225 0.6142868375 0.413944825 0.69151146875 0.413944825 0.69151146875 0.31825908472222225
2 0.7224013140625 0.199691975 0.7224013140625 0.5553933055555555 0.9997079429687499 0.5553933055555555 0.9997079429687499 0.199691975
2 0.5148308734375 0.3362868333333333 0.5148308734375 0.36124832916666666 0.527701646875 0.36124832916666666 0.527701646875 0.3362868333333333
2 0.5089805226562499 0.3362868333333333 0.5089805226562499 0.3737290777777778 0.5253615046875 0.3737290777777778 0.5253615046875 0.3362868333333333
2 0.51015059296875 0.34252720833333333 0.51015059296875 0.3737290791666667 0.52302136640625 0.3737290791666667 0.52302136640625 0.34252720833333333
2 0.46217771562500004 0.3092452125 0.46217771562500004 0.39245020277777776 0.5113206625 0.39245020277777776 0.5113206625 0.3092452125
2 0.45632736484374997 0.3154855861111111 0.45632736484374997 0.41117132500000003 0.4890893296875 0.41117132500000003 0.4890893296875 0.3154855861111111
2 0.38495308515625004 0.3009247125 0.38495308515625004 0.4319725708333333 0.46919813671875 0.4319725708333333 0.46919813671875 0.3009247125
2 0.52849387421875 0.3349000819444444 0.52849387421875 0.36194170416666666 0.5495551375 0.36194170416666666 0.5495551375 0.3349000819444444
7 0.6592175328125001 0.2974578375 0.6592175328125001 0.33073983333333334 0.66857809453125 0.33073983333333334 0.66857809453125 0.2974578375