2 0.76728462890625 0.4109372055555556 0.76728462890625 0.8867181291666667 0.997997359375 0.8867181291666667 0.997997359375 0.4109372055555556
2 0.5331441781249999 0.4300778305555556 0.5331441781249999 0.5546871305555555 0.623144109375 0.5546871305555555 0.623144109375 0.4300778305555556
2 0.52338831171875 0.45859344583333334 0.52338831171875 0.5289058972222223 0.54448204765625 0.5289058972222223 0.54448204765625 0.45859344583333334
2 0.5118526765625 0.45117156666666663 0.5118526765625 0.5121090236111111 0.5421749203124999 0.5121090236111111 0.5421749203124999 0.45117156666666663
2 0.498669090625 0.44882781666666666 0.498669090625 0.5050777777777777 0.51844446796875 0.5050777777777777 0.51844446796875 0.44882781666666666
2 0.48680386640625006 0.4535153138888889 0.48680386640625006 0.4863277916666666 0.49998744921875 0.4863277916666666 0.49998744921875 0.4535153138888889
2 0.46966520546875 0.44882781666666666 0.46966520546875 0.47226529861111116 0.48021207265625004 0.47226529861111116 0.48021207265625004 0.44882781666666666
2 0.4376950125 0.46124968333333327 0.4376950125 0.4870309125 0.44824188046874996 0.4870309125 0.44824188046874996 0.46124968333333327
2 0.42319306875 0.45890593611111113 0.42319306875 0.4893746652777778 0.43373993671875005 0.4893746652777778 0.43373993671875005 0.45890593611111113
2 0.41330538046875 0.4652340541666667 0.41330538046875 0.5027340263888889 0.42517060703125004 0.5027340263888889 0.42517060703125004 0.4652340541666667
2 0.4065817625 0.4654684277777778 0.4065817625 0.5029684013888889 0.41581027265625004 0.5029684013888889 0.41581027265625004 0.4654684277777778
2 0.39339817890625 0.4678121763888889 0.39339817890625 0.5053121486111111 0.40658176171875005 0.5053121486111111 0.40658176171875005 0.4678121763888889
2 0.3604392171875 0.45609343333333335 0.3604392171875 0.5170308902777778 0.39867161328125 0.5170308902777778 0.39867161328125 0.45609343333333335
2 0.33275368828124996 0.47015592361111114 0.33275368828124996 0.5334371291666666 0.3815329515625 0.5334371291666666 0.3815329515625 0.47015592361111114
2 0.45351531328125 0.4582028083333333 0.45351531328125 0.4933590375 0.47460904765625 0.4933590375 0.47460904765625 0.4582028083333333
2 0.24653303359374998 0.4582028083333333 0.24653303359374998 0.5707027319444444 0.3335446921875 0.5707027319444444 0.3335446921875 0.4582028083333333
2 0.22280258125 0.46757780555555556 0.22280258125 0.6035152097222223 0.28740214609375003 0.6035152097222223 0.28740214609375003 0.46757780555555556
2 0 0.42070283611111114 0 0.6714839125 0.22675765625 0.6714839125 0.22675765625 0.42070283611111114
7 0.29531229609375 0.39726535138888885 0.29531229609375 0.4371090722222222 0.32299782421875 0.4371090722222222 0.32299782421875 0.39726535138888885
7 0.30454080703124997 0.4417965708333333 0.30454080703124997 0.45585905972222224 0.32167946640625 0.45585905972222224 0.32167946640625 0.4417965708333333
7 0.735644025 0.39023410694444444 0.735644025 0.42304658472222223 0.75410104375 0.42304658472222223 0.75410104375 0.39023410694444444
7 0.62885698984375 0.43710907638888885 0.62885698984375 0.4582028111111111 0.6354487828125001 0.4582028111111111 0.6354487828125001 0.43710907638888885