7 0.48545430703125003 0.18924269166666668 0.48545430703125003 0.24643141805555555 0.51664815859375 0.24643141805555555 0.51664815859375 0.18924269166666668
7 0.6336250999999999 0.16844679027777779 0.6336250999999999 0.2100385916666667 0.6667685671875 0.2100385916666667 0.6667685671875 0.16844679027777779
2 0.054589239062499996 0.3625418638888889 0.054589239062499996 0.7178051680555555 0.368477365625 0.7178051680555555 0.368477365625 0.3625418638888889
2 0.7876447398437499 0.4405264916666667 0.7876447398437499 0.6432865249999999 0.98845515546875 0.6432865249999999 0.98845515546875 0.4405264916666667
9 0.76035011953125 0.40413366527777783 0.76035011953125 0.5549039458333334 0.8363851320312501 0.5549039458333334 0.8363851320312501 0.40413366527777783
2 0.543942778125 0.4838512847222222 0.543942778125 0.5323750527777779 0.581960284375 0.5323750527777779 0.581960284375 0.4838512847222222
2 0.5829350921875001 0.4925162430555555 0.5829350921875001 0.5202441111111111 0.60633048046875 0.5202441111111111 0.60633048046875 0.4925162430555555
2 0.6258266367187499 0.4734533347222222 0.6258266367187499 0.5427730027777777 0.6823654929687499 0.5427730027777777 0.6823654929687499 0.4734533347222222
2 0.70381126484375 0.4821182930555556 0.70381126484375 0.5393070194444445 0.74280357890625 0.5393070194444445 0.74280357890625 0.4821182930555556
2 0.6823654921875 0.48905025972222227 0.6823654921875 0.5167781277777778 0.70186164921875 0.5167781277777778 0.70186164921875 0.48905025972222227
2 0.7379295390625 0.4925162430555555 0.7379295390625 0.5237100944444444 0.757425696875 0.5237100944444444 0.757425696875 0.4925162430555555
2 0.60340605625 0.4907832513888889 0.60340605625 0.5133121444444444 0.6160785578125 0.5133121444444444 0.6160785578125 0.4907832513888889
2 0.61705336640625 0.4925162430555555 0.61705336640625 0.5115791527777778 0.62972586875 0.5115791527777778 0.62972586875 0.4925162430555555