6 0.26974826328125 0.22432022638888888 0.26974826328125 0.2596676527777778 0.2819839140625 0.2596676527777778 0.2819839140625 0.22432022638888888
6 0.738373615625 0.22024167777777776 0.738373615625 0.2610271722222222 0.74984453515625 0.2610271722222222 0.74984453515625 0.22024167777777776
6 0.58236909140625 0.12779455416666666 0.58236909140625 0.16858004999999998 0.59460474140625 0.16858004999999998 0.59460474140625 0.12779455416666666
6 0.48502876562499997 0.2984138791666667 0.48502876562499997 0.3052114611111111 0.49191131796875 0.3052114611111111 0.49191131796875 0.2984138791666667
7 0.38542293828125 0.2093655472222222 0.38542293828125 0.2474320125 0.4091295046875 0.2474320125 0.4091295046875 0.2093655472222222
7 0.42901243593749994 0.24199394166666666 0.42901243593749994 0.27462234444444444 0.44889536640624994 0.27462234444444444 0.44889536640624994 0.24199394166666666
7 0.48254339999999996 0.2569486236111111 0.48254339999999996 0.27598185277777776 0.49630850468750004 0.27598185277777776 0.49630850468750004 0.2569486236111111
6 0.48560231171875 0.2787008902777778 0.48560231171875 0.2882175069444444 0.49707323125 0.2882175069444444 0.49707323125 0.2787008902777778
2 0.24012460703125 0.3201661444444444 0.24012460703125 0.34327792916666666 0.2737726421875 0.34327792916666666 0.2737726421875 0.3201661444444444
2 0.18812310000000002 0.31608759583333335 0.18812310000000002 0.3473564763888889 0.2332420578125 0.3473564763888889 0.2332420578125 0.31608759583333335
2 0.3013028515625 0.3133685611111111 0.3013028515625 0.3446374472222222 0.332656703125 0.3446374472222222 0.332656703125 0.3133685611111111
2 0.35903981875 0.3228851763888889 0.35903981875 0.3677492222222222 0.42174751875 0.3677492222222222 0.42174751875 0.3228851763888889
2 0.47069011484375 0.3215256583333333 0.47069011484375 0.3459969583333333 0.48827886015625 0.3459969583333333 0.48827886015625 0.3215256583333333
2 0.434747896875 0.3201661444444444 0.434747896875 0.3527945388888889 0.4729842984375 0.3527945388888889 0.4729842984375 0.3201661444444444
2 0.51657379765625 0.31608759583333335 0.51657379765625 0.33376130972222223 0.52422107890625 0.33376130972222223 0.52422107890625 0.31608759583333335
2 0.56092802578125 0.31744710972222223 0.56092802578125 0.335120825 0.572398946875 0.335120825 0.572398946875 0.31744710972222223
2 0.5685753046875 0.3147280791666667 0.5685753046875 0.34871599305555556 0.5785167695312501 0.34871599305555556 0.5785167695312501 0.3147280791666667
2 0.57163421875 0.3079304958333333 0.57163421875 0.35415405833333335 0.58386986640625 0.35415405833333335 0.58386986640625 0.3079304958333333
2 0.57851677109375 0.30385194444444447 0.57851677109375 0.3595921277777778 0.61063534921875 0.3595921277777778 0.61063534921875 0.30385194444444447
2 0.6706665 0.3024924305555555 0.6706665 0.33783985555555557 0.7119618140624999 0.33783985555555557 0.7119618140624999 0.3024924305555555
2 0.8530541414062499 0.31744710972222223 0.8530541414062499 0.4452416652777778 0.937938953125 0.4452416652777778 0.937938953125 0.31744710972222223
2 0.5219268953125 0.3024924305555555 0.5219268953125 0.37318729027777775 0.56475166484375 0.37318729027777775 0.56475166484375 0.3024924305555555
2 0.60298806796875 0.2739425819444445 0.60298806796875 0.39629906805555554 0.6725783203125 0.39629906805555554 0.6725783203125 0.2739425819444445
2 0.6695194085937499 0.2970543611111111 0.6695194085937499 0.5295316888888889 0.8943494554687501 0.5295316888888889 0.8943494554687501 0.2970543611111111
4 0.19874863828125 0.31951294027777777 0.19874863828125 0.3956458638888889 0.21557265546874999 0.3956458638888889 0.21557265546874999 0.31951294027777777
5 0.3948082375 0.30788800972222224 0.3948082375 0.35819012499999997 0.41086752578125 0.35819012499999997 0.41086752578125 0.30788800972222224
0 0.39633769296875 0.32964027638888893 0.39633769296875 0.3622686708333333 0.40780861249999995 0.3622686708333333 0.40780861249999995 0.32964027638888893
3 0.051862474218749996 0.33099979027777776 0.051862474218749996 0.4397611138888889 0.16504222578125 0.4397611138888889 0.16504222578125 0.33099979027777776
3 0.0312148171875 0.3609091569444445 0.0312148171875 0.44112063055555556 0.12068799765625 0.44112063055555556 0.12068799765625 0.3609091569444445
3 0 0.3513925388888889 0 0.4587943486111111 0.06715703437500001 0.4587943486111111 0.06715703437500001 0.3513925388888889