4 0.6102453117187501 0.12032273333333333 0.6102453117187501 0.2523276208333333 0.64893161875 0.2523276208333333 0.64893161875 0.12032273333333333
4 0.5578316046875 0.13807129027777776 0.5578316046875 0.23346978194444443 0.5796706484375 0.23346978194444443 0.5796706484375 0.13807129027777776
4 0.20029525234375 0.15803841666666668 0.20029525234375 0.28449688055555555 0.23398977734374998 0.28449688055555555 0.23398977734374998 0.15803841666666668
4 0.164728809375 0.15914770138888887 0.164728809375 0.2911525888888889 0.20528703359375 0.2911525888888889 0.20528703359375 0.15914770138888887
4 0.71195286015625 0.1092298861111111 0.71195286015625 0.28782473611111115 0.754383003125 0.28782473611111115 0.754383003125 0.1092298861111111
4 0.65891518203125 0.13141558194444444 0.65891518203125 0.2423440625 0.68948984296875 0.2423440625 0.68948984296875 0.13141558194444444
4 0.33569732734375 0.1746776888888889 0.33569732734375 0.20906551666666667 0.34380897187500004 0.20906551666666667 0.34380897187500004 0.1746776888888889
7 0.056157560937499997 0.036017090277777775 0.056157560937499997 0.054874933333333334 0.10295551249999998 0.054874933333333334 0.10295551249999998 0.036017090277777775
7 0.40183843281250003 0.009394254166666666 0.40183843281250003 0.02936138333333333 0.44614049296875 0.02936138333333333 0.44614049296875 0.009394254166666666
7 0.4810829640625 0.05265636111111111 0.4810829640625 0.06374920833333333 0.5004261156250001 0.06374920833333333 0.5004261156250001 0.05265636111111111
7 0.46922748203125 0.07595134305555555 0.46922748203125 0.08704418888888889 0.489194609375 0.08704418888888889 0.489194609375 0.07595134305555555
7 0.44551652109375006 0.10146489444444444 0.44551652109375006 0.12143201944444446 0.47297131796874997 0.12143201944444446 0.47297131796874997 0.10146489444444444
6 0.3463048625 0.11477630972222222 0.3463048625 0.13030629722222223 0.35254458984375 0.13030629722222223 0.35254458984375 0.11477630972222222
6 0.40183843281250003 0.11144845555555555 0.40183843281250003 0.13141558194444444 0.40683021484375 0.13141558194444444 0.40683021484375 0.11144845555555555
6 0.17533634609374998 0.0005199791666666667 0.17533634609374998 0.0160499625 0.18220004375 0.0160499625 0.18220004375 0.0005199791666666667
6 0.48545077265625 0.11144845555555555 0.48545077265625 0.13141558194444444 0.49668228125 0.13141558194444444 0.49668228125 0.11144845555555555
6 0.53287269765625 0.04267279722222222 0.53287269765625 0.08260705 0.5646953031249999 0.08260705 0.5646953031249999 0.04267279722222222
4 0.6320843554687501 0.13807129027777776 0.6320843554687501 0.24345334444444444 0.648307646875 0.24345334444444444 0.648307646875 0.13807129027777776
4 0.00873563671875 0.21350265555555556 0.00873563671875 0.2778411736111111 0.029326735937499997 0.2778411736111111 0.029326735937499997 0.21350265555555556
2 0.20965484296875 0.18022411249999998 0.20965484296875 0.2401254888888889 0.23648566875000002 0.2401254888888889 0.23648566875000002 0.18022411249999998
2 0.22712608046875 0.1890983902777778 0.22712608046875 0.23790691944444445 0.25770074140625 0.23790691944444445 0.25770074140625 0.1890983902777778
2 0.46922748203125 0.12143201805555556 0.46922748203125 0.2323604986111111 0.6127412015625 0.2323604986111111 0.6127412015625 0.12143201805555556
2 0.74014506484375 0.11588559583333334 0.74014506484375 0.23249991805555556 0.7654919382812501 0.23249991805555556 0.7654919382812501 0.11588559583333334
2 0.30761855703125 0.18244268194444446 0.30761855703125 0.6427958666666667 0.6252206554687499 0.6427958666666667 0.6252206554687499 0.18244268194444446
2 0.3531685625 0.18133339722222222 0.3531685625 0.20130052222222222 0.3675199328125 0.20130052222222222 0.3675199328125 0.18133339722222222
0 0.59090215703125 0.2157212263888889 0.59090215703125 0.3943160763888889 0.64643572734375 0.3943160763888889 0.64643572734375 0.2157212263888889
0 0.620852846875 0.26009261666666667 0.620852846875 0.38211394444444446 0.6545473726562501 0.38211394444444446 0.6545473726562501 0.26009261666666667
0 0.630836409375 0.2467812 0.630836409375 0.3787860875 0.6732665531250001 0.3787860875 0.6732665531250001 0.2467812
7 0.19467949921875 0.1336341513888889 0.19467949921875 0.15581984583333333 0.20653498203125 0.15581984583333333 0.20653498203125 0.1336341513888889
6 0.298258965625 0.14916413888888888 0.298258965625 0.16580340972222224 0.302002803125 0.16580340972222224 0.302002803125 0.14916413888888888
6 0.39871856796875 0.15914770138888887 0.39871856796875 0.17245911666666666 0.403086378125 0.17245911666666666 0.403086378125 0.15914770138888887