4 0.643373178125 0.3379333861111111 0.643373178125 0.47483973472222224 0.677491453125 0.47483973472222224 0.677491453125 0.3379333861111111
2 0.0009748078125000001 0.3639282625 0.0009748078125000001 0.5146985430555555 0.056538854687499994 0.5146985430555555 0.056538854687499994 0.3639282625
2 0.10722886328125 0.3639282625 0.10722886328125 0.4661747736111111 0.22128138125 0.4661747736111111 0.22128138125 0.3639282625
2 0.24857600078125 0.3517973208333333 0.24857600078125 0.4644417805555555 0.34703159296875 0.4644417805555555 0.34703159296875 0.3517973208333333
2 0.70381126484375 0.32233646111111114 0.70381126484375 0.48350469166666665 0.8734278296875001 0.48350469166666665 0.8734278296875001 0.32233646111111114
2 0.49910161718749996 0.3587292875 0.49910161718749996 0.3985880972222222 0.52639623671875 0.3985880972222222 0.52639623671875 0.3587292875
2 0.21055849453125003 0.37605920416666666 0.21055849453125003 0.4540438319444445 0.26319811953125 0.4540438319444445 0.26319811953125 0.37605920416666666
2 0.34215755390624997 0.3725932208333333 0.34215755390624997 0.41245203055555557 0.36262851875 0.41245203055555557 0.36262851875 0.3725932208333333
2 0.364578134375 0.37779219583333334 0.364578134375 0.4089860472222222 0.376275828125 0.4089860472222222 0.376275828125 0.37779219583333334
2 0.3753010203125 0.37086022916666667 0.3753010203125 0.4089860472222222 0.39187275390625 0.4089860472222222 0.39187275390625 0.37086022916666667
4 0.38309948359375 0.3587292875 0.38309948359375 0.41245203055555557 0.38992313828124997 0.41245203055555557 0.38992313828124997 0.3587292875
2 0.39674679296875 0.38299117083333334 0.39674679296875 0.4020540805555556 0.4133185265625 0.4020540805555556 0.4133185265625 0.38299117083333334
2 0.4133185265625 0.37779219583333334 0.4133185265625 0.3985880972222222 0.42306660546875 0.3985880972222222 0.42306660546875 0.37779219583333334
9 0.42696583671875 0.3639282625 0.42696583671875 0.3968551055555556 0.4445123765625 0.3968551055555556 0.4445123765625 0.3639282625
2 0.44646199375 0.3812581791666667 0.44646199375 0.3968551055555556 0.45426045625 0.3968551055555556 0.45426045625 0.3812581791666667
2 0.456210071875 0.37086022916666667 0.456210071875 0.3985880972222222 0.46985738203125005 0.3985880972222222 0.46985738203125005 0.37086022916666667
2 0.46985738203125005 0.37779219583333334 0.46985738203125005 0.39165613194444443 0.48058026796875 0.39165613194444443 0.48058026796875 0.37779219583333334
2 0.64532279375 0.3465983458333333 0.64532279375 0.43671391527777775 0.72233261484375 0.43671391527777775 0.72233261484375 0.3465983458333333
2 0.6190029820312499 0.35006432916666663 0.6190029820312499 0.42631596527777776 0.64532279375 0.42631596527777776 0.64532279375 0.35006432916666663
2 0.5848847078125 0.3569962958333333 0.5848847078125 0.41245203055555557 0.62972586875 0.41245203055555557 0.62972586875 0.3569962958333333
2 0.56831297421875 0.36219527083333336 0.56831297421875 0.4107190388888889 0.5858595156249999 0.4107190388888889 0.5858595156249999 0.36219527083333336
2 0.55369085625 0.36739424583333335 0.55369085625 0.4020540805555556 0.5712373976562499 0.4020540805555556 0.5712373976562499 0.36739424583333335
2 0.54589239375 0.37086022916666667 0.54589239375 0.3985880972222222 0.5585648953125 0.3985880972222222 0.5585648953125 0.37086022916666667
2 0.5371191234375 0.37086022916666667 0.5371191234375 0.40032108888888884 0.5468672015625 0.40032108888888884 0.5468672015625 0.37086022916666667
6 0.45133603281249995 0.33100141944444444 0.45133603281249995 0.35006432916666663 0.45523526406250003 0.35006432916666663 0.45523526406250003 0.33100141944444444
6 0.5088496953125 0.33100141944444444 0.5088496953125 0.3465983458333333 0.51469854296875 0.3465983458333333 0.51469854296875 0.33100141944444444