2 0.3960772078125 0.44919100972222226 0.3960772078125 0.4661874263888889 0.40836925859375006 0.4661874263888889 0.40836925859375006 0.44919100972222226
2 0.389248290625 0.4516190708333333 0.389248290625 0.4710435458333333 0.398808775 0.4710435458333333 0.398808775 0.4516190708333333
2 0.37968780625 0.4540471263888889 0.37968780625 0.4710435430555555 0.3906140734375 0.4710435430555555 0.3906140734375 0.4540471263888889
2 0.3482747859375 0.4540471263888889 0.3482747859375 0.49289607916666667 0.37832202265625 0.49289607916666667 0.37832202265625 0.4540471263888889
2 0.33734851718750003 0.4540471263888889 0.33734851718750003 0.4783277236111111 0.355103703125 0.4783277236111111 0.355103703125 0.4540471263888889
2 0.31549598359375 0.4540471263888889 0.31549598359375 0.4953241388888889 0.34144586875 0.4953241388888889 0.34144586875 0.4540471263888889
2 0.3004723640625 0.4564751875 0.3004723640625 0.48803996111111114 0.31822754921874996 0.48803996111111114 0.31822754921874996 0.4564751875
2 0.25540150859375 0.44433489027777784 0.25540150859375 0.5123205583333333 0.3004723640625 0.5123205583333333 0.3004723640625 0.44433489027777784
2 0.25266994296875 0.46375936805555557 0.25266994296875 0.5171766763888889 0.2772540453125 0.5171766763888889 0.2772540453125 0.46375936805555557
2 0.21033065546875 0.4540471263888889 0.21033065546875 0.5293169722222223 0.25813307578125 0.5293169722222223 0.25813307578125 0.4540471263888889
2 0.17208871875 0.4661874263888889 0.17208871875 0.5366011513888889 0.22808584140625002 0.5366011513888889 0.22808584140625002 0.4661874263888889
2 0.14613883203125 0.46133130694444446 0.14613883203125 0.5438853291666667 0.18438076875 0.5438853291666667 0.18438076875 0.46133130694444446
2 0.43705071171875 0.4457917236111111 0.43705071171875 0.45793202083333334 0.46026903125 0.45793202083333334 0.46026903125 0.4457917236111111
2 0.4452454125 0.45064784305555555 0.4452454125 0.48464067499999997 0.4616348140625 0.48464067499999997 0.4616348140625 0.45064784305555555
2 0.45070854687499995 0.43850754583333335 0.45070854687499995 0.5016370930555555 0.46982951484375 0.5016370930555555 0.46982951484375 0.43850754583333335
2 0.4589032484375 0.4336514236111111 0.4589032484375 0.5380579819444444 0.5135345874999999 0.5380579819444444 0.5135345874999999 0.4336514236111111
2 0.48485313359375004 0.4482197819444444 0.48485313359375004 0.5574824597222222 0.5176319375 0.5574824597222222 0.5176319375 0.4482197819444444
2 0.497145184375 0.4065265236111111 0.497145184375 0.6080554625 0.611870996875 0.6080554625 0.611870996875 0.4065265236111111
2 0.5599712234374999 0.3504499236111111 0.5599712234374999 0.7656481013888888 0.8836619070312499 0.7656481013888888 0.8836619070312499 0.3504499236111111
2 0.6951837882812499 0.40895458194444445 0.6951837882812499 0.8872823041666666 0.9978755312500001 0.8872823041666666 0.9978755312500001 0.40895458194444445
2 0.398808775 0.44676294861111115 0.398808775 0.5098924972222222 0.4452454125 0.5098924972222222 0.4452454125 0.44676294861111115
2 0.00054631328125 0.21366923888888886 0.00054631328125 0.7842632222222222 0.182195515625 0.7842632222222222 0.182195515625 0.21366923888888886
4 0.362478934375 0.45259029166666664 0.362478934375 0.5205759583333334 0.37613676875 0.5205759583333334 0.37613676875 0.45259029166666664
4 0.43896280859375 0.44919100972222226 0.43896280859375 0.5060075972222222 0.45398642734375 0.5060075972222222 0.45398642734375 0.44919100972222226
6 0.4307681078125 0.35935280694444444 0.4307681078125 0.3836334027777778 0.43653852187500003 0.3836334027777778 0.43653852187500003 0.35935280694444444
6 0.33106591328125 0.35935280694444444 0.33106591328125 0.3836334027777778 0.33652904765625 0.3836334027777778 0.33652904765625 0.35935280694444444
6 0.32266634609375 0.3544966902777778 0.32266634609375 0.38606146388888885 0.33086104765625 0.38606146388888885 0.33086104765625 0.3544966902777778
6 0.42510010625000005 0.3617808680555556 0.42510010625000005 0.38606146388888885 0.430563240625 0.38606146388888885 0.430563240625 0.3617808680555556