2 0.01435039765625 0.39543318055555554 0.01435039765625 0.4911025 0.08251478671875 0.4911025 0.08251478671875 0.39543318055555554
2 0.14111224296875 0.3762993152777777 0.14111224296875 0.4677166638888889 0.20808076640625 0.4677166638888889 0.20808076640625 0.3762993152777777
2 0.31212114921875 0.3571654527777778 0.31212114921875 0.4018111361111111 0.352780609375 0.4018111361111111 0.352780609375 0.3571654527777778
2 0.28342035390625 0.37417333194444446 0.28342035390625 0.41456704305555553 0.3181004828125 0.41456704305555553 0.3181004828125 0.37417333194444446
2 0.3946359359375 0.35929143750000003 0.3946359359375 0.3911812097222222 0.4137698 0.3911812097222222 0.4137698 0.35929143750000003
2 0.37071860703125 0.35929143750000003 0.37071860703125 0.38692924166666665 0.3946359359375 0.38692924166666665 0.3946359359375 0.35929143750000003
2 0.3551723421875 0.35929143750000003 0.3551723421875 0.38905522777777773 0.3766979390625 0.38905522777777773 0.3766979390625 0.35929143750000003
2 0.47595485546875 0.35078749722222224 0.47595485546875 0.37842529999999996 0.4926969859375 0.37842529999999996 0.4926969859375 0.35078749722222224
2 0.4867176546875 0.3380315902777778 0.4867176546875 0.39755916527777774 0.5178101835937501 0.39755916527777774 0.5178101835937501 0.3380315902777778
2 0.51302671796875 0.3571654527777778 0.51302671796875 0.3911812097222222 0.527377115625 0.3911812097222222 0.527377115625 0.3571654527777778
2 0.527377115625 0.35078749722222224 0.527377115625 0.3996851486111111 0.55249031171875 0.3996851486111111 0.55249031171875 0.35078749722222224
2 0.55009857734375 0.3550394680555556 0.55009857734375 0.41031507777777776 0.60750016875 0.41031507777777776 0.60750016875 0.3550394680555556
2 0.60750016875 0.35078749722222224 0.60750016875 0.43582689305555555 0.6744686890625 0.43582689305555555 0.6744686890625 0.35078749722222224
2 0.06696852343750001 0.38692924166666665 0.06696852343750001 0.4847245444444444 0.15665850859375 0.4847245444444444 0.15665850859375 0.38692924166666665
2 0.2296063625 0.3614174236111111 0.2296063625 0.4251969666666667 0.28700795390625 0.4251969666666667 0.28700795390625 0.3614174236111111
2 0.4018111359375 0.3486615138888889 0.4018111359375 0.47834658888888887 0.49628458671875003 0.47834658888888887 0.49628458671875003 0.3486615138888889
2 0.65653069296875 0.3550394680555556 0.65653069296875 0.45283477222222224 0.76415867578125 0.45283477222222224 0.76415867578125 0.3550394680555556
7 0.35038887578125 0.24023628749999998 0.35038887578125 0.29125992222222225 0.37908967109375 0.29125992222222225 0.37908967109375 0.24023628749999998
7 0.087298253125 0.2980630861111111 0.087298253125 0.34908672361111115 0.10762798359375 0.34908672361111115 0.10762798359375 0.2980630861111111
7 0.58836630546875 0.28530716666666667 0.58836630546875 0.32144890972222223 0.599129103125 0.32144890972222223 0.599129103125 0.28530716666666667
7 0.41735739921875004 0.32144891666666664 0.41735739921875004 0.34270876666666666 0.43170779687499994 0.34270876666666666 0.43170779687499994 0.32144891666666664
7 0.09208171875 0.25554338055555553 0.09208171875 0.2916851208333333 0.1207825140625 0.2916851208333333 0.1207825140625 0.25554338055555553
2 0 0.40478751527777773 0 0.4983308472222222 0.011958665625 0.4983308472222222 0.011958665625 0.40478751527777773