2 0.5109306453125 0.5089371861111112 0.5109306453125 0.5297384333333334 0.51795106640625 0.5297384333333334 0.51795106640625 0.5089371861111112
2 0.51444085625 0.5110173124999999 0.51444085625 0.5318185597222223 0.5284816976562501 0.5318185597222223 0.5284816976562501 0.5110173124999999
1 0.527311628125 0.4701081916666666 0.527311628125 0.5172576861111111 0.5612436625 0.5172576861111111 0.5612436625 0.4701081916666666
2 0.526531575 0.4992299375 0.526531575 0.5567800569444444 0.5717742929687499 0.5567800569444444 0.5717742929687499 0.4992299375
2 0.480508821875 0.5068570625000001 0.480508821875 0.5567800569444444 0.51210071640625 0.5567800569444444 0.51210071640625 0.5068570625000001
2 0.43136587421875 0.4909094388888889 0.43136587421875 0.5463794305555556 0.46539540781250005 0.5463794305555556 0.46539540781250005 0.4909094388888889
2 0.41381482187499996 0.4964564388888889 0.41381482187499996 0.5214179361111111 0.43136587421875 0.5214179361111111 0.43136587421875 0.4964564388888889
2 0.88340297578125 0.5408324319444445 0.88340297578125 0.586595175 0.9243554312500001 0.586595175 0.9243554312500001 0.5408324319444445
9 0.95711739609375 0.5075504375 0.95711739609375 0.6469187958333333 0.99923992265625 0.6469187958333333 0.99923992265625 0.5075504375
7 0.5939568515625 0.4730797875 0.5939568515625 0.5022015347222222 0.61150790390625 0.5022015347222222 0.61150790390625 0.4730797875
6 0.41303476874999995 0.4701081916666666 0.41303476874999995 0.48674918749999996 0.42005518906250006 0.48674918749999996 0.42005518906250006 0.4701081916666666
6 0.47387841796875 0.46386781527777776 0.47387841796875 0.4805088152777778 0.48089883828125 0.4805088152777778 0.48089883828125 0.46386781527777776