7 0.65895436484375 0.2511290652777778 0.65895436484375 0.4340323138888889 0.73366707578125 0.4340323138888889 0.73366707578125 0.2511290652777778
7 0.36622751249999996 0.4833871597222222 0.36622751249999996 0.5487097472222222 0.3907234828125 0.5487097472222222 0.3907234828125 0.4833871597222222
7 0.24129806015625 0.5291129708333333 0.24129806015625 0.5661291069444444 0.25722043984375 0.5661291069444444 0.25722043984375 0.5291129708333333
7 0.1506629671875 0.5400000694444445 0.1506629671875 0.5748387833333333 0.16658534765625 0.5748387833333333 0.16658534765625 0.5400000694444445
7 0.1114694125 0.5269355513888889 0.1114694125 0.5617742680555555 0.131066190625 0.5617742680555555 0.131066190625 0.5269355513888889
7 0.07472545546875001 0.5356452305555556 0.07472545546875001 0.5639516847222222 0.0869734421875 0.5639516847222222 0.0869734421875 0.5356452305555556
2 0.04900468671875 0.5683065236111111 0.04900468671875 0.5835484611111111 0.07227586015625001 0.5835484611111111 0.07227586015625001 0.5683065236111111
2 0 0.5726613638888889 0 0.5966129791666667 0.0220591203125 0.5966129791666667 0.0220591203125 0.5726613638888889
9 0.06492706796875 0.5661291041666666 0.06492706796875 0.637983951388889 0.1310661890625 0.637983951388889 0.1310661890625 0.5661291041666666
2 0.1286165921875 0.598790401388889 0.1286165921875 0.6924194458333334 0.20700369921875 0.6924194458333334 0.20700369921875 0.598790401388889
2 0.00001274609375 0.5966129805555556 0.00001274609375 0.8491936611111112 0.12004300390625 0.8491936611111112 0.12004300390625 0.5966129805555556
2 0.29029000078125 0.5835484638888889 0.29029000078125 0.7207258999999999 0.40052186953125 0.7207258999999999 0.40052186953125 0.5835484638888889