2 0.75060204140625 0.0017329916666666667 0.75060204140625 0.027727868055555556 0.816888975 0.027727868055555556 0.816888975 0.0017329916666666667
2 0.65409606484375 0 0.65409606484375 0.04159180138888889 0.7155089578125 0.04159180138888889 0.7155089578125 0
2 0.56246412734375 0 0.56246412734375 0.012130941666666666 0.5868343242187499 0.012130941666666666 0.5868343242187499 0
2 0.5107993109375 0.0034659833333333333 0.5107993109375 0.04852376805555555 0.56148931953125 0.04852376805555555 0.56148931953125 0.0034659833333333333
2 0.48935353828125 0.0017329916666666667 0.48935353828125 0.03639282638888889 0.5010512328125001 0.03639282638888889 0.5010512328125001 0.0017329916666666667
2 0.43086506796875 0 0.43086506796875 0.06585368611111111 0.48935353828125 0.06585368611111111 0.48935353828125 0
4 0.38504909921874997 0.01039795 0.38504909921874997 0.04159180138888889 0.39382236953125 0.04159180138888889 0.39382236953125 0.01039795
2 0.38114986875 0.0034659833333333333 0.38114986875 0.03639282638888889 0.41136891093749994 0.03639282638888889 0.41136891093749994 0.0034659833333333333
2 0.29829120078125004 0.02079590138888889 0.29829120078125004 0.06758667777777777 0.34995601640624996 0.06758667777777777 0.34995601640624996 0.02079590138888889
4 0.0984555921875 0.031193851388888888 0.0984555921875 0.07971761944444444 0.11112809374999999 0.07971761944444444 0.11112809374999999 0.031193851388888888
2 0.075060203125 0.03985881111111111 0.075060203125 0.06931967083333333 0.0994304 0.06931967083333333 0.0994304 0.03985881111111111
2 0.09163193750000001 0.04159180138888889 0.09163193750000001 0.0814506125 0.12282578828124999 0.0814506125 0.12282578828124999 0.04159180138888889
2 0.12185098046875001 0.03812581805555556 0.12185098046875001 0.08664958472222223 0.16181810234375 0.08664958472222223 0.16181810234375 0.03812581805555556
2 0.026319811718750002 0.03812581805555556 0.026319811718750002 0.05198975138888889 0.046790776562500004 0.05198975138888889 0.046790776562500004 0.03812581805555556
2 0.0370426984375 0.03985881111111111 0.0370426984375 0.05718872638888889 0.0662869328125 0.05718872638888889 0.0662869328125 0.03985881111111111
2 0.005848846875 0.05198975138888889 0.005848846875 0.07625163472222221 0.027294619531249998 0.07625163472222221 0.027294619531249998 0.05198975138888889
2 0 0.04852376805555555 0 0.1421053236111111 0.09553116796875 0.1421053236111111 0.09553116796875 0.04852376805555555