4 0.9200258710937501 0.5227265319444445 0.9200258710937501 0.7898130791666668 0.99924131328125 0.7898130791666668 0.99924131328125 0.5227265319444445
4 0.22893943437500003 0.4450286277777778 0.22893943437500003 0.5227265319444445 0.25352353671875 0.5227265319444445 0.25352353671875 0.4450286277777778
4 0.19069749609375 0.4401725083333334 0.19069749609375 0.5154423527777777 0.20845268203125 0.5154423527777777 0.20845268203125 0.4401725083333334
4 0.2972286078125 0.4401725083333334 0.2972286078125 0.5033020569444444 0.3108864421875 0.5033020569444444 0.3108864421875 0.4401725083333334
4 0.386004534375 0.4595969847222222 0.386004534375 0.5130142930555556 0.3982965859375 0.5130142930555556 0.3982965859375 0.4595969847222222
4 0.8831497195312499 0.4984459375 0.8831497195312499 0.6004244375 0.89817333671875 0.6004244375 0.89817333671875 0.4984459375
4 0.80393427734375 0.4887337 0.80393427734375 0.5785719 0.82442103046875 0.5785719 0.82442103046875 0.4887337
4 0.82988416328125 0.4863056388888889 0.82988416328125 0.5834280208333333 0.8449077812500001 0.5834280208333333 0.8449077812500001 0.4863056388888889
4 0.41058863671875 0.4498847472222222 0.41058863671875 0.5178704152777778 0.42697803828124997 0.5178704152777778 0.42697803828124997 0.4498847472222222
4 0.209818465625 0.4474566875 0.209818465625 0.5105862347222222 0.22074473359375002 0.5105862347222222 0.22074473359375002 0.4474566875
4 0.17977123046875002 0.4401725083333334 0.17977123046875002 0.5130142930555556 0.19206328125 0.5130142930555556 0.19206328125 0.4401725083333334
4 0.9113190234375 0.4977522 0.9113190234375 0.5778781652777778 0.9263426406249999 0.5778781652777778 0.9263426406249999 0.4977522
4 0.9345373421875 0.4977522 0.9345373421875 0.5633098083333333 0.9481951773437499 0.5633098083333333 0.9481951773437499 0.4977522
2 0.49612084687499997 0.4686154875 0.49612084687499997 0.6652883055555556 0.634064978125 0.6652883055555556 0.634064978125 0.4686154875
2 0.44012372421875 0.4807557833333333 0.44012372421875 0.5560256277777778 0.49612084687499997 0.5560256277777778 0.49612084687499997 0.4807557833333333
2 0.6682095648437499 0.4807557833333333 0.6682095648437499 0.5511695097222222 0.73376717109375 0.5511695097222222 0.73376717109375 0.4807557833333333
2 0.6026519578125 0.48803995972222225 0.6026519578125 0.5341730902777778 0.63543076171875 0.5341730902777778 0.63543076171875 0.48803995972222225
2 0.62860184453125 0.4758996638888889 0.62860184453125 0.5366011513888889 0.67094113203125 0.5366011513888889 0.67094113203125 0.4758996638888889
2 0.7242066875 0.49532414027777777 0.7242066875 0.5438853305555555 0.7624486257812501 0.5438853305555555 0.7624486257812501 0.49532414027777777
2 0.7597170578125 0.5026083194444445 0.7597170578125 0.5463133916666667 0.7965932125 0.5463133916666667 0.7965932125 0.5026083194444445
2 0.79522742890625 0.5050363777777778 0.79522742890625 0.5414572708333334 0.81025104609375 0.5414572708333334 0.81025104609375 0.5050363777777778
2 0.84576141640625 0.5001802583333333 0.84576141640625 0.556025626388889 0.8894664875 0.556025626388889 0.8894664875 0.5001802583333333
2 0.8976611890624999 0.5147486180555556 0.8976611890624999 0.5584536875 0.93180577578125 0.5584536875 0.93180577578125 0.5147486180555556
6 0.18660014609375 0.043011340277777775 0.18660014609375 0.12799342222222224 0.21937895 0.12799342222222224 0.21937895 0.043011340277777775
6 0.31225222656249996 0.27610505277777775 0.31225222656249996 0.3295223611111111 0.31771536015625 0.3295223611111111 0.31771536015625 0.27610505277777775
6 0.29439196953125 0.07700417361111112 0.29439196953125 0.166842375 0.33000741171875003 0.166842375 0.33000741171875003 0.07700417361111112
6 0.041827099218750004 0.18557310694444445 0.041827099218750004 0.2809611722222222 0.0950926546875 0.2809611722222222 0.0950926546875 0.18557310694444445
7 0.11557940546875001 0.08602266666666666 0.11557940546875001 0.17100474861111112 0.16065026015625 0.17100474861111112 0.16065026015625 0.08602266666666666
7 0.1169451890625 0.037461475 0.1169451890625 0.09087878472222223 0.163381828125 0.09087878472222223 0.163381828125 0.037461475
7 0.32727584453124997 0.292407725 0.32727584453124997 0.3336847361111111 0.3422994625 0.3336847361111111 0.3422994625 0.292407725
7 0.3491283796875 0.2972638458333333 0.3491283796875 0.3385408555555556 0.36142043125 0.3385408555555556 0.36142043125 0.2972638458333333
7 0.1374319421875 0.2705551875 0.1374319421875 0.2899796652777778 0.17021074453125 0.2899796652777778 0.17021074453125 0.2705551875
7 0.08962951953125001 0.2001414638888889 0.08962951953125001 0.3215444388888889 0.16611339453125 0.3215444388888889 0.16611339453125 0.2001414638888889
7 0.9446099757812499 0.2754113083333333 0.9446099757812499 0.3312566777777778 0.9787545617187501 0.3312566777777778 0.9787545617187501 0.2754113083333333
7 0.8421762140625001 0.37496175000000004 0.8421762140625001 0.4429474166666667 0.8640287492187501 0.4429474166666667 0.8640287492187501 0.37496175000000004
7 0.8394446468749999 0.3312566777777778 0.8394446468749999 0.37253368750000004 0.86812610078125 0.37253368750000004 0.86812610078125 0.3312566777777778
7 0.23492869062500002 0.04505778472222222 0.23492869062500002 0.14557130555555556 0.28366908281250003 0.14557130555555556 0.28366908281250003 0.04505778472222222
4 0.054589239062499996 0.42458297222222224 0.054589239062499996 0.46964075833333335 0.06823654921875 0.46964075833333335 0.06823654921875 0.42458297222222224
7 0.39577198515625 0.3015405597222222 0.39577198515625 0.3431323611111111 0.4133185265625 0.3431323611111111 0.4133185265625 0.3015405597222222
6 0.41429333437500004 0.2963415847222222 0.41429333437500004 0.3431323611111111 0.43476429921875 0.3431323611111111 0.43476429921875 0.2963415847222222
4 0.450361225 0.46097579861111115 0.450361225 0.47830571666666666 0.464008534375 0.47830571666666666 0.464008534375 0.46097579861111115
4 0 0.37779219583333334 0 0.7503854166666667 0.07700981953125 0.7503854166666667 0.07700981953125 0.37779219583333334
4 0.98065669296875 0.5094995680555556 0.98065669296875 0.5909501791666667 0.994304003125 0.5909501791666667 0.994304003125 0.5094995680555556