2 0.16841195546875 0.4446132625 0.16841195546875 0.6551216972222222 0.27395218906249996 0.6551216972222222 0.27395218906249996 0.4446132625
2 0.38474992812500003 0.49881346527777776 0.38474992812500003 0.5247456611111111 0.40705924453125003 0.5247456611111111 0.40705924453125003 0.49881346527777776
2 0.37273721718749997 0.49118634722222226 0.37273721718749997 0.5186439694444445 0.38732407812499997 0.5186439694444445 0.38732407812499997 0.49118634722222226
2 0.229442753125 0.219660975 0.229442753125 0.5552541333333334 0.32983468203125 0.5552541333333334 0.32983468203125 0.219660975
2 0.1796758125 0.37525416805555556 0.1796758125 0.5811863305555556 0.28178384375 0.5811863305555556 0.28178384375 0.37525416805555556
2 0.0003432203125 0.33406773333333334 0.0003432203125 0.8176269638888889 0.2157139421875 0.8176269638888889 0.2157139421875 0.33406773333333334
9 0.3058092640625 0.4377965263888889 0.3058092640625 0.5384744722222222 0.346995696875 0.5384744722222222 0.346995696875 0.4377965263888889
9 0.3409893421875 0.4698304194444444 0.3409893421875 0.5018643125 0.35986645781250004 0.5018643125 0.35986645781250004 0.4698304194444444
2 0.39247238359375 0.49118634722222226 0.39247238359375 0.6101693763888889 0.47827745078125006 0.6101693763888889 0.47827745078125006 0.49118634722222226
2 0.35900840624999997 0.48966092499999997 0.35900840624999997 0.5216948194444444 0.38045967421875 0.5216948194444444 0.38045967421875 0.48966092499999997
4 0.35214400078125 0.49881346527777776 0.35214400078125 0.5201693930555555 0.35815035546875 0.5201693930555555 0.35815035546875 0.49881346527777776
4 0.55893421640625 0.5033897347222223 0.55893421640625 0.5796609083333334 0.573521078125 0.5796609083333334 0.573521078125 0.5033897347222223
4 0.57523717890625 0.5049151583333333 0.57523717890625 0.5689829430555555 0.58896598984375 0.5689829430555555 0.58896598984375 0.5049151583333333
7 0.9561024828125 0.12122349305555555 0.9561024828125 0.18834212500000003 0.99814696640625 0.18834212500000003 0.99814696640625 0.12122349305555555
7 0.48589070859375 0.33783362222222224 0.48589070859375 0.3576641263888889 0.5056258734375 0.3576641263888889 0.5056258734375 0.33783362222222224
7 0.5931470437499999 0.3454607388888889 0.5931470437499999 0.3713929375 0.612024159375 0.3713929375 0.612024159375 0.3454607388888889
6 0.4446847671875 0.4736439763888889 0.4446847671875 0.4888982111111111 0.44983307109375004 0.4888982111111111 0.44983307109375004 0.4736439763888889
6 0.43524620937499997 0.47669482500000004 0.43524620937499997 0.4888982111111111 0.44039451406249996 0.4888982111111111 0.44039451406249996 0.47669482500000004