2 0.0007796468749999999 0.43798751111111106 0.0007796468749999999 0.7027204694444444 0.042880503125000004 0.7027204694444444 0.042880503125000004 0.43798751111111106
3 0.0007796468749999999 0.39640641944444444 0.0007796468749999999 0.6306465736111111 0.11616718125 0.6306465736111111 0.11616718125 0.39640641944444444
2 0.1660644890625 0.38116001666666666 0.1660644890625 0.5183776250000001 0.247927265625 0.5183776250000001 0.247927265625 0.38116001666666666
4 0.127082215625 0.36452758194444446 0.127082215625 0.4878848236111111 0.1489122890625 0.4878848236111111 0.1489122890625 0.36452758194444446
4 0.1473529984375 0.3617555069444444 0.1473529984375 0.48927085833333334 0.1723016546875 0.48927085833333334 0.1723016546875 0.3617555069444444
4 0.47246516562499996 0.4033366 0.47246516562499996 0.4490758 0.48883772031249995 0.4490758 0.48883772031249995 0.4033366
4 0.46139419140625 0.38116001666666666 0.46139419140625 0.4171969652777778 0.4691906453125 0.4171969652777778 0.4691906453125 0.38116001666666666
4 0.45593667265625 0.38670416111111106 0.45593667265625 0.4185829986111111 0.46217383671874995 0.4185829986111111 0.46217383671874995 0.38670416111111106
4 0.4489198640625 0.385318125 0.4489198640625 0.4158109291666667 0.45827561015624996 0.4158109291666667 0.45827561015624996 0.385318125
6 0.23685628984374998 0.3187883763888889 0.23685628984374998 0.34512306666666664 0.24153416328125 0.34512306666666664 0.24153416328125 0.3187883763888889
6 0.23997487109375001 0.35482532499999997 0.23997487109375001 0.3742298347222222 0.248550971875 0.3742298347222222 0.248550971875 0.35482532499999997
7 0.17214571484375002 0.27304917638888887 0.17214571484375002 0.2896816125 0.19709436953124998 0.2896816125 0.19709436953124998 0.27304917638888887
7 0.0848254203125 0.1968171736111111 0.0848254203125 0.26057484999999997 0.1113333671875 0.26057484999999997 0.1113333671875 0.1968171736111111
7 0.666440953125 0.2688910666666666 0.666440953125 0.2979978333333333 0.690609965625 0.2979978333333333 0.690609965625 0.2688910666666666
7 0.51207114921875 0.34789514166666663 0.51207114921875 0.35621136111111107 0.5253251234375 0.35621136111111107 0.5253251234375 0.34789514166666663
7 0.45905525390625 0.34789514166666663 0.45905525390625 0.3603694666666667 0.46997029062499995 0.3603694666666667 0.46997029062499995 0.34789514166666663
6 0.45593667265625 0.2841374652777778 0.45593667265625 0.3104721625 0.46529241953125 0.3104721625 0.46529241953125 0.2841374652777778
6 0.4489198640625 0.28552350694444445 0.4489198640625 0.31185819722222224 0.45671631796875 0.31185819722222224 0.45671631796875 0.28552350694444445
6 0.58847640703125 0.2688910666666666 0.58847640703125 0.29938386944444445 0.5970525062500001 0.29938386944444445 0.5970525062500001 0.2688910666666666
6 0.60874718984375 0.3631415430555555 0.60874718984375 0.3853181277777778 0.618102934375 0.3853181277777778 0.618102934375 0.3631415430555555
6 0.5027154031250001 0.36868569027777776 0.5027154031250001 0.3853181277777778 0.51207114921875 0.3853181277777778 0.51207114921875 0.36868569027777776
6 0.50895256640625 0.385318125 0.50895256640625 0.4019505638888889 0.522986184375 0.4019505638888889 0.522986184375 0.385318125
7 0.3959039703125 0.3589834333333333 0.3959039703125 0.3742298319444444 0.4029207796875 0.3742298319444444 0.4029207796875 0.3589834333333333
2 0.19085720546875 0.36868569027777776 0.19085720546875 0.7415294888888889 0.45047915312500003 0.7415294888888889 0.45047915312500003 0.36868569027777776
3 0.7989807015625 0.4074947097222222 0.7989807015625 0.6999483944444445 0.95490979921875 0.6999483944444445 0.95490979921875 0.4074947097222222
2 0.500376465625 0.3977924555555556 0.500376465625 0.5156055527777778 0.590035696875 0.5156055527777778 0.590035696875 0.3977924555555556
2 0.48634284765625 0.40472263472222225 0.48634284765625 0.48927085833333334 0.5339012210937499 0.48927085833333334 0.5339012210937499 0.40472263472222225
2 0.54091803125 0.3991784916666667 0.54091803125 0.4449176930555555 0.58925605078125 0.4449176930555555 0.58925605078125 0.3991784916666667
4 0.55729058671875 0.3991784916666667 0.55729058671875 0.44214562361111115 0.5767817234375 0.44214562361111115 0.5767817234375 0.3991784916666667
3 0.46685170859375 0.436601475 0.46685170859375 0.4809546416666667 0.49024107578125 0.4809546416666667 0.49024107578125 0.436601475
3 0.5385790945312501 0.4352154388888889 0.5385790945312501 0.5183776250000001 0.5775613710937499 0.5183776250000001 0.5775613710937499 0.4352154388888889
2 0.55729058671875 0.40472263472222225 0.55729058671875 0.5571866444444444 0.67735599296875 0.5571866444444444 0.67735599296875 0.40472263472222225
2 0.64071266484375 0.3575973972222222 0.64071266484375 0.6528231583333333 0.9143682320312501 0.6528231583333333 0.9143682320312501 0.3575973972222222
3 0.630577275 0.49065689444444444 0.630577275 0.5821352986111111 0.657085221875 0.5821352986111111 0.657085221875 0.49065689444444444
2 0.9190461046875 0.5031312208333334 0.9190461046875 0.8039011236111111 0.9993495906250001 0.8039011236111111 0.9993495906250001 0.5031312208333334
2 0.40292079062499997 0.3797739791666667 0.40292079062499997 0.3977924527777778 0.41539511953124997 0.3977924527777778 0.41539511953124997 0.3797739791666667
2 0.408378309375 0.38116001666666666 0.408378309375 0.4074947097222222 0.430988028125 0.4074947097222222 0.430988028125 0.38116001666666666
2 0.41617476484375004 0.385318125 0.41617476484375004 0.42135507361111113 0.4348862546875 0.42135507361111113 0.4348862546875 0.385318125
2 0.41695441015625 0.39502038055555555 0.41695441015625 0.4490757972222222 0.459055265625 0.4490757972222222 0.459055265625 0.39502038055555555