7 0.61333357421875 0.6025827597222222 0.61333357421875 0.6240397125 0.62842049453125 0.6240397125 0.62842049453125 0.6025827597222222
7 0.6103161906250001 0.5775496472222221 0.6103161906250001 0.5954304416666667 0.6314378796875 0.5954304416666667 0.6314378796875 0.5775496472222221
7 0.37898341796875 0.6454966652777778 0.37898341796875 0.6580132208333334 0.38803557109375003 0.6580132208333334 0.38803557109375003 0.6454966652777778
2 0.45140063359375004 0.6973509694444444 0.45140063359375004 0.7188079194444444 0.45944699218749996 0.7188079194444444 0.45944699218749996 0.6973509694444444
2 0.43933109609375 0.7009271263888889 0.43933109609375 0.7277483180555555 0.45441801796875003 0.7277483180555555 0.45441801796875003 0.7009271263888889
2 0.43229053515625004 0.7009271263888889 0.43229053515625004 0.7366887138888889 0.451400634375 0.7366887138888889 0.451400634375 0.7009271263888889
2 0.42122679218750003 0.7045032847222222 0.42122679218750003 0.7331125583333333 0.4403368921875 0.7331125583333333 0.4403368921875 0.7045032847222222
2 0.39507613203125 0.7045032847222222 0.39507613203125 0.7509933499999999 0.43128473984375004 0.7509933499999999 0.43128473984375004 0.7045032847222222
2 0.27639236171875 0.7116556027777777 0.27639236171875 0.7599337472222222 0.33472845234375004 0.7599337472222222 0.33472845234375004 0.7116556027777777
2 0.19794037656250002 0.7241721583333334 0.19794037656250002 0.8582781138888889 0.288461896875 0.8582781138888889 0.288461896875 0.7241721583333334
2 0 0.7331125555555555 0 0.9872501902777778 0.22107365546875002 0.9872501902777778 0.22107365546875002 0.7331125555555555
2 0.26231123515625 0.7027152055555556 0.26231123515625 0.8779469875000001 0.41720361328125 0.8779469875000001 0.41720361328125 0.7027152055555556
2 0.45944699140624995 0.6866224916666667 0.45944699140624995 0.7349006347222222 0.48660344765624997 0.7349006347222222 0.48660344765624997 0.6866224916666667
2 0.49967877734375 0.6741059347222222 0.49967877734375 0.7188079222222222 0.527841028125 0.7188079222222222 0.527841028125 0.6741059347222222
2 0.52884682265625 0.6794701736111111 0.52884682265625 0.7080794444444445 0.5389047687499999 0.7080794444444445 0.5389047687499999 0.6794701736111111
2 0.5399105640624999 0.6741059347222222 0.5399105640624999 0.7152317611111111 0.566061225 0.7152317611111111 0.566061225 0.6741059347222222
2 0.56304383984375 0.6544370625 0.56304383984375 0.7474171888888889 0.59221188671875 0.7474171888888889 0.59221188671875 0.6544370625
2 0.5801423492187501 0.6454966652777778 0.5801423492187501 0.7563575902777777 0.6203741359375 0.7563575902777777 0.6203741359375 0.6454966652777778
2 0.60025824375 0.6329801083333333 0.60025824375 0.7903310958333334 0.72095360390625 0.7903310958333334 0.72095360390625 0.6329801083333333
2 0.75213323828125 0.6222516319444444 0.75213323828125 0.6544370638888889 0.80745194453125 0.6544370638888889 0.80745194453125 0.6222516319444444