2 0.0063281234374999995 0.49187484722222224 0.0063281234374999995 0.5593748236111111 0.080156221875 0.5593748236111111 0.080156221875 0.49187484722222224
2 0.080156221875 0.48624984861111115 0.080156221875 0.523749836111111 0.134999953125 0.523749836111111 0.134999953125 0.48624984861111115
2 0.14343745000000002 0.49187484722222224 0.14343745000000002 0.5124998416666666 0.1824608734375 0.5124998416666666 0.1824608734375 0.49187484722222224
2 0.18457024765625002 0.49749984305555556 0.18457024765625002 0.5312498319444445 0.2183202359375 0.5312498319444445 0.2183202359375 0.49749984305555556
2 0.2183202359375 0.49187484722222224 0.2183202359375 0.5218748388888889 0.2457421015625 0.5218748388888889 0.2457421015625 0.49187484722222224
2 0.09045191328124999 0.4969947027777778 0.09045191328124999 0.5624379472222223 0.20614622031250002 0.5624379472222223 0.20614622031250002 0.4969947027777778
2 0.277382715625 0.48562483055555555 0.277382715625 0.5062498222222221 0.3185155140625 0.5062498222222221 0.3185155140625 0.48562483055555555
2 0.38601548984375 0.48562483055555555 0.38601548984375 0.4949998263888889 0.41027329375 0.4949998263888889 0.41027329375 0.48562483055555555
2 0.37652330625 0.4949998263888889 0.37652330625 0.5418748097222222 0.40816392031250004 0.5418748097222222 0.40816392031250004 0.4949998263888889
2 0.40816391953125003 0.4743748333333333 0.40816391953125003 0.5549998055555555 0.4250389140625 0.5549998055555555 0.4250389140625 0.4743748333333333
2 0.51890606875 0.46874983611111115 0.51890606875 0.5437498097222222 0.5315623125 0.5437498097222222 0.5315623125 0.46874983611111115
2 0.6583357203125 0.4874998291666667 0.6583357203125 0.5531248083333333 0.76591380703125 0.5531248083333333 0.76591380703125 0.4874998291666667
9 0.77688257890625 0.41437485555555553 0.77688257890625 0.5512498069444445 0.93508564921875 0.5512498069444445 0.93508564921875 0.41437485555555553
2 0.41449204218749996 0.4312498486111111 0.41449204218749996 0.6112497847222222 0.5273435656250001 0.6112497847222222 0.5273435656250001 0.4312498486111111
6 0.33046864453125 0.3157498902777778 0.33046864453125 0.3487498763888889 0.33855456796875 0.3487498763888889 0.33855456796875 0.3157498902777778
6 0.73722630546875 0.010124995833333332 0.73722630546875 0.11137495972222222 0.7572653609375 0.11137495972222222 0.7572653609375 0.010124995833333332
6 0.7291623320312499 0.02812499027777778 0.7291623320312499 0.12187495416666666 0.737599828125 0.12187495416666666 0.737599828125 0.02812499027777778
6 0.33890614218750004 0.3181248986111111 0.33890614218750004 0.3556248861111111 0.34839832734375 0.3556248861111111 0.34839832734375 0.3181248986111111
6 0.63035136328125 0.44624984444444443 0.63035136328125 0.4668748361111111 0.64406229609375 0.4668748361111111 0.64406229609375 0.44624984444444443
6 0.42749986015625 0.42187485277777775 0.42749986015625 0.4443748444444444 0.43382798359374997 0.4443748444444444 0.43382798359374997 0.42187485277777775
6 0.2525975671875 0.44671859305555556 0.2525975671875 0.4654685875 0.26314443828125 0.4654685875 0.26314443828125 0.44671859305555556
6 0.37230455703125 0.4743748333333333 0.37230455703125 0.4912498291666667 0.37863268046875 0.4912498291666667 0.37863268046875 0.4743748333333333
7 0 0.32249988611111113 0 0.34124987916666666 0.0126562453125 0.34124987916666666 0.0126562453125 0.32249988611111113
7 0.2626170953125 0.39374986111111115 0.2626170953125 0.4068748555555556 0.2805467765625 0.4068748555555556 0.2805467765625 0.39374986111111115
7 0.61910134609375 0.38624986527777777 0.61910134609375 0.3993748597222222 0.6380857140625 0.3993748597222222 0.6380857140625 0.38624986527777777
7 0.8704684882812501 0.3549998805555556 0.8704684882812501 0.3831248708333333 0.8905075437500001 0.3831248708333333 0.8905075437500001 0.3549998805555556
6 0.87257786328125 0.22544453888888888 0.87257786328125 0.2843749013888889 0.8878821015625 0.2843749013888889 0.8878821015625 0.22544453888888888
5 0.33328113359375 0.44249984583333335 0.33328113359375 0.5774997972222222 0.35648424921875 0.5774997972222222 0.35648424921875 0.44249984583333335
4 0.097814278125 0.4913852736111111 0.097814278125 0.5156927722222222 0.106228409375 0.5156927722222222 0.106228409375 0.4913852736111111