6 0.29255920078125 0.45828947777777784 0.29255920078125 0.4991447402777778 0.30155179921875 0.4991447402777778 0.30155179921875 0.45828947777777784
6 0.12569653515625 0.3872368444444444 0.12569653515625 0.44407894861111114 0.14268255546875 0.44407894861111114 0.14268255546875 0.3872368444444444
6 0.0167861734375 0.429868425 0.0167861734375 0.5169079000000001 0.0337721921875 0.5169079000000001 0.0337721921875 0.429868425
6 0.15167515390625 0.396118425 0.15167515390625 0.4511842138888889 0.16066775312499998 0.4511842138888889 0.16066775312499998 0.396118425
6 0.16066775234375 0.4014473694444444 0.16066775234375 0.44940789583333335 0.16766199453125 0.44940789583333335 0.16766199453125 0.4014473694444444
6 0.6501319953125 0.3872368444444444 0.6501319953125 0.4476315819444444 0.66525245859375 0.4476315819444444 0.66525245859375 0.3872368444444444
6 0.8520986765625 0.15986842222222222 0.8520986765625 0.33750000277777775 0.888069071875 0.33750000277777775 0.888069071875 0.15986842222222222
6 0.8990600265625 0.16697368333333334 0.8990600265625 0.32953102638888887 0.9296239906249999 0.32953102638888887 0.9296239906249999 0.16697368333333334
7 0.43843913515625 0.45828947777777784 0.43843913515625 0.4991447402777778 0.45442597734375 0.4991447402777778 0.45442597734375 0.45828947777777784
7 0.625285353125 0.5346710555555556 0.625285353125 0.5861842152777778 0.65026479375 0.5861842152777778 0.65026479375 0.5346710555555556
7 0.8729345765625001 0.4476315819444444 0.8729345765625001 0.5873433458333334 0.9200427546875 0.5873433458333334 0.9200427546875 0.4476315819444444
7 0.8760789390625 0.34638158055555557 0.8760789390625 0.43697368611111115 0.91005097890625 0.43697368611111115 0.91005097890625 0.34638158055555557
6 0.45242762109375 0.5861842152777778 0.45242762109375 0.6217105305555555 0.46441775312500005 0.6217105305555555 0.46441775312500005 0.5861842152777778
2 0.24060196328125 0.6341447416666667 0.24060196328125 0.7389473722222222 0.30454933203125 0.7389473722222222 0.30454933203125 0.6341447416666667
2 0.13568831015625 0.6430263194444444 0.13568831015625 0.6892105305555556 0.17165870625 0.6892105305555556 0.17165870625 0.6430263194444444
4 0.49239472734375 0.6217105277777778 0.49239472734375 0.7016447388888889 0.50838156953125 0.7016447388888889 0.50838156953125 0.6217105277777778
4 0.48440130625 0.6341447416666667 0.48440130625 0.7034210569444445 0.49239472734375 0.7034210569444445 0.49239472734375 0.6341447416666667
4 0.54635031953125 0.6075000013888888 0.54635031953125 0.7371710555555555 0.5693314054687499 0.7371710555555555 0.5693314054687499 0.6075000013888888
4 0.57832400390625 0.6057236861111112 0.57832400390625 0.7407236875 0.60430262265625 0.7407236875 0.60430262265625 0.6057236861111112
4 0.7421891359375 0.5613157930555556 0.7421891359375 0.8064473708333334 0.77616117421875 0.8064473708333334 0.77616117421875 0.5613157930555556
2 0.71621051875 0.6217105277777778 0.71621051875 0.6643421069444445 0.812131571875 0.6643421069444445 0.812131571875 0.6217105277777778
9 0.64426972890625 0.58265585 0.64426972890625 0.6714473722222223 0.81097172734375 0.6714473722222223 0.81097172734375 0.58265585
7 0.020782882031249998 0.5666447402777778 0.020782882031249998 0.5986184236111112 0.03876808046875 0.5986184236111112 0.03876808046875 0.5666447402777778
9 0.07673683046874999 0.6430263194444444 0.07673683046874999 0.7162495069444444 0.12869406796875 0.7162495069444444 0.12869406796875 0.6430263194444444
2 0.14068419921875 0.6394736875 0.14068419921875 0.7957894777777779 0.26458222734375003 0.7957894777777779 0.26458222734375003 0.6394736875
2 0.27257564843750004 0.6359210569444445 0.27257564843750004 0.8703947430555555 0.4394383125 0.8703947430555555 0.4394383125 0.6359210569444445
5 0.020782882031249998 0.6146052666666666 0.020782882031249998 0.8917105319444444 0.12369817734375 0.8917105319444444 0.12369817734375 0.6146052666666666
3 0.0077935734375 0.6998432694444444 0.0077935734375 0.9951555652777778 0.1452007015625 0.9951555652777778 0.1452007015625 0.6998432694444444
9 0 0.6075000013888888 0 0.8490789513888889 0.0727401203125 0.8490789513888889 0.0727401203125 0.6075000013888888
9 0.88084472734375 0.5357808819444444 0.88084472734375 0.65531205 0.99949698984375 0.65531205 0.99949698984375 0.5357808819444444
2 0.9876317632812499 0.7082807555555556 0.9876317632812499 0.8512494083333334 0.99949698984375 0.8512494083333334 0.99949698984375 0.7082807555555556
7 0.55125511015625 0.45515593055555553 0.55125511015625 0.4762496652777778 0.5749855625 0.4762496652777778 0.5749855625 0.45515593055555553
7 0.6290382601562501 0.47156216805555556 0.6290382601562501 0.5278121305555555 0.6527687125 0.5278121305555555 0.6527687125 0.47156216805555556