6 0.56082481875 0.39438622638888887 0.56082481875 0.44780353333333334 0.57721421953125 0.44780353333333334 0.57721421953125 0.39438622638888887
6 0.1975264140625 0.2927545986111111 0.1975264140625 0.37045250555555553 0.2234763015625 0.37045250555555553 0.2234763015625 0.2927545986111111
6 0.224842084375 0.29761071944444445 0.224842084375 0.3753086236111111 0.24669461953125 0.3753086236111111 0.24669461953125 0.29761071944444445
6 0.15518712734375 0.5792656208333333 0.15518712734375 0.6140567527777777 0.16766694921875 0.6140567527777777 0.16766694921875 0.5792656208333333
6 0.142895075 0.5841217402777777 0.142895075 0.6132584527777778 0.15382134296875 0.6132584527777778 0.15382134296875 0.5841217402777777
6 0.7984711421874999 0.5522100930555556 0.7984711421874999 0.5789187472222223 0.81076319453125 0.5789187472222223 0.81076319453125 0.5522100930555556
6 0.78071595703125 0.4987927847222222 0.78071595703125 0.5424978527777777 0.793008009375 0.5424978527777777 0.793008009375 0.4987927847222222
6 0.57858000390625 0.3992423430555555 0.57858000390625 0.445375475 0.59087205546875 0.445375475 0.59087205546875 0.3992423430555555
6 0.5621906015625 0.5716345680555556 0.5621906015625 0.5892171875 0.5717510859375 0.5892171875 0.5717510859375 0.5716345680555556
6 0.62228507421875 0.5764906888888889 0.62228507421875 0.5983432263888889 0.62911399140625 0.5983432263888889 0.62911399140625 0.5764906888888889
7 0.14426085859374999 0.43080711805555555 0.14426085859374999 0.4526596555555556 0.1633818265625 0.4526596555555556 0.1633818265625 0.43080711805555555
7 0.146992425 0.4817963666666667 0.146992425 0.4987927847222222 0.16338182578125 0.4987927847222222 0.16338182578125 0.4817963666666667
7 0.15518712734375 0.49393666249999996 0.15518712734375 0.5133611388888889 0.1784054453125 0.5133611388888889 0.1784054453125 0.49393666249999996
7 0.151089775 0.5133611402777778 0.151089775 0.5327856180555556 0.16747917578125 0.5327856180555556 0.16747917578125 0.5133611402777778
7 0.15382134296875 0.5303575583333333 0.15382134296875 0.5764906888888889 0.16201604375 0.5764906888888889 0.16201604375 0.5303575583333333
7 0.45019635625000004 0.4987927847222222 0.45019635625000004 0.5182172611111111 0.47478045859374995 0.5182172611111111 0.47478045859374995 0.4987927847222222
7 0.67691641484375 0.554985025 0.67691641484375 0.5841217402777777 0.68784268203125 0.5841217402777777 0.68784268203125 0.554985025
7 0.31498379296875 0.3388877277777778 0.31498379296875 0.3753086222222223 0.37234670078125 0.3753086222222223 0.37234670078125 0.3388877277777778
7 0.29859439140625 0.27818624166666667 0.29859439140625 0.30732295416666666 0.33000741015625 0.30732295416666666 0.33000741015625 0.27818624166666667
1 0.589506271875 0.6201957583333334 0.589506271875 0.6590447111111112 0.61135880703125 0.6590447111111112 0.61135880703125 0.6201957583333334
2 0.5977009718749999 0.637192175 0.5977009718749999 0.6639008305555556 0.61135880703125 0.6639008305555556 0.61135880703125 0.637192175
2 0.61135880703125 0.6274799375 0.61135880703125 0.6517605319444445 0.623650859375 0.6517605319444445 0.623650859375 0.6274799375
2 0.5703853039062501 0.6347641152777778 0.5703853039062501 0.6639008305555556 0.5799457859375 0.6639008305555556 0.5799457859375 0.6347641152777778
2 0.57584843671875 0.637192175 0.57584843671875 0.6663288875 0.59770097109375 0.6663288875 0.59770097109375 0.637192175
2 0.65858018671875 0.6177677 0.65858018671875 0.6942364958333334 0.71515835078125 0.6942364958333334 0.71515835078125 0.6177677
2 0.48434094375000003 0.5789187472222223 0.48434094375000003 0.739170675 0.5703853039062501 0.739170675 0.5703853039062501 0.5789187472222223
9 0.4341144375 0.6007712833333333 0.4341144375 0.6741337819444445 0.48024359375000003 0.6741337819444445 0.48024359375000003 0.6007712833333333
2 0.3163495765625 0.6117460791666667 0.3163495765625 0.6760411291666667 0.36688356484375 0.6760411291666667 0.36688356484375 0.6117460791666667
2 0.3463968125 0.6396202333333333 0.3463968125 0.7076059013888889 0.40102815156249993 0.7076059013888889 0.40102815156249993 0.6396202333333333
2 0.17703966171875002 0.6541885930555555 0.17703966171875002 0.7051778416666666 0.22893943437500003 0.7051778416666666 0.22893943437500003 0.6541885930555555
2 0 0.6429399305555555 0 0.7998721638888889 0.20298954765625 0.7998721638888889 0.20298954765625 0.6429399305555555
4 0.71515835 0.6153396402777778 0.71515835 0.7173181402777777 0.74110823671875 0.7173181402777777 0.74110823671875 0.6153396402777778
4 0.7697896914062501 0.6250518777777778 0.7697896914062501 0.7051778416666666 0.788910659375 0.7051778416666666 0.788910659375 0.6250518777777778
4 0.8763208015625 0.598343225 0.8763208015625 0.7051778416666666 0.90227068828125 0.7051778416666666 0.90227068828125 0.598343225
4 0.8216894617187499 0.6080554625 0.8216894617187499 0.6930375444444444 0.8380788640624999 0.6930375444444444 0.8380788640624999 0.6080554625
4 0.80939741015625 0.6056274013888889 0.80939741015625 0.6978936611111111 0.8312499453125 0.6978936611111111 0.8312499453125 0.6056274013888889
6 0.585469628125 0.5971889597222222 0.585469628125 0.6127858847222222 0.5922932828125 0.6127858847222222 0.5922932828125 0.5971889597222222