7 0.360863834375 0.43911731666666665 0.360863834375 0.4587061916666667 0.3718825765625 0.4587061916666667 0.3718825765625 0.43911731666666665
7 0.17354520234374998 0.44401453333333335 0.17354520234374998 0.4782950680555556 0.1900733171875 0.4782950680555556 0.1900733171875 0.44401453333333335
7 0.28465086171875 0.4309552833333333 0.28465086171875 0.44238212916666664 0.30026074765625 0.44238212916666664 0.30026074765625 0.4309552833333333
7 0.8158460984374999 0.25302298749999996 0.8158460984374999 0.3036275875 0.8516570140624999 0.3036275875 0.8516570140624999 0.25302298749999996
7 0.812173184375 0.3068923986111111 0.812173184375 0.38524790416666665 0.8544116984375 0.38524790416666665 0.8544116984375 0.3068923986111111
7 0.8259466124999999 0.38524790416666665 0.8259466124999999 0.41789603194444447 0.8470658703125 0.41789603194444447 0.8470658703125 0.38524790416666665
7 0.6331186109375 0.42442565833333334 0.6331186109375 0.4358525027777778 0.6468920390624999 0.4358525027777778 0.6468920390624999 0.42442565833333334
6 0.40815260703125 0.3958585444444444 0.40815260703125 0.4252418597222223 0.411825521875 0.4252418597222223 0.411825521875 0.3958585444444444
7 0.58605939453125 0.38361550000000005 0.58605939453125 0.4056529861111111 0.59088009453125 0.4056529861111111 0.59088009453125 0.38361550000000005
6 0.40172500624999996 0.39667474999999996 0.40172500624999996 0.42279325138888885 0.40815260703125 0.42279325138888885 0.40815260703125 0.39667474999999996
6 0.41274374921875 0.39177753055555553 0.41274374921875 0.42279325138888885 0.41825312109375 0.42279325138888885 0.41825312109375 0.39177753055555553
6 0.59065053828125 0.38361550000000005 0.59065053828125 0.40810159444444444 0.59524168125 0.40810159444444444 0.59524168125 0.38361550000000005
7 0.5814682515625 0.38198309027777777 0.5814682515625 0.40646918611111105 0.58605939453125 0.40646918611111105 0.58605939453125 0.38198309027777777
6 0.49745033593750004 0.46401151249999995 0.49745033593750004 0.4770707625 0.50112325078125 0.4770707625 0.50112325078125 0.46401151249999995
2 0 0.28660634444444444 0 0.8775374527777777 0.21813028828125 0.8775374527777777 0.21813028828125 0.28660634444444444
2 0.18507406015625 0.5053487986111111 0.18507406015625 0.6049255861111111 0.24659537578125001 0.6049255861111111 0.24659537578125001 0.5053487986111111
2 0.2300672609375 0.45800901388888887 0.2300672609375 0.6587949986111111 0.38983903515625 0.6587949986111111 0.38983903515625 0.45800901388888887
2 0.3989703203125 0.49951635 0.3989703203125 0.5337968847222222 0.41641666328125 0.5337968847222222 0.41641666328125 0.49951635
2 0.48886490781249997 0.48515117083333337 0.48886490781249997 0.5112696722222222 0.50447479375 0.5112696722222222 0.50447479375 0.48515117083333337
1 0.4649909640625 0.47209191805555556 0.4649909640625 0.5275937347222222 0.49345605 0.5275937347222222 0.49345605 0.47209191805555556
2 0.41448839296875006 0.4818863569444444 0.41448839296875006 0.5700363013888888 0.47141856484375 0.5700363013888888 0.47141856484375 0.4818863569444444
2 0.4710512640625 0.48074367916666666 0.4710512640625 0.7239722277777777 0.65102406640625 0.7239722277777777 0.65102406640625 0.48074367916666666
2 0.74217618828125 0.4522084486111111 0.74217618828125 0.7133934666666666 0.9983619640624999 0.7133934666666666 0.9983619640624999 0.4522084486111111
2 0.6387143914062501 0.48963731527777776 0.6387143914062501 0.5316062291666667 0.69379858984375 0.5316062291666667 0.69379858984375 0.48963731527777776