7 0.0862888875 0.6477410236111111 0.0862888875 0.66021535 0.09798357109375 0.66021535 0.09798357109375 0.6477410236111111
7 0.3401934359375 0.6200202958333333 0.3401934359375 0.6685315722222223 0.36436244609375 0.6685315722222223 0.36436244609375 0.6200202958333333
2 0.20379933125 0.6999483944444445 0.20379933125 0.7151947972222222 0.21237543125 0.7151947972222222 0.21237543125 0.6999483944444445
2 0.187426775 0.7013344305555556 0.187426775 0.7179668652777778 0.19600287578125 0.7179668652777778 0.19600287578125 0.7013344305555556
2 0.24356125078125 0.7041065041666666 0.24356125078125 0.7248970527777778 0.25369664140625 0.7248970527777778 0.25369664140625 0.7041065041666666
9 0.21177119453125 0.6680695777777778 0.21177119453125 0.7248970736111111 0.24061807656249998 0.7248970736111111 0.24061807656249998 0.6680695777777778
2 0.23671985 0.6930182347222222 0.23671985 0.722124998611111 0.24763488671874997 0.722124998611111 0.24763488671874997 0.6930182347222222
9 0.24919417734375 0.6639114694444445 0.24919417734375 0.7345993263888889 0.2866171609375 0.7345993263888889 0.2866171609375 0.6639114694444445
2 0.266346378125 0.6819299333333333 0.266346378125 0.7456876097222223 0.30688794453125 0.7456876097222223 0.30688794453125 0.6819299333333333
2 0.28037999765625 0.7013344416666667 0.28037999765625 0.754003825 0.30766758906249997 0.754003825 0.30766758906249997 0.7013344416666667
2 0.29675255234375003 0.7082646236111111 0.29675255234375003 0.7650921194444444 0.327938371875 0.7650921194444444 0.327938371875 0.7082646236111111
2 0.17278891953125 0.7013344416666667 0.17278891953125 0.7179668777777778 0.18136502031249999 0.7179668777777778 0.18136502031249999 0.7013344416666667
2 0.16421281953125 0.7013344416666667 0.16421281953125 0.7138087694444445 0.17278892031249998 0.7138087694444445 0.17278892031249998 0.7013344416666667
2 0.11665444453125 0.7041065152777778 0.11665444453125 0.738757425 0.1392641640625 0.738757425 0.1392641640625 0.7041065152777778
2 0.0753332328125 0.7041065152777778 0.0753332328125 0.7262830972222222 0.10418011640625 0.7262830972222222 0.10418011640625 0.7041065152777778
2 0.07455358828125 0.7041065152777778 0.07455358828125 0.7276691347222223 0.104180115625 0.7276691347222223 0.104180115625 0.7041065152777778
2 0.047265996875 0.6985623680555555 0.047265996875 0.7304412069444445 0.07455358906250001 0.7304412069444445 0.07455358906250001 0.6985623680555555
2 0.0386898953125 0.7179668791666667 0.0386898953125 0.7734083375 0.0651978421875 0.7734083375 0.0651978421875 0.7179668791666667
2 0.3942082390625 0.7041065152777778 0.3942082390625 0.8316218666666667 0.504138253125 0.8316218666666667 0.504138253125 0.7041065152777778
2 0.10106153437500001 0.7124227444444445 0.10106153437500001 0.7470736527777777 0.12756948046875 0.7470736527777777 0.12756948046875 0.7124227444444445
2 0.30844723515625 0.7027204888888889 0.30844723515625 0.7734083444444445 0.37081887421875004 0.7734083444444445 0.37081887421875004 0.7027204888888889
2 0 0.6985623791666667 0 0.7900407833333334 0.04024918671875 0.7900407833333334 0.04024918671875 0.6985623791666667
2 0.48364472734374997 0.6694556152777777 0.48364472734374997 0.9189421722222223 0.7315719921875 0.9189421722222223 0.7315719921875 0.6694556152777777
2 0.7237790171875 0.6560572444444445 0.7237790171875 0.9984082416666666 0.999773521875 0.9984082416666666 0.999773521875 0.6560572444444445