7 0.6047330671875 0.3223775180555556 0.6047330671875 0.3669742736111111 0.62574898671875 0.3669742736111111 0.62574898671875 0.3223775180555556
7 0.24938891328124999 0.36697428055555553 0.24938891328124999 0.39188203749999995 0.267602709375 0.39188203749999995 0.267602709375 0.36697428055555553
7 0.2059560140625 0.3088561805555556 0.2059560140625 0.3578776805555555 0.22416980859375002 0.3578776805555555 0.22416980859375002 0.3088561805555556
7 0.8804269187499999 0.22416980972222222 0.8804269187499999 0.2814576541666666 0.8986407132812501 0.2814576541666666 0.8986407132812501 0.22416980972222222
7 0.8986407171874999 0.1394834375 0.8986407171874999 0.16937274444444445 0.9378704320312499 0.16937274444444445 0.9378704320312499 0.1394834375
7 0.8972396539062499 0.1818266222222222 0.8972396539062499 0.21296131805555554 0.912651328125 0.21296131805555554 0.912651328125 0.1818266222222222
2 0.46094917109375 0.4757381527777778 0.46094917109375 0.4956643597222222 0.48056403046874996 0.4956643597222222 0.48056403046874996 0.4757381527777778
2 0.476360846875 0.47822892499999997 0.476360846875 0.4981551347222222 0.5015799484375 0.4981551347222222 0.5015799484375 0.47822892499999997
2 0.49877782656249997 0.473247375 0.49877782656249997 0.5006459097222222 0.51278843984375 0.5006459097222222 0.51278843984375 0.473247375
2 0.5015799484375 0.47822892499999997 0.5015799484375 0.5230628902777777 0.51699162421875 0.5230628902777777 0.51699162421875 0.47822892499999997
2 0.50718419375 0.46328427361111113 0.50718419375 0.5361394611111111 0.5618255859375 0.5361394611111111 0.5618255859375 0.46328427361111113
3 0.51559056171875 0.46639774444444443 0.51559056171875 0.5436117888888888 0.573034075 0.5436117888888888 0.573034075 0.46639774444444443
2 0.44974068046875004 0.47387006944444443 0.44974068046875004 0.5037593819444445 0.4665534171875 0.5037593819444445 0.4665534171875 0.47387006944444443
2 0.438532190625 0.4788516166666667 0.438532190625 0.5062501486111112 0.45814704921875 0.5062501486111112 0.45814704921875 0.4788516166666667
2 0.42171945390625 0.47387006944444443 0.42171945390625 0.5137224791666667 0.44413643515625 0.5137224791666667 0.44413643515625 0.47387006944444443
2 0.402104596875 0.4688885194444445 0.402104596875 0.5187040319444445 0.42872476171875 0.5187040319444445 0.42872476171875 0.4688885194444445
2 0.3768854921875 0.4652769013888889 0.3768854921875 0.5225647430555556 0.4063077796875 0.5225647430555556 0.4063077796875 0.4652769013888889
2 0.35166638984375 0.4602953513888889 0.35166638984375 0.5325278458333333 0.4007035359375 0.5325278458333333 0.4007035359375 0.4602953513888889
2 0.282488965625 0.44940707916666667 0.282488965625 0.5614919847222222 0.35954733828125 0.5614919847222222 0.35954733828125 0.44940707916666667