4 0.367060109375 0.4806124611111111 0.367060109375 0.5755104597222223 0.385140475 0.5755104597222223 0.385140475 0.4806124611111111
4 0.33131683125 0.4735377236111111 0.33131683125 0.5822112430555555 0.35370204609375 0.5822112430555555 0.35370204609375 0.4735377236111111
4 0.35542398359375 0.48731324027777784 0.35542398359375 0.5776194069444445 0.37006047109375 0.5776194069444445 0.37006047109375 0.48731324027777784
4 0.74215594609375 0.48272139861111113 0.74215594609375 0.5561908166666666 0.7610972796875 0.5561908166666666 0.7610972796875 0.48272139861111113
2 0.5124492203125001 0.510918625 0.5124492203125001 0.5522451736111111 0.54430510234375 0.5522451736111111 0.54430510234375 0.510918625
2 0.5709951640625001 0.5078574 0.5709951640625001 0.5430614972222222 0.59338037890625 0.5430614972222222 0.59338037890625 0.5078574
2 0.63642886875 0.48489820694444447 0.63642886875 0.5767349805555556 0.7044454796874999 0.5767349805555556 0.7044454796874999 0.48489820694444447
2 0.14062505859375002 0.5357145249999999 0.14062505859375002 0.5908165916666667 0.21208554999999998 0.5908165916666667 0.21208554999999998 0.5357145249999999
2 0.0700255375 0.5392859722222223 0.0700255375 0.6035717166666666 0.14579087734375 0.6035717166666666 0.14579087734375 0.5392859722222223
2 0 0.5362247444444445 0 0.6188778444444444 0.07519135546875 0.6188778444444444 0.07519135546875 0.5362247444444445
2 0.321830503125 0.5280614611111111 0.321830503125 0.5647961736111111 0.3640180234375 0.5647961736111111 0.3640180234375 0.5280614611111111
2 0.38640323828125 0.529592073611111 0.38640323828125 0.5525512652777778 0.4139542703125 0.5525512652777778 0.4139542703125 0.529592073611111
2 0.43892239375 0.517347173611111 0.43892239375 0.5479594305555556 0.46733439531250004 0.5479594305555556 0.46733439531250004 0.517347173611111
2 0.473361184375 0.5280614611111111 0.473361184375 0.5418369777777777 0.4819708828125 0.5418369777777777 0.4819708828125 0.5280614611111111
2 0.48283185234375 0.5234696222222222 0.48283185234375 0.5387757541666667 0.49574639765625 0.5387757541666667 0.49574639765625 0.5234696222222222
2 0.5060780359375 0.5066328791666667 0.5060780359375 0.5372451375 0.5189925828125 0.5372451375 0.5189925828125 0.5066328791666667
2 0.56031913203125 0.517347173611111 0.56031913203125 0.5357145277777777 0.5689288296874999 0.5357145277777777 0.5689288296874999 0.517347173611111
2 0.5534313734375 0.5142859444444444 0.5534313734375 0.53877575 0.5637630109375 0.53877575 0.5637630109375 0.5142859444444444
2 0.5362119773437499 0.5081634930555556 0.5362119773437499 0.5433675888888889 0.55687525390625 0.5433675888888889 0.55687525390625 0.5081634930555556
2 0.60353981171875 0.5081634930555556 0.60353981171875 0.5433675888888889 0.6259250265625 0.5433675888888889 0.6259250265625 0.5081634930555556
2 0.6164543585937501 0.45306142916666664 0.6164543585937501 0.5663267861111111 0.681027090625 0.5663267861111111 0.681027090625 0.45306142916666664
7 0.6087056304687499 0.42933692777777777 0.6087056304687499 0.44464305833333334 0.6362566625 0.44464305833333334 0.6362566625 0.42933692777777777
7 0.32593856718750003 0.3489797722222222 0.32593856718750003 0.40714306250000004 0.34746281171875004 0.40714306250000004 0.34746281171875004 0.3489797722222222
7 0.32593856718750003 0.4132655138888889 0.32593856718750003 0.4530614527777778 0.3483237828125 0.4530614527777778 0.3483237828125 0.4132655138888889
7 0.24586838046874998 0.4500002236111111 0.24586838046874998 0.46224513055555555 0.26050486640625004 0.46224513055555555 0.26050486640625004 0.4500002236111111
7 0.20429582890625003 0.4668369708333333 0.20429582890625003 0.4790818736111111 0.22151522578125 0.4790818736111111 0.22151522578125 0.4668369708333333
7 0.26886856171875 0.4852043236111111 0.26886856171875 0.49744922638888883 0.28350504765625 0.49744922638888883 0.28350504765625 0.4852043236111111
6 0.29691158125 0.4390672583333333 0.29691158125 0.4668369430555555 0.30369632734374996 0.4668369430555555 0.30369632734374996 0.4390672583333333
6 0.30283535859375 0.4423471388888889 0.30283535859375 0.4653063333333333 0.30972311640625 0.4653063333333333 0.30972311640625 0.4423471388888889
6 0.5926915890625 0.4285716222222222 0.5926915890625 0.4454083652777778 0.5978574078125 0.4454083652777778 0.5978574078125 0.4285716222222222
6 0.47904357578125 0.4622451055555556 0.47904357578125 0.482143075 0.48420939531249996 0.482143075 0.48420939531249996 0.4622451055555556
6 0.59814799140625 0.431326725 0.59814799140625 0.45122469305555557 0.6033138109375 0.45122469305555557 0.6033138109375 0.431326725
7 0.9542594015624999 0.10561229166666668 0.9542594015624999 0.2801021652777778 0.998168859375 0.2801021652777778 0.998168859375 0.10561229166666668