9 0.28968652421874996 0.47386251111111116 0.28968652421874996 0.4981700027777778 0.3170324515625 0.4981700027777778 0.3170324515625 0.47386251111111116
2 0.295997121875 0.49630019444444445 0.295997121875 0.5149982625 0.30756655234374997 0.5149982625 0.30756655234374997 0.49630019444444445
1 0.32544658125 0.464513475 0.32544658125 0.5056492291666667 0.346481909375 0.5056492291666667 0.346481909375 0.464513475
2 0.3391195453125 0.47573231527777776 0.3391195453125 0.5112586486111111 0.3548960421875 0.5112586486111111 0.3548960421875 0.47573231527777776
2 0.3475336765625 0.47573231527777776 0.3475336765625 0.5127010680555556 0.37172430546875 0.5127010680555556 0.37172430546875 0.47573231527777776
2 0.36225840703125 0.4719927027777778 0.36225840703125 0.5019096152777778 0.378034903125 0.5019096152777778 0.378034903125 0.4719927027777778
2 0.37172430546875 0.4719927027777778 0.37172430546875 0.5037794222222222 0.3864490359375 0.5037794222222222 0.3864490359375 0.4719927027777778
2 0.38329373515625 0.4701228958333334 0.38329373515625 0.5019096152777778 0.40222553124999993 0.5019096152777778 0.40222553124999993 0.4701228958333334
2 0.4001219984375 0.4719927027777778 0.4001219984375 0.5056492291666667 0.42115732734375 0.5056492291666667 0.42115732734375 0.4719927027777778
2 0.41379496171875 0.464513475 0.41379496171875 0.507519036111111 0.43272675781250003 0.507519036111111 0.43272675781250003 0.464513475
2 0.43167499140625 0.464513475 0.43167499140625 0.5056492291666667 0.45271031875 0.5056492291666667 0.45271031875 0.464513475
2 0.44324442109374995 0.4458154055555556 0.44324442109374995 0.51125865 0.49478097656250003 0.51125865 0.49478097656250003 0.4458154055555556
2 0.47479741484375 0.45329463194444447 0.47479741484375 0.5112586486111111 0.52212690390625 0.5112586486111111 0.52212690390625 0.45329463194444447
2 0.50740217421875 0.43272675694444446 0.50740217421875 0.5336963319444444 0.610475284375 0.5336963319444444 0.610475284375 0.43272675694444446
2 0.59364702109375 0.4215079138888889 0.59364702109375 0.5056492291666667 0.678840103125 0.5056492291666667 0.678840103125 0.4215079138888889
2 0.68590197578125 0.38972119722222226 0.68590197578125 0.5187378791666666 0.8531328374999999 0.5187378791666666 0.8531328374999999 0.38972119722222226
2 0.27706532734375 0.49443038611111106 0.27706532734375 0.5093888416666666 0.28968652421874996 0.5093888416666666 0.28968652421874996 0.49443038611111106
2 0.250771165625 0.49817000138888895 0.250771165625 0.5187378777777778 0.259185296875 0.5187378777777778 0.259185296875 0.49817000138888895
2 0.24130526875 0.5019096152777778 0.24130526875 0.5187378777777778 0.25182293203125 0.5187378777777778 0.25182293203125 0.5019096152777778
2 0.23289113515625 0.5037794222222222 0.23289113515625 0.5243472986111111 0.24551233359375 0.5243472986111111 0.24551233359375 0.5037794222222222
2 0.2570817640625 0.5000398083333333 0.2570817640625 0.5187378777777778 0.26865119453125 0.5187378777777778 0.26865119453125 0.5000398083333333
2 0.2192181734375 0.5131284569444444 0.2192181734375 0.5336963333333333 0.22763230390625 0.5336963333333333 0.22763230390625 0.5131284569444444
2 0.20764874140625 0.5131284569444444 0.20764874140625 0.5336963333333333 0.22132170546875002 0.5336963333333333 0.22132170546875002 0.5131284569444444
2 0.1918722453125 0.5093888430555555 0.1918722453125 0.5393057555555555 0.209752275 0.5393057555555555 0.209752275 0.5093888430555555
2 0.18240634765625 0.5149982652777777 0.18240634765625 0.5430453694444444 0.20028637734375 0.5430453694444444 0.20028637734375 0.5149982652777777
2 0.1708369171875 0.5206076847222222 0.1708369171875 0.5486547888888889 0.19502754453124999 0.5486547888888889 0.19502754453124999 0.5206076847222222
2 0.128766259375 0.5187378777777778 0.128766259375 0.5729622791666666 0.16873338359375 0.5729622791666666 0.16873338359375 0.5187378777777778
2 0.1098344640625 0.5262171055555556 0.1098344640625 0.5636132458333333 0.13507685859375002 0.5636132458333333 0.13507685859375002 0.5262171055555556
2 0.0972132671875 0.5336963333333333 0.0972132671875 0.5785717027777777 0.12981802578124998 0.5785717027777777 0.12981802578124998 0.5336963333333333
2 0.06250497499999999 0.5318265263888888 0.06250497499999999 0.5860509291666667 0.10562739843749999 0.5860509291666667 0.10562739843749999 0.5318265263888888
2 0.00045075546875000003 0.5187378777777778 0.00045075546875000003 0.6982393472222223 0.10142033203125 0.6982393472222223 0.10142033203125 0.5187378777777778
7 0.62309648125 0.32775045138888886 0.62309648125 0.34644852083333333 0.6378212117187501 0.34644852083333333 0.6378212117187501 0.32775045138888886
7 0.3633101734375 0.4474180986111111 0.3633101734375 0.4623765527777778 0.3727760703125 0.4623765527777778 0.3727760703125 0.4474180986111111
7 0.2318393703125 0.4623765541666666 0.2318393703125 0.4735953958333333 0.24025350078125 0.4735953958333333 0.24025350078125 0.4623765541666666
6 0.1750439828125 0.43299387777777776 0.1750439828125 0.45730136805555555 0.18240634687499999 0.45730136805555555 0.18240634687499999 0.43299387777777776
6 0.16873338359375 0.43673349166666664 0.16873338359375 0.46104098194444443 0.177147515625 0.46104098194444443 0.177147515625 0.43673349166666664
6 0.24235703359375 0.45917117500000004 0.24235703359375 0.47412963194444446 0.25077116484375 0.47412963194444446 0.25077116484375 0.45917117500000004
6 0.2118558078125 0.4629107888888889 0.2118558078125 0.48721828194444444 0.22026993828125 0.48721828194444444 0.22026993828125 0.4629107888888889
7 0.944664425 0.09215369583333334 0.944664425 0.1176574875 0.97144340625 0.1176574875 0.97144340625 0.09215369583333334
7 0.9226674046875001 0.11255672916666667 0.9226674046875001 0.14656178472222223 0.961879484375 0.14656178472222223 0.961879484375 0.11255672916666667
7 0.8997139921875 0.08365243194444444 0.8997139921875 0.1176574875 0.931274934375 0.1176574875 0.931274934375 0.08365243194444444
6 0.9523155624999999 0.20607063194444444 0.9523155624999999 0.2621789736111111 0.9800509359375 0.2621789736111111 0.9800509359375 0.20607063194444444
6 0.27805906953125004 0.05984889305555555 0.27805906953125004 0.1476563277777778 0.30196887421874996 0.1476563277777778 0.30196887421874996 0.05984889305555555
6 0.36693580078125 0.40466016111111114 0.36693580078125 0.4233629416666667 0.37554333046875 0.4233629416666667 0.37554333046875 0.40466016111111114