7 0.61608641328125 0.24169358055555554 0.61608641328125 0.29177423194444446 0.64303198203125 0.29177423194444446 0.64303198203125 0.24169358055555554
7 0.36255311562500003 0.29612906944444445 0.36255311562500003 0.33967746249999997 0.38459948828125 0.33967746249999997 0.38459948828125 0.29612906944444445
7 0.3049875828125 0.28306455277777776 0.3049875828125 0.32661294583333333 0.324584359375 0.32661294583333333 0.324584359375 0.28306455277777776
7 0.3049875828125 0.3309677847222222 0.3049875828125 0.36145165972222226 0.324584359375 0.36145165972222226 0.324584359375 0.3309677847222222
7 0.47890897734375004 0.26564519583333335 0.47890897734375004 0.28741939166666663 0.49238176171875 0.28741939166666663 0.49238176171875 0.26564519583333335
7 0.594040040625 0.2983064916666667 0.594040040625 0.32225810555555556 0.60873762265625 0.32225810555555556 0.60873762265625 0.2983064916666667
7 0.61118721953125 0.2983064916666667 0.61118721953125 0.32008068611111107 0.6234352046875 0.32008068611111107 0.6234352046875 0.2983064916666667
7 0.59648963828125 0.3179032666666667 0.59648963828125 0.36145165972222226 0.605063228125 0.36145165972222226 0.605063228125 0.3179032666666667
2 0.714070296875 0.29177423055555557 0.714070296875 0.30919359027777776 0.732442275 0.30919359027777776 0.732442275 0.29177423055555557
2 0.70672150546875 0.28959681111111113 0.70672150546875 0.31137100833333337 0.71284549921875 0.31137100833333337 0.71284549921875 0.28959681111111113
2 0.6381327875 0.29612906944444445 0.6381327875 0.3179032652777778 0.66875275078125 0.3179032652777778 0.66875275078125 0.29612906944444445
2 0.55117209140625 0.3179032666666667 0.55117209140625 0.3375000430555556 0.56464487578125 0.3375000430555556 0.56464487578125 0.3179032666666667
2 0.5279009179687499 0.32225810555555556 0.5279009179687499 0.3483871416666667 0.547497696875 0.3483871416666667 0.547497696875 0.32225810555555556
2 0.4764593796875 0.3287903652777778 0.4764593796875 0.3505645597222222 0.49605615625 0.3505645597222222 0.49605615625 0.3287903652777778
2 0.4825833734375 0.3375000430555556 0.4825833734375 0.37233876111111114 0.50830414375 0.37233876111111114 0.50830414375 0.3375000430555556
2 0.44461461875 0.33967746249999997 0.44461461875 0.3766935972222222 0.47400978359375 0.3766935972222222 0.47400978359375 0.33967746249999997
2 0.353979525 0.3353226236111111 0.353979525 0.3919355347222222 0.42746743828125 0.3919355347222222 0.42746743828125 0.3353226236111111
2 0.5352497109375001 0.3418548833333333 0.5352497109375001 0.38322585555555555 0.5952648390624999 0.38322585555555555 0.5952648390624999 0.3418548833333333
2 0.59648963828125 0.3287903652777778 0.59648963828125 0.40935489166666666 0.6895743265625 0.40935489166666666 0.6895743265625 0.3287903652777778
2 0.6810007367187499 0.33967746249999997 0.6810007367187499 0.38758069722222227 0.7446902609375 0.38758069722222227 0.7446902609375 0.33967746249999997