7 0.24114424140625 0.45181266527777775 0.24114424140625 0.48851961111111114 0.25490934609375004 0.48851961111111114 0.25490934609375004 0.45181266527777775
7 0.375736378125 0.41782475 0.375736378125 0.45181266527777775 0.4216200609375 0.45181266527777775 0.4216200609375 0.41782475
7 0.41856114921875004 0.4219033013888889 0.41856114921875004 0.45181266527777775 0.46750374453125004 0.45181266527777775 0.46750374453125004 0.4219033013888889
7 0.5034459625000001 0.42462233611111105 0.5034459625000001 0.46132928194444445 0.53785872421875 0.46132928194444445 0.53785872421875 0.42462233611111105
7 0.7341389281249999 0.4803625138888889 0.7341389281249999 0.5333836569444445 0.757845496875 0.5333836569444445 0.757845496875 0.4803625138888889
1 0.0010196328125 0.26918427222222224 0.0010196328125 0.6145014722222222 0.20443729453124998 0.6145014722222222 0.20443729453124998 0.26918427222222224
2 0.2110649421875 0.4676736875 0.2110649421875 0.4839878847222222 0.22559477578124998 0.4839878847222222 0.22559477578124998 0.4676736875
2 0.2317126 0.4663141708333333 0.2317126 0.48126885416666665 0.2416540640625 0.48126885416666665 0.2416540640625 0.4663141708333333
2 0.19806456484374999 0.4799093361111111 0.19806456484374999 0.4962235333333333 0.21641803828125 0.4962235333333333 0.21641803828125 0.4799093361111111
2 0.254654440625 0.4663141708333333 0.254654440625 0.4826283680555556 0.26230172109375 0.4826283680555556 0.26230172109375 0.4663141708333333
2 0.263831178125 0.46903320555555555 0.263831178125 0.48806643611111106 0.28447883515625 0.48806643611111106 0.28447883515625 0.46903320555555555
2 0.28906720390624996 0.4676736875 0.28906720390624996 0.48534740277777777 0.29900866796875 0.48534740277777777 0.29900866796875 0.4676736875
2 0.300538125 0.4744712708333333 0.300538125 0.4867069194444445 0.31353850078125 0.4867069194444445 0.31353850078125 0.4744712708333333
2 0.31506795625 0.4731117541666667 0.31506795625 0.4839878847222222 0.32959778984375 0.4839878847222222 0.32959778984375 0.4731117541666667
2 0.32959778984375 0.4676736875 0.32959778984375 0.4839878847222222 0.341068709375 0.4839878847222222 0.341068709375 0.4676736875
2 0.34871599140625 0.46903320555555555 0.34871599140625 0.47854981944444447 0.364010553125 0.47854981944444447 0.364010553125 0.46903320555555555
2 0.3655400078125 0.4676736875 0.3655400078125 0.4799093361111111 0.37624620078125004 0.4799093361111111 0.37624620078125004 0.4676736875
2 0.41881607734375 0.45362535555555555 0.41881607734375 0.46314197083333336 0.4249339015625 0.46314197083333336 0.4249339015625 0.45362535555555555
2 0.424169175 0.4617824555555555 0.424169175 0.46993955277777777 0.43411063906249997 0.46993955277777777 0.43411063906249997 0.4617824555555555
2 0.48840633125000005 0.4577039069444444 0.48840633125000005 0.46586100416666665 0.49605361171875 0.46586100416666665 0.49605361171875 0.4577039069444444
2 0.51746599609375 0.5043806333333334 0.51746599609375 0.5451661277777777 0.53199582890625 0.5451661277777777 0.53199582890625 0.5043806333333334
2 0.53021145546875 0.5102718875 0.53021145546875 0.5496978666666666 0.55544748125 0.5496978666666666 0.55544748125 0.5102718875
2 0.35661818828124997 0.4966767208333333 0.35661818828124997 0.5361027013888889 0.38797203984375 0.5361027013888889 0.38797203984375 0.4966767208333333
2 0.42697316875 0.46812687222222227 0.42697316875 0.6299093416666667 0.52715254375 0.6299093416666667 0.52715254375 0.46812687222222227