7 0.32090996562499996 0.3266129472222222 0.32090996562499996 0.36145165972222226 0.3405067421875 0.36145165972222226 0.3405067421875 0.3266129472222222
2 0.52055212578125 0.5356452305555556 0.52055212578125 0.5617742652777777 0.5279009171875 0.5617742652777777 0.5279009171875 0.5356452305555556
2 0.5070793453125 0.5138710347222222 0.5070793453125 0.5661291041666666 0.51932733046875 0.5661291041666666 0.51932733046875 0.5138710347222222
2 0.49238176015625 0.5051613555555556 0.49238176015625 0.5617742680555555 0.5070793421875 0.5617742680555555 0.5070793421875 0.5051613555555556
2 0.48135857499999996 0.4877419986111111 0.48135857499999996 0.5726613638888889 0.49728095390625005 0.5726613638888889 0.49728095390625005 0.4877419986111111
2 0.429917034375 0.4768549013888889 0.429917034375 0.6053226597222222 0.48870736484375 0.6053226597222222 0.48870736484375 0.4768549013888889
2 0.35887871875 0.4398387652777778 0.35887871875 0.6510484694444445 0.45073861015625 0.6510484694444445 0.45073861015625 0.4398387652777778
2 0.040431096875 0.3875806958333334 0.040431096875 0.7838710694444444 0.40664586328125 0.7838710694444444 0.40664586328125 0.3875806958333334
2 0 0.5922581402777778 0 0.9014056305555556 0.1506629671875 0.9014056305555556 0.1506629671875 0.5922581402777778
2 0.530350515625 0.5334678111111112 0.530350515625 0.5661291041666666 0.5548464859375 0.5661291041666666 0.5548464859375 0.5334678111111112
2 0.556071284375 0.5400000694444445 0.556071284375 0.5639516847222222 0.56954406875 0.5639516847222222 0.56954406875 0.5400000694444445
2 0.56709447109375 0.5356452305555556 0.56709447109375 0.5683065236111111 0.5781176578125 0.5683065236111111 0.5781176578125 0.5356452305555556
2 0.5756680625 0.5051613555555556 0.5756680625 0.5683065236111111 0.60138883125 0.5683065236111111 0.60138883125 0.5051613555555556
2 0.59281524140625 0.5051613555555556 0.59281524140625 0.5770162055555556 0.63813278828125 0.5770162055555556 0.63813278828125 0.5051613555555556
2 0.60873762265625 0.5116936152777778 0.60873762265625 0.5835484638888889 0.65650476640625 0.5835484638888889 0.65650476640625 0.5116936152777778
2 0.630783996875 0.5225807124999999 0.630783996875 0.5944355611111111 0.6736519453125001 0.5944355611111111 0.6736519453125001 0.5225807124999999
2 0.65160557109375 0.5138710347222222 0.65160557109375 0.6162097569444445 0.7189694906249999 0.6162097569444445 0.7189694906249999 0.5138710347222222
2 0.6969231171875 0.4790323180555556 0.6969231171875 0.6815323458333333 0.89656528046875 0.6815323458333333 0.89656528046875 0.4790323180555556