7 0.14622117578125 0.3639282611111111 0.14622117578125 0.37952518749999997 0.16376771796875 0.37952518749999997 0.16376771796875 0.3639282611111111
7 0.46985738125000004 0.32060347083333335 0.46985738125000004 0.36739424583333335 0.48740392187500003 0.36739424583333335 0.48740392187500003 0.32060347083333335
7 0.71160972734375 0.41938399722222225 0.71160972734375 0.4523108402777778 0.723307421875 0.4523108402777778 0.723307421875 0.41938399722222225
7 0.87147821328125 0.41245203055555557 0.87147821328125 0.42631596527777776 0.88610033203125 0.42631596527777776 0.88610033203125 0.41245203055555557
7 0.86465455859375 0.3847241625 0.86465455859375 0.40898604861111115 0.8870751390624999 0.40898604861111115 0.8870751390624999 0.3847241625
7 0.87537744453125 0.37779219583333334 0.87537744453125 0.3933891222222222 0.8948736015625001 0.3933891222222222 0.8948736015625001 0.37779219583333334
6 0.71063491953125 0.28247765138888886 0.71063491953125 0.32580244583333334 0.719408190625 0.32580244583333334 0.719408190625 0.28247765138888886
6 0.56246412734375 0.16636720555555556 0.56246412734375 0.21489097499999998 0.5712373984375 0.21489097499999998 0.5712373984375 0.16636720555555556
6 0.551741240625 0.17329917222222221 0.551741240625 0.22008994722222222 0.5605145109375 0.22008994722222222 0.5605145109375 0.17329917222222221
2 0.48155507578125 0.42631596527777776 0.48155507578125 0.7659823430555556 0.73792953984375 0.7659823430555556 0.73792953984375 0.42631596527777776
2 0.4630337265625 0.4817717013888889 0.4630337265625 0.5094995680555556 0.47375661406249997 0.5094995680555556 0.47375661406249997 0.4817717013888889
9 0.44158795390625 0.4679077652777778 0.44158795390625 0.5094995666666667 0.46205891953125 0.5094995666666667 0.46205891953125 0.4679077652777778
2 0.36750255703125 0.4401798986111111 0.36750255703125 0.51296555 0.40064602578124997 0.51296555 0.40064602578124997 0.4401798986111111
2 0.30219043125 0.4505778486111111 0.30219043125 0.4731067416666667 0.3158377421875 0.4731067416666667 0.3158377421875 0.4505778486111111
2 0.23297907421875 0.44537887361111117 0.23297907421875 0.5233635013888889 0.30998889609375 0.5233635013888889 0.30998889609375 0.44537887361111117
2 0.21640734140625 0.4488448583333333 0.21640734140625 0.5008346083333333 0.25539965625 0.5008346083333333 0.25539965625 0.4488448583333333
2 0.20568445546874997 0.45750981527777773 0.20568445546874997 0.4887036666666667 0.2320042671875 0.4887036666666667 0.2320042671875 0.45750981527777773
2 0.1306242515625 0.44537887361111117 0.1306242515625 0.5164315347222223 0.21348291796875 0.5164315347222223 0.21348291796875 0.44537887361111117
2 0.30219043125 0.44537887361111117 0.30219043125 0.5181645263888889 0.37042698125 0.5181645263888889 0.37042698125 0.44537887361111117
2 0.37530102109375 0.44537887361111117 0.37530102109375 0.5372274333333333 0.4445123765625 0.5372274333333333 0.4445123765625 0.44537887361111117
6 0.8812262929687501 0.42458297222222224 0.8812262929687501 0.45750981527777773 0.8977980249999999 0.45750981527777773 0.8977980249999999 0.42458297222222224