6 0.54523888671875 0.34897951944444444 0.54523888671875 0.40040807777777776 0.55660368125 0.40040807777777776 0.55660368125 0.34897951944444444
6 0.531807765625 0.3544897222222222 0.531807765625 0.3985713444444444 0.54420572265625 0.3985713444444444 0.54420572265625 0.3544897222222222
6 0.3611642828125 0.406180675 0.3611642828125 0.4447520944444444 0.36942958671875 0.4447520944444444 0.36942958671875 0.406180675
6 0.45208262968749996 0.48148678194444444 0.45208262968749996 0.5016908583333334 0.45724844453125 0.5016908583333334 0.45724844453125 0.48148678194444444
6 0.41075610781250005 0.4906704527777778 0.41075610781250005 0.514548 0.41902141249999997 0.514548 0.41902141249999997 0.4906704527777778
4 0.7349233078124999 0.5191835652777778 0.7349233078124999 0.5853060013888889 0.7514539179687499 0.5853060013888889 0.7514539179687499 0.5191835652777778
4 0.63677281875 0.5204080569444445 0.63677281875 0.5883672277777778 0.6512371015625 0.5883672277777778 0.6512371015625 0.5204080569444445
6 0.8168875867187501 0.42306113888888885 0.8168875867187501 0.4689794958333333 0.8354845210937499 0.4689794958333333 0.8354845210937499 0.42306113888888885
6 0.8384118109375001 0.4224488902777778 0.8384118109375001 0.4720407180555556 0.8601082359375001 0.4720407180555556 0.8601082359375001 0.4224488902777778
7 0.54738857734375 0.485758825 0.54738857734375 0.5151465749999999 0.5628860234374999 0.5151465749999999 0.5628860234374999 0.485758825
2 0.35186581484375 0.5302914347222223 0.35186581484375 0.5486587763888888 0.36426377187500003 0.5486587763888888 0.36426377187500003 0.5302914347222223
2 0.34153418359375 0.5321281694444444 0.34153418359375 0.5468220430555555 0.35186581328125 0.5468220430555555 0.35186581328125 0.5321281694444444
2 0.3322357171875 0.5339649027777778 0.3322357171875 0.5486587763888888 0.34050102109374997 0.5486587763888888 0.34050102109374997 0.5339649027777778
2 0.38596019375 0.5247812305555556 0.38596019375 0.5413118402777778 0.39525866171875 0.5413118402777778 0.39525866171875 0.5247812305555556
2 0.37356223828125 0.5284546986111112 0.37356223828125 0.5468220416666666 0.38389386796874997 0.5468220416666666 0.38389386796874997 0.5284546986111112
2 0.284710215625 0.5266179666666667 0.284710215625 0.5596791833333333 0.306406640625 0.5596791833333333 0.306406640625 0.5266179666666667
2 0.26404695546875 0.5321281694444444 0.26404695546875 0.5615159180555556 0.283677053125 0.5615159180555556 0.283677053125 0.5321281694444444
2 0.24958267265625 0.5321281694444444 0.24958267265625 0.5633526527777778 0.26404695546875 0.5633526527777778 0.26404695546875 0.5321281694444444
2 0.16796279218750002 0.5266179666666667 0.16796279218750002 0.5706995888888889 0.2041234984375 0.5706995888888889 0.2041234984375 0.5266179666666667
2 0.1359347375 0.5266179666666667 0.1359347375 0.5762097916666667 0.1751949328125 0.5762097916666667 0.1751949328125 0.5266179666666667
2 0.08214629296875 0.5266179666666667 0.08214629296875 0.5798832597222222 0.13800106328125 0.5798832597222222 0.13800106328125 0.5266179666666667
2 0 0.5399998833333334 0 0.5987753805555556 0.03279001640625 0.5987753805555556 0.03279001640625 0.5399998833333334
2 0.48283152421875003 0.5344896805555556 0.48283152421875003 0.5602039611111111 0.4993621328125 0.5602039611111111 0.4993621328125 0.5344896805555556
2 0.72373071328125 0.5289794805555555 0.72373071328125 0.7622447347222222 0.9365623015625 0.7622447347222222 0.9365623015625 0.5289794805555555
2 0.8611413992187501 0.5111325277777777 0.8611413992187501 0.8118365638888889 0.9995852476562501 0.8118365638888889 0.9995852476562501 0.5111325277777777
2 0.49573042421875 0.5351836708333333 0.49573042421875 0.5664081541666667 0.51846001171875 0.5664081541666667 0.51846001171875 0.5351836708333333
2 0.3758835109375 0.5149795930555555 0.3758835109375 0.6784489444444445 0.48849828281249996 0.6784489444444445 0.48849828281249996 0.5149795930555555
2 0.2196935859375 0.5323589680555555 0.2196935859375 0.5680193777777778 0.24834927265625 0.5680193777777778 0.24834927265625 0.5323589680555555