2 0.3230495203125 0.48931844722222223 0.3230495203125 0.5464526708333334 0.36896095 0.5464526708333334 0.36896095 0.48931844722222223
2 0.29458443437500004 0.4958480736111111 0.29458443437500004 0.5513498888888889 0.32855889609375 0.5513498888888889 0.32855889609375 0.4958480736111111
2 0.2486730046875 0.4925832611111111 0.2486730046875 0.5562471097222222 0.29917557734375 0.5562471097222222 0.29917557734375 0.4925832611111111
2 0.54342438125 0.4958480736111111 0.54342438125 0.5382906402777777 0.55444312421875 0.5382906402777777 0.55444312421875 0.4958480736111111
2 0.54617906640625 0.4925832611111111 0.54617906640625 0.5497174847222221 0.56821655078125 0.5497174847222221 0.56821655078125 0.4925832611111111
2 0.5663800953125 0.4876860416666667 0.5663800953125 0.5644091402777778 0.61320975390625 0.5644091402777778 0.61320975390625 0.4876860416666667
2 0.5975998671875 0.4419786638888889 0.5975998671875 0.6150137375 0.72339718359375 0.6150137375 0.72339718359375 0.4419786638888889
2 0.6595385578124999 0.45667032083333337 0.6595385578124999 0.7325470000000001 0.967145134375 0.7325470000000001 0.967145134375 0.45667032083333337
2 0.17195623671875 0.4873179375 0.17195623671875 0.5689382569444444 0.25367858125 0.5689382569444444 0.25367858125 0.4873179375
2 0.37997969296875 0.4992612875 0.37997969296875 0.5384390402777778 0.41854529296875 0.5384390402777778 0.41854529296875 0.4992612875
2 0.42221820781249997 0.4976288805555556 0.42221820781249997 0.5302770083333334 0.45160152265625 0.5302770083333334 0.45160152265625 0.4976288805555556
2 0.449765065625 0.4943640694444445 0.449765065625 0.5237473833333334 0.47180255000000004 0.5237473833333334 0.47180255000000004 0.4943640694444445
2 0.50944992421875 0.4959964763888889 0.50944992421875 0.5286446055555556 0.52965095234375 0.5286446055555556 0.52965095234375 0.4959964763888889
6 0.503940553125 0.4502890958333333 0.503940553125 0.4796724111111111 0.51495929296875 0.4796724111111111 0.51495929296875 0.4502890958333333
6 0.53791500859375 0.44049465694444445 0.53791500859375 0.46661315833333333 0.5489337515625 0.46661315833333333 0.5489337515625 0.44049465694444445