7 0.014464282812500001 0.22270403472222222 0.014464282812500001 0.25025504861111114 0.0754209015625 0.25025504861111114 0.0754209015625 0.22270403472222222
7 0.2889412703125 0.24290810972222224 0.2889412703125 0.27045912638888886 0.30065044531249996 0.27045912638888886 0.30065044531249996 0.24290810972222224
7 0.4814539796875 0.3085713611111111 0.4814539796875 0.32142850277777774 0.5041835671875 0.32142850277777774 0.5041835671875 0.3085713611111111
7 0.38828146796874996 0.3085713611111111 0.38828146796874996 0.32326523611111113 0.394668284375 0.32326523611111113 0.394668284375 0.3085713611111111
7 0.41533154453125 0.3728570638888889 0.41533154453125 0.39489787361111106 0.43806113125 0.39489787361111106 0.43806113125 0.3728570638888889
6 0.37958411328124997 0.29755095833333334 0.37958411328124997 0.33061217638888885 0.3878494171875 0.33061217638888885 0.3878494171875 0.29755095833333334
6 0.50397695390625 0.3085713611111111 0.50397695390625 0.3471427833333333 0.5132754226562499 0.3471427833333333 0.5132754226562499 0.3085713611111111
6 0.17667088125 0.22885709305555554 0.17667088125 0.27844891666666666 0.19010200078125 0.27844891666666666 0.19010200078125 0.22885709305555554
6 0.30829586249999996 0.24355096527777778 0.30829586249999996 0.2876325875 0.31862749296875 0.2876325875 0.31862749296875 0.24355096527777778
6 0.0030994890625 0.31224483194444447 0.0030994890625 0.36183665833333334 0.016530608593750003 0.36183665833333334 0.016530608593750003 0.31224483194444447
6 0.08265304375 0.36183665833333334 0.08265304375 0.3912244069444445 0.09091834843749999 0.3912244069444445 0.09091834843749999 0.36183665833333334
6 0.13637752265625 0.37102032916666666 0.13637752265625 0.38938767083333337 0.13947701171875 0.38938767083333337 0.13947701171875 0.37102032916666666
6 0.1405101734375 0.3728570638888889 0.1405101734375 0.3893876736111111 0.14360966328125 0.3893876736111111 0.14360966328125 0.3728570638888889
6 0.17873720703125 0.3471427833333333 0.17873720703125 0.36551012638888886 0.18183669687499998 0.36551012638888886 0.18183669687499998 0.3471427833333333
6 0.18596934765625 0.3471427833333333 0.18596934765625 0.3673468611111111 0.19423465234374998 0.3673468611111111 0.19423465234374998 0.3471427833333333
7 0.5781580468749999 0.37102032916666666 0.5781580468749999 0.3985713444444444 0.59158916640625 0.3985713444444444 0.59158916640625 0.37102032916666666
7 0.5864233515625 0.3379591125 0.5864233515625 0.3508162486111111 0.6060534507812501 0.3508162486111111 0.6060534507812501 0.3379591125
2 0.16117343515625 0.39443869305555557 0.16117343515625 0.41096930277777777 0.173571390625 0.41096930277777777 0.173571390625 0.39443869305555557
2 0.18183669687499998 0.39260195833333333 0.18183669687499998 0.4091325694444444 0.19320148984375002 0.4091325694444444 0.19320148984375002 0.39260195833333333
2 0.2035331203125 0.3760713486111111 0.2035331203125 0.39260195833333333 0.21179842421875 0.39260195833333333 0.21179842421875 0.3760713486111111
2 0.0981504890625 0.4109693 0.0981504890625 0.44954072222222224 0.13741068437499998 0.44954072222222224 0.13741068437499998 0.4109693
2 0.21283158750000003 0.4072958319444444 0.21283158750000003 0.43484684583333333 0.23762750078125 0.43484684583333333 0.23762750078125 0.4072958319444444
2 0.2686223921875 0.40362236388888884 0.2686223921875 0.4366835805555555 0.2923851421875 0.4366835805555555 0.2923851421875 0.40362236388888884
2 0.41574481953125 0.3952652166666667 0.41574481953125 0.4319999041666667 0.42504328906250005 0.4319999041666667 0.42504328906250005 0.3952652166666667
2 0.40644635156250003 0.39342848194444446 0.40644635156250003 0.43383663611111106 0.42297696015625 0.43383663611111106 0.42297696015625 0.39342848194444446
2 0.37235197109375 0.3860815458333334 0.37235197109375 0.4503672458333333 0.42297696015625 0.4503672458333333 0.42297696015625 0.3860815458333334
2 0.43330858984375 0.39342848194444446 0.43330858984375 0.4283264361111111 0.45810450312500006 0.4283264361111111 0.45810450312500006 0.39342848194444446
2 0.45355857734375 0.3990305277777778 0.45355857734375 0.43576521527777773 0.48042081640624995 0.43576521527777773 0.48042081640624995 0.3990305277777778
2 0.290318815625 0.393520325 0.290318815625 0.5900508958333333 0.4349616421875 0.5900508958333333 0.4349616421875 0.393520325
7 0.8415113 0.21306118055555556 0.8415113 0.28285708333333337 0.870439865625 0.28285708333333337 0.870439865625 0.21306118055555556