2 0.52067682421875 0.4919689222222222 0.52067682421875 0.5129533791666667 0.53248058125 0.5129533791666667 0.53248058125 0.4919689222222222
2 0.503626953125 0.4989637388888889 0.503626953125 0.5222798041666666 0.52067682578125 0.5222798041666666 0.52067682578125 0.4989637388888889
2 0.48657708359375 0.4989637388888889 0.48657708359375 0.5339378333333333 0.503626953125 0.5339378333333333 0.503626953125 0.4989637388888889
2 0.47083873984375 0.5012953472222222 0.47083873984375 0.5386010458333333 0.4931347234375 0.5386010458333333 0.4931347234375 0.5012953472222222
2 0.45247733984374994 0.5082901666666667 0.45247733984374994 0.5455958652777778 0.47739638203125 0.5455958652777778 0.47739638203125 0.5082901666666667
2 0.41968912812500003 0.49430052638888894 0.41968912812500003 0.5549222874999999 0.455100396875 0.5549222874999999 0.455100396875 0.49430052638888894
2 0.39739314375 0.5059585583333334 0.39739314375 0.5689119277777778 0.4354274703125 0.5689119277777778 0.4354274703125 0.5059585583333334
2 0.5692033789062501 0.48963731666666666 0.5692033789062501 0.5082901694444445 0.57969560703125 0.5082901694444445 0.57969560703125 0.48963731666666666
2 0.575761021875 0.48963731666666666 0.575761021875 0.5176165930555555 0.58756477734375 0.5176165930555555 0.58756477734375 0.48963731666666666
2 0.5810071359375 0.4919689222222222 0.5810071359375 0.5292746208333333 0.5954339484375 0.5292746208333333 0.5954339484375 0.4919689222222222
2 0.58363019453125 0.4966321347222222 0.58363019453125 0.5386010458333333 0.59412242109375 0.5386010458333333 0.59412242109375 0.4966321347222222
2 0.5901878359375 0.4826424972222222 0.5901878359375 0.5455958652777778 0.61641840546875 0.5455958652777778 0.61641840546875 0.4826424972222222
2 0.60330312109375 0.4803108888888889 0.60330312109375 0.5572538972222222 0.64396050625 0.5572538972222222 0.64396050625 0.4803108888888889
2 0.6242875765625 0.4803108888888889 0.6242875765625 0.5968912041666666 0.67937177421875 0.5968912041666666 0.67937177421875 0.4803108888888889
2 0.34099741640625003 0.510621773611111 0.34099741640625003 0.5805699625 0.40919690078125 0.5805699625 0.40919690078125 0.510621773611111
2 0.6492066203125 0.47098446527777776 0.6492066203125 0.6575129652777778 0.7947862867187501 0.6575129652777778 0.7947862867187501 0.47098446527777776
2 0.5377266953125 0.49430052638888894 0.5377266953125 0.5152849833333333 0.5508419796874999 0.5152849833333333 0.5508419796874999 0.49430052638888894