2 0.43295336171875 0.37392116527777775 0.43295336171875 0.3957736972222222 0.44524541171875 0.3957736972222222 0.44524541171875 0.37392116527777775
2 0.41929552734375 0.37634922361111117 0.41929552734375 0.3957736972222222 0.4329533625 0.3957736972222222 0.4329533625 0.37634922361111117
2 0.40700347499999995 0.3666369861111111 0.40700347499999995 0.3909175805555556 0.42202709453125 0.3909175805555556 0.42202709453125 0.3666369861111111
2 0.3974429921875 0.3642089263888889 0.3974429921875 0.4054859388888889 0.41519817734375 0.4054859388888889 0.41519817734375 0.3642089263888889
2 0.3865167234375 0.36178086666666665 0.3865167234375 0.4079139972222222 0.40427190937499996 0.4079139972222222 0.40427190937499996 0.36178086666666665
2 0.3865167234375 0.37149310555555554 0.3865167234375 0.4127701180555555 0.39880877421875 0.4127701180555555 0.39880877421875 0.37149310555555554
2 0.37832202265625 0.3642089263888889 0.37832202265625 0.41519817638888884 0.394711425 0.41519817638888884 0.394711425 0.3642089263888889
2 0.36876153828125 0.35935280694444444 0.36876153828125 0.427338475 0.3906140734375 0.427338475 0.3906140734375 0.35935280694444444
2 0.3441774359375 0.36178086666666665 0.3441774359375 0.4370507125 0.38241937265625003 0.4370507125 0.38241937265625003 0.36178086666666665
2 0.31413019921875 0.3666369861111111 0.31413019921875 0.4419068263888889 0.37149310546875 0.4419068263888889 0.37149310546875 0.3666369861111111
2 0.44934276328125 0.37634922361111117 0.44934276328125 0.3957736972222222 0.46436638203124997 0.3957736972222222 0.46436638203124997 0.37634922361111117
2 0.46163481328125 0.3666369861111111 0.46163481328125 0.40305787499999995 0.47802421640625 0.40305787499999995 0.47802421640625 0.3666369861111111
2 0.46573216484374996 0.3690650458333333 0.46573216484374996 0.4079139972222222 0.48485313203124997 0.4079139972222222 0.48485313203124997 0.3690650458333333
2 0.47529264921875003 0.36178086666666665 0.47529264921875003 0.41519817638888884 0.5108030203125 0.41519817638888884 0.5108030203125 0.36178086666666665
2 0.48348735 0.37149310555555554 0.48348735 0.4249104138888889 0.512168803125 0.4249104138888889 0.512168803125 0.37149310555555554
2 0.4957794015625 0.37392116527777775 0.4957794015625 0.4394787708333333 0.5485897015625001 0.4394787708333333 0.5485897015625001 0.37392116527777775
2 0.66194973203125 0.34640316111111114 0.66194973203125 0.6717631361111112 0.9979324664062499 0.6717631361111112 0.9979324664062499 0.34640316111111114
2 0.9528616109374999 0.5058457347222223 0.9528616109374999 0.7899286958333332 0.9992982492187499 0.7899286958333332 0.9992982492187499 0.5058457347222223
2 0 0.32778803194444445 0 0.708993375 0.1607214078125 0.708993375 0.1607214078125 0.32778803194444445
7 0.9090996046875001 0.06417013333333332 0.9090996046875001 0.10787520555555555 0.9910466140624999 0.10787520555555555 0.9910466140624999 0.06417013333333332
7 0.90090490390625 0.09330684444444444 0.90090490390625 0.1297277375 0.9405126242187499 0.1297277375 0.9405126242187499 0.09330684444444444
7 0.88178393515625 0.13458385833333333 0.88178393515625 0.18314504861111108 0.9118311710937499 0.18314504861111108 0.9118311710937499 0.13458385833333333
7 0.26854715546875 0.23170623750000002 0.26854715546875 0.2511307111111111 0.28357077343750003 0.2511307111111111 0.28357077343750003 0.23170623750000002
7 0.97329142890625 0.1904292263888889 0.97329142890625 0.2244220597222222 0.99924131484375 0.2244220597222222 0.99924131484375 0.1904292263888889
7 0.97192564453125 0.22685011805555558 0.97192564453125 0.3094041416666667 0.99924131484375 0.3094041416666667 0.99924131484375 0.22685011805555558
7 0.7561318554687501 0.21713788055555555 0.7561318554687501 0.241418475 0.78891065859375 0.241418475 0.78891065859375 0.21713788055555555
7 0.7534002875 0.24627459444444447 0.7534002875 0.30454801944444443 0.7725212554687501 0.30454801944444443 0.7725212554687501 0.24627459444444447