6 0.2638529640625 0.35437475 0.2638529640625 0.39890596666666667 0.275718190625 0.39890596666666667 0.275718190625 0.35437475
6 0.34031775546875 0.48562465972222224 0.34031775546875 0.5090621430555555 0.34822790625 0.5090621430555555 0.34822790625 0.48562465972222224
6 0.36932164140625 0.5043746458333334 0.36932164140625 0.5254683819444445 0.3772317921875 0.5254683819444445 0.3772317921875 0.5043746458333334
7 0.1188335328125 0.3637497430555555 0.1188335328125 0.3895309763888889 0.13465383359375 0.3895309763888889 0.13465383359375 0.3637497430555555
7 0.16497607890625 0.45515593055555553 0.16497607890625 0.4903121555555555 0.1821147390625 0.4903121555555555 0.1821147390625 0.45515593055555553
7 0.16497607890625 0.5160933875 0.16497607890625 0.5489058652777777 0.18079638046875 0.5489058652777777 0.18079638046875 0.5160933875
7 0.8307471054687501 0.48328091111111116 0.8307471054687501 0.5348433736111111 0.85184084140625 0.5348433736111111 0.85184084140625 0.48328091111111116
6 0.8782080101562499 0.4106247111111111 0.8782080101562499 0.45281218194444445 0.89139159609375 0.45281218194444445 0.89139159609375 0.4106247111111111
6 0.8913915953125 0.3754684847222222 0.8913915953125 0.4504684333333333 0.9177587640624999 0.4504684333333333 0.9177587640624999 0.3754684847222222
2 0.10301323124999999 0.5207808847222223 0.10301323124999999 0.5606246069444445 0.12806204140625 0.5606246069444445 0.12806204140625 0.5207808847222223
5 0.11619681562499999 0.47156216944444446 0.11619681562499999 0.6332808055555555 0.16497607812499998 0.6332808055555555 0.16497607812499998 0.47156216944444446
5 0.25989788828125 0.4973434013888889 0.25989788828125 0.5770308472222223 0.2836283421875 0.5770308472222223 0.2836283421875 0.4973434013888889
3 0.11487845703124999 0.534843375 0.11487845703124999 0.6520307958333333 0.17156787109375 0.6520307958333333 0.17156787109375 0.534843375
3 0.25989788828125 0.5254683819444445 0.25989788828125 0.5887495888888888 0.28626505703125 0.5887495888888888 0.28626505703125 0.5254683819444445
2 0.28758341640624996 0.5137496402777778 0.28758341640624996 0.5723433513888889 0.32449745390625 0.5723433513888889 0.32449745390625 0.5137496402777778
2 0.0001812703125 0.5231246333333334 0.0001812703125 0.5770308458333333 0.038413665624999996 0.5770308458333333 0.038413665624999996 0.5231246333333334
6 0.8465674070312501 0.26765605833333334 0.8465674070312501 0.34031225833333334 0.8768896523437499 0.34031225833333334 0.8768896523437499 0.26765605833333334