2 0.1306242515625 0.5302954694444445 0.1306242515625 0.5718872708333333 0.16571733359375002 0.5718872708333333 0.16571733359375002 0.5302954694444445
2 0.15986848515625002 0.5302954694444445 0.15986848515625002 0.5718872708333333 0.18131425859375 0.5718872708333333 0.18131425859375 0.5302954694444445
2 0.18521348984375 0.5302954694444445 0.18521348984375 0.5701542791666666 0.2203065734375 0.5701542791666666 0.2203065734375 0.5302954694444445
2 0.22225618984375 0.5337614513888889 0.22225618984375 0.5701542763888889 0.245651578125 0.5701542763888889 0.245651578125 0.5337614513888889
2 0.24175234609375 0.5320284597222222 0.24175234609375 0.5788192361111111 0.2719713890625 0.5788192361111111 0.2719713890625 0.5320284597222222
2 0.27294619765625 0.5389604263888889 0.27294619765625 0.5822852180555556 0.30998889531249996 0.5822852180555556 0.30998889531249996 0.5389604263888889
2 0.30511485625 0.5372274333333333 0.30511485625 0.5926831722222222 0.36847736640625 0.5926831722222222 0.36847736640625 0.5372274333333333
2 0.36652775000000004 0.5372274333333333 0.36652775000000004 0.6065471041666667 0.43866353046875 0.6065471041666667 0.43866353046875 0.5372274333333333
2 0.41916737265625 0.5389604263888889 0.41916737265625 0.5753532513888889 0.44646199453125 0.5753532513888889 0.44646199453125 0.5389604263888889
2 0.44256276171875 0.5441594013888889 0.44256276171875 0.6186780458333333 0.52152219765625 0.6186780458333333 0.52152219765625 0.5441594013888889
2 0.5088496953125 0.5458923930555556 0.5088496953125 0.5718872694444445 0.5244466210937501 0.5718872694444445 0.5244466210937501 0.5458923930555556
2 0.51859777421875 0.5458923930555556 0.51859777421875 0.6360079652777777 0.623877021875 0.6360079652777777 0.623877021875 0.5458923930555556
2 0.601456440625 0.5528243597222222 0.601456440625 0.5857512013888889 0.62485183046875 0.5857512013888889 0.62485183046875 0.5528243597222222
2 0.62192740546875 0.5718872694444445 0.62192740546875 0.6412069388888889 0.6599449125 0.6412069388888889 0.6599449125 0.5718872694444445
2 0.65604568046875 0.5718872694444445 0.65604568046875 0.6464059152777778 0.74377838515625 0.6464059152777778 0.74377838515625 0.5718872694444445
2 0.7077104960937499 0.5649553013888888 0.7077104960937499 0.6464059138888889 0.7886195476562501 0.6464059138888889 0.7886195476562501 0.5649553013888888
2 0.7661989671875 0.5788192361111111 0.7661989671875 0.675866775 0.88707513984375 0.675866775 0.88707513984375 0.5788192361111111
2 0.8207882062499999 0.5788192361111111 0.8207882062499999 0.5996151375 0.8500324414062501 0.5996151375 0.8500324414062501 0.5788192361111111
2 0.8597805210937499 0.5892171875 0.8597805210937499 0.6827987388888889 0.9377651468750001 0.6827987388888889 0.9377651468750001 0.5892171875
2 0.9260674546875001 0.5996151375 0.9260674546875001 0.6897307055555556 0.9982032343749999 0.6897307055555556 0.9982032343749999 0.5996151375
2 0.9289918773437501 0.6082800972222222 0.9289918773437501 0.6273430055555556 0.9582361132812499 0.6273430055555556 0.9582361132812499 0.6082800972222222
2 0 0.5233635013888889 0 0.5857512027777777 0.0419167359375 0.5857512027777777 0.0419167359375 0.5233635013888889
2 0.03021904375 0.521630511111111 0.03021904375 0.6550708722222223 0.15012040937499999 0.6550708722222223 0.15012040937499999 0.521630511111111
7 0.007798463281249999 0.43671391527777775 0.007798463281249999 0.5112325611111112 0.04971520078125 0.5112325611111112 0.04971520078125 0.43671391527777775
7 0.23882792265625002 0.47137375 0.23882792265625002 0.507766575 0.25345003984375 0.507766575 0.25345003984375 0.47137375