6 0.09198517734375 0.1848340013888889 0.09198517734375 0.27014200416666667 0.10997983515625001 0.27014200416666667 0.10997983515625001 0.1848340013888889
6 0.55144873515625 0 0.55144873515625 0.0767772 0.58623840390625 0.0767772 0.58623840390625 0
6 0.137571640625 0.5417058013888889 0.137571640625 0.5672982013888889 0.145969146875 0.5672982013888889 0.145969146875 0.5417058013888889
6 0.24913850937499998 0.5267769 0.24913850937499998 0.5587674013888889 0.25753601640625 0.5587674013888889 0.25753601640625 0.5267769
6 0.37150217265625 0.4883883027777777 0.37150217265625 0.5075826013888889 0.37870003515625 0.5075826013888889 0.37870003515625 0.4883883027777777
6 0.43388364843750005 0.4926537013888889 0.43388364843750005 0.5161134 0.43868222343749996 0.5161134 0.43868222343749996 0.4926537013888889
6 0.37030252890625 0.5481039013888889 0.37030252890625 0.5672982 0.37510110390625 0.5672982 0.37510110390625 0.5481039013888889
6 0.42188721015624997 0.5438385027777778 0.42188721015624997 0.5630328013888889 0.4242864984375 0.5630328013888889 0.4242864984375 0.5438385027777778
7 0.289926396875 0.5011845013888889 0.289926396875 0.5289096013888889 0.30432212265624997 0.5289096013888889 0.30432212265624997 0.5011845013888889
7 0.297124259375 0.5630328013888889 0.297124259375 0.5843598013888889 0.30672140937500003 0.5843598013888889 0.30672140937500003 0.5630328013888889
7 0.04160014140625 0.5502366013888889 0.04160014140625 0.5715636027777778 0.054796222656250004 0.5715636027777778 0.054796222656250004 0.5502366013888889
7 0.000812253125 0.4926537013888889 0.000812253125 0.511848 0.0332026359375 0.511848 0.0332026359375 0.4926537013888889
7 0.47587117890624997 0.554502 0.47587117890624997 0.5758290013888889 0.48666797187500005 0.5758290013888889 0.48666797187500005 0.554502
6 0.439881865625 0.5566347013888889 0.439881865625 0.5758290013888889 0.44468044140625 0.5758290013888889 0.44468044140625 0.5566347013888889
7 0.6114309234374999 0.42654 0.6114309234374999 0.5054499 0.65941667265625 0.5054499 0.65941667265625 0.42654
2 0.41588899140624996 0.5779617013888889 0.41588899140624996 0.5992887027777778 0.4242864984375 0.5992887027777778 0.4242864984375 0.5779617013888889
2 0.000812253125 0.6056868013888889 0.000812253125 0.6696678041666667 0.01160904609375 0.6696678041666667 0.01160904609375 0.6056868013888889
2 0.0787890953125 0.5928906013888889 0.0787890953125 0.6568716013888889 0.15556629609375 0.6568716013888889 0.15556629609375 0.5928906013888889
2 0.42548614140624996 0.5800944013888889 0.42548614140624996 0.5971560013888889 0.43388364843750005 0.5971560013888889 0.43388364843750005 0.5800944013888889
2 0.42188721015624997 0.5928906013888889 0.42188721015624997 0.6078195013888888 0.43388364843750005 0.6078195013888888 0.43388364843750005 0.5928906013888889
9 0.38829718515625 0.5672982013888889 0.38829718515625 0.6206157027777778 0.41708863515625005 0.6206157027777778 0.41708863515625005 0.5672982013888889
2 0.36910288515625 0.5758290013888889 0.36910288515625 0.5971560013888889 0.3870975421875 0.5971560013888889 0.3870975421875 0.5758290013888889
2 0.36670359765625 0.5950233013888889 0.36670359765625 0.6163503027777778 0.37870003515625 0.6163503027777778 0.37870003515625 0.5950233013888889
2 0.340311434375 0.5758290013888889 0.340311434375 0.6248811013888889 0.36910288593749996 0.6248811013888889 0.36910288593749996 0.5758290013888889
2 0.37630074765625 0.5950233013888889 0.37630074765625 0.6440754027777778 0.40749148515625 0.6440754027777778 0.40749148515625 0.5950233013888889
2 0.324716065625 0.5843598013888889 0.324716065625 0.6440754027777778 0.35950573671875 0.6440754027777778 0.35950573671875 0.5843598013888889
2 0.29112604062499997 0.6014214013888889 0.29112604062499997 0.6355446013888889 0.309120696875 0.6355446013888889 0.309120696875 0.6014214013888889
9 0.174760596875 0.5758290013888889 0.174760596875 0.7165872013888889 0.294724971875 0.7165872013888889 0.294724971875 0.5758290013888889
4 0.45067866015625 0.5843598013888889 0.45067866015625 0.6056868013888889 0.46027581015625 0.6056868013888889 0.46027581015625 0.5843598013888889
4 0.46747367265625 0.5800944013888889 0.46747367265625 0.6184830013888889 0.47347189140625 0.6184830013888889 0.47347189140625 0.5800944013888889
4 0.48066975312500004 0.5864925013888889 0.48066975312500004 0.6227484013888889 0.48786761562500003 0.6227484013888889 0.48786761562500003 0.5864925013888889
4 0.6498195234375 0.5907579013888888 0.6498195234375 0.6611370041666667 0.6738123984375 0.6611370041666667 0.6738123984375 0.5907579013888888
4 0.6258266484375 0.5630328013888889 0.6258266484375 0.5928906013888889 0.6354237984375 0.5928906013888889 0.6354237984375 0.5630328013888889
2 0.49146654765625 0.5843598013888889 0.49146654765625 0.6632697041666666 0.54185158671875 0.6632697041666666 0.54185158671875 0.5843598013888889