2 0.48119749609375007 0.6073261138888889 0.48119749609375007 0.6350895958333334 0.4938862734375 0.6350895958333334 0.4938862734375 0.6073261138888889
2 0.45874811953125 0.6073261138888889 0.45874811953125 0.6420304652777777 0.48119749609375007 0.6420304652777777 0.48119749609375007 0.6073261138888889
2 0.496814453125 0.605590898611111 0.496814453125 0.6715291638888888 0.5378089648437501 0.6715291638888888 0.5378089648437501 0.605590898611111
2 0.5358568453125 0.6090613347222222 0.5358568453125 0.6350895972222221 0.5485456242187501 0.6350895972222221 0.5485456242187501 0.6090613347222222
2 0.544641384375 0.6107965513888889 0.544641384375 0.6402952486111111 0.5583062226562501 0.6402952486111111 0.5583062226562501 0.6107965513888889
2 0.55049774375 0.6107965513888889 0.55049774375 0.6524417708333333 0.57977953828125 0.6524417708333333 0.57977953828125 0.6107965513888889
2 0.5690428796875 0.605590898611111 0.5690428796875 0.6715291638888888 0.6139416328125 0.6715291638888888 0.6139416328125 0.605590898611111
2 0.59637255546875 0.6142669875 0.59637255546875 0.6854109041666667 0.61882193203125 0.6854109041666667 0.61882193203125 0.6142669875
2 0.60906133359375 0.5951795944444445 0.60906133359375 0.6940869902777778 0.657864325 0.6940869902777778 0.657864325 0.5951795944444445
2 0.6285825296875001 0.5899739416666666 0.6285825296875001 0.7131743805555555 0.70081095625 0.7131743805555555 0.70081095625 0.5899739416666666
2 0.6734812828125001 0.5726217652777778 0.6734812828125001 0.6767348138888889 0.74473365078125 0.6767348138888889 0.74473365078125 0.5726217652777778
2 0.7320448710937499 0.5570048097222222 0.7320448710937499 0.9370174361111111 0.9994852640625 0.9370174361111111 0.9994852640625 0.5570048097222222
2 0.44996358203125003 0.6142669875 0.44996358203125003 0.6611178583333334 0.46265236015625 0.6611178583333334 0.46265236015625 0.6142669875
2 0.43141844375 0.6073261138888889 0.43141844375 0.6628530736111111 0.45386781953125005 0.6628530736111111 0.45386781953125005 0.6073261138888889
2 0.4245860265625 0.6125317666666666 0.4245860265625 0.6732643791666667 0.44703540234375005 0.6732643791666667 0.44703540234375005 0.6125317666666666
2 0.39432817109374996 0.5917091583333334 0.39432817109374996 0.6906165555555556 0.42946632578125 0.6906165555555556 0.42946632578125 0.5917091583333334
2 0.35723789765624997 0.5899739416666666 0.35723789765624997 0.7114391638888888 0.41189724765625 0.7114391638888888 0.41189724765625 0.5899739416666666
2 0.28891370859375 0.5934443763888889 0.28891370859375 0.7287913388888889 0.37480697421875 0.7287913388888889 0.37480697421875 0.5934443763888889
2 0.146408975 0.5847682888888889 0.146408975 0.7929943861111112 0.32209974453125 0.7929943861111112 0.32209974453125 0.5847682888888889
2 0.0009760601562500001 0.5275061111111111 0.0009760601562500001 0.9682513500000001 0.236206478125 0.9682513500000001 0.236206478125 0.5275061111111111
4 0.3181955046875 0.558740025 0.3181955046875 0.8138169944444443 0.36797455625 0.8138169944444443 0.36797455625 0.558740025