2 0.1687816 0.3061418166666667 0.1687816 0.5059843916666666 0.2752137171875 0.5059843916666666 0.2752137171875 0.3061418166666667
4 0.20585346171875002 0.4124410597222222 0.20585346171875002 0.49748045416666664 0.23814185546875 0.49748045416666664 0.23814185546875 0.4124410597222222
4 0.308697978125 0.4230709833333333 0.308697978125 0.47196863472222217 0.32783184140625 0.47196863472222217 0.32783184140625 0.4230709833333333
2 0.3373987734375 0.4209449986111111 0.3373987734375 0.46559067916666663 0.3601202375 0.46559067916666663 0.3601202375 0.4209449986111111
2 0.374470634375 0.41881901388888887 0.374470634375 0.4485828027777778 0.39240863046875 0.4485828027777778 0.39240863046875 0.41881901388888887
2 0.38523343203125 0.4166930291666667 0.38523343203125 0.4996064388888889 0.43545982421874996 0.4996064388888889 0.43545982421874996 0.4166930291666667
2 0.42708875859375006 0.4209449986111111 0.42708875859375006 0.4677166638888889 0.45698542265625 0.4677166638888889 0.45698542265625 0.4209449986111111
2 0.4653564859375 0.4251969666666667 0.4653564859375 0.4783465875 0.5036242132812501 0.4783465875 0.5036242132812501 0.4251969666666667
2 0.49764488125 0.4230709833333333 0.49764488125 0.45283477083333334 0.5179746125 0.45283477083333334 0.5179746125 0.4230709833333333
6 0.4079548953125 0.29338590694444444 0.4079548953125 0.31889772499999997 0.41991356093750004 0.31889772499999997 0.41991356093750004 0.29338590694444444
6 0.55385060546875 0.2976378777777778 0.55385060546875 0.3316536347222222 0.56820100234375 0.3316536347222222 0.56820100234375 0.2976378777777778
4 0.64593232421875 0.39755916527777774 0.64593232421875 0.46133871111111113 0.67463311875 0.46133871111111113 0.67463311875 0.39755916527777774
0 0.64712818984375 0.4464568166666667 0.64712818984375 0.501732425 0.67224138515625 0.501732425 0.67224138515625 0.4464568166666667
4 0.67104551953125 0.41881901388888887 0.67104551953125 0.47196863472222217 0.68300418515625 0.47196863472222217 0.68300418515625 0.41881901388888887
2 0.68180831796875 0.4209449986111111 0.68180831796875 0.5017324208333334 0.7595396390625 0.5017324208333334 0.7595396390625 0.4209449986111111
2 0.73323057578125 0.4124410597222222 0.73323057578125 0.5314962083333333 0.84922962421875 0.5314962083333333 0.84922962421875 0.4124410597222222
7 0.7798693679687501 0.33590560555555554 0.7798693679687501 0.37417333194444446 0.79182803359375 0.37417333194444446 0.79182803359375 0.33590560555555554
7 0.7188801781249999 0.35078749861111114 0.7188801781249999 0.35929143750000003 0.74399337421875 0.35929143750000003 0.74399337421875 0.35078749861111114
2 0.35414090468750004 0.4081890888888889 0.35414090468750004 0.42732295277777776 0.36609956953125 0.42732295277777776 0.36609956953125 0.4081890888888889
2 0.36609956875 0.410315075 0.36609956875 0.4294489361111111 0.3756665 0.4294489361111111 0.3756665 0.410315075
2 0.3756665015625 0.4166930291666667 0.3756665015625 0.4464568166666667 0.39001689921875 0.4464568166666667 0.39001689921875 0.4166930291666667
6 0.3756665015625 0.3826772708333333 0.3756665015625 0.40393712083333333 0.3852334328125 0.40393712083333333 0.3852334328125 0.3826772708333333
6 0.3948003640625 0.3848032583333333 0.3948003640625 0.40393712083333333 0.40197556328125 0.40393712083333333 0.40197556328125 0.3848032583333333
4 0.8001990984375 0.38905522638888884 0.8001990984375 0.42519696944444446 0.8145494960937499 0.42519696944444446 0.8145494960937499 0.38905522638888884
7 0.29075998125 0.3677953777777778 0.29075998125 0.38055128611111105 0.31228557734375 0.38055128611111105 0.31228557734375 0.3677953777777778
7 0.27880131640625 0.34228355833333335 0.27880131640625 0.3529134847222222 0.2979351796875 0.3529134847222222 0.2979351796875 0.34228355833333335
4 0.6256025937499999 0.4124410597222222 0.6256025937499999 0.46984265 0.63995299140625 0.46984265 0.63995299140625 0.4124410597222222
4 0.58733486640625 0.4166930291666667 0.58733486640625 0.4549607569444445 0.6004893984375 0.4549607569444445 0.6004893984375 0.4166930291666667
4 0.52873740859375 0.4209449986111111 0.52873740859375 0.45921272638888894 0.538304340625 0.45921272638888894 0.538304340625 0.4209449986111111
7 0.64354058984375 0.28488196666666665 0.64354058984375 0.3316536333333333 0.662674453125 0.3316536333333333 0.662674453125 0.28488196666666665