6 0.2999229625 0.29542446527777777 0.2999229625 0.32228123750000004 0.3099942515625 0.32228123750000004 0.3099942515625 0.29542446527777777
6 0.38955743125 0.29900536805555555 0.38955743125 0.3258621375 0.39862159140625 0.3258621375 0.39862159140625 0.29900536805555555
6 0.44998516328125 0.36167116388888887 0.44998516328125 0.3813661291666667 0.45804219375 0.3813661291666667 0.45804219375 0.36167116388888887
6 0.40970000859375 0.36883296805555554 0.40970000859375 0.38315658055555557 0.41574278046875 0.38315658055555557 0.41574278046875 0.36883296805555554
6 0.5003416046875 0.3742043222222223 0.5003416046875 0.38852793333333335 0.50739150703125 0.38852793333333335 0.50739150703125 0.3742043222222223
6 0.39862159140625 0.30258626944444444 0.39862159140625 0.3276525875 0.40365723437499995 0.3276525875 0.40365723437499995 0.30258626944444444
6 0.31100138046875003 0.29542446527777777 0.31100138046875003 0.3276525875 0.3200655390625 0.3276525875 0.3200655390625 0.29542446527777777
7 0.25359503515625004 0.30258626944444444 0.25359503515625004 0.3187003319444444 0.27373761015625 0.3187003319444444 0.27373761015625 0.30258626944444444
7 0.4298425859375 0.3115385277777778 0.4298425859375 0.3240716861111111 0.46106358046875 0.3240716861111111 0.46106358046875 0.3115385277777778
7 0.48926318828125004 0.36346161388888887 0.48926318828125004 0.37599477361111106 0.50537725078125 0.37599477361111106 0.50537725078125 0.36346161388888887
7 0.39157168984375 0.3777852263888889 0.39157168984375 0.39031838472222224 0.406678621875 0.39031838472222224 0.406678621875 0.3777852263888889
6 0.54062676015625 0.38315658055555557 0.54062676015625 0.40285154444444443 0.5486837921875 0.40285154444444443 0.5486837921875 0.38315658055555557
6 0.37445049921875 0.41896560555555556 0.37445049921875 0.43328921666666664 0.38150040078125 0.43328921666666664 0.38150040078125 0.41896560555555556
2 0.3714291125 0.4386605708333333 0.3714291125 0.45835553472222224 0.388550303125 0.45835553472222224 0.388550303125 0.4386605708333333
2 0.35128653515625 0.43507966805555554 0.35128653515625 0.4601459861111111 0.37042198359375 0.4601459861111111 0.37042198359375 0.43507966805555554
2 0.34725801953125 0.4386605708333333 0.34725801953125 0.4726791458333333 0.35934356640625 0.4726791458333333 0.35934356640625 0.4386605708333333
2 0.31502989531250003 0.43149876527777775 0.31502989531250003 0.47626005 0.3492722765625 0.47626005 0.3492722765625 0.43149876527777775
2 0.2979087046875 0.4476128263888889 0.2979087046875 0.49058365833333334 0.33315821484375 0.49058365833333334 0.33315821484375 0.4476128263888889
9 0 0.27572950138888885 0 0.6123343472222222 0.26265919375 0.6123343472222222 0.26265919375 0.27572950138888885
2 0.43689248671875003 0.3974801902777778 0.43689248671875003 0.43507966805555554 0.49832734765625003 0.43507966805555554 0.49832734765625003 0.3974801902777778
2 0.4006358484375 0.40643244722222227 0.4006358484375 0.5908489319444444 0.5184699273437501 0.5908489319444444 0.5184699273437501 0.40643244722222227
2 0.5929974609374999 0.39031838472222224 0.5929974609374999 0.4547746333333333 0.654432321875 0.4547746333333333 0.654432321875 0.39031838472222224