6 0.49199223906249995 0.40812237083333336 0.49199223906249995 0.4228162458333334 0.49715805390625 0.4228162458333334 0.49715805390625 0.40812237083333336
7 0.4886861203125 0.4224488902777778 0.4886861203125 0.4371427638888889 0.49798458828125 0.4371427638888889 0.49798458828125 0.4224488902777778
2 0.40706623984375 0.44265296805555554 0.40706623984375 0.4610203097222222 0.4339284796875 0.4610203097222222 0.4339284796875 0.44265296805555554
2 0.40086726171875 0.4444897027777778 0.40086726171875 0.47020398333333335 0.41326521875 0.47020398333333335 0.41326521875 0.4444897027777778
2 0.3946682828125 0.4463264347222222 0.3946682828125 0.47204071527777774 0.4049999125 0.47204071527777774 0.4049999125 0.4463264347222222
2 0.38536981640625 0.4463264347222222 0.38536981640625 0.4738774486111111 0.40086726171875 0.4738774486111111 0.40086726171875 0.4463264347222222
2 0.3626402296875 0.44081623194444447 0.3626402296875 0.4757141833333333 0.38640298046875 0.4757141833333333 0.38640298046875 0.44081623194444447
2 0.33474482578125003 0.4334692958333333 0.33474482578125003 0.4848978569444445 0.36367339140625 0.4848978569444445 0.36367339140625 0.4334692958333333
2 0.29135197890625003 0.4261223583333333 0.29135197890625003 0.49408152777777775 0.34094380625 0.49408152777777775 0.34094380625 0.4261223583333333
2 0.46492337109375 0.4463264347222222 0.46492337109375 0.47204071527777774 0.4752550015625 0.47204071527777774 0.4752550015625 0.4463264347222222
2 0.46698969687499997 0.44816317083333335 0.46698969687499997 0.4812243875 0.4824871421875 0.4812243875 0.4824871421875 0.44816317083333335
2 0.13431119687499998 0.4206121541666667 0.13431119687499998 0.46836724583333333 0.2252295453125 0.46836724583333333 0.2252295453125 0.4206121541666667
2 0.20456628203125 0.4169386875 0.20456628203125 0.5124488708333333 0.29135197734374996 0.5124488708333333 0.29135197734374996 0.4169386875
2 0.47649479375 0.44816317083333335 0.47649479375 0.4848978569444445 0.5095560109374999 0.4848978569444445 0.5095560109374999 0.44816317083333335
2 0.5903493578125001 0.4444897027777778 0.5903493578125001 0.5877549791666666 0.72982636953125 0.5877549791666666 0.72982636953125 0.4444897027777778
2 0.8476069562499999 0.4665305125 0.8476069562499999 0.5491835555555555 0.9953492710937499 0.5491835555555555 0.9953492710937499 0.4665305125