7 0.6582113921875 0.2969389069444444 0.6582113921875 0.3642858791666667 0.6745698164062499 0.3642858791666667 0.6745698164062499 0.2969389069444444
7 0.22606606328124998 0.4327261430555555 0.22606606328124998 0.45109349861111114 0.26222679296875 0.45109349861111114 0.26222679296875 0.4327261430555555
7 0.24931224687500003 0.44344043333333333 0.24931224687500003 0.46333840416666666 0.25706097421875 0.46333840416666666 0.25706097421875 0.44344043333333333
7 0.3371311640625 0.4235424652777778 0.3371311640625 0.44190982083333336 0.34832377109375 0.44190982083333336 0.34832377109375 0.4235424652777778
6 0.42322814140625004 0.4204812402777778 0.42322814140625004 0.4388485958333333 0.42925492812500005 0.4388485958333333 0.42925492812500005 0.4204812402777778
6 0.41978426171875 0.4204812402777778 0.41978426171875 0.4403792083333334 0.42581104999999997 0.4403792083333334 0.42581104999999997 0.4204812402777778
6 0.275141340625 0.4235424652777778 0.275141340625 0.4480322736111111 0.28289006953125 0.4480322736111111 0.28289006953125 0.4235424652777778
1 0.16493721015625 0.49242004722222227 0.16493721015625 0.5949711111111111 0.25189515859375 0.5949711111111111 0.25189515859375 0.49242004722222227
2 0.1296374484375 0.542930275 0.1296374484375 0.5857874361111111 0.16665914921875 0.5857874361111111 0.16665914921875 0.542930275
2 0.117583871875 0.5597670152777777 0.117583871875 0.5873180486111111 0.13049841953125002 0.5873180486111111 0.13049841953125002 0.5597670152777777
2 0.32077273828125 0.5199710791666667 0.32077273828125 0.5551751777777778 0.335409225 0.5551751777777778 0.335409225 0.5199710791666667
2 0.33799213515625 0.5169098541666667 0.33799213515625 0.5352772097222223 0.35090668125 0.5352772097222223 0.35090668125 0.5169098541666667
2 0.40428680703125003 0.4985424986111111 0.40428680703125003 0.5169098541666667 0.41117456484375003 0.5169098541666667 0.41117456484375003 0.4985424986111111
2 0.3784577140625 0.5077261763888888 0.3784577140625 0.5260935277777777 0.3862064421875 0.5260935277777777 0.3862064421875 0.5077261763888888
2 0.37070898515625 0.5123180138888889 0.37070898515625 0.5260935277777777 0.38017965390624997 0.5260935277777777 0.38017965390624997 0.5123180138888889
2 0.36382122734375 0.5107874013888889 0.36382122734375 0.5306853722222222 0.37329189609375 0.5306853722222222 0.37329189609375 0.5107874013888889
2 0.35176765078125 0.5123180138888889 0.35176765078125 0.5322159847222222 0.3681260734375 0.5322159847222222 0.3681260734375 0.5123180138888889
2 0.0004919828125 0.5599856819444444 0.0004919828125 0.6533530708333334 0.03062592265625 0.6533530708333334 0.03062592265625 0.5599856819444444
2 0.65962586484375 0.4720847875 0.65962586484375 0.8547380208333334 0.99884795625 0.8547380208333334 0.99884795625 0.4720847875
2 0.98494942109375 0.7368031458333333 0.98494942109375 0.9036399541666666 0.99872493828125 0.9036399541666666 0.99872493828125 0.7368031458333333
2 0.51900824296875 0.47214625972222224 0.51900824296875 0.5945952930555556 0.6085491015625 0.5945952930555556 0.6085491015625 0.47214625972222224
2 0.41052605078125 0.4537789041666667 0.41052605078125 0.5578605847222222 0.46562811796875003 0.5578605847222222 0.46562811796875003 0.4537789041666667
2 0.24780276328125 0.4736768722222222 0.24780276328125 0.5884728430555556 0.32098519531249997 0.5884728430555556 0.32098519531249997 0.4736768722222222
2 0.384452475 0.5055885805555556 0.384452475 0.5267650652777778 0.402320134375 0.5267650652777778 0.402320134375 0.5055885805555556