2 0.254400321875 0.26637293749999996 0.254400321875 0.29017647222222226 0.2725717734375 0.29017647222222226 0.2725717734375 0.26637293749999996
2 0.2381416546875 0.26637293749999996 0.2381416546875 0.2833754625 0.24961836015625 0.2833754625 0.24961836015625 0.26637293749999996
2 0.21901381171874998 0.2527709138888889 0.21901381171874998 0.30207824305555553 0.24196722421875 0.30207824305555553 0.24196722421875 0.2527709138888889
1 0.1348512984375 0.22726712222222223 0.1348512984375 0.2527709138888889 0.1606738875 0.2527709138888889 0.1606738875 0.22726712222222223
2 0.11189788593750001 0.2510706611111111 0.11189788593750001 0.31398001388888885 0.158761103125 0.31398001388888885 0.158761103125 0.2510706611111111
6 0.25631310625000003 0.18646105416666667 0.25631310625000003 0.20346358194444442 0.2630078515625 0.20346358194444442 0.2630078515625 0.18646105416666667
6 0.26205145937499996 0.18646105416666667 0.26205145937499996 0.20006307777777776 0.26874620546875 0.20006307777777776 0.26874620546875 0.18646105416666667
6 0.15971749531249999 0.1609572638888889 0.15971749531249999 0.17966004305555555 0.16641224062499999 0.17966004305555555 0.16641224062499999 0.1609572638888889
6 0.16641224062499999 0.1592570111111111 0.16641224062499999 0.18306054722222223 0.17310698671875 0.18306054722222223 0.17310698671875 0.1592570111111111
6 0.15397914296874998 0.15755675694444446 0.15397914296874998 0.17966004305555555 0.16067388828125 0.17966004305555555 0.16067388828125 0.15755675694444446
2 0.10424674921874999 0.2034635833333333 0.10424674921874999 0.2187658583333333 0.112854278125 0.2187658583333333 0.112854278125 0.2034635833333333
2 0.11094149375 0.22896737499999997 0.11094149375 0.24937040694444446 0.12241819921875 0.24937040694444446 0.12241819921875 0.22896737499999997
2 0.14919718125 0.23746864027777775 0.14919718125 0.3513855736111111 0.22857773359375 0.3513855736111111 0.22857773359375 0.23746864027777775
4 0.28500487109375 0.2646726833333333 0.28500487109375 0.31738051944444445 0.30126353828124997 0.31738051944444445 0.30126353828124997 0.2646726833333333
4 0.31943499140625 0.26807319027777776 0.31943499140625 0.3309825430555556 0.33569365859375 0.3309825430555556 0.33569365859375 0.26807319027777776
4 0.33569365859375 0.2626359222222222 0.33569365859375 0.3360833 0.35099593359375 0.3360833 0.35099593359375 0.2626359222222222
4 0.35003954140625 0.2731739458333333 0.35003954140625 0.31568026666666665 0.3605598546875 0.31568026666666665 0.3605598546875 0.2731739458333333
2 0 0.23576838611111112 0 0.35648633472222224 0.10615953203124999 0.35648633472222224 0.10615953203124999 0.23576838611111112
2 0.08990086484375 0.2442696486111111 0.08990086484375 0.28507571666666665 0.11189788593750001 0.28507571666666665 0.11189788593750001 0.2442696486111111
6 0.01147670625 0.1762595388888889 0.01147670625 0.20006307638888887 0.0258225875 0.20006307638888887 0.0258225875 0.1762595388888889
2 0.27352816562500004 0.2051638361111111 0.27352816562500004 0.320781025 0.34812675625 0.320781025 0.34812675625 0.2051638361111111
4 0.40264111171875 0.27657445277777776 0.40264111171875 0.32418152916666665 0.41124864062500005 0.32418152916666665 0.41124864062500005 0.27657445277777776
4 0.46385021171874996 0.2816752111111111 0.46385021171874996 0.38539062916666667 0.48584723203125 0.38539062916666667 0.48584723203125 0.2816752111111111
4 0.48297805546875 0.2748742 0.48297805546875 0.3411840597222222 0.49349836874999997 0.3411840597222222 0.49349836874999997 0.2748742
4 0.44759154453125005 0.26637293749999996 0.44759154453125005 0.33778355416666667 0.46480660390625 0.33778355416666667 0.46480660390625 0.26637293749999996
6 0.03173483671875 0.174222775 0.03173483671875 0.2014268236111111 0.04321154296875 0.2014268236111111 0.04321154296875 0.174222775
4 0.4324631640625 0.28473920694444443 0.4324631640625 0.41565867083333335 0.44872183125 0.41565867083333335 0.44872183125 0.28473920694444443
7 0.3940335828125 0.12666883333333334 0.3940335828125 0.1674749 0.407423071875 0.1674749 0.407423071875 0.12666883333333334
7 0.42368173984375 0.17767641527777778 0.42368173984375 0.21168147083333336 0.45332989765625 0.21168147083333336 0.45332989765625 0.17767641527777778
7 0.49541115390624996 0.168325025 0.49541115390624996 0.18957818333333334 0.5088006429687499 0.18957818333333334 0.5088006429687499 0.168325025
7 0.5585330374999999 0.1283690861111111 0.5585330374999999 0.15727338333333332 0.60157068515625 0.15727338333333332 0.60157068515625 0.1283690861111111
6 0.5900939796875 0.18532755416666666 0.5900939796875 0.22698374722222223 0.614003784375 0.22698374722222223 0.614003784375 0.18532755416666666
7 0.56809696015625 0.09606428194444445 0.56809696015625 0.1266688347222222 0.59009398125 0.1266688347222222 0.59009398125 0.09606428194444445
2 0.5745406484375 0.29584398333333334 0.5745406484375 0.3434510611111111 0.606101590625 0.3434510611111111 0.606101590625 0.29584398333333334
2 0.25631310625000003 0.49477355833333336 0.25631310625000003 0.4998743166666667 0.26396424375 0.4998743166666667 0.26396424375 0.49477355833333336