6 0.31193851015625 0.24435183472222224 0.31193851015625 0.2755456833333333 0.3197369734375 0.2755456833333333 0.3197369734375 0.24435183472222224
6 0.440613146875 0.27554568611111113 0.440613146875 0.30847253055555557 0.450361225 0.30847253055555557 0.450361225 0.27554568611111113
6 0.52639623671875 0.2946085916666667 0.52639623671875 0.31540449444444446 0.53029546484375 0.31540449444444446 0.53029546484375 0.2946085916666667
6 0.5205473890625 0.2928756 0.5205473890625 0.3084725263888889 0.52639623515625 0.3084725263888889 0.52639623515625 0.2928756
6 0.7242822296875 0.29114260833333333 0.7242822296875 0.3067395402777778 0.7330555000000001 0.3067395402777778 0.7330555000000001 0.29114260833333333
7 0.30219043203124996 0.27554568611111113 0.30219043203124996 0.29114261666666663 0.31486293359375 0.29114261666666663 0.31486293359375 0.27554568611111113
7 0.29049273828125 0.21777928888888887 0.29049273828125 0.23164322361111112 0.3070644703125 0.23164322361111112 0.3070644703125 0.21777928888888887
7 0.2953667765625 0.22991023194444446 0.2953667765625 0.242041175 0.30511485546875 0.242041175 0.30511485546875 0.22991023194444446
7 0.29926600859375 0.28940961805555554 0.29926600859375 0.32233646250000003 0.31291331796875 0.32233646250000003 0.31291331796875 0.28940961805555554
7 0.6138040273437501 0.33966637777777775 0.6138040273437501 0.3569962902777778 0.62550172265625 0.3569962902777778 0.62550172265625 0.33966637777777775
7 0.83606021484375 0.23915285694444444 0.83606021484375 0.2720797 0.8545815640625 0.2720797 0.8545815640625 0.23915285694444444
4 0.8757673921875 0.3649680666666667 0.8757673921875 0.4724135527777778 0.8933139335937501 0.4724135527777778 0.8933139335937501 0.3649680666666667
4 0.8962383562499999 0.36150208472222223 0.8962383562499999 0.4602826125 0.9098856671875 0.4602826125 0.9098856671875 0.36150208472222223
4 0.9001375890625001 0.3563031097222222 0.9001375890625001 0.4949424416666667 0.9323062468750001 0.4949424416666667 0.9323062468750001 0.3563031097222222
4 0.93035663203125 0.35006432916666663 0.93035663203125 0.4973686236111111 0.9722733695312501 0.4973686236111111 0.9722733695312501 0.35006432916666663
2 0.698937225 0.3738929652777778 0.698937225 0.42934869999999997 0.722332615625 0.42934869999999997 0.722332615625 0.3738929652777778
2 0.64727241015625 0.38255792361111113 0.64727241015625 0.4154847666666666 0.66871818359375 0.4154847666666666 0.66871818359375 0.38255792361111113
2 0.601456440625 0.38602390555555555 0.601456440625 0.4224167319444444 0.6394739484375 0.4224167319444444 0.6394739484375 0.38602390555555555
2 0.4952023859375 0.3738929652777778 0.4952023859375 0.3981548486111111 0.51469854296875 0.3981548486111111 0.51469854296875 0.3738929652777778
2 0.425991028125 0.38602390555555555 0.425991028125 0.42934869999999997 0.464008534375 0.42934869999999997 0.464008534375 0.38602390555555555
2 0.45231084062500004 0.38429091527777776 0.45231084062500004 0.4310816861111111 0.50495046328125 0.4310816861111111 0.50495046328125 0.38429091527777776
2 0.50300084765625 0.36176202083333336 0.50300084765625 0.4553435722222222 0.5663633578125 0.4553435722222222 0.5663633578125 0.36176202083333336
2 0.35093082421875 0.372159975 0.35093082421875 0.4380136597222223 0.425991028125 0.4380136597222223 0.425991028125 0.372159975
2 0.52912570078125 0.3892299402777778 0.52912570078125 0.4221567833333333 0.6188080234375 0.4221567833333333 0.6188080234375 0.3892299402777778
2 0.46656738984375 0.41443259861111115 0.46656738984375 0.7644969263888888 0.7190426203125 0.7644969263888888 0.7190426203125 0.41443259861111115
2 0.69971708984375 0.37397962083333336 0.69971708984375 0.49702203194444444 0.7923238351562499 0.49702203194444444 0.7923238351562499 0.37397962083333336
2 0.9629152078125 0.53514785 0.9629152078125 0.7829656666666667 0.9989830984375001 0.7829656666666667 0.9989830984375001 0.53514785
7 0.8088955671875 0.2876766263888889 0.8088955671875 0.3102055194444444 0.82059326015625 0.3102055194444444 0.82059326015625 0.2876766263888889