7 0.41645722734375 0 0.41645722734375 0.0675 0.44843091093750004 0.0675 0.44843091093750004 0
4 0.9600098609375 0.16697368333333334 0.9600098609375 0.3232894763888889 0.98498930234375 0.3232894763888889 0.98498930234375 0.16697368333333334
4 0.9290353539062499 0.1758552638888889 0.9290353539062499 0.2842105277777778 0.9600098609375 0.2842105277777778 0.9600098609375 0.1758552638888889
2 0.97699588125 0.24513158055555556 0.97699588125 0.3392763194444445 0.9999769671875001 0.3392763194444445 0.9999769671875001 0.24513158055555556
7 0.48739883984375 0.11723684444444445 0.48739883984375 0.15809210555555556 0.50638321484375 0.15809210555555556 0.50638321484375 0.11723684444444445
2 0.6312804187500001 0.18828947499999998 0.6312804187500001 0.23802631666666668 0.6532623281250001 0.23802631666666668 0.6532623281250001 0.18828947499999998
2 0.64227137265625 0.17407894861111112 0.64227137265625 0.31263158055555557 0.7182088734375001 0.31263158055555557 0.7182088734375001 0.17407894861111112
7 0.68723436640625 0.14921052777777777 0.68723436640625 0.17052631666666668 0.7002236749999999 0.17052631666666668 0.7002236749999999 0.14921052777777777
2 0.67224670078125 0.20250000416666666 0.67224670078125 0.3481578986111111 0.74818420078125 0.3481578986111111 0.74818420078125 0.20250000416666666
2 0.6922302546875 0.12256579027777778 0.6922302546875 0.45828947777777784 0.95401479609375 0.45828947777777784 0.95401479609375 0.12256579027777778
7 0.352509859375 0.20072368333333332 0.352509859375 0.26644736944444447 0.383484365625 0.26644736944444447 0.383484365625 0.20072368333333332
7 0.350511503125 0.26289473888888887 0.350511503125 0.31218727777777777 0.38548271875 0.31218727777777777 0.38548271875 0.26289473888888887
2 0.44343502187499995 0.16697368333333334 0.44343502187499995 0.5098026319444444 0.66125574609375 0.5098026319444444 0.66125574609375 0.16697368333333334
7 0.39547449609375 0.11013157916666666 0.39547449609375 0.1421052611111111 0.41445887265625 0.1421052611111111 0.41445887265625 0.11013157916666666
7 0.47341035234374995 0.1278947375 0.47341035234374995 0.1616447361111111 0.48939719453124997 0.1616447361111111 0.48939719453124997 0.1278947375
7 0.25259209453125 0.06927631527777778 0.25259209453125 0.13144736805555557 0.26857893671875 0.13144736805555557 0.26857893671875 0.06927631527777778
1 0.27257564843750004 0.11546052638888889 0.27257564843750004 0.3037500027777778 0.435441603125 0.3037500027777778 0.435441603125 0.11546052638888889
2 0.25958633671875 0.21671052777777777 0.25958633671875 0.26289473888888887 0.27956989062500004 0.26289473888888887 0.27956989062500004 0.21671052777777777
2 0.21062663359374997 0.21493420972222224 0.21062663359374997 0.26111842083333336 0.26358305 0.26111842083333336 0.26358305 0.21493420972222224
2 0.1366874890625 0.19894736805555557 0.1366874890625 0.2771052652777778 0.21262498984375 0.2771052652777778 0.21262498984375 0.19894736805555557
2 0.00879275078125 0.18651315833333335 0.00879275078125 0.2877631583333333 0.12169982343750001 0.2877631583333333 0.12169982343750001 0.18651315833333335
2 0 0.21315789444444444 0 0.2930921041666667 0.009791929687500001 0.2930921041666667 0.009791929687500001 0.21315789444444444
2 0.1188335328125 0.20960526388888887 0.1188335328125 0.2512498222222222 0.13968502109375 0.2512498222222222 0.13968502109375 0.20960526388888887