7 0.22209301093749997 0.29565472083333333 0.22209301093749997 0.32850524305555556 0.2528903765625 0.32850524305555556 0.2528903765625 0.29565472083333333
7 0.6162992984375 0.32850524583333335 0.6162992984375 0.39107767499999996 0.6444568921875 0.39107767499999996 0.6444568921875 0.32850524583333335
7 0.77820545546875 0.31442644861111113 0.77820545546875 0.3660487027777778 0.79316417578125 0.3660487027777778 0.79316417578125 0.31442644861111113
7 0.77908537890625 0.2737543694444445 0.77908537890625 0.31286213611111113 0.7940441 0.31286213611111113 0.7940441 0.2737543694444445
7 0.57670268359375 0.3597914583333333 0.57670268359375 0.40828509027777776 0.5934212546875 0.40828509027777776 0.5934212546875 0.3597914583333333
7 0.47903103593749996 0.41141370972222224 0.47903103593749996 0.42862112916666667 0.48783028203125 0.42862112916666667 0.48783028203125 0.41141370972222224
7 0.6764861734375 0.3331981763888889 0.6764861734375 0.3457126638888889 0.69760436796875 0.3457126638888889 0.69760436796875 0.3331981763888889
6 0.363760896875 0.11419468055555555 0.363760896875 0.1814600402777778 0.38311924296875 0.1814600402777778 0.38311924296875 0.11419468055555555
6 0.6048602890625 0 0.6048602890625 0.05787949444444445 0.62421863515625 0.05787949444444445 0.62421863515625 0
6 0.6224587859375 0 0.6224587859375 0.05475087361111111 0.64181713203125 0.05475087361111111 0.64181713203125 0
6 0.38663893515625 0.11419468055555555 0.38663893515625 0.17989572777777776 0.40071773359374996 0.17989572777777776 0.40071773359374996 0.11419468055555555
6 0.5455533531250001 0.29565472083333333 0.5455533531250001 0.32694093333333335 0.55435260078125 0.32694093333333335 0.55435260078125 0.29565472083333333
6 0.5393938796875 0.29721903055555554 0.5393938796875 0.3253766236111111 0.5455533531250001 0.3253766236111111 0.5455533531250001 0.29721903055555554
6 0.53323440625 0.3019119611111111 0.53323440625 0.3269409361111111 0.54027380546875 0.3269409361111111 0.54027380546875 0.3019119611111111
6 0.65378409921875 0.39577060277777776 0.65378409921875 0.420799575 0.67402236796875 0.420799575 0.67402236796875 0.39577060277777776
6 0.7901724359375 0.3707416333333333 0.7901724359375 0.40672077777777776 0.8042512343749999 0.40672077777777776 0.8042512343749999 0.3707416333333333
6 0.2771763 0.38951336249999996 0.2771763 0.41297802222222224 0.2947747953125 0.41297802222222224 0.2947747953125 0.38951336249999996
6 0.2226209640625 0.3535342152777778 0.2226209640625 0.3895133597222222 0.24725885859375 0.3895133597222222 0.24725885859375 0.3535342152777778
6 0.40124569140625 0.33789110833333336 0.40124569140625 0.3629200833333333 0.40828508750000003 0.3629200833333333 0.40828508750000003 0.33789110833333336
6 0.39508621796875 0.33789110833333336 0.39508621796875 0.3613557680555556 0.40300554140625 0.3613557680555556 0.40300554140625 0.33789110833333336
6 0.56821141484375 0.40437431249999994 0.56821141484375 0.42314604166666664 0.5787705125 0.42314604166666664 0.5787705125 0.40437431249999994
2 0.45439315546875003 0.41141370972222224 0.45439315546875003 0.4661645861111111 0.47639127578125 0.4661645861111111 0.47639127578125 0.41141370972222224
2 0.42447571406250006 0.39107767222222223 0.42447571406250006 0.41610664444444445 0.45527308125 0.41610664444444445 0.45527308125 0.39107767222222223
2 0.47463142421875004 0.43174975000000004 0.47463142421875004 0.4614716541666667 0.483430671875 0.4614716541666667 0.483430671875 0.43174975000000004
2 0.4813188453125 0.4395713041666666 0.4813188453125 0.4646002763888889 0.4971574921875 0.4646002763888889 0.4971574921875 0.4395713041666666
2 0.48395861953125 0.4411356138888889 0.48395861953125 0.4677288944444445 0.5068366640625 0.4677288944444445 0.5068366640625 0.4411356138888889
2 0.48835824296875 0.442699925 0.48835824296875 0.4771147611111111 0.51387606171875 0.4771147611111111 0.51387606171875 0.442699925
2 0.335251334375 0.3978563680555556 0.335251334375 0.6012167583333333 0.47163967265625006 0.6012167583333333 0.47163967265625006 0.3978563680555556
2 0.85726669921875 0.42197280833333334 0.85726669921875 0.5033169625 0.9672572953125 0.5033169625 0.9672572953125 0.42197280833333334
2 0.8141503867187501 0.45482333333333336 0.8141503867187501 0.5001883430555556 0.8528670757812501 0.5001883430555556 0.8528670757812501 0.45482333333333336
2 0.72351813515625 0.44074453611111114 0.72351813515625 0.5017526583333333 0.8220697085937501 0.5017526583333333 0.8220697085937501 0.44074453611111114
2 0.67688212421875 0.45325902083333336 0.67688212421875 0.4970597222222222 0.724398059375 0.4970597222222222 0.724398059375 0.45325902083333336
2 0.79700756875 0.43107935000000003 0.79700756875 0.8252856444444444 0.9985103390625 0.8252856444444444 0.9985103390625 0.43107935000000003
4 0.17457707265625 0.41610664444444445 0.17457707265625 0.5240440805555555 0.19393541875 0.5240440805555555 0.19393541875 0.41610664444444445
4 0.03378911015625 0.41297802222222224 0.03378911015625 0.5318656333333334 0.07338572421875 0.5318656333333334 0.07338572421875 0.41297802222222224
4 0.5411537296875 0.44074453611111114 0.5411537296875 0.47672368611111116 0.551712828125 0.47672368611111116 0.551712828125 0.44074453611111114
4 0.5825101929687501 0.43292298333333334 0.5825101929687501 0.4845452375 0.5957090640625 0.4845452375 0.5957090640625 0.43292298333333334
4 0.740016725 0.44074453611111114 0.740016725 0.5142671402777778 0.76025499375 0.5142671402777778 0.76025499375 0.44074453611111114
4 0.7259379296875 0.44543747083333335 0.7259379296875 0.49393109999999996 0.741776575 0.49393109999999996 0.741776575 0.44543747083333335