6 0.52131983203125 0.0034394305555555554 0.52131983203125 0.13365350694444444 0.5555948789062499 0.13365350694444444 0.5555948789062499 0.0034394305555555554
6 0.9711459250000001 0.36294354444444443 0.9711459250000001 0.42392914722222225 0.9914167078125 0.42392914722222225 0.9914167078125 0.36294354444444443
6 0.2733631875 0.31581830555555557 0.2733631875 0.42808725694444444 0.29675255078124996 0.42808725694444444 0.29675255078124996 0.31581830555555557
6 0.03245273125 0.15642411666666667 0.03245273125 0.24651648611111113 0.058960678125 0.24651648611111113 0.058960678125 0.15642411666666667
7 0.0371306046875 0.1267233222222222 0.0371306046875 0.15721612361111112 0.05428280625 0.15721612361111112 0.05428280625 0.1267233222222222
7 0.2733631875 0.269485075 0.2733631875 0.31106616805555554 0.29675255078124996 0.31106616805555554 0.29675255078124996 0.269485075
7 0.27648176953125 0.4332353833333334 0.27648176953125 0.48313269444444445 0.30376936171875 0.48313269444444445 0.30376936171875 0.4332353833333334
7 0.277261415625 0.4765985319444444 0.277261415625 0.5223377333333333 0.30532865390624997 0.5223377333333333 0.30532865390624997 0.4765985319444444
6 0.68490464375 0.4019505736111111 0.68490464375 0.4629361763888889 0.7043957796875 0.4629361763888889 0.7043957796875 0.4019505736111111
7 0.32537669296875 0.5072893527777778 0.32537669296875 0.5225357541666666 0.34330853828125 0.5225357541666666 0.34330853828125 0.5072893527777778
4 0.73881156875 0.5363961180555555 0.73881156875 0.6084700125 0.7590823515625 0.6084700125 0.7590823515625 0.5363961180555555
4 0.7528451875 0.5169916083333332 0.7528451875 0.6084700125 0.7746752609375 0.6084700125 0.7746752609375 0.5169916083333332
4 0.7996239171874999 0.49758709861111117 0.7996239171874999 0.5959956861111111 0.81443718125 0.5959956861111111 0.81443718125 0.49758709861111117
4 0.906922615625 0.4996661319444444 0.906922615625 0.6590603208333333 0.94746418203125 0.6590603208333333 0.94746418203125 0.4996661319444444
4 0.85468636796875 0.5162985680555555 0.85468636796875 0.6576742861111111 0.9038040335937501 0.6576742861111111 0.9038040335937501 0.5162985680555555
2 0.335442471875 0.5440192972222222 0.335442471875 0.5620377722222222 0.3479168 0.5620377722222222 0.3479168 0.5440192972222222
2 0.2730708328125 0.5495634430555556 0.2730708328125 0.5731260652777778 0.29022303359375 0.5731260652777778 0.29022303359375 0.5495634430555556
2 0.26215579609375 0.5357030791666666 0.26215579609375 0.5675819166666667 0.2800876421875 0.5675819166666667 0.2800876421875 0.5357030791666666
2 0.33778140859375 0.5481774069444444 0.33778140859375 0.5856003902777778 0.3596114828125 0.5856003902777778 0.3596114828125 0.5481774069444444
2 0.35805219140625 0.5481774069444444 0.35805219140625 0.5994607541666667 0.39235659375 0.5994607541666667 0.39235659375 0.5481774069444444
2 0.5662175367187501 0.5343170416666667 0.5662175367187501 0.6368837374999999 0.7408581265625 0.6368837374999999 0.7408581265625 0.5343170416666667
2 0.38462975 0.5377821541666666 0.38462975 0.6264884861111111 0.44388280625 0.6264884861111111 0.44388280625 0.5377821541666666
1 0.06523845625 0.44122159583333337 0.06523845625 0.6394248069444444 0.26326841015625 0.6394248069444444 0.26326841015625 0.44122159583333337
2 0.030154409375000003 0.55349055 0.030154409375000003 0.5881414611111111 0.0590012921875 0.5881414611111111 0.0590012921875 0.55349055
2 0 0.5590346958333333 0 0.59922975 0.00910398125 0.59922975 0.00910398125 0.5590346958333333