7 0.054566500781250006 0.2981872861111111 0.054566500781250006 0.32809665 0.06986106171874999 0.32809665 0.06986106171874999 0.2981872861111111
7 0.39216645546875 0.226069825 0.39216645546875 0.31851694999999997 0.43193231484375005 0.31851694999999997 0.43193231484375005 0.226069825
7 0.21092590703125 0.19084599444444447 0.21092590703125 0.22483390833333333 0.22316155703125 0.22483390833333333 0.22316155703125 0.19084599444444447
7 0.2147495484375 0.24386714166666665 0.2147495484375 0.2764955388888889 0.22698519609374998 0.2764955388888889 0.22698519609374998 0.24386714166666665
7 0.12910000625 0.3064049013888889 0.12910000625 0.34583088055555555 0.14286511171875 0.34583088055555555 0.14286511171875 0.3064049013888889
7 0.60823687890625 0.2860121527777778 0.60823687890625 0.3186405513888889 0.6197078 0.3186405513888889 0.6197078 0.2860121527777778
2 0.8561130531250001 0.29569484583333333 0.8561130531250001 0.31064952777777777 0.9042909203124999 0.31064952777777777 0.9042909203124999 0.29569484583333333
2 0.92486212265625 0.2814464736111111 0.92486212265625 0.30589122083333337 0.9703592414062501 0.30589122083333337 0.9703592414062501 0.2814464736111111
2 0.7982231296875 0.29773412222222223 0.7982231296875 0.3208459027777778 0.818106059375 0.3208459027777778 0.818106059375 0.29773412222222223
2 0.786752209375 0.29637460416666667 0.786752209375 0.3208459 0.79745840234375 0.3208459 0.79745840234375 0.29637460416666667
2 0.7699281921875001 0.3072507361111111 0.7699281921875001 0.32356493333333336 0.7852227523437499 0.32356493333333336 0.7852227523437499 0.3072507361111111
2 0.7615161828125 0.30996976944444443 0.7615161828125 0.32628396666666665 0.7760460164062499 0.32628396666666665 0.7760460164062499 0.30996976944444443
2 0.74239798203125 0.3072507361111111 0.74239798203125 0.32628396944444443 0.75998672734375 0.32628396944444443 0.75998672734375 0.3072507361111111
2 0.7362801578125 0.31540783749999995 0.7362801578125 0.32492445138888887 0.7431627109375001 0.32492445138888887 0.7431627109375001 0.31540783749999995
2 0.7234327367187501 0.3045317055555556 0.7234327367187501 0.3290030013888889 0.7387272968749999 0.3290030013888889 0.7387272968749999 0.3045317055555556
2 0.663783946875 0.3045317055555556 0.663783946875 0.33444107083333335 0.69743198125 0.33444107083333335 0.69743198125 0.3045317055555556
2 0.59771145 0.31540783749999995 0.59771145 0.33444107083333335 0.61147655390625 0.33444107083333335 0.61147655390625 0.31540783749999995
2 0.5564161335937501 0.3276434847222222 0.5564161335937501 0.3534742986111111 0.57400487890625 0.3534742986111111 0.57400487890625 0.3276434847222222
2 0.5411215734375 0.33036251666666666 0.5411215734375 0.3507552652777778 0.553357221875 0.3507552652777778 0.553357221875 0.33036251666666666
2 0.52888592421875 0.3412386486111111 0.52888592421875 0.35891236388888886 0.5411215734375 0.35891236388888886 0.5411215734375 0.3412386486111111
2 0.50976772265625 0.34259816666666665 0.50976772265625 0.35891236388888886 0.52429755546875 0.35891236388888886 0.52429755546875 0.34259816666666665
2 0.49217897734375005 0.3317220347222222 0.49217897734375005 0.36570994861111117 0.51512081953125 0.36570994861111117 0.51512081953125 0.3317220347222222
2 0.45853094375000003 0.3290030013888889 0.45853094375000003 0.36842898055555556 0.49676734609375 0.36842898055555556 0.49676734609375 0.3290030013888889
2 0.43711855859375 0.3385196166666667 0.43711855859375 0.3725075291666667 0.462354584375 0.3725075291666667 0.462354584375 0.3385196166666667
2 0.41494144453125 0.33716010138888886 0.41494144453125 0.37522656388888886 0.44170692734375 0.37522656388888886 0.44170692734375 0.33716010138888886
2 0.37288140234375 0.3398791333333333 0.37288140234375 0.38474317916666667 0.4111178046875 0.38474317916666667 0.4111178046875 0.3398791333333333
2 0.31552679765625 0.3412386486111111 0.31552679765625 0.3942597930555556 0.36982248906250004 0.3942597930555556 0.36982248906250004 0.3412386486111111
2 0.65575430234375 0.3188066291666667 0.65575430234375 0.3364803416666667 0.6656957671875 0.3364803416666667 0.6656957671875 0.3188066291666667
2 0.9497115828125 0.2556156625 0.9497115828125 0.28144647638888887 0.968829784375 0.28144647638888887 0.968829784375 0.2556156625
2 0.09367918515625 0.3670694638888889 0.09367918515625 0.4064954430555555 0.14873960546875 0.4064954430555555 0.14873960546875 0.3670694638888889