4 0.11356009843749999 0.32624976805555556 0.11356009843749999 0.42937469722222227 0.13860890937499998 0.42937469722222227 0.13860890937499998 0.32624976805555556
4 0.26912639765625 0.3332810138888889 0.26912639765625 0.3614059958333333 0.28099162421875 0.3614059958333333 0.28099162421875 0.3332810138888889
5 0.02918515703125 0.3215622736111111 0.02918515703125 0.49265590555555555 0.08851128828125 0.49265590555555555 0.08851128828125 0.3215622736111111
0 0.0278667984375 0.39187472500000003 0.0278667984375 0.5184371375 0.09378472265625 0.5184371375 0.09378472265625 0.39187472500000003
2 0.40623567890625 0.3356247625 0.40623567890625 0.36843724027777774 0.42732941484375003 0.36843724027777774 0.42732941484375003 0.3356247625
2 0.39041537734375 0.3426560069444444 0.39041537734375 0.38015598333333334 0.4141458296875 0.38015598333333334 0.4141458296875 0.3426560069444444
2 0.37195835859375 0.3426560069444444 0.37195835859375 0.3895309763888889 0.40096224453125 0.3895309763888889 0.40096224453125 0.3426560069444444
2 0.34559118906249997 0.3332810138888889 0.34559118906249997 0.3895309763888889 0.383823584375 0.3895309763888889 0.383823584375 0.3332810138888889
2 0.31790566171875 0.33796851111111115 0.31790566171875 0.3989059680555555 0.3587747734375 0.3989059680555555 0.3587747734375 0.33796851111111115
2 0.2823099828125 0.34734350416666665 0.2823099828125 0.41296845833333334 0.32845252890625 0.41296845833333334 0.32845252890625 0.34734350416666665
2 0.24012251171875 0.3426560069444444 0.24012251171875 0.36843724027777774 0.27044475625 0.36843724027777774 0.27044475625 0.3426560069444444
6 0.4088723953125 0.31218727777777777 0.4088723953125 0.32859351805555553 0.4220559796875 0.32859351805555553 0.4220559796875 0.31218727777777777
7 0.4088723953125 0.29343729166666666 0.4088723953125 0.3098435277777778 0.420737621875 0.3098435277777778 0.420737621875 0.29343729166666666
2 0.134653834375 0.3332810138888889 0.134653834375 0.4457809361111111 0.2862650578125 0.4457809361111111 0.2862650578125 0.3332810138888889
2 0.39832552734375 0.25593731666666664 0.39832552734375 0.7457807305555556 0.70945812578125 0.7457807305555556 0.70945812578125 0.25593731666666664