7 0.55079465390625 0.2678572611111111 0.55079465390625 0.2877552291666667 0.55733802265625 0.2877552291666667 0.55733802265625 0.2678572611111111
6 0.70886870390625 0.29693890833333336 0.70886870390625 0.3214287125 0.7278100390625 0.3214287125 0.7278100390625 0.29693890833333336
6 0.4066683125 0.23418378055555555 0.4066683125 0.26785726388888886 0.42130479921874997 0.26785726388888886 0.42130479921874997 0.23418378055555555
7 0.5986609796875 0.30306135972222226 0.5986609796875 0.3244899402777778 0.61243649453125 0.3244899402777778 0.61243649453125 0.30306135972222226
7 0.6330997703125 0.2234694875 0.6330997703125 0.25561235972222224 0.64515334765625 0.25561235972222224 0.64515334765625 0.2234694875
7 0.6296558906249999 0.2724491013888889 0.6296558906249999 0.29693890833333336 0.6417094671875 0.29693890833333336 0.6417094671875 0.2724491013888889
6 0.88335498828125 0.26224501666666666 0.88335498828125 0.3096940194444444 0.9126279601562499 0.3096940194444444 0.9126279601562499 0.26224501666666666
7 0.70020048515625 0.27554022222222224 0.70020048515625 0.2923769652777778 0.72000278984375 0.2923769652777778 0.72000278984375 0.27554022222222224
2 0.57869007578125 0.33061239305555556 0.57869007578125 0.37346955555555555 0.6096849882812501 0.37346955555555555 0.6096849882812501 0.33061239305555556
2 0.8550613734375 0.36734710277777777 0.8550613734375 0.4285716194444445 0.94890707890625 0.4285716194444445 0.94890707890625 0.36734710277777777
2 0.26307408671875 0.29033282083333334 0.26307408671875 0.7862514125 0.5730232046875 0.7862514125 0.5730232046875 0.29033282083333334