6 0.49617719375 0.3517973208333333 0.49617719375 0.3691272375 0.5010512328125001 0.3691272375 0.5010512328125001 0.3517973208333333
6 0.48740392265625 0.35006432916666663 0.48740392265625 0.3656612541666666 0.49422757890625 0.3656612541666666 0.49422757890625 0.35006432916666663
2 0.42111698906250006 0.41245203055555557 0.42111698906250006 0.4401798986111111 0.43086506796875 0.4401798986111111 0.43086506796875 0.41245203055555557
2 0.40746967968750003 0.41245203055555557 0.40746967968750003 0.4471118652777778 0.42404141328125 0.4471118652777778 0.42404141328125 0.41245203055555557
2 0.39577198515625 0.4089860472222222 0.39577198515625 0.4540438319444445 0.42111698906250006 0.4540438319444445 0.42111698906250006 0.4089860472222222
2 0.38602390703125 0.4089860472222222 0.38602390703125 0.46790776666666667 0.41039410312499996 0.46790776666666667 0.41039410312499996 0.4089860472222222
2 0.34995601640624996 0.4072530555555555 0.34995601640624996 0.4887036666666667 0.40162083359375 0.4887036666666667 0.40162083359375 0.4072530555555555
2 0.33240947578125 0.4141850222222222 0.33240947578125 0.5043005916666666 0.38212467578125 0.5043005916666666 0.38212467578125 0.4141850222222222
2 0.47180699765625 0.41245203055555557 0.47180699765625 0.4523108402777778 0.4971520015625 0.4523108402777778 0.4971520015625 0.41245203055555557
2 0.4971520015625 0.4107190388888889 0.4971520015625 0.4627087902777778 0.52152219765625 0.4627087902777778 0.52152219765625 0.4107190388888889
2 0.505925271875 0.4089860472222222 0.505925271875 0.48350469166666665 0.56636335859375 0.48350469166666665 0.56636335859375 0.4089860472222222
2 0.551741240625 0.43324793194444444 0.551741240625 0.5146985430555555 0.60730528828125 0.5146985430555555 0.60730528828125 0.43324793194444444
2 0.5712373976562499 0.43324793194444444 0.5712373976562499 0.5510913694444444 0.639473946875 0.5510913694444444 0.639473946875 0.43324793194444444
9 0.60535567265625 0.3483313375 0.60535567265625 0.6862647236111111 0.91242014375 0.6862647236111111 0.91242014375 0.3483313375
2 0.21640734140625 0.37605920416666666 0.21640734140625 0.5493583791666666 0.35385524921875 0.5493583791666666 0.35385524921875 0.37605920416666666
2 0.7798462765624999 0.3847241625 0.7798462765624999 0.9046216805555556 0.9991780421875 0.9046216805555556 0.9991780421875 0.3847241625
4 0.738904346875 0.3587292875 0.738904346875 0.7053276319444445 0.84515840234375 0.7053276319444445 0.84515840234375 0.3587292875
2 0.43086506796875 0.3933891222222222 0.43086506796875 0.47483973333333335 0.47473142109375 0.47483973333333335 0.47473142109375 0.3933891222222222