2 0.29494201875 0.4784887888888889 0.29494201875 0.49845181805555555 0.309680346875 0.49845181805555555 0.309680346875 0.4784887888888889
2 0.26967631328124997 0.48347954722222225 0.26967631328124997 0.5123428388888889 0.28181689609375 0.5123428388888889 0.28181689609375 0.48347954722222225
2 0.25985076171875 0.4784887888888889 0.25985076171875 0.5123428388888889 0.27225297421875 0.5123428388888889 0.27225297421875 0.4784887888888889
2 0.25283251015624997 0.48098416944444444 0.25283251015624997 0.5171671527777778 0.26476353750000003 0.5171671527777778 0.26476353750000003 0.48098416944444444
2 0.23809418125 0.4797364805555555 0.23809418125 0.5171671527777778 0.25774528671875 0.5171671527777778 0.25774528671875 0.4797364805555555
2 0.21072300156249998 0.4710026541666667 0.21072300156249998 0.5221579111111111 0.24370878359375 0.5221579111111111 0.24370878359375 0.4710026541666667
2 0.17422809374999998 0.47599341111111115 0.17422809374999998 0.5296440430555556 0.2219522046875 0.5296440430555556 0.2219522046875 0.47599341111111115
2 0.11597660624999999 0.4535350097222222 0.11597660624999999 0.5521024527777777 0.17422809296875 0.5521024527777777 0.17422809296875 0.4535350097222222
2 0.0057900578125 0.4485442513888889 0.0057900578125 0.5807993041666667 0.12439850703125 0.5807993041666667 0.12439850703125 0.4485442513888889
2 0.34828073046874997 0.4859749263888889 0.34828073046874997 0.49969950555555553 0.35459715546875004 0.49969950555555553 0.35459715546875004 0.4859749263888889
2 0.35389533203125 0.4884703041666667 0.35389533203125 0.5021948833333333 0.3623172328125 0.5021948833333333 0.3623172328125 0.4884703041666667
2 0.35670263125 0.48722261527777777 0.35670263125 0.5108045111111111 0.35905695078125 0.5108045111111111 0.35905695078125 0.48722261527777777
2 0.3595099328125 0.4884703041666667 0.3595099328125 0.5109287083333334 0.370037309375 0.5109287083333334 0.370037309375 0.4884703041666667
2 0.367931834375 0.48472723611111107 0.367931834375 0.5196625347222222 0.3889865890625 0.5196625347222222 0.3889865890625 0.48472723611111107
2 0.38477563828125 0.48347954722222225 0.38477563828125 0.5371301777777777 0.42197237109375 0.5371301777777777 0.42197237109375 0.48347954722222225
2 0.42056872109375 0.48098416944444444 0.42056872109375 0.5708177875 0.45916910390625 0.5708177875 0.45916910390625 0.48098416944444444
2 0.441623475 0.47349803333333335 0.441623475 0.5895331236111111 0.51671876640625 0.5895331236111111 0.51671876640625 0.47349803333333335
2 0.46338005468750004 0.5059379527777778 0.46338005468750004 0.6257161111111111 0.55251184921875 0.6257161111111111 0.55251184921875 0.5059379527777778
2 0 0.4828557027777778 0 0.6001384833333334 0.024037511718749998 0.6001384833333334 0.024037511718749998 0.4828557027777778
2 0.52584249375 0.4716265 0.52584249375 0.7024489944444444 0.72445901015625 0.7024489944444444 0.72445901015625 0.4716265
2 0.32512050078125 0.48410339166666666 0.32512050078125 0.509057175 0.343367953125 0.509057175 0.343367953125 0.48410339166666666
7 0.07316527187500001 0.3437383611111111 0.07316527187500001 0.39988437083333334 0.09983462734375001 0.39988437083333334 0.09983462734375001 0.3437383611111111
9 0.27202526250000003 0.4648976861111111 0.27202526250000003 0.5040035 0.29593506718749996 0.5040035 0.29593506718749996 0.4648976861111111