2 0.36550395390625 0.39739309027777775 0.36550395390625 0.5082934902777778 0.40029362187500006 0.5082934902777778 0.40029362187500006 0.39739309027777775
2 0.325915709375 0.40592389027777775 0.325915709375 0.45710869027777784 0.37270181640625 0.45710869027777784 0.37270181640625 0.40592389027777775
2 0.187956678125 0.3952603902777778 0.187956678125 0.4976299888888889 0.297124259375 0.4976299888888889 0.297124259375 0.3952603902777778
7 0.6474202359375 0.3632698902777778 0.6474202359375 0.38459689027777777 0.6594166734375 0.38459689027777777 0.6594166734375 0.3632698902777778
7 0.6474202359375 0.3867295902777778 0.6474202359375 0.4016584902777778 0.65821703046875 0.4016584902777778 0.65821703046875 0.3867295902777778
2 0.6150298546874999 0.3867295902777778 0.6150298546874999 0.44857789027777784 0.6414220171875 0.44857789027777784 0.6414220171875 0.3867295902777778
2 0.6330245109375 0.40592389027777775 0.6330245109375 0.4784356902777778 0.66181596015625 0.4784356902777778 0.66181596015625 0.40592389027777775
2 0.6510191671875 0.36753529027777776 0.6510191671875 0.5317531916666667 0.7817803359375 0.5317531916666667 0.7817803359375 0.36753529027777776
2 0.7433917359375 0.3867295902777778 0.7433917359375 0.6703786902777777 0.99891585546875 0.6703786902777777 0.99891585546875 0.3867295902777778
2 0.38349861015625 0.2459713888888889 0.38349861015625 0.6533170902777777 0.61862878671875 0.6533170902777777 0.61862878671875 0.2459713888888889
2 0 0.2992888888888889 0 0.7002364888888889 0.17476059765625002 0.7002364888888889 0.17476059765625002 0.2992888888888889