6 0.5990667562499999 0.40400153194444444 0.5990667562499999 0.4328429361111111 0.60899734609375 0.4328429361111111 0.60899734609375 0.40400153194444444
6 0.67145328125 0.4217500875 0.67145328125 0.44060792916666663 0.67888228828125 0.44060792916666663 0.67888228828125 0.4217500875
6 0.257700721875 0.42837905694444445 0.257700721875 0.4494822083333333 0.26206853046875 0.4494822083333333 0.26206853046875 0.42837905694444445
2 0.52804601640625 0.41866682083333334 0.52804601640625 0.5910590444444445 0.6004325406250001 0.5910590444444445 0.6004325406250001 0.41866682083333334
2 0.2685471546875 0.3968142819444444 0.2685471546875 0.6056274013888889 0.4105886359375 0.6056274013888889 0.4105886359375 0.3968142819444444
2 0.6004325390624999 0.4745121888888889 0.6004325390624999 0.5060769625 0.6250166421875 0.5060769625 0.6250166421875 0.4745121888888889
2 0.23986570390625 0.47208413055555554 0.23986570390625 0.49393666249999996 0.2535235375 0.49393666249999996 0.2535235375 0.47208413055555554
2 0.25079197109375 0.4745121888888889 0.25079197109375 0.5109330791666667 0.26854715625000003 0.5109330791666667 0.26854715625000003 0.4745121888888889
2 0.218013165625 0.47208413055555554 0.218013165625 0.49636472361111117 0.2316710015625 0.49636472361111117 0.2316710015625 0.47208413055555554
4 0.64019598125 0.4817963666666667 0.64019598125 0.5060769597222222 0.64456378984375 0.5060769597222222 0.64456378984375 0.4817963666666667
4 0.7807159578125 0.4745121888888889 0.7807159578125 0.49393666249999996 0.7943737921875 0.49393666249999996 0.7943737921875 0.4745121888888889
4 0.7998369265624999 0.4769402472222222 0.7998369265624999 0.4987927819444445 0.81076319453125 0.4987927819444445 0.81076319453125 0.4769402472222222
4 0.8298841625 0.4745121888888889 0.8298841625 0.5012208430555556 0.8408104312500001 0.5012208430555556 0.8408104312500001 0.4745121888888889
4 0.8913444203124999 0.4817963666666667 0.8913444203124999 0.5230733805555556 0.90363647265625 0.5230733805555556 0.90363647265625 0.4817963666666667
4 0.92412322421875 0.484224425 0.92412322421875 0.5206453208333333 0.9377810578125001 0.5206453208333333 0.9377810578125001 0.484224425
4 0.8640287507812501 0.4745121888888889 0.8640287507812501 0.5182172597222222 0.87905236875 0.5182172597222222 0.87905236875 0.4745121888888889
2 0.34503103046875 0.4113826430555555 0.34503103046875 0.7003217236111111 0.56901951953125 0.7003217236111111 0.56901951953125 0.4113826430555555
7 0.623650859375 0.42352293888888887 0.623650859375 0.45023159444444444 0.63594291015625 0.45023159444444444 0.63594291015625 0.42352293888888887
7 0.60587748359375 0.43809129444444445 0.60587748359375 0.4599438277777778 0.6114932375000001 0.4599438277777778 0.6114932375000001 0.43809129444444445
6 0.20403906953125 0.4406079305555555 0.20403906953125 0.4561379166666667 0.20965482343750003 0.4561379166666667 0.20965482343750003 0.4406079305555555
6 0.25270893984375 0.4328429361111111 0.25270893984375 0.44393578472222217 0.25707674921875 0.44393578472222217 0.25707674921875 0.4328429361111111
4 0.63146036328125 0.48276075277777775 0.63146036328125 0.5060557319444444 0.6352042 0.5060557319444444 0.6352042 0.48276075277777775