4 0.5338799125 0.49043665833333333 0.5338799125 0.5666882958333334 0.5494768382812499 0.5666882958333334 0.5494768382812499 0.49043665833333333
4 0.5572753015624999 0.497368625 0.5572753015624999 0.5632223111111111 0.5699478078125 0.5632223111111111 0.5699478078125 0.497368625
9 0.31357333984375 0.47137375 0.31357333984375 0.5580233319444444 0.35743969062500003 0.5580233319444444 0.35743969062500003 0.47137375
2 0.4178777796875 0.507766575 0.4178777796875 0.5753532513888889 0.45881970703124997 0.5753532513888889 0.45881970703124997 0.507766575
2 0.3057748765625 0.5094995694444445 0.3057748765625 0.5649553027777777 0.34086795937500003 0.5649553027777777 0.34086795937500003 0.5094995694444445
2 0.26775737109375003 0.5146985430555555 0.26775737109375003 0.5736202611111112 0.31649776093750004 0.5736202611111112 0.31649776093750004 0.5146985430555555
2 0.19464678359375 0.49390264166666664 0.19464678359375 0.5874841916666667 0.2687321796875 0.5874841916666667 0.2687321796875 0.49390264166666664
9 0.009748078125 0.4055200638888889 0.009748078125 0.6516048888888889 0.19301195234375 0.6516048888888889 0.19301195234375 0.4055200638888889
2 0.0019496156250000001 0.5302954666666666 0.0019496156250000001 0.7174585763888888 0.009748078125 0.7174585763888888 0.009748078125 0.5302954666666666
4 0.49391278906249997 0.5129655513888889 0.49391278906249997 0.5424264069444444 0.5017112515625 0.5424264069444444 0.5017112515625 0.5129655513888889
4 0.5036608703125001 0.5094995694444445 0.5036608703125001 0.5476253875 0.51048452734375 0.5476253875 0.51048452734375 0.5094995694444445
2 0.3477445484375 0.4888505430555556 0.3477445484375 0.6063081472222223 0.42067885703124996 0.6063081472222223 0.42067885703124996 0.4888505430555556