7 0.70985329921875 0.21681569027777775 0.70985329921875 0.2528526375 0.75663202890625 0.2528526375 0.75663202890625 0.21681569027777775
7 0.7699973882812501 0.16276026944444444 0.7699973882812501 0.2875035513888889 0.8113185992187499 0.2875035513888889 0.8113185992187499 0.16276026944444444
7 0.689693903125 0.2875035486111111 0.689693903125 0.3304706777777778 0.70528681171875 0.3304706777777778 0.70528681171875 0.2875035486111111
7 0.6873549664062499 0.27918732916666666 0.6873549664062499 0.2930476972222222 0.6967107125 0.2930476972222222 0.6967107125 0.27918732916666666
4 0.4994603796875 0.35819140555555556 0.4994603796875 0.42472115416666667 0.5158329351562501 0.42472115416666667 0.5158329351562501 0.35819140555555556
2 0.5142736679687501 0.3651215875 0.5142736679687501 0.40254457499999996 0.5361037414062501 0.40254457499999996 0.5361037414062501 0.3651215875
2 0.49556217656249996 0.35957744305555556 0.49556217656249996 0.4094747541666667 0.518951540625 0.4094747541666667 0.518951540625 0.35957744305555556
2 0.47451174765625004 0.3540332972222222 0.47451174765625004 0.4164049361111111 0.50024005078125 0.4164049361111111 0.50024005078125 0.3540332972222222
2 0.43007195546875004 0.34433104166666667 0.43007195546875004 0.42333511805555557 0.48386749375000004 0.42333511805555557 0.48386749375000004 0.34433104166666667
2 0.4285126640625 0.3651215875 0.4285126640625 0.4344234125 0.4690542296875 0.4344234125 0.4690542296875 0.3651215875
2 0.524409059375 0.3401729319444444 0.524409059375 0.43719548194444446 0.6499319828125001 0.43719548194444446 0.6499319828125001 0.3401729319444444
2 0.059183445312500006 0.3263125680555556 0.059183445312500006 0.5134274861111111 0.24395942499999998 0.5134274861111111 0.24395942499999998 0.3263125680555556
9 0.250085209375 0.3152242763888889 0.250085209375 0.45382791944444445 0.35533734921875004 0.45382791944444445 0.35533734921875004 0.3152242763888889
2 0.36346794296875 0.3360148236111111 0.36346794296875 0.4510558430555555 0.4398732015625 0.4510558430555555 0.4398732015625 0.3360148236111111
2 0.8300300914062501 0.3886842069444444 0.8300300914062501 0.4177909722222222 0.8549787468750001 0.4177909722222222 0.8549787468750001 0.3886842069444444