7 0.25966830703125 0.039795906944444445 0.25966830703125 0.08938772916666668 0.32785706796874997 0.08938772916666668 0.32785706796874997 0.039795906944444445
7 0.3009948296875 0.10408160694444443 0.3009948296875 0.13530609305555558 0.32286345078125 0.13530609305555558 0.32286345078125 0.10408160694444443
6 0.32579074375 0.0857142611111111 0.32579074375 0.22530606805555556 0.35265298203125 0.22530606805555556 0.35265298203125 0.0857142611111111
7 0.31666447343750004 0.22959178749999998 0.31666447343750004 0.2993876902777778 0.35282518125 0.2993876902777778 0.35282518125 0.22959178749999998
7 0.31459814765625 0.3030611611111111 0.31459814765625 0.3673468638888889 0.34352671171875004 0.3673468638888889 0.34352671171875004 0.3030611611111111
7 0.313564984375 0.37102032916666666 0.313564984375 0.4562040986111111 0.34360051015625 0.4562040986111111 0.34360051015625 0.37102032916666666
6 0.19301365234375 0.27820784722222225 0.19301365234375 0.3388200791666667 0.2085110984375 0.3388200791666667 0.2085110984375 0.27820784722222225
2 0.053281693750000005 0.4048687236111111 0.053281693750000005 0.42507280138888887 0.0667128125 0.42507280138888887 0.0667128125 0.4048687236111111
2 0.04295006328125 0.4067054583333333 0.04295006328125 0.4269095333333333 0.052248531249999994 0.4269095333333333 0.052248531249999994 0.4067054583333333
2 0.03055210625 0.39935851805555556 0.03055210625 0.4213993305555555 0.04088373671875 0.4213993305555555 0.04088373671875 0.39935851805555556
2 0.00472303046875 0.4030319875 0.00472303046875 0.41956259722222217 0.01815415078125 0.41956259722222217 0.01815415078125 0.4030319875
2 0 0.3975217847222222 0 0.4269095333333333 0.0069609390625 0.4269095333333333 0.0069609390625 0.3975217847222222
2 0.01625940703125 0.4022448125 0.01625940703125 0.4334692958333333 0.0348563421875 0.4334692958333333 0.0348563421875 0.4022448125
6 0.050353787500000004 0.3453060486111111 0.050353787500000004 0.37102032916666666 0.0596522578125 0.37102032916666666 0.0596522578125 0.3453060486111111
2 0.21755461796875003 0.4006704722222222 0.21755461796875003 0.43530603472222223 0.24854950781250001 0.43530603472222223 0.24854950781250001 0.4006704722222222
2 0.5971682406250001 0.4527550055555556 0.5971682406250001 0.5280611152777778 0.681887609375 0.5280611152777778 0.681887609375 0.4527550055555556
2 0.4566580671875 0.43255092916666665 0.4566580671875 0.5537753930555556 0.5899361 0.5537753930555556 0.5899361 0.43255092916666665
7 0.48455346875 0.37744890000000003 0.48455346875 0.3994897097222222 0.49385193671875005 0.3994897097222222 0.49385193671875005 0.37744890000000003
2 0.3869933578125 0.4334692958333333 0.3869933578125 0.4665305152777778 0.42522038828125003 0.4665305152777778 0.42522038828125003 0.4334692958333333
2 0.34463367265625 0.4151019513888889 0.34463367265625 0.46469377777777776 0.38286070625 0.46469377777777776 0.38286070625 0.4151019513888889
2 0.284710215625 0.4114284833333333 0.284710215625 0.4444897 0.31260561796875 0.4444897 0.31260561796875 0.4114284833333333
2 0.248549509375 0.4077550152777778 0.248549509375 0.4389795 0.283677053125 0.4389795 0.283677053125 0.4077550152777778
2 0.64320138125 0.4020726027777778 0.64320138125 0.7639092611111111 0.899425815625 0.7639092611111111 0.899425815625 0.4020726027777778
7 0.7888773703124999 0.2894195763888889 0.7888773703124999 0.32248079583333333 0.83330338046875 0.32248079583333333 0.83330338046875 0.2894195763888889
2 0.97248489609375 0.45921944861111114 0.97248489609375 0.5069745416666667 0.999347134375 0.5069745416666667 0.999347134375 0.45921944861111114
7 0.9491324578125001 0.43819505416666665 0.9491324578125001 0.45428561944444446 0.963596740625 0.45428561944444446 0.963596740625 0.43819505416666665