2 0.81756352109375 0.47541049305555555 0.81756352109375 0.6084699902777777 0.9784550890625001 0.6084699902777777 0.9784550890625001 0.47541049305555555
2 0.6993420031250001 0.4781825666666667 0.6993420031250001 0.5738190819444444 0.79601804453125 0.5738190819444444 0.79601804453125 0.4781825666666667
2 0.533277515625 0.5059032958333334 0.533277515625 0.5308519486111112 0.561344753125 0.5308519486111112 0.561344753125 0.5059032958333334
2 0.48929226249999996 0.5045172583333334 0.48929226249999996 0.5404683777777778 0.51846425078125 0.5404683777777778 0.51846425078125 0.5045172583333334
2 0.45687225703124995 0.5128334777777778 0.45687225703124995 0.5357808819444444 0.48182091250000003 0.5357808819444444 0.48182091250000003 0.5128334777777778
2 0.5254810601562501 0.5114474416666667 0.5254810601562501 0.5308519500000001 0.5371757421875001 0.5308519500000001 0.5371757421875001 0.5114474416666667
2 0.5208031867187499 0.4975870763888889 0.5208031867187499 0.533624023611111 0.5410739695312501 0.533624023611111 0.5410739695312501 0.4975870763888889
2 0.4342625375 0.5183776236111112 0.4342625375 0.533624023611111 0.443618284375 0.533624023611111 0.443618284375 0.5183776236111112
2 0.401517428125 0.5128334777777778 0.401517428125 0.5350100597222223 0.42334750078125005 0.5350100597222223 0.42334750078125005 0.5128334777777778
2 0.06782915859375001 0.5142195138888889 0.06782915859375001 0.5502564625 0.13331937968750002 0.5502564625 0.13331937968750002 0.5142195138888889
2 0.13176008749999998 0.5211496944444445 0.13176008749999998 0.5377821333333332 0.16060697031249999 0.5377821333333332 0.16060697031249999 0.5211496944444445
4 0.65958008359375 0.48511274861111114 0.65958008359375 0.5280798777777778 0.6704951203125 0.5280798777777778 0.6704951203125 0.48511274861111114
2 0.486498784375 0.5031312222222222 0.486498784375 0.5308519500000001 0.49741382265625 0.5308519500000001 0.49741382265625 0.5031312222222222