2 0.73835080390625 0.45672725416666665 0.73835080390625 0.4858800583333333 0.76610203046875 0.4858800583333333 0.76610203046875 0.45672725416666665
2 0.7232137703125 0.45896977916666665 0.7232137703125 0.48139501249999994 0.73961222265625 0.48139501249999994 0.73961222265625 0.45896977916666665
2 0.689155446875 0.45224220694444445 0.689155446875 0.49036510555555557 0.7181680921875 0.49036510555555557 0.7181680921875 0.45224220694444445
2 0.767363446875 0.4544847208333333 0.767363446875 0.4855063041666667 0.7808185937500001 0.4855063041666667 0.7808185937500001 0.4544847208333333
2 0.5857190585937501 0.46793986249999997 0.5857190585937501 0.5195178986111111 0.637437253125 0.5195178986111111 0.637437253125 0.46793986249999997
2 0.63239157265625 0.45186845277777776 0.63239157265625 0.5105478097222222 0.6925192359375 0.5105478097222222 0.6925192359375 0.45186845277777776
2 0.38515337656250004 0.4612123 0.38515337656250004 0.56212585 0.49741970156250004 0.56212585 0.49741970156250004 0.4612123
2 0.50456775078125 0.44738340694444445 0.50456775078125 0.5281142458333333 0.6130498171875 0.5281142458333333 0.6130498171875 0.44738340694444445
9 0.5415693820312499 0.4245844166666667 0.5415693820312499 0.46943488194444444 0.5907647359375 0.46943488194444444 0.5907647359375 0.4245844166666667
9 0.45074718515625 0.3931890875 0.45074718515625 0.46943488194444444 0.53778512109375 0.46943488194444444 0.53778512109375 0.3931890875
2 0.07358278984375 0.38496650694444445 0.07358278984375 0.6181889347222221 0.37380060234375 0.6181889347222221 0.37380060234375 0.38496650694444445
2 0.90990383671875 0.46270731111111113 0.90990383671875 0.4873750694444445 0.9401779015624999 0.4873750694444445 0.9401779015624999 0.46270731111111113
2 0.94017790390625 0.5098003013888889 0.94017790390625 0.5464281861111111 0.9969417773437501 0.5464281861111111 0.9969417773437501 0.5098003013888889
2 0.9427007421875 0.4679398722222223 0.9427007421875 0.5710959430555556 0.9982031953125 0.5710959430555556 0.9982031953125 0.4679398722222223