7 0.38947943125 0.4511842111111112 0.38947943125 0.48315789722222224 0.42345146953125 0.48315789722222224 0.42345146953125 0.4511842111111112
7 0.49239472734375 0.49381579305555556 0.49239472734375 0.5222368444444445 0.5163749906249999 0.5222368444444445 0.5163749906249999 0.49381579305555556
7 0.31354193046875 0.43875000277777776 0.31354193046875 0.47960526666666664 0.37149423203125 0.47960526666666664 0.37149423203125 0.43875000277777776
2 0.350511503125 0.5364473708333333 0.350511503125 0.5613157958333334 0.364499990625 0.5613157958333334 0.364499990625 0.5364473708333333
1 0.59231248984375 0.5080263180555555 0.59231248984375 0.5453289513888889 0.62328699609375 0.5453289513888889 0.62328699609375 0.5080263180555555
2 0.59031413671875 0.5275657930555556 0.59031413671875 0.5648684263888889 0.61929028828125 0.5648684263888889 0.61929028828125 0.5275657930555556
2 0.67324587890625 0.5346710555555556 0.67324587890625 0.57907895 0.7162105171875 0.57907895 0.7162105171875 0.5346710555555556
2 0.7751619984375 0.5364473708333333 0.7751619984375 0.593289476388889 0.836111834375 0.593289476388889 0.836111834375 0.5364473708333333
2 0.812131571875 0.5346710555555556 0.812131571875 0.6288157930555556 0.97100081640625 0.6288157930555556 0.97100081640625 0.5346710555555556
2 0.3595041015625 0.5346710555555556 0.3595041015625 0.5861842152777778 0.39947120625 0.5861842152777778 0.39947120625 0.5346710555555556
2 0.16866117265625 0.46184210694444444 0.16866117265625 0.7034210569444445 0.34951232499999996 0.7034210569444445 0.34951232499999996 0.46184210694444444
7 0.5243684117187499 0.4867105291666667 0.5243684117187499 0.5240131625 0.54435196484375 0.5240131625 0.54435196484375 0.4867105291666667
9 0.00413634609375 0.4903121555555555 0.00413634609375 0.5465621166666667 0.085874571875 0.5465621166666667 0.085874571875 0.4903121555555555