7 0.3864425828125 0.19078549027777778 0.3864425828125 0.2492447013888889 0.4147375203125 0.2492447013888889 0.4147375203125 0.19078549027777778
7 0.019882929687500002 0.2356495375 0.019882929687500002 0.24652566944444443 0.04053058671875 0.24652566944444443 0.04053058671875 0.2356495375
7 0.02217711328125 0.2478851847222222 0.02217711328125 0.25604228333333334 0.042824770312499996 0.25604228333333334 0.042824770312499996 0.2478851847222222
7 0.06117824453125 0.26012083333333336 0.06117824453125 0.26963745 0.0787669890625 0.26963745 0.0787669890625 0.26012083333333336
7 0.05964878828125 0.26963745 0.05964878828125 0.2791540638888889 0.07953171640625 0.2791540638888889 0.07953171640625 0.26963745
7 0.02370656953125 0.2628398666666667 0.02370656953125 0.2791540638888889 0.0412953140625 0.2791540638888889 0.0412953140625 0.2628398666666667
7 0.032883307031249996 0.28459213194444444 0.032883307031249996 0.3022658458333333 0.041295315625 0.3022658458333333 0.041295315625 0.28459213194444444
6 0.0122356484375 0.24652566944444443 0.0122356484375 0.2682779347222222 0.0175887453125 0.2682779347222222 0.0175887453125 0.24652566944444443
6 0.09864991875 0.26148034861111114 0.09864991875 0.2873111638888889 0.10476774296875 0.2873111638888889 0.10476774296875 0.26148034861111114
6 0.10553247031249999 0.25966765833333333 0.10553247031249999 0.28685798749999997 0.11241502343750001 0.28685798749999997 0.11241502343750001 0.25966765833333333
6 0.00076472890625 0.24335345972222225 0.00076472890625 0.2719033069444444 0.008412008593750001 0.2719033069444444 0.008412008593750001 0.24335345972222225
2 0.18404455546875 0.26918427500000003 0.18404455546875 0.5161631194444445 0.3301076125 0.5161631194444445 0.3301076125 0.26918427500000003
2 0 0.2868579902777778 0 0.7450150625 0.30079302890625004 0.7450150625 0.30079302890625004 0.2868579902777778
2 0.33444106328125 0.24425980416666668 0.33444106328125 0.49305133055555556 0.535564540625 0.49305133055555556 0.535564540625 0.24425980416666668