2 0 0.5160531013888888 0 0.6974964319444444 0.035953613281250005 0.6974964319444444 0.035953613281250005 0.5160531013888888
2 0.071907228125 0.4923712236111111 0.071907228125 0.5944036305555556 0.14845363281249999 0.5944036305555556 0.14845363281249999 0.4923712236111111
2 0.29226808828125 0.48000008888888884 0.29226808828125 0.5727836055555555 0.353737171875 0.5727836055555555 0.353737171875 0.48000008888888884
2 0.3850516109375 0.4985567888888889 0.3850516109375 0.694433113888889 0.5543815335937501 0.694433113888889 0.5543815335937501 0.4985567888888889
2 0.13801548749999998 0.5047423583333333 0.13801548749999998 0.5665980416666666 0.16353095546875002 0.5665980416666666 0.16353095546875002 0.5047423583333333
2 0.16005157265625 0.49896915416666665 0.16005157265625 0.5463918444444444 0.179768071875 0.5463918444444444 0.179768071875 0.49896915416666665
2 0.17860827578125 0.49443307777777773 0.17860827578125 0.5336083388888889 0.19368559921875 0.5336083388888889 0.19368559921875 0.49443307777777773
2 0.1925258046875 0.4903093638888889 0.1925258046875 0.5294846291666666 0.207603128125 0.5294846291666666 0.207603128125 0.4903093638888889
2 0.18904642265625 0.48041245000000005 0.18904642265625 0.5092784347222222 0.21456189218750002 0.5092784347222222 0.21456189218750002 0.48041245000000005
2 0.21456189140625 0.4762887388888889 0.21456189140625 0.5129897805555556 0.23427838906249998 0.5129897805555556 0.23427838906249998 0.4762887388888889
2 0.27603097265625 0.4816495777777777 0.27603097265625 0.5477664263888888 0.30734541171875 0.5477664263888888 0.30734541171875 0.4816495777777777
2 0.270232003125 0.48371143194444444 0.270232003125 0.5373196888888889 0.2829897375 0.5373196888888889 0.2829897375 0.48371143194444444
2 0.24819591796874999 0.4816495777777777 0.24819591796874999 0.5249485541666666 0.2737113875 0.5249485541666666 0.2737113875 0.4816495777777777
7 0.095103109375 0.2562592444444444 0.095103109375 0.3675994680555556 0.12409796015625 0.3675994680555556 0.12409796015625 0.2562592444444444
7 0.37577325781250004 0.3964654513888889 0.37577325781250004 0.41708401388888894 0.38969078515625 0.41708401388888894 0.38969078515625 0.3964654513888889
7 0.08582475625 0.4191458694444445 0.08582475625 0.45213556666666666 0.096262903125 0.45213556666666666 0.096262903125 0.4191458694444445
7 0.03445858984375 0.38484348472222224 0.03445858984375 0.41999970833333333 0.05291560937499999 0.41999970833333333 0.05291560937499999 0.38484348472222224