2 0.07534363515625 0.59622235 0.07534363515625 0.6370078458333334 0.12046259140625 0.6370078458333334 0.12046259140625 0.59622235
2 0.29174375234375 0.5764350111111111 0.29174375234375 0.5995467916666667 0.3039794 0.5995467916666667 0.3039794 0.5764350111111111
2 0.22750659609374999 0.5832325930555555 0.22750659609374999 0.6172205069444445 0.240506971875 0.6172205069444445 0.240506971875 0.5832325930555555
2 0.14032759687500002 0.5913896930555556 0.14032759687500002 0.6253776041666667 0.17474035937500002 0.6253776041666667 0.17474035937500002 0.5913896930555556
2 0.03708931015625 0.598187275 0.03708931015625 0.6226585722222222 0.07532571328125 0.6226585722222222 0.07532571328125 0.598187275
2 0.00267654921875 0.6131419569444444 0.00267654921875 0.6688821347222222 0.07991408203125 0.6688821347222222 0.07991408203125 0.6131419569444444
2 0.5876935078125001 0.5152567666666666 0.5876935078125001 0.5981872763888889 0.66416631171875 0.5981872763888889 0.66416631171875 0.5152567666666666
2 0.7452274859375 0.5288519305555556 0.7452274859375 0.5601208111111111 0.77122823984375 0.5601208111111111 0.77122823984375 0.5288519305555556
2 0.75975731796875 0.5329304833333334 0.75975731796875 0.5655588791666666 0.78499334375 0.5655588791666666 0.78499334375 0.5329304833333334
2 0.2550368046875 0.5655588777777777 0.2550368046875 0.6117824402777778 0.29403793515625 0.6117824402777778 0.29403793515625 0.5655588777777777
2 0.3093324953125 0.5641993597222222 0.3093324953125 0.598187275 0.333039065625 0.598187275 0.333039065625 0.5641993597222222
2 0.33150961015624997 0.5655588777777777 0.33150961015624997 0.6104229236111111 0.365922371875 0.6104229236111111 0.365922371875 0.5655588777777777
2 0.36515764375000004 0.5587612958333333 0.36515764375000004 0.5873111430555555 0.38504057343750003 0.5873111430555555 0.38504057343750003 0.5587612958333333
2 0.36133400390625 0.5560422625 0.36133400390625 0.6648035847222222 0.4194533359375 0.6648035847222222 0.4194533359375 0.5560422625
2 0.38504057343750003 0.5315709652777778 0.38504057343750003 0.7490936097222222 0.53416254375 0.7490936097222222 0.53416254375 0.5315709652777778
2 0.600693884375 0.5111782180555555 0.600693884375 0.7015105333333334 0.76816932734375 0.7015105333333334 0.76816932734375 0.5111782180555555
7 0.3230976015625 0.4935045013888889 0.3230976015625 0.5070996680555555 0.34298053046875 0.5070996680555555 0.34298053046875 0.4935045013888889
7 0.44239517734374995 0.5070996652777778 0.44239517734374995 0.5220543472222222 0.47604321171875 0.5220543472222222 0.47604321171875 0.5070996652777778
7 0.51586369296875 0.46942164583333335 0.51586369296875 0.49389294305555553 0.53039352578125 0.49389294305555553 0.53039352578125 0.46942164583333335
7 0.51968733359375 0.511566661111111 0.51968733359375 0.5265213416666666 0.53039352734375 0.5265213416666666 0.53039352734375 0.511566661111111
2 0.50898113984375 0.5455545722222221 0.50898113984375 0.5768234527777778 0.5288640703125 0.5768234527777778 0.5288640703125 0.5455545722222221
2 0.17843654140625 0.5759818458333333 0.17843654140625 0.6330815402777777 0.23196750390625 0.6330815402777777 0.23196750390625 0.5759818458333333
2 0.7857155859375 0.40473468472222224 0.7857155859375 0.8710488541666667 0.99830998359375 0.8710488541666667 0.99830998359375 0.40473468472222224