6 0.4640623375 0.08437496805555555 0.4640623375 0.15374994583333335 0.47988264453124996 0.15374994583333335 0.47988264453124996 0.08437496805555555
6 0.098085903125 0.21187492638888888 0.098085903125 0.27749990138888886 0.1117968359375 0.27749990138888886 0.1117968359375 0.21187492638888888
6 0.6307029046875 0.3262498875 0.6307029046875 0.35437487777777776 0.65074196015625 0.35437487777777776 0.65074196015625 0.3262498875
6 0.11707027109374998 0.21187492638888888 0.11707027109374998 0.27749990138888886 0.130781203125 0.27749990138888886 0.130781203125 0.21187492638888888
6 0.48621076875 0.07874997083333334 0.48621076875 0.14812494583333333 0.5009763875 0.14812494583333333 0.5009763875 0.07874997083333334
6 0.900702809375 0.1537499472222222 0.900702809375 0.22312492222222222 0.9466639257812499 0.22312492222222222 0.9466639257812499 0.1537499472222222
7 0.61488259765625 0.29624989583333333 0.61488259765625 0.3149998902777778 0.6391404015625 0.3149998902777778 0.6391404015625 0.29624989583333333
7 0.83953095625 0.1068749625 0.83953095625 0.15749994444444443 0.900702809375 0.15749994444444443 0.900702809375 0.1068749625
7 0.62332009453125 0.2681249041666666 0.62332009453125 0.2831249027777778 0.654960709375 0.2831249027777778 0.654960709375 0.2681249041666666
4 0.25734366015625 0.45187484027777775 0.25734366015625 0.5868747916666667 0.30374989375 0.5868747916666667 0.30374989375 0.45187484027777775
4 0.34593737890625 0.45374984166666665 0.34593737890625 0.5456248097222223 0.37230455625 0.5456248097222223 0.37230455625 0.45374984166666665
4 0.5832419843750001 0.41437485555555553 0.5832419843750001 0.48562482500000004 0.60433572734375 0.48562482500000004 0.60433572734375 0.41437485555555553
4 0.8975387484375 0.34124987916666666 0.8975387484375 0.506249823611111 0.9376168601562499 0.506249823611111 0.9376168601562499 0.34124987916666666
4 0.63597633984375 0.3881248638888889 0.63597633984375 0.4331248486111111 0.652851334375 0.4331248486111111 0.652851334375 0.3881248638888889
4 0.51996075546875 0.4124998541666666 0.51996075546875 0.45749983888888884 0.53050762734375 0.45749983888888884 0.53050762734375 0.4124998541666666
4 0.78363253828125 0.32999988472222225 0.78363253828125 0.6018747902777778 0.8469137664062499 0.6018747902777778 0.8469137664062499 0.32999988472222225
2 0.4155467296875 0.4356248375 0.4155467296875 0.45437483333333334 0.42925766015625 0.45437483333333334 0.42925766015625 0.4356248375
2 0.40921860703124996 0.4412498361111111 0.40921860703124996 0.45812482777777774 0.42187485156250004 0.45812482777777774 0.42187485156250004 0.4412498361111111
2 0.400781109375 0.4393748347222222 0.400781109375 0.467499825 0.41343735546874993 0.467499825 0.41343735546874993 0.4393748347222222
2 0.38601548984375 0.4393748347222222 0.38601548984375 0.46937482361111116 0.40499985859375 0.46937482361111116 0.40499985859375 0.4393748347222222
2 0.37968736718749996 0.44312483611111114 0.37968736718749996 0.4749998263888889 0.395507671875 0.4749998263888889 0.395507671875 0.44312483611111114
2 0.3712498703125 0.4468748347222222 0.3712498703125 0.48249982361111116 0.382851428125 0.48249982361111116 0.382851428125 0.4468748347222222
2 0.36281237265625 0.45062483472222226 0.36281237265625 0.482499825 0.37863268046875 0.482499825 0.37863268046875 0.45062483472222226
2 0.29164197812500003 0.4599998277777778 0.29164197812500003 0.5247068458333334 0.31957019999999997 0.5247068458333334 0.31957019999999997 0.4599998277777778
2 0.240468665625 0.48437482083333333 0.240468665625 0.5368748041666667 0.29109364921875003 0.5368748041666667 0.29109364921875003 0.48437482083333333
4 0.2510155375 0.48437482083333333 0.2510155375 0.5181248111111111 0.26367178203125 0.5181248111111111 0.26367178203125 0.48437482083333333
2 0.42820297500000004 0.4299998416666667 0.42820297500000004 0.46937483055555557 0.44929671953124994 0.46937483055555557 0.44929671953124994 0.4299998416666667
2 0.30957165937500003 0.44595687500000003 0.30957165937500003 0.5359568416666667 0.36863413828125 0.5359568416666667 0.36863413828125 0.44595687500000003
2 0.44562629765625 0.4328318791666667 0.44562629765625 0.49470685833333333 0.48992315781249995 0.49470685833333333 0.48992315781249995 0.4328318791666667
2 0.82992158125 0.31736316527777775 0.82992158125 0.4373631236111111 0.9744137195312501 0.4373631236111111 0.9744137195312501 0.31736316527777775
2 0.63374977421875 0.3717381458333333 0.63374977421875 0.4842381083333333 0.798280965625 0.4842381083333333 0.798280965625 0.3717381458333333
2 0 0.4561131166666667 0 0.92861295 0.3152342609375 0.92861295 0.3152342609375 0.4561131166666667
2 0.25933584453125 0.48798810555555555 0.25933584453125 0.855487975 0.7592575445312499 0.855487975 0.7592575445312499 0.48798810555555555
2 0.9849605890625 0.34361315555555555 0.9849605890625 0.38861314166666666 0.9986715203125 0.38861314166666666 0.9986715203125 0.34361315555555555
4 0.5715232343750001 0.41298813194444445 0.5715232343750001 0.4692381125 0.5841794796875 0.4692381125 0.5841794796875 0.41298813194444445