7 0.5043155484375 0.5681659250000001 0.5043155484375 0.5851623416666667 0.5193391671875001 0.5851623416666667 0.5193391671875001 0.5681659250000001
7 0.5043155484375 0.5657378666666666 0.5043155484375 0.5875904013888888 0.5220707328125 0.5875904013888888 0.5220707328125 0.5657378666666666
7 0.49065771171875 0.54874145 0.49065771171875 0.5608817458333333 0.504315546875 0.5608817458333333 0.504315546875 0.54874145
7 0.45514734375000004 0.5560256277777778 0.45514734375000004 0.5924465222222222 0.50568133203125 0.5924465222222222 0.50568133203125 0.5560256277777778
7 0.41007648828125004 0.54874145 0.41007648828125004 0.5950657930555555 0.45104999375 0.5950657930555555 0.45104999375 0.54874145
2 0.75817597890625 0.6580041291666666 0.75817597890625 0.72841785 0.91268480703125 0.72841785 0.91268480703125 0.6580041291666666
2 0.4660736109375 0.5997306986111112 0.4660736109375 0.7526984472222223 0.557581103125 0.7526984472222223 0.557581103125 0.5997306986111112
2 0.45241577578125 0.6264393541666666 0.45241577578125 0.6895689027777778 0.47563409609375 0.6895689027777778 0.47563409609375 0.6264393541666666
2 0.41827118828125 0.619155173611111 0.41827118828125 0.6944250166666667 0.460610475 0.6944250166666667 0.460610475 0.619155173611111
2 0.354079365625 0.6215832347222222 0.354079365625 0.7187056180555556 0.42510010625000005 0.7187056180555556 0.42510010625000005 0.6215832347222222
2 0.33086104609375 0.6312954722222222 0.33086104609375 0.6871408416666667 0.362274065625 0.6871408416666667 0.362274065625 0.6312954722222222
2 0.31720321171875 0.6312954722222222 0.31720321171875 0.6652883055555556 0.33632418046875 0.6652883055555556 0.33632418046875 0.6312954722222222
2 0.0017072296875 0.4370507111111111 0.0017072296875 0.9250906722222223 0.33768996484375 0.9250906722222223 0.33768996484375 0.4370507111111111
7 0.2699840859375 0.5220327916666666 0.2699840859375 0.5900184625 0.30959180859375 0.5900184625 0.30959180859375 0.5220327916666666