7 0.47471654140624997 0.5697456555555556 0.47471654140624997 0.5834744666666667 0.49273560468750005 0.5834744666666667 0.49273560468750005 0.5697456555555556
6 0.24304285703125 0.5621185402777777 0.24304285703125 0.577372775 0.2507653125 0.577372775 0.2507653125 0.5621185402777777
7 0.27479073203125004 0.5834744652777778 0.27479073203125004 0.5926270055555556 0.2825131875 0.5926270055555556 0.2825131875 0.5834744652777778
7 0.30825470781250003 0.5880507388888888 0.30825470781250003 0.601779548611111 0.3245576703125 0.601779548611111 0.3245576703125 0.5880507388888888
2 0.2097075875 0.6068134472222222 0.2097075875 0.6266439541666666 0.22429444921875002 0.6266439541666666 0.22429444921875002 0.6068134472222222
2 0.22159158906249998 0.6124575097222222 0.22159158906249998 0.6246608986111112 0.2344623484375 0.6246608986111112 0.2344623484375 0.6124575097222222
2 0.25591361562500003 0.6094066625000001 0.25591361562500003 0.6246608972222223 0.2653521734375 0.6246608972222223 0.2653521734375 0.6094066625000001
2 0.2825131875 0.6124575097222222 0.2825131875 0.6307625930555556 0.29624199921875 0.6307625930555556 0.29624199921875 0.6124575097222222
2 0.29710005 0.6124575097222222 0.29710005 0.6368642861111111 0.31340301328125003 0.6368642861111111 0.31340301328125003 0.6124575097222222
2 0.25848776953125 0.6048303930555556 0.25848776953125 0.6383897083333333 0.28594539140625 0.6383897083333333 0.28594539140625 0.6048303930555556
2 0.224165740625 0.6017795472222223 0.224165740625 0.6460168222222222 0.25934581875 0.6460168222222222 0.25934581875 0.6017795472222223
2 0.1692504984375 0.5987287 0.1692504984375 0.6582202125 0.21386913437500002 0.6582202125 0.21386913437500002 0.5987287
2 0.53821229140625 0.610932088888889 0.53821229140625 0.6933049541666667 0.6308817640625 0.6933049541666667 0.6308817640625 0.610932088888889
2 0.417227146875 0.594152425 0.417227146875 0.7146608805555555 0.53907034375 0.7146608805555555 0.53907034375 0.594152425
2 0.31855131640625 0.6124575097222222 0.31855131640625 0.6383897097222222 0.33313817734375 0.6383897097222222 0.33313817734375 0.6124575097222222
2 0.32713182421875 0.610932088888889 0.32713182421875 0.6414405555555556 0.35029919375 0.6414405555555556 0.35029919375 0.610932088888889
2 0.3585885734375 0.6121306416666666 0.3585885734375 0.6502662291666667 0.38604619609375 0.6502662291666667 0.38604619609375 0.6121306416666666
2 0.3774656875 0.6060289513888889 0.3774656875 0.6685713125 0.43409703437499997 0.6685713125 0.43409703437499997 0.6060289513888889
2 0.15723778671875 0.5987287 0.15723778671875 0.6322880166666667 0.17525685156249998 0.6322880166666667 0.17525685156249998 0.5987287
2 0.14265092734375 0.6063558166666667 0.14265092734375 0.6383897125 0.1692504984375 0.6383897125 0.1692504984375 0.6063558166666667
2 0.12291576171875 0.6033049708333333 0.12291576171875 0.6505930972222222 0.1538055859375 0.6505930972222222 0.1538055859375 0.6033049708333333
2 0.11261915390624999 0.6033049708333333 0.11261915390624999 0.6612710597222222 0.13921872421874998 0.6612710597222222 0.13921872421874998 0.6033049708333333
2 0.077439075 0.597203275 0.077439075 0.6719490222222222 0.1306382171875 0.6719490222222222 0.1306382171875 0.597203275
2 0.06542636562500001 0.6033049708333333 0.06542636562500001 0.6872032597222222 0.10747084921875001 0.6872032597222222 0.10747084921875001 0.6033049708333333
2 0.05856196015625 0.597203275 0.05856196015625 0.6902541097222222 0.11004499999999999 0.6902541097222222 0.11004499999999999 0.597203275
2 0.00041369296875 0.5633170972222222 0.00041369296875 0.7173848625 0.075064103125 0.7173848625 0.075064103125 0.5633170972222222
2 0 0.6411136888888889 0 0.7539950249999999 0.01769728125 0.7539950249999999 0.01769728125 0.6411136888888889
2 0.69874438359375 0.47941880416666666 0.69874438359375 0.8363678902777778 0.9982040703124999 0.8363678902777778 0.9982040703124999 0.47941880416666666