7 0.25865972734375 0.23685469305555557 0.25865972734375 0.27953121527777774 0.282665271875 0.27953121527777774 0.282665271875 0.23685469305555557
7 0.48311155625 0.3734195597222222 0.48311155625 0.3805323152777778 0.4891129421875 0.3805323152777778 0.4891129421875 0.3734195597222222
7 0.6535509125 0.3378557930555556 0.6535509125 0.36203915277777776 0.6623529453125 0.36203915277777776 0.6623529453125 0.3378557930555556
7 0.6583520203125001 0.36915190694444444 0.6583520203125001 0.37768721250000004 0.6655536843750001 0.37768721250000004 0.6655536843750001 0.36915190694444444
7 0.652750728125 0.38479996666666666 0.652750728125 0.4032931222222222 0.66235294453125 0.4032931222222222 0.66235294453125 0.38479996666666666
6 0.5607294781250001 0.3734195597222222 0.5607294781250001 0.38764506944444443 0.56713095703125 0.38764506944444443 0.56713095703125 0.3734195597222222
4 0.7503732703125 0.4032931222222222 0.7503732703125 0.4601951527777778 0.76717714921875 0.4601951527777778 0.76717714921875 0.4032931222222222
2 0.60714019609375 0.401870575 0.60714019609375 0.42036373055555554 0.6207433359375 0.42036373055555554 0.6207433359375 0.401870575
2 0.60593991953125 0.4175186319444444 0.60593991953125 0.43316669027777777 0.6219436140625 0.43316669027777777 0.6219436140625 0.4175186319444444
2 0.61954306015625 0.4146735305555555 0.61954306015625 0.44739219722222223 0.63714712578125 0.44739219722222223 0.63714712578125 0.4146735305555555
2 0.63154583125 0.4118284291666666 0.63154583125 0.4559275027777778 0.65395100546875 0.4559275027777778 0.65395100546875 0.4118284291666666
2 0.6455490648437501 0.3933352708333333 0.6455490648437501 0.4687304583333333 0.68475811953125 0.4687304583333333 0.68475811953125 0.3933352708333333
2 0.4567054578125 0.40044802361111115 0.4567054578125 0.44027944166666666 0.49031321953124996 0.44027944166666666 0.49031321953124996 0.40044802361111115
2 0.44510277968749995 0.401870575 0.44510277968749995 0.44312454166666665 0.4643072140625 0.44312454166666665 0.4643072140625 0.401870575
2 0.4266985296875 0.40756077777777777 0.4266985296875 0.44739219722222223 0.45310462734375 0.44739219722222223 0.45310462734375 0.40756077777777777
2 0.3882896609375 0.4047156777777778 0.3882896609375 0.4516598472222222 0.42989926875 0.4516598472222222 0.42989926875 0.4047156777777778
2 0.24505658671875002 0.36346170555555557 0.24505658671875002 0.5085618777777778 0.3890898453125 0.5085618777777778 0.3890898453125 0.36346170555555557
2 0.48751257265625 0.4032931222222222 0.48751257265625 0.4459696444444444 0.51871977890625 0.4459696444444444 0.51871977890625 0.4032931222222222
2 0.051411871875 0.3421234444444444 0.051411871875 0.5611962555555555 0.25225824765625 0.5611962555555555 0.25225824765625 0.3421234444444444
2 0.66835433125 0.39760292222222227 0.66835433125 0.4957589208333333 0.7411711453125001 0.4957589208333333 0.7411711453125001 0.39760292222222227
2 0 0.35634895138888883 0 0.6522395013888889 0.10102332656249999 0.6522395013888889 0.10102332656249999 0.35634895138888883