7 0.51595913125 0.4680191819444445 0.51595913125 0.4907799930555556 0.5287620875 0.4907799930555556 0.5287620875 0.4680191819444445
2 0.6086739007812499 0.5021604000000001 0.6086739007812499 0.5192310083333334 0.6182761171875 0.5192310083333334 0.6182761171875 0.5021604000000001
2 0.61667574765625 0.4978927472222222 0.61667574765625 0.5092731527777777 0.62627796484375 0.5092731527777777 0.62627796484375 0.4978927472222222
2 0.6254777796875 0.49647019583333335 0.6254777796875 0.5106957041666667 0.6358801828125 0.5106957041666667 0.6358801828125 0.49647019583333335
2 0.63347962734375 0.5021604000000001 0.63347962734375 0.5220761111111111 0.6422816609375 0.5220761111111111 0.6422816609375 0.5021604000000001
2 0.6158755625000001 0.5021604000000001 0.6158755625000001 0.5291888638888889 0.6342798125 0.5291888638888889 0.6342798125 0.5021604000000001
2 0.5982714984374999 0.4993152986111111 0.5982714984374999 0.5092731527777777 0.60947408515625 0.5092731527777777 0.60947408515625 0.4993152986111111
2 0.59747131328125 0.5050055013888889 0.59747131328125 0.5277663125 0.6118746390625 0.5277663125 0.6118746390625 0.5050055013888889
2 0.591069834375 0.50358295 0.591069834375 0.5220761097222222 0.60067205234375 0.5220761097222222 0.60067205234375 0.50358295
2 0.58386817109375 0.50358295 0.58386817109375 0.5263437611111111 0.59427057265625 0.5263437611111111 0.59427057265625 0.50358295
2 0.5734657703125 0.5021604000000001 0.5734657703125 0.5249212125 0.58466835703125 0.5249212125 0.58466835703125 0.5021604000000001
2 0.5654639218749999 0.4978927472222222 0.5654639218749999 0.5320339638888889 0.579867246875 0.5320339638888889 0.579867246875 0.4978927472222222
2 0.5614629984375 0.50358295 0.5614629984375 0.5306114138888889 0.5742659546875 0.5306114138888889 0.5742659546875 0.50358295
2 0.5550615203125 0.50358295 0.5550615203125 0.5334565152777777 0.5678644765625 0.5334565152777777 0.5678644765625 0.50358295
2 0.5494602265624999 0.5007378486111111 0.5494602265624999 0.5348790652777778 0.5614629984375 0.5348790652777778 0.5614629984375 0.5007378486111111
2 0.5310559765625 0.4978927472222222 0.5310559765625 0.5348790652777778 0.5550615203125 0.5348790652777778 0.5550615203125 0.4978927472222222
2 0.5238543140624999 0.50358295 0.5238543140624999 0.5391467166666667 0.5526609648437499 0.5391467166666667 0.5526609648437499 0.50358295
2 0.48544544453125005 0.49362509444444447 0.48544544453125005 0.5491045722222222 0.52625486796875 0.5491045722222222 0.52625486796875 0.49362509444444447
2 0.44223546718750006 0.50358295 0.44223546718750006 0.5647526291666667 0.49504766171875003 0.5647526291666667 0.49504766171875003 0.50358295
2 0.36835173125 0.4993152986111111 0.36835173125 0.5903585430555556 0.442768915625 0.5903585430555556 0.442768915625 0.4993152986111111
2 0.28513251484375 0.4993152986111111 0.28513251484375 0.6131193541666667 0.39555801328125 0.6131193541666667 0.39555801328125 0.4993152986111111
2 0.77937996796875 0.48366724027777774 0.77937996796875 0.5860908916666666 0.79778421796875 0.5860908916666666 0.79778421796875 0.48366724027777774
2 0.63534671015625 0.40684950000000003 0.63534671015625 0.6529507736111111 0.787381815625 0.6529507736111111 0.787381815625 0.40684950000000003
2 0.7919162125 0.4865123416666667 0.7919162125 0.6657537305555555 0.9879614820312501 0.6657537305555555 0.9879614820312501 0.4865123416666667
2 0.97355815625 0.5576398763888889 0.97355815625 0.7790836333333333 0.999964253125 0.7790836333333333 0.999964253125 0.5576398763888889