2 0.64044875390625 0.32580244305555556 0.64044875390625 0.6186780458333333 0.8909743703125 0.6186780458333333 0.8909743703125 0.32580244305555556
9 0.383099484375 0.01039795 0.383099484375 0.5406934194444445 0.59853201640625 0.5406934194444445 0.59853201640625 0.01039795
2 0.30219043203124996 0.32233646111111114 0.30219043203124996 0.4020540805555556 0.35872928828125 0.4020540805555556 0.35872928828125 0.32233646111111114
2 0.5917083625 0.3639282625 0.5917083625 0.5077665763888889 0.6765166453125 0.5077665763888889 0.6765166453125 0.3639282625
2 0.37569094375 0.3358537972222222 0.37569094375 0.3601156819444445 0.3834894078125 0.3601156819444445 0.3834894078125 0.3358537972222222
2 0.36399325 0.3462517472222222 0.36399325 0.36531465555555553 0.37569094296875 0.36531465555555553 0.37569094296875 0.3462517472222222
2 0.26066361796875 0.32198985555555554 0.26066361796875 0.35664969027777776 0.2850338140625 0.35664969027777776 0.2850338140625 0.32198985555555554
7 0.7903742203124999 0.15042367361111111 0.7903742203124999 0.23014129305555556 0.8157192242187501 0.23014129305555556 0.8157192242187501 0.15042367361111111
4 0.9882602117187499 0.29621997499999997 0.9882602117187499 0.3566496986111111 0.9989830968750001 0.3566496986111111 0.9989830968750001 0.29621997499999997
4 0.06180281796875 0.3081259291666667 0.06180281796875 0.40690645694444444 0.08714782265625 0.40690645694444444 0.08714782265625 0.3081259291666667
4 0.122240903125 0.2977279763888889 0.122240903125 0.3930425208333333 0.14661109921874999 0.3930425208333333 0.14661109921874999 0.2977279763888889
4 0.036457814062499996 0.3202568694444444 0.036457814062499996 0.4017074805555555 0.05692877890625 0.4017074805555555 0.05692877890625 0.3202568694444444