2 0.00040988046874999997 0.70390465 0.00040988046874999997 0.8671289180555555 0.07405207968750001 0.8671289180555555 0.07405207968750001 0.70390465
2 0.050142274218750005 0.7022043972222223 0.050142274218750005 0.8246225972222222 0.17064769062500001 0.8246225972222222 0.17064769062500001 0.7022043972222223
2 0.14769427734375 0.6698995972222223 0.14769427734375 0.7872170388888889 0.23759514296875 0.7872170388888889 0.23759514296875 0.6698995972222223
2 0.23281318203125 0.7022043972222223 0.23281318203125 0.7787157722222222 0.280632790625 0.7787157722222222 0.280632790625 0.7022043972222223
9 0.39826903046875 0.6426955527777778 0.39826903046875 0.7447107180555557 0.45660895312500005 0.7447107180555557 0.45660895312500005 0.6426955527777778
4 0.22707483046875 0.6526541819444444 0.22707483046875 0.7155635361111111 0.23855153593749998 0.7155635361111111 0.23855153593749998 0.6526541819444444
7 0.22611843828125 0.6317653555555556 0.22611843828125 0.6504681361111111 0.23950792734375 0.6504681361111111 0.23950792734375 0.6317653555555556
7 0.26915608515625 0.6096620694444445 0.26915608515625 0.6181633333333334 0.28828392890625 0.6181633333333334 0.28828392890625 0.6096620694444445
7 0.30836816640625 0.5875587847222222 0.30836816640625 0.6113623236111111 0.31888848046875 0.6113623236111111 0.31888848046875 0.5875587847222222
7 0.30932455859374997 0.6096620694444445 0.30932455859374997 0.6232640916666666 0.31888847890625 0.6232640916666666 0.31888847890625 0.6096620694444445
7 0.18786275 0.613062576388889 0.18786275 0.6419668722222222 0.19360110390625002 0.6419668722222222 0.19360110390625002 0.613062576388889
2 0.51135102109375 0.5848869583333334 0.51135102109375 0.9980483847222222 0.9305695999999999 0.9980483847222222 0.9305695999999999 0.5848869583333334
9 0.49636754609375 0.6256930236111111 0.49636754609375 0.8161213319444444 0.587224803125 0.8161213319444444 0.587224803125 0.6256930236111111
2 0.48315194921875 0.6587948180555555 0.48315194921875 0.7676109958333334 0.50993093125 0.7676109958333334 0.50993093125 0.6587948180555555
2 0.4783699890625 0.6264900180555556 0.4783699890625 0.6774976 0.5070617546875 0.6774976 0.5070617546875 0.6264900180555556
2 0.473588028125 0.6179887527777778 0.473588028125 0.6434925430555556 0.4831519484375 0.6434925430555556 0.4831519484375 0.6179887527777778
2 0.3347372671875 0.6486464361111112 0.3347372671875 0.6894525027777778 0.36916738515624997 0.6894525027777778 0.36916738515624997 0.6486464361111112
2 0.36821099296875 0.6520469416666667 0.36821099296875 0.6826514930555555 0.37873130625 0.6826514930555555 0.37873130625 0.6520469416666667
2 0.38064409140625 0.6588479527777777 0.38064409140625 0.6809512375 0.3892516203125 0.6809512375 0.3892516203125 0.6588479527777777
2 0.389251621875 0.6571477 0.389251621875 0.6758504791666666 0.39785915156249996 0.6758504791666666 0.39785915156249996 0.6571477
2 0.42942009296875006 0.6214423916666666 0.42942009296875006 0.6350444125 0.4370712296875 0.6350444125 0.4370712296875 0.6214423916666666
2 0.43133287734375003 0.5874373347222223 0.43133287734375003 0.6061401166666667 0.4389840140625 0.6061401166666667 0.4389840140625 0.5874373347222223
2 0.43515844609375 0.5466312708333334 0.43515844609375 0.5602332930555556 0.44376597578125 0.5602332930555556 0.44376597578125 0.5466312708333334
2 0.44950432890625003 0.5126262125 0.44950432890625003 0.5262282333333334 0.45811185859375003 0.5262282333333334 0.45811185859375003 0.5126262125