6 0.063165003125 0.19653057222222223 0.063165003125 0.2902040194444444 0.08899408046875 0.2902040194444444 0.08899408046875 0.19653057222222223
6 0.09312673125000001 0.24061219444444445 0.09312673125000001 0.3048978930555556 0.11378999296875 0.3048978930555556 0.11378999296875 0.24061219444444445
6 0.24086904687500002 0.2516326013888889 0.24086904687500002 0.31959176944444445 0.26049914531249996 0.31959176944444445 0.26049914531249996 0.2516326013888889
6 0.359682796875 0.2571428013888889 0.359682796875 0.325101975 0.37827973125000003 0.325101975 0.37827973125000003 0.2571428013888889
6 0.16131549218750002 0.47387745 0.16131549218750002 0.5253060125 0.1747466109375 0.5253060125 0.1747466109375 0.47387745
6 0.16441498125 0.4224488902777778 0.16441498125 0.47204071527777774 0.177846103125 0.47204071527777774 0.177846103125 0.4224488902777778
6 0.15098386171875 0.40040807916666665 0.15098386171875 0.4499999041666667 0.167514471875 0.4499999041666667 0.167514471875 0.40040807916666665
6 0.13342008984375 0.34897951805555555 0.13342008984375 0.4151019527777778 0.15098386328125 0.4151019527777778 0.15098386328125 0.34897951805555555
6 0.12308845937499999 0.38387746805555556 0.12308845937499999 0.43897949722222224 0.13961906796875 0.43897949722222224 0.13961906796875 0.38387746805555556
6 0.1737134484375 0.5142856069444445 0.1737134484375 0.5565304944444445 0.18507824140625 0.5565304944444445 0.18507824140625 0.5142856069444445
6 0.02493796953125 0.48673458888888893 0.02493796953125 0.517959075 0.04560123125 0.517959075 0.04560123125 0.48673458888888893
6 0.46609859140625 0.4518366388888889 0.46609859140625 0.49040806111111107 0.47643022109375 0.49040806111111107 0.47643022109375 0.4518366388888889
6 0.5291215375 0.4463264361111111 0.5291215375 0.48673458888888893 0.54358581953125 0.48673458888888893 0.54358581953125 0.4463264361111111
6 0.58181285234375 0.4444897013888889 0.58181285234375 0.4812243888888889 0.59317764609375 0.4812243888888889 0.59317764609375 0.4444897013888889
7 0.9105653374999999 0.48857132638888895 0.9105653374999999 0.539999886111111 0.92606278359375 0.539999886111111 0.92606278359375 0.48857132638888895
7 0.1375527421875 0.552857025 0.1375527421875 0.5969386458333333 0.152017025 0.5969386458333333 0.152017025 0.552857025
7 0.15098386171875 0.5510202916666667 0.15098386171875 0.5987753833333334 0.16338181796875 0.5987753833333334 0.16338181796875 0.5510202916666667
7 0.1716471234375 0.5565304944444445 0.1716471234375 0.5877549805555555 0.18714456875000002 0.5877549805555555 0.18714456875000002 0.5565304944444445
7 0.21607313437500003 0.5455100902777777 0.21607313437500003 0.5730611069444445 0.23363690703125 0.5730611069444445 0.23363690703125 0.5455100902777777
7 0.24810118750000001 0.6263263972222223 0.24810118750000001 0.6391835402777778 0.25739965546875 0.6391835402777778 0.25739965546875 0.6263263972222223
2 0.25946598046874997 0.5987753819444445 0.25946598046874997 0.6391835347222222 0.31215729765625 0.6391835347222222 0.31215729765625 0.5987753819444445
2 0.31112413359375 0.5943672319444444 0.31112413359375 0.6384488541666666 0.3441853515625 0.6384488541666666 0.3441853515625 0.5943672319444444
2 0.8361775984375001 0.5484488597222222 0.8361775984375001 0.6531427152777778 0.93536125 0.6531427152777778 0.93536125 0.5484488597222222
2 0.9208969671875 0.5319182513888888 0.9208969671875 0.7284488236111112 0.9983841960937501 0.7284488236111112 0.9983841960937501 0.5319182513888888
2 0.96325665390625 0.7119182291666667 0.96325665390625 0.9176324680555555 0.9983841968749999 0.9176324680555555 0.9983841968749999 0.7119182291666667
7 0.49482052578125 0.4555101083333334 0.49482052578125 0.4885713277777778 0.508251646875 0.4885713277777778 0.508251646875 0.4555101083333334
2 0.61384090703125 0.4371427638888889 0.61384090703125 0.7714284083333334 0.845269428125 0.7714284083333334 0.845269428125 0.4371427638888889
2 0.30389199140625 0.5392652027777778 0.30389199140625 0.9543671555555556 0.62623886171875 0.9543671555555556 0.62623886171875 0.5392652027777778
7 0.001559290625 0.25087259305555554 0.001559290625 0.28690954027777776 0.0608123484375 0.28690954027777776 0.0608123484375 0.25087259305555554
7 0.33056968750000004 0.2675050305555556 0.33056968750000004 0.3215604513888889 0.35395905234375 0.3215604513888889 0.35395905234375 0.2675050305555556