7 0.299960175 0.40652652222222224 0.299960175 0.42109487916666666 0.32591006093749997 0.42109487916666666 0.32591006093749997 0.40652652222222224
7 0.30405752578125 0.40409846250000003 0.30405752578125 0.42352294027777776 0.3231784953125 0.42352294027777776 0.3231784953125 0.40409846250000003
7 0.295862825 0.39195816527777777 0.295862825 0.41138264166666666 0.309520659375 0.41138264166666666 0.309520659375 0.39195816527777777
4 0.49116986171875 0.5085050208333333 0.49116986171875 0.5352136763888888 0.49663299531250005 0.5352136763888888 0.49663299531250005 0.5085050208333333
4 0.49526721171875004 0.5085050208333333 0.49526721171875004 0.5327856152777778 0.50482769609375 0.5327856152777778 0.50482769609375 0.5085050208333333
4 0.5034619124999999 0.5036489027777777 0.5034619124999999 0.5230733791666667 0.51165661484375 0.5230733791666667 0.51165661484375 0.5036489027777777
2 0.466585759375 0.5012208430555556 0.466585759375 0.5133611388888889 0.47887781093750004 0.5133611388888889 0.47887781093750004 0.5012208430555556
2 0.48024359375000003 0.5085050208333333 0.48024359375000003 0.5327856152777778 0.49116986171875 0.5327856152777778 0.49116986171875 0.5085050208333333
2 0.46931732578125 0.5133611402777778 0.46931732578125 0.5522100944444445 0.48843829453125 0.5522100944444445 0.48843829453125 0.5133611402777778
2 0.1934290640625 0.4550877125 0.1934290640625 0.5862029291666666 0.32727584453124997 0.5862029291666666 0.32727584453124997 0.4550877125
1 0.4406358734375 0.8023002222222222 0.4406358734375 0.812012461111111 0.452927925 0.812012461111111 0.452927925 0.8023002222222222
1 0.30815487578125 0.41138264166666666 0.30815487578125 0.4866524847222222 0.39146766796875 0.4866524847222222 0.39146766796875 0.41138264166666666
9 0.40785706953125 0.43323517638888887 0.40785706953125 0.49636472361111117 0.4638541921875 0.49636472361111117 0.4638541921875 0.43323517638888887
2 0.41058863749999996 0.4866524861111111 0.41058863749999996 0.6153396416666667 0.47614624375 0.6153396416666667 0.47614624375 0.4866524861111111
2 0.00085359453125 0.4380912958333333 0.00085359453125 0.5983432236111111 0.11557940703125 0.5983432236111111 0.11557940703125 0.4380912958333333
2 0.00085359453125 0.4890805458333333 0.00085359453125 0.8120124597222221 0.130603025 0.8120124597222221 0.130603025 0.4890805458333333
2 0.28083920625 0.43080711666666666 0.28083920625 0.7197781888888888 0.4354761265625 0.7197781888888888 0.4354761265625 0.43080711666666666
2 0.5444354171875 0.33611279583333337 0.5444354171875 0.7658793291666667 0.8053000609375 0.7658793291666667 0.8053000609375 0.33611279583333337
4 0.8053000609375 0.5764906875 0.8053000609375 0.6129115819444444 0.8257868117187501 0.6129115819444444 0.8257868117187501 0.5764906875
4 0.8858812859375 0.56677845 0.8858812859375 0.6007712847222222 0.90090490390625 0.6007712847222222 0.90090490390625 0.56677845
4 0.92412322265625 0.5813468069444444 0.92412322265625 0.6299079986111111 0.9350494906250001 0.6299079986111111 0.9350494906250001 0.5813468069444444
4 0.88041815078125 0.5424978541666666 0.88041815078125 0.5959151638888889 0.8899786351562501 0.5959151638888889 0.8899786351562501 0.5424978541666666
2 0.8053000609375 0.5886309847222222 0.8053000609375 0.6857533666666668 0.92548900625 0.6857533666666668 0.92548900625 0.5886309847222222
2 0.9063680375000001 0.6104835208333333 0.9063680375000001 0.7367426152777778 0.9992413140625 0.7367426152777778 0.9992413140625 0.6104835208333333
2 0.49936456171875 0.5206453194444444 0.49936456171875 0.5643503888888889 0.53350914921875 0.5643503888888889 0.53350914921875 0.5206453194444444
4 0.1893317140625 0.45994383055555554 0.1893317140625 0.5279294972222223 0.201623765625 0.5279294972222223 0.201623765625 0.45994383055555554
4 0.1770396609375 0.4696560694444445 0.1770396609375 0.5327856152777778 0.1852343640625 0.5327856152777778 0.1852343640625 0.4696560694444445
4 0.15518712734375 0.46479994999999996 0.15518712734375 0.56677845 0.17703966328125 0.56677845 0.17703966328125 0.46479994999999996
4 0.1210425390625 0.45023159305555555 0.1210425390625 0.5352136763888888 0.129237240625 0.5352136763888888 0.129237240625 0.45023159305555555
4 0.14289507421875 0.4745121888888889 0.14289507421875 0.5327856180555556 0.14972399140624998 0.5327856180555556 0.14972399140624998 0.4745121888888889
4 0.09236108671875 0.45751577222222223 0.09236108671875 0.547353973611111 0.11557940625 0.547353973611111 0.11557940625 0.45751577222222223
4 0.53487493046875 0.4987927833333333 0.53487493046875 0.5497820333333334 0.54033806484375 0.5497820333333334 0.54033806484375 0.4987927833333333
4 0.85719983203125 0.5522100916666667 0.85719983203125 0.5910590430555556 0.8749550171875 0.5910590430555556 0.8749550171875 0.5522100916666667
7 0.9203432242187499 0.4291740388888889 0.9203432242187499 0.49668455972222225 0.9393305585937499 0.49668455972222225 0.9393305585937499 0.4291740388888889
7 0.09968350312499999 0.33827593055555555 0.09968350312499999 0.36021685 0.11772147031249999 0.36021685 0.11772147031249999 0.33827593055555555