9 0.3795563671875 0.4383419777777778 0.3795563671875 0.48730570972222226 0.39791776640625 0.48730570972222226 0.39791776640625 0.4383419777777778
9 0.3388989828125 0.4313471597222222 0.3388989828125 0.48963731527777776 0.38217942421875 0.48963731527777776 0.38217942421875 0.4313471597222222
9 0.2410589421875 0.39637306527777777 0.2410589421875 0.5129533791666667 0.32237371015625 0.5129533791666667 0.32237371015625 0.39637306527777777
2 0.40500001250000006 0.4616580402777778 0.40500001250000006 0.4919689222222222 0.4312305828125 0.4919689222222222 0.4312305828125 0.4616580402777778
2 0.3499158140625 0.47797928472222223 0.3499158140625 0.5059585597222223 0.38270402734375 0.5059585597222223 0.38270402734375 0.47797928472222223
2 0.2987662015625 0.4569948277777778 0.2987662015625 0.5106217722222222 0.35253887109375 0.5106217722222222 0.35253887109375 0.4569948277777778
2 0.24237047500000003 0.4989637402777778 0.24237047500000003 0.5269430166666667 0.2659779890625 0.5269430166666667 0.2659779890625 0.4989637402777778
2 0.21351684765624998 0.5036269527777778 0.21351684765624998 0.5316062291666667 0.23187824687499997 0.5316062291666667 0.23187824687499997 0.5036269527777778
2 0.5185783703125 0.4476684027777778 0.5185783703125 0.5246114097222222 0.5802202109375 0.5246114097222222 0.5802202109375 0.4476684027777778
9 0.59281089296875 0.32875648333333335 0.59281089296875 0.5176165916666666 0.7226522171875 0.5176165916666666 0.7226522171875 0.32875648333333335
9 0 0.27279793333333335 0 0.5549222916666667 0.23214054921875 0.5549222916666667 0.23214054921875 0.27279793333333335
2 0 0.47797928472222223 0 0.5689119291666667 0.09443005390625 0.5689119291666667 0.09443005390625 0.47797928472222223