2 0.1226073375 0.7851557124999999 0.1226073375 0.8085931972222222 0.13051749140625 0.8085931972222222 0.13051749140625 0.7851557124999999
2 0.13051748671875002 0.7804682166666665 0.13051748671875002 0.8109369458333333 0.13974599765625 0.8109369458333333 0.13974599765625 0.7804682166666665
2 0.13842763984375 0.7664057236111111 0.13842763984375 0.8156244333333333 0.15029286640625 0.8156244333333333 0.15029286640625 0.7664057236111111
2 0.14897450546875 0.7617182277777779 0.14897450546875 0.8132806916666666 0.16479480859375 0.8132806916666666 0.16479480859375 0.7617182277777779
2 0.156884659375 0.7546869847222223 0.156884659375 0.8179681875 0.20039048828125 0.8179681875 0.20039048828125 0.7546869847222223
2 0.07382807421875 0.8109369444444444 0.07382807421875 0.8296869277777777 0.08701165859375 0.8296869277777777 0.08701165859375 0.8109369444444444
2 0.06064449140625 0.8249994361111112 0.06064449140625 0.8601556583333334 0.0870116609375 0.8601556583333334 0.0870116609375 0.8249994361111112
2 0 0.8203119347222222 0 0.928124363888889 0.06987299921875 0.928124363888889 0.06987299921875 0.8203119347222222
2 0.250048659375 0.677343286111111 0.250048659375 0.7289057486111111 0.30146463984375 0.7289057486111111 0.30146463984375 0.677343286111111
2 0 0.9117181236111112 0 0.9585930944444445 0.013183583593750001 0.9585930944444445 0.013183583593750001 0.9117181236111112
2 0.551073840625 0.5304684111111111 0.551073840625 0.5984371152777778 0.6038081796875 0.5984371152777778 0.6038081796875 0.5304684111111111
6 0.1107421109375 0.11249991944444446 0.1107421109375 0.2578123236111111 0.1740233171875 0.2578123236111111 0.1740233171875 0.11249991944444446
6 0.15161122578125 0.11093741805555557 0.15161122578125 0.24218732777777777 0.1951170546875 0.24218732777777777 0.1951170546875 0.11093741805555557
6 0.08964837734375 0.12265616111111112 0.08964837734375 0.25624982222222226 0.13183584921875 0.25624982222222226 0.13183584921875 0.12265616111111112
6 0.1107421109375 0.7265619986111111 0.1107421109375 0.7499994861111111 0.11865226250000001 0.7499994861111111 0.11865226250000001 0.7265619986111111
6 0.031640603125 0.7687494708333334 0.031640603125 0.7968744527777777 0.038232394531250005 0.7968744527777777 0.038232394531250005 0.7687494708333334
6 0.03691403828125 0.7710932208333334 0.03691403828125 0.7874994583333332 0.047460903906250004 0.7874994583333332 0.047460903906250004 0.7710932208333334
6 0.07778315078125 0.7593744750000001 0.07778315078125 0.7828119597222222 0.08833001874999999 0.7828119597222222 0.08833001874999999 0.7593744750000001
7 0.18061511015625 0.6640620680555556 0.18061511015625 0.7039057958333333 0.197753771875 0.7039057958333333 0.197753771875 0.6640620680555556
6 0.40837946484375004 0.47777102916666664 0.40837946484375004 0.5236778555555556 0.43515844609375 0.5236778555555556 0.43515844609375 0.47777102916666664