7 0.1306242515625 0.5043005916666666 0.1306242515625 0.5476253875 0.140372328125 0.5476253875 0.140372328125 0.5043005916666666
7 0.3353338984375 0.2980745763888889 0.3353338984375 0.3812581791666667 0.3811498671875 0.3812581791666667 0.3811498671875 0.2980745763888889
7 0.51177411953125 0.42631596666666666 0.51177411953125 0.4575098166666666 0.52932066015625 0.4575098166666666 0.52932066015625 0.42631596666666666
6 0.505925271875 0.4887036680555556 0.505925271875 0.5094995680555556 0.512748928125 0.5094995680555556 0.512748928125 0.4887036680555556
6 0.67261741328125 0.3015405597222222 0.67261741328125 0.3379333861111111 0.68431510546875 0.3379333861111111 0.68431510546875 0.3015405597222222
6 0.181314259375 0.29114260833333333 0.181314259375 0.3552633027777778 0.19301195234375 0.3552633027777778 0.19301195234375 0.29114260833333333
6 0.200810415625 0.28594363472222223 0.200810415625 0.35006432916666663 0.2203065734375 0.35006432916666663 0.2203065734375 0.28594363472222223
6 0.356779671875 0.11611044583333333 0.356779671875 0.20969199722222223 0.3675025578125 0.20969199722222223 0.3675025578125 0.11611044583333333
6 0.43183987578125 0.48350469027777776 0.43183987578125 0.5094995680555556 0.43963833750000003 0.5094995680555556 0.43963833750000003 0.48350469027777776
6 0.48545430703125003 0.4817717 0.48545430703125003 0.5060335819444445 0.49227796250000005 0.5060335819444445 0.49227796250000005 0.4817717
4 0.28659350703125 0.5944161625000001 0.28659350703125 0.6325419805555555 0.2934171625 0.6325419805555555 0.2934171625 0.5944161625000001
4 0.27392100468749997 0.5909501791666667 0.27392100468749997 0.6221440305555556 0.28171946953125004 0.6221440305555556 0.28171946953125004 0.5909501791666667
4 0.26709735 0.5926831708333333 0.26709735 0.6152120624999999 0.27099658125000003 0.6152120624999999 0.27099658125000003 0.5926831708333333
4 0.23980273125 0.5996151375 0.23980273125 0.6342749722222222 0.24662638750000002 0.6342749722222222 0.24662638750000002 0.5996151375
4 0.25539965625 0.5996151375 0.25539965625 0.6377409555555555 0.26319811953125 0.6377409555555555 0.26319811953125 0.5996151375
2 0.0019496156250000001 0.6221440291666667 0.0019496156250000001 0.7451864402777777 0.1413471375 0.7451864402777777 0.1413471375 0.6221440291666667
2 0.30608966328125 0.5909501791666667 0.30608966328125 0.6516048888888889 0.36457813359375 0.6516048888888889 0.36457813359375 0.5909501791666667
2 0.31193851015625 0.5025676 0.31193851015625 0.8734278319444444 0.69503799296875 0.8734278319444444 0.69503799296875 0.5025676
9 0.723307421875 0 0.723307421875 0.7729143097222222 0.9982032359374999 0.7729143097222222 0.9982032359374999 0
2 0.63947394765625 0.5302954680555556 0.63947394765625 0.5718872694444445 0.67164260546875 0.5718872694444445 0.67164260546875 0.5302954680555556
2 0.70381126484375 0.5094995680555556 0.70381126484375 0.5770862458333333 0.74182877109375 0.5770862458333333 0.74182877109375 0.5094995680555556
7 0.7408539625 0.4315149402777778 0.7408539625 0.46097579861111115 0.74865242578125 0.46097579861111115 0.74865242578125 0.4315149402777778
7 0.3353338984375 0.20622601527777779 0.3353338984375 0.3032735527777778 0.3782254453125 0.3032735527777778 0.3782254453125 0.20622601527777779
4 0.21250811015624999 0.6082800958333333 0.21250811015624999 0.6464059138888889 0.22615542031250002 0.6464059138888889 0.22615542031250002 0.6082800958333333