6 0.5196732374999999 0.35073237777777777 0.5196732374999999 0.375732375 0.5565872953125 0.375732375 0.5565872953125 0.35073237777777777
6 0.11889203828124999 0.41948236944444445 0.11889203828124999 0.47104486250000005 0.1285600046875 0.47104486250000005 0.1285600046875 0.41948236944444445
6 0.26654826953125 0.47885736250000005 0.26654826953125 0.5069823583333333 0.27357951796875 0.5069823583333333 0.27357951796875 0.47885736250000005
6 0.6796341554687501 0.49760736111111115 0.6796341554687501 0.5319823569444444 0.68578649765625 0.5319823569444444 0.68578649765625 0.49760736111111115
6 0.76488805078125 0.41948236944444445 0.76488805078125 0.4647948638888889 0.77455601875 0.4647948638888889 0.77455601875 0.41948236944444445
6 0.6128372882812501 0.5069823583333333 0.6128372882812501 0.5351073555555556 0.62074744375 0.5351073555555556 0.62074744375 0.5069823583333333
6 0.39311075390625 0.5241698569444444 0.39311075390625 0.56791985 0.40014200312500003 0.56791985 0.40014200312500003 0.5241698569444444
6 0.548677140625 0.5054198583333332 0.548677140625 0.5397948555555555 0.5583451078125 0.5397948555555555 0.5583451078125 0.5054198583333332
6 0.10482953984375001 0.4179198694444445 0.10482953984375001 0.46635736250000004 0.11801313203125 0.46635736250000004 0.11801313203125 0.4179198694444445
6 0.26039592734375 0.4804198625 0.26039592734375 0.5038573569444444 0.26566936328125 0.5038573569444444 0.26566936328125 0.4804198625
6 0.68842321640625 0.5007323611111112 0.68842321640625 0.5335448569444444 0.69721227734375 0.5335448569444444 0.69721227734375 0.5007323611111112
6 0.7851028921875 0.5069823583333333 0.7851028921875 0.5304198555555555 0.7903763296874999 0.5304198555555555 0.7903763296874999 0.5069823583333333
7 0.8070755453125 0.4804198625 0.8070755453125 0.5241698569444444 0.81762241953125 0.5241698569444444 0.81762241953125 0.4804198625
6 0.8518997578124999 0.4601073638888889 0.8518997578124999 0.5022948611111111 0.8642044437499999 0.5022948611111111 0.8642044437499999 0.4601073638888889
7 0.47221230625 0.40541987083333336 0.47221230625 0.4366698680555556 0.52230995625 0.4366698680555556 0.52230995625 0.40541987083333336
7 0.4801224609375 0.43979486805555557 0.4801224609375 0.4491698680555556 0.502974021875 0.4491698680555556 0.502974021875 0.43979486805555557
7 0.46781777578124994 0.4522948652777778 0.46781777578124994 0.4913573625 0.51703651953125 0.4913573625 0.51703651953125 0.4522948652777778
7 0.7244583687499999 0.5038573583333333 0.7244583687499999 0.5132323583333332 0.768403675 0.5132323583333332 0.768403675 0.5038573583333333
6 0.76225133203125 0.5226073569444444 0.76225133203125 0.5397948541666666 0.7666458625 0.5397948541666666 0.7666458625 0.5226073569444444
6 0.7833450796875 0.5054198583333332 0.7833450796875 0.5335448555555555 0.7938919531249999 0.5335448555555555 0.7938919531249999 0.5054198583333332
7 0.7235794624999999 0.5366698541666667 0.7235794624999999 0.5460448513888889 0.73676305390625 0.5460448513888889 0.73676305390625 0.5366698541666667
2 0.35705561953125 0.6117186736111111 0.35705561953125 0.6414061708333333 0.37639155468749996 0.6414061708333333 0.37639155468749996 0.6117186736111111
2 0.44230951484375 0.5882811777777778 0.44230951484375 0.6117186736111111 0.47043451171874995 0.6117186736111111 0.47043451171874995 0.5882811777777778
2 0.49416497734375 0.596093675 0.49416497734375 0.6164061736111112 0.51350091328125 0.6164061736111112 0.51350091328125 0.596093675
2 0.47219232343749995 0.6070311736111111 0.47219232343749995 0.6414061708333333 0.49768060234375 0.6414061708333333 0.49768060234375 0.6070311736111111
2 0.458129825 0.6164061736111112 0.458129825 0.6601561680555555 0.48098138593749995 0.6601561680555555 0.48098138593749995 0.6164061736111112
2 0.41242670625000005 0.599218675 0.41242670625000005 0.614843675 0.45461419999999997 0.614843675 0.45461419999999997 0.599218675
2 0.42912592265624994 0.6148436736111111 0.42912592265624994 0.6945311611111111 0.46428216874999995 0.6945311611111111 0.46428216874999995 0.6148436736111111
2 0.36936030546875 0.6132811736111111 0.36936030546875 0.7195311597222223 0.45197748359374995 0.7195311597222223 0.45197748359374995 0.6132811736111111
2 0.2076415765625 0.5601561805555556 0.2076415765625 0.7695311541666666 0.3790282734375 0.7695311541666666 0.3790282734375 0.5601561805555556
2 0.5099852874999999 0.597656175 0.5099852874999999 0.6335936722222223 0.535473565625 0.6335936722222223 0.535473565625 0.597656175
2 0.582055590625 0.6070311736111111 0.582055590625 0.6648436680555555 0.6216063671875001 0.6648436680555555 0.6216063671875001 0.6070311736111111
2 0.54382317421875 0.5914061777777778 0.54382317421875 0.6117186736111111 0.554370046875 0.6117186736111111 0.554370046875 0.5914061777777778
2 0.55437004765625 0.5945311750000001 0.55437004765625 0.6164061750000001 0.56843254609375 0.6164061750000001 0.56843254609375 0.5945311750000001
2 0.56931145234375 0.5914061777777778 0.56931145234375 0.6117186736111111 0.58601066875 0.6117186736111111 0.58601066875 0.5914061777777778
2 0.61677238359375 0.6023436750000001 0.61677238359375 0.6539061680555556 0.63698722578125 0.6539061680555556 0.63698722578125 0.6023436750000001
2 0.61589347734375 0.5867186777777778 0.61589347734375 0.597656175 0.6273192578125 0.597656175 0.6273192578125 0.5867186777777778
2 0.6431395671875 0.5492186819444445 0.6431395671875 0.5679686791666667 0.65280753515625 0.5679686791666667 0.65280753515625 0.5492186819444445
2 0.65368644140625 0.5632811791666666 0.65368644140625 0.5742186777777778 0.661596596875 0.5742186777777778 0.661596596875 0.5632811791666666
2 0.75827627265625 0.603906175 0.75827627265625 0.6492186708333333 0.7864012687499999 0.6492186708333333 0.7864012687499999 0.603906175
2 0.7925536117187499 0.6070311736111111 0.7925536117187499 0.6492186708333333 0.8250731390625001 0.6492186708333333 0.8250731390625001 0.6070311736111111
2 0.78288564453125 0.6085936736111112 0.78288564453125 0.6351561708333333 0.7969481429687499 0.6351561708333333 0.7969481429687499 0.6085936736111112
2 0.63347160078125 0.5929686777777778 0.63347160078125 0.7242186597222223 0.6976317484375001 0.7242186597222223 0.6976317484375001 0.5929686777777778
1 0.56801307578125 0.57416985 0.56801307578125 0.6101073472222223 0.5908646359375 0.6101073472222223 0.5908646359375 0.57416985
7 0.8360794484375 0.5851073486111111 0.8360794484375 0.6132323472222222 0.8518997593750001 0.6132323472222222 0.8518997593750001 0.5851073486111111
2 0.000239709375 0.4507323652777778 0.000239709375 0.9491698027777777 0.25424358359375 0.9491698027777777 0.25424358359375 0.4507323652777778
2 0.64096228515625 0.6163573444444445 0.64096228515625 0.8022948236111112 0.78686070546875 0.8022948236111112 0.78686070546875 0.6163573444444445
4 0.9810989609374999 0.5679198541666667 0.9810989609374999 0.7726073277777779 0.9986770843749999 0.7726073277777779 0.9986770843749999 0.5679198541666667
7 0.8558812890624999 0.5129655513888889 0.8558812890624999 0.5302954680555556 0.87830186875 0.5302954680555556 0.87830186875 0.5129655513888889
6 0.26124850234374997 0.476572725 0.26124850234374997 0.5077665763888889 0.265147734375 0.5077665763888889 0.265147734375 0.476572725
6 0.61997778984375 0.5043005916666666 0.61997778984375 0.5337614513888889 0.6258266367187499 0.5337614513888889 0.6258266367187499 0.5043005916666666