2 0.87050825859375 0.5964654847222223 0.87050825859375 0.953166575 0.9980855992187501 0.953166575 0.9980855992187501 0.5964654847222223
2 0.92501857734375 0.5511046555555555 0.92501857734375 0.6603830222222222 0.9980855992187501 0.6603830222222222 0.9980855992187501 0.5511046555555555
2 0.9632917796875 0.4438881416666667 0.9632917796875 0.48718711805555553 0.9980855992187501 0.48718711805555553 0.9980855992187501 0.4438881416666667
2 0.7754051515625 0.46244484583333334 0.7754051515625 0.6830634402777778 0.9980855992187501 0.6830634402777778 0.9980855992187501 0.46244484583333334
2 0.59072175859375 0.4893471652777777 0.59072175859375 0.5450172777777778 0.647938275 0.5450172777777778 0.647938275 0.4893471652777777
2 0.56211351953125 0.48797260000000003 0.56211351953125 0.5271478652777778 0.5969073390624999 0.5271478652777778 0.5969073390624999 0.48797260000000003
9 0.5516753734375001 0.4549829027777778 0.5516753734375001 0.5189004402777778 0.58878878125 0.5189004402777778 0.58878878125 0.4549829027777778
2 0.544716590625 0.4852234527777778 0.544716590625 0.5120275805555555 0.55399494375 0.5120275805555555 0.55399494375 0.4852234527777778
2 0.53543825625 0.479725175 0.53543825625 0.5085911611111111 0.544716609375 0.5085911611111111 0.544716609375 0.479725175
2 0.51572173984375 0.4762887388888889 0.51572173984375 0.4969073 0.52731968046875 0.4969073 0.52731968046875 0.4762887388888889
2 0.45657226484375 0.479725175 0.45657226484375 0.5374571444444444 0.4983248484375 0.5374571444444444 0.4983248484375 0.479725175
2 0.42680419374999995 0.4756014638888889 0.42680419374999995 0.5189004402777778 0.45695883828125006 0.5189004402777778 0.45695883828125006 0.4756014638888889
2 0.33170108671875 0.47147775277777776 0.33170108671875 0.5395190000000001 0.3896907859375 0.5395190000000001 0.3896907859375 0.47147775277777776
2 0.3800258421875 0.47903788472222225 0.3800258421875 0.5249485527777777 0.39479389062500003 0.5249485527777777 0.39479389062500003 0.47903788472222225
2 0.39131450703125 0.4837114333333333 0.39131450703125 0.5208248416666666 0.40175265312499997 0.5208248416666666 0.40175265312499997 0.4837114333333333
2 0.40175265312499997 0.47958772222222223 0.40175265312499997 0.518762986111111 0.41682997578125003 0.518762986111111 0.41682997578125003 0.47958772222222223
4 0.22731962499999997 0.47010317083333336 0.22731962499999997 0.6061856666666667 0.24935571093750003 0.6061856666666667 0.24935571093750003 0.47010317083333336
2 0 0.5896908208333334 0 0.7237114597222223 0.01971649921875 0.7237114597222223 0.01971649921875 0.5896908208333334
3 0.00347938203125 0.5051547222222222 0.00347938203125 0.6804124833333334 0.100902078125 0.6804124833333334 0.100902078125 0.5051547222222222
7 0.20064436328125002 0.36701036944444443 0.20064436328125002 0.3855670736111111 0.22731962499999997 0.3855670736111111 0.22731962499999997 0.36701036944444443
7 0.20528353984374997 0.42886604999999994 0.20528353984374997 0.44742275277777777 0.22615983203124998 0.44742275277777777 0.22615983203124998 0.42886604999999994
6 0.2041237453125 0.3917526416666666 0.2041237453125 0.4247423388888889 0.21456189140625 0.4247423388888889 0.21456189140625 0.3917526416666666
6 0.387371196875 0.29072169583333335 0.387371196875 0.3298969611111111 0.3989691375 0.3298969611111111 0.3989691375 0.29072169583333335
6 0.56713926796875 0.265979425 0.56713926796875 0.31134025694444445 0.5798970031249999 0.31134025694444445 0.5798970031249999 0.265979425
6 0.5822165906250001 0.2701031375 0.5822165906250001 0.317525825 0.5938145312499999 0.317525825 0.5938145312499999 0.2701031375
7 0.8997682109375 0.2103093125 0.8997682109375 0.24536086666666665 0.92644347265625 0.24536086666666665 0.92644347265625 0.2103093125
7 0.8765723304687499 0.3072165458333333 0.8765723304687499 0.33195881805555555 0.922964090625 0.33195881805555555 0.922964090625 0.3072165458333333
7 0.889330065625 0.33402067222222226 0.889330065625 0.4123712 0.91484553359375 0.4123712 0.91484553359375 0.33402067222222226
6 0.9102063570312501 0.35463923333333336 0.9102063570312501 0.4123712027777778 0.9542785289062501 0.4123712027777778 0.9542785289062501 0.35463923333333336
7 0.6631702164062501 0.3975258402777778 0.6631702164062501 0.4160825444444444 0.689845478125 0.4160825444444444 0.689845478125 0.3975258402777778
6 0.6831186703125 0.4309279069444445 0.6831186703125 0.4597938916666667 0.6993557859374999 0.4597938916666667 0.6993557859374999 0.4309279069444445
6 0.5045103921874999 0.4144330597222222 0.5045103921874999 0.44123718749999996 0.51262895078125 0.44123718749999996 0.51262895078125 0.4144330597222222
4 0.16585054296875 0.4587629625 0.16585054296875 0.5391753458333334 0.17976807109374998 0.5391753458333334 0.17976807109374998 0.4587629625
7 0.597873809375 0.42164955416666666 0.597873809375 0.4567011083333333 0.61063154296875 0.4567011083333333 0.61063154296875 0.42164955416666666
4 0.66862124453125 0.4670103875 0.66862124453125 0.5494846277777778 0.68485836015625 0.5494846277777778 0.68485836015625 0.4670103875
4 0.6518042304687499 0.4711340986111111 0.6518042304687499 0.5103093638888889 0.6599227890625 0.5103093638888889 0.6599227890625 0.4711340986111111
4 0.68891763984375 0.46907224166666667 0.68891763984375 0.5350516347222222 0.70515475703125 0.5350516347222222 0.70515475703125 0.46907224166666667
7 0.30386603046875 0.43024061527777774 0.30386603046875 0.4611684555555556 0.318943353125 0.4611684555555556 0.318943353125 0.43024061527777774
2 0.49291245312500004 0.47079044722222224 0.49291245312500004 0.4919588583333333 0.5045103937500001 0.4919588583333333 0.5045103937500001 0.47079044722222224
2 0.50335059921875 0.4762887388888889 0.50335059921875 0.49896915416666665 0.51494853984375 0.49896915416666665 0.51494853984375 0.4762887388888889