6 0.02964815703125 0.41316142361111113 0.02964815703125 0.44376597500000003 0.0382556859375 0.44376597500000003 0.0382556859375 0.41316142361111113
6 0.1606738875 0.3910581416666667 0.1606738875 0.42166269166666664 0.168325025 0.42166269166666664 0.168325025 0.3910581416666667
6 0.23049051718750002 0.3995594027777778 0.23049051718750002 0.42846369999999995 0.23718526171874998 0.42846369999999995 0.23718526171874998 0.3995594027777778
6 0.46385021171874996 0.3672546 0.46385021171874996 0.4080606666666666 0.4734141328125 0.4080606666666666 0.4734141328125 0.3672546
6 0.52314652734375 0.32644853333333335 0.52314652734375 0.37405561111111113 0.5307976640625001 0.37405561111111113 0.5307976640625001 0.32644853333333335
6 0.55948943046875 0.42166268888888886 0.55948943046875 0.45566774444444447 0.56809696015625 0.45566774444444447 0.56809696015625 0.42166268888888886
6 0.8816023375 0.25503791666666664 0.8816023375 0.3094460041666667 0.8969046125 0.3094460041666667 0.8969046125 0.25503791666666664
6 0.24196722343750002 0.4454662277777778 0.24196722343750002 0.46246875416666666 0.24942708671874997 0.46246875416666666 0.24942708671874997 0.4454662277777778
6 0.98967465390625 0.44376597500000003 0.98967465390625 0.4658692611111111 0.99923857578125 0.4658692611111111 0.99923857578125 0.44376597500000003
7 0.48183038828124997 0.41316142361111113 0.48183038828124997 0.42506319305555557 0.49426348671875 0.42506319305555557 0.49426348671875 0.41316142361111113
7 0.45983336796875 0.41146117083333333 0.45983336796875 0.4233629402777778 0.47609203515625 0.4233629402777778 0.47609203515625 0.41146117083333333
7 0.48183038828124997 0.44206572222222223 0.48183038828124997 0.4590682486111111 0.48661234843749995 0.4590682486111111 0.48661234843749995 0.44206572222222223
7 0.33358959765625 0.42506319444444446 0.33358959765625 0.4505669861111111 0.3431535171875 0.4505669861111111 0.3431535171875 0.42506319444444446
7 0.23125563046875 0.43526471111111115 0.23125563046875 0.45396749583333335 0.23986316015625003 0.45396749583333335 0.23986316015625003 0.43526471111111115
7 0.2236044921875 0.45906824999999996 0.2236044921875 0.4675695125 0.23890676796875 0.4675695125 0.23890676796875 0.45906824999999996
7 0.11667984765624999 0.4182621819444445 0.11667984765624999 0.4658692597222222 0.12815655390625 0.4658692597222222 0.12815655390625 0.4182621819444445
7 0.99063104609375 0.3536525805555556 0.99063104609375 0.3698049791666667 0.99923857578125 0.3698049791666667 0.99923857578125 0.3536525805555556
4 0.97245959453125 0.4998743166666667 0.97245959453125 0.5678844305555556 0.98871826171875 0.5678844305555556 0.98871826171875 0.4998743166666667
4 0.96863402578125 0.5100758333333333 0.96863402578125 0.5729851902777777 0.9781979476562499 0.5729851902777777 0.9781979476562499 0.5100758333333333
4 0.9342039078125 0.5032748222222222 0.9342039078125 0.5780859486111111 0.952375359375 0.5780859486111111 0.952375359375 0.5032748222222222
4 0.6702396632812501 0.4964738111111111 0.6702396632812501 0.5508819041666667 0.6788471921875 0.5508819041666667 0.6788471921875 0.4964738111111111
4 0.67406523125 0.49307330555555556 0.67406523125 0.5270783611111111 0.68171636875 0.5270783611111111 0.68171636875 0.49307330555555556
4 0.6358095453125 0.49817406388888885 0.6358095453125 0.52027735 0.6415478976562501 0.52027735 0.6415478976562501 0.49817406388888885
4 0.62433283828125 0.5032748222222222 0.62433283828125 0.5253781125 0.6319839734375 0.5253781125 0.6319839734375 0.5032748222222222
4 0.64250428984375 0.49817406388888885 0.64250428984375 0.5100758319444444 0.65015542734375 0.5100758319444444 0.65015542734375 0.49817406388888885
4 0.6338967585937499 0.5066753277777778 0.6338967585937499 0.5627836736111111 0.6434606796875 0.5627836736111111 0.6434606796875 0.5066753277777778
4 0.0411248640625 0.5219776013888888 0.0411248640625 0.5661841777777777 0.04973239296875 0.5661841777777777 0.04973239296875 0.5219776013888888
4 0.576704490625 0.5015745694444445 0.576704490625 0.5627836736111111 0.58722480546875 0.5627836736111111 0.58722480546875 0.5015745694444445
4 0.614960178125 0.504975075 0.614960178125 0.5644839263888889 0.6254804929687501 0.5644839263888889 0.6254804929687501 0.504975075
4 0.6434606820312501 0.4998743166666667 0.6434606820312501 0.5610834194444444 0.6530246015625 0.5610834194444444 0.6530246015625 0.4998743166666667
4 0.65302460234375 0.4998743166666667 0.65302460234375 0.5610834194444444 0.6625885234375 0.5610834194444444 0.6625885234375 0.4998743166666667
4 0.66450131015625 0.4998743166666667 0.66450131015625 0.5593831666666667 0.6731088390625 0.5593831666666667 0.6731088390625 0.4998743166666667
4 0.68171636953125 0.4964738111111111 0.68171636953125 0.5576829138888889 0.6893675070312499 0.5576829138888889 0.6893675070312499 0.4964738111111111
4 0.780224765625 0.49307330555555556 0.780224765625 0.5440808930555556 0.78978868671875 0.5440808930555556 0.78978868671875 0.49307330555555556
4 0.8653436703124999 0.49307330555555556 0.8653436703124999 0.5372798819444444 0.875863984375 0.5372798819444444 0.875863984375 0.49307330555555556
4 0.9169888484375001 0.5015745694444445 0.9169888484375001 0.5780859486111111 0.9399422609375 0.5780859486111111 0.9399422609375 0.5015745694444445
4 0.9590701046874999 0.4998743166666667 0.9590701046874999 0.5780859486111111 0.96959042109375 0.5780859486111111 0.96959042109375 0.4998743166666667
2 0.1654558484375 0.5168768444444444 0.1654558484375 0.5389801333333334 0.200842359375 0.5389801333333334 0.200842359375 0.5168768444444444
2 0.200842359375 0.5117760861111111 0.200842359375 0.5389801333333334 0.2218829875 0.5389801333333334 0.2218829875 0.5117760861111111
2 0.22283937968749998 0.5168768444444444 0.22283937968749998 0.5372798819444444 0.2457927921875 0.5372798819444444 0.2457927921875 0.5168768444444444
2 0.33951922734375 0.5083755805555555 0.33951922734375 0.5746854416666667 0.38064409140625 0.5746854416666667 0.38064409140625 0.5083755805555555
2 0.47054495625000003 0.5083755805555555 0.47054495625000003 0.5712849375 0.4944547609375 0.5712849375 0.4944547609375 0.5083755805555555
2 0.9743723796875001 0.49137305138888887 0.9743723796875001 0.5270783597222223 0.99732579375 0.5270783597222223 0.99732579375 0.49137305138888887
2 0.9361166921875 0.49137305138888887 0.9361166921875 0.5355796236111111 0.9724595953125 0.5355796236111111 0.9724595953125 0.49137305138888887
2 0.8835151218749999 0.49817406388888885 0.8835151218749999 0.5406803875 0.92559638046875 0.5406803875 0.92559638046875 0.49817406388888885
2 0 0.5100758333333333 0 0.5863022291666666 0.03582124765625 0.5863022291666666 0.03582124765625 0.5100758333333333
2 0.050688785156250006 0.4998743166666667 0.050688785156250006 0.5933882222222222 0.1692814171875 0.5933882222222222 0.1692814171875 0.4998743166666667
2 0.2448364 0.5032748222222222 0.2448364 0.5984889819444444 0.3251733453125 0.5984889819444444 0.3251733453125 0.5032748222222222
2 0.37681852265625004 0.4862722930555556 0.37681852265625004 0.6001892333333334 0.47819609453125 0.6001892333333334 0.47819609453125 0.4862722930555556
2 0.51740817421875 0.4862722930555556 0.51740817421875 0.5712849361111111 0.56427139140625 0.5712849361111111 0.56427139140625 0.4862722930555556
2 0.79361425546875 0.4964738111111111 0.79361425546875 0.5474813986111111 0.8567361390625001 0.5474813986111111 0.8567361390625001 0.4964738111111111
1 0.6912802914062499 0.47097001944444444 0.6912802914062499 0.5559826625000001 0.7763991953125 0.5559826625000001 0.7763991953125 0.47097001944444444
6 0.0219970203125 0.48202166249999995 0.0219970203125 0.5024246958333334 0.0392120796875 0.5024246958333334 0.0392120796875 0.48202166249999995