2 0.47485917187500004 0.4449671069444444 0.47485917187500004 0.4645065833333334 0.49084601406250006 0.4645065833333334 0.49084601406250006 0.4449671069444444
2 0.49084601406250006 0.4449671069444444 0.49084601406250006 0.46273026666666667 0.49883943515625007 0.46273026666666667 0.49883943515625007 0.4449671069444444
2 0.4968410796875 0.4485197388888889 0.4968410796875 0.47161184444444443 0.50883121171875 0.47161184444444443 0.50883121171875 0.4485197388888889
2 0.50283614609375 0.4502960541666667 0.50283614609375 0.4769407902777778 0.51582545390625 0.4769407902777778 0.51582545390625 0.4502960541666667
2 0.512827921875 0.4467434236111111 0.512827921875 0.4858223708333333 0.53381065234375 0.4858223708333333 0.53381065234375 0.4467434236111111
2 0.51982216484375 0.45917763333333333 0.51982216484375 0.4929276361111111 0.53081311953125 0.4929276361111111 0.53081311953125 0.45917763333333333
2 0.52581723203125 0.4556250041666667 0.52581723203125 0.5018092111111111 0.54979749453125 0.5018092111111111 0.54979749453125 0.4556250041666667
2 0.53381065234375 0.46273026388888894 0.53381065234375 0.5142434236111111 0.56578433671875 0.5142434236111111 0.56578433671875 0.46273026388888894
2 0.545800784375 0.47161184444444443 0.545800784375 0.5355592138888889 0.5937613109375001 0.5355592138888889 0.5937613109375001 0.47161184444444443
2 0.56278680390625 0.4822697388888889 0.56278680390625 0.5568750041666667 0.6317300609375 0.5568750041666667 0.6317300609375 0.4822697388888889
7 0.15412315000000001 0.38457237083333334 0.15412315000000001 0.4289802638888889 0.18210012343749998 0.4289802638888889 0.18210012343749998 0.38457237083333334
7 0.32598170390625 0.4165460541666667 0.32598170390625 0.4343092138888889 0.33697265859375 0.4343092138888889 0.33697265859375 0.4165460541666667
2 0.38131115078125 0.43798872222222224 0.38131115078125 0.46285714305555553 0.39529963828125003 0.46285714305555553 0.39529963828125003 0.43798872222222224
2 0.37631526328125 0.44509398194444444 0.37631526328125 0.4770676652777778 0.3933012828125 0.4770676652777778 0.3933012828125 0.44509398194444444
2 0.36732266406249997 0.44509398194444444 0.36732266406249997 0.4699624041666667 0.38530786015624996 0.4699624041666667 0.38530786015624996 0.44509398194444444
2 0.342343221875 0.44509398194444444 0.342343221875 0.4912781930555556 0.38330950625 0.4912781930555556 0.38330950625 0.44509398194444444
2 0.33135226875 0.45397556111111115 0.33135226875 0.4966071388888889 0.35633170937499997 0.4966071388888889 0.35633170937499997 0.45397556111111115
2 0.25341641406250004 0.4575281944444444 0.25341641406250004 0.5125939847222223 0.3413440453125 0.5125939847222223 0.3413440453125 0.4575281944444444
2 0.26240901171875 0.46818608611111107 0.26240901171875 0.5285808236111111 0.32935391406250003 0.5285808236111111 0.32935391406250003 0.46818608611111107
2 0.15449782578125 0.47706766805555556 0.15449782578125 0.5658834569444444 0.30837118124999996 0.5658834569444444 0.30837118124999996 0.47706766805555556
4 0.44525851953125006 0.4892481138888889 0.44525851953125006 0.5620770611111111 0.4692387828125 0.5620770611111111 0.4692387828125 0.4892481138888889
4 0.4362659203125 0.48214285 0.4362659203125 0.5603007458333333 0.45924700703125004 0.5603007458333333 0.45924700703125004 0.48214285
1 0.39130292734375 0.3986560069444445 0.39130292734375 0.5283270611111112 0.45724865078125 0.5283270611111112 0.45724865078125 0.3986560069444445
2 0.8640888070312499 0.48315789722222224 0.8640888070312499 0.5968421097222222 0.999976965625 0.5968421097222222 0.999976965625 0.48315789722222224
7 0.63630400234375 0.39031838472222224 0.63630400234375 0.4404510222222222 0.65040380625 0.4404510222222222 0.65040380625 0.39031838472222224