6 0.38497097812500003 0.1172898 0.38497097812500003 0.21335243333333334 0.4037031921875 0.21335243333333334 0.4037031921875 0.1172898
6 0.5499585476562501 0.10576228611111112 0.5499585476562501 0.2043865875 0.56797029296875 0.2043865875 0.56797029296875 0.10576228611111112
6 0.003122021875 0.0032954805555555555 0.003122021875 0.09935811111111112 0.050673024218749994 0.09935811111111112 0.050673024218749994 0.0032954805555555555
6 0.76442589453125 0.3586338222222222 0.76442589453125 0.40730555416666664 0.78748092734375 0.40730555416666664 0.78748092734375 0.3586338222222222
6 0.31629372265625 0.4713473097222222 0.31629372265625 0.4892789972222222 0.32926217734374996 0.4892789972222222 0.32926217734374996 0.4713473097222222
2 0.50317605703125 0.4608444652777778 0.50317605703125 0.4723719819444444 0.51038075390625 0.4723719819444444 0.51038075390625 0.4608444652777778
2 0.49525088906250003 0.45828279583333337 0.49525088906250003 0.47109114583333334 0.50317605546875 0.47109114583333334 0.50317605546875 0.45828279583333337
2 0.486605253125 0.46340613611111114 0.486605253125 0.47493365277777777 0.49597135859375 0.47493365277777777 0.49597135859375 0.46340613611111114
2 0.5017351171875 0.4698103111111111 0.5017351171875 0.48261866388888885 0.50893981484375 0.48261866388888885 0.50893981484375 0.4698103111111111
2 0.511101221875 0.4608444652777778 0.511101221875 0.47109114583333334 0.51830591875 0.47109114583333334 0.51830591875 0.4608444652777778
2 0.48012102578125004 0.4646869708333333 0.48012102578125004 0.4787761569444445 0.4902076015625 0.4787761569444445 0.4902076015625 0.4646869708333333
2 0.48732572265625 0.48005699166666665 0.48732572265625 0.5031120222222222 0.4974123 0.5031120222222222 0.4974123 0.48005699166666665
2 0.49597136015625 0.48005699166666665 0.49597136015625 0.49926951666666664 0.50893981484375 0.49926951666666664 0.50893981484375 0.48005699166666665
2 0.51398310234375 0.4698103111111111 0.51398310234375 0.48518033194444443 0.5262310875 0.48518033194444443 0.5262310875 0.4698103111111111
2 0.5067784054687501 0.48261866249999996 0.5067784054687501 0.5018311875 0.51614451171875 0.5018311875 0.51614451171875 0.48261866249999996
2 0.52695155859375 0.48261866249999996 0.52695155859375 0.49286534305555557 0.54424283203125 0.49286534305555557 0.54424283203125 0.48261866249999996
2 0.50605793515625 0.48389949722222225 0.50605793515625 0.5415370736111111 0.54712471015625 0.5415370736111111 0.54712471015625 0.48389949722222225
2 0.54424283125 0.48261866249999996 0.54424283125 0.5312903916666667 0.5636955140625 0.5312903916666667 0.5636955140625 0.48261866249999996
2 0.5615341046875 0.4787761569444445 0.5615341046875 0.5005503541666667 0.5752230296875 0.5005503541666667 0.5752230296875 0.4787761569444445
2 0.55216799765625 0.4762144861111111 0.55216799765625 0.5671537777777778 0.60548275703125 0.5671537777777778 0.60548275703125 0.4762144861111111
2 0.58530960546875 0.4685294763888889 0.58530960546875 0.5953321472222222 0.6739273828125001 0.5953321472222222 0.6739273828125001 0.4685294763888889
2 0.40086935468749996 0.4903036708333333 0.40086935468749996 0.5172012083333333 0.41888109843750004 0.5172012083333333 0.41888109843750004 0.4903036708333333
2 0.38429855 0.4954270111111111 0.38429855 0.52232455 0.405192175 0.52232455 0.405192175 0.4954270111111111
2 0.36628680859374996 0.49670784861111117 0.36628680859374996 0.5261670555555555 0.39006230859375 0.5261670555555555 0.39006230859375 0.49670784861111117
2 0.343231775 0.49926951666666664 0.343231775 0.5325712305555556 0.36916868515625 0.5325712305555556 0.36916868515625 0.49926951666666664
2 0.3057673484375 0.503112025 0.3057673484375 0.5402562402777777 0.336027078125 0.5402562402777777 0.336027078125 0.503112025
2 0.28847607734374997 0.503112025 0.28847607734374997 0.5492220847222222 0.316574396875 0.5492220847222222 0.316574396875 0.503112025
2 0.239484134375 0.503112025 0.239484134375 0.5633112722222222 0.29063748671875 0.5633112722222222 0.29063748671875 0.503112025
2 0.41527874921874997 0.4570019597222222 0.41527874921874997 0.5825238 0.49380995078125 0.5825238 0.49380995078125 0.4570019597222222
2 0.71399301328125 0.4162714013888889 0.71399301328125 0.8363853055555555 0.9992990273437499 0.8363853055555555 0.9992990273437499 0.4162714013888889
2 0.08382215078125001 0.5170304291666666 0.08382215078125001 0.6092505513888888 0.183246971875 0.6092505513888888 0.183246971875 0.5170304291666666
4 0.21879014218749998 0.4990987333333333 0.21879014218749998 0.5541746416666666 0.23103812890625003 0.5541746416666666 0.23103812890625003 0.4990987333333333
4 0.66067825390625 0.4645161888888889 0.66067825390625 0.6425522611111111 0.6959812710937501 0.6425522611111111 0.6959812710937501 0.4645161888888889
4 0.100865784375 0.4924410625 0.100865784375 0.6166820638888889 0.13040504296875 0.6166820638888889 0.13040504296875 0.4924410625
7 0.37810250703125 0.4162714013888889 0.37810250703125 0.4482922791666667 0.3910709609375 0.4482922791666667 0.3910709609375 0.4162714013888889
6 0.5985662453125 0.3868121944444444 0.5985662453125 0.4175522361111111 0.6115347007812499 0.4175522361111111 0.6115347007812499 0.3868121944444444
6 0.56110181796875 0.4482922763888889 0.56110181796875 0.4687856375 0.5711883953125 0.4687856375 0.5711883953125 0.4482922763888889
7 0.696202259375 0.4078760666666667 0.696202259375 0.48382540277777775 0.73512629453125 0.48382540277777775 0.73512629453125 0.4078760666666667