7 0.41868563671875 0.36391758611111114 0.41868563671875 0.38659799999999994 0.437242340625 0.38659799999999994 0.437242340625 0.36391758611111114
7 0.36417531875 0.31030932916666665 0.36417531875 0.3474227375 0.41056707890625 0.3474227375 0.41056707890625 0.31030932916666665
7 0.32358252734375 0.30618561527777777 0.32358252734375 0.3391753125 0.354896965625 0.3391753125 0.354896965625 0.30618561527777777
7 0.29226808828125 0.3020619055555555 0.29226808828125 0.3329897458333333 0.32474232109375 0.3329897458333333 0.32474232109375 0.3020619055555555
7 0.236597978125 0.3618557291666667 0.236597978125 0.3783505777777778 0.270232003125 0.3783505777777778 0.270232003125 0.3618557291666667
7 0.29110829531250004 0.3721650097222222 0.29110829531250004 0.38041243333333336 0.3073454109375 0.38041243333333336 0.3073454109375 0.3721650097222222
5 0.31314438125 0.38041243333333336 0.31314438125 0.4443299694444444 0.3328608796875 0.4443299694444444 0.3328608796875 0.38041243333333336
3 0.31606694375 0.41617274861111114 0.31606694375 0.45328615555555557 0.3265050890625 0.45328615555555557 0.3265050890625 0.41617274861111114
2 0.11829898828125 0.38625434861111113 0.11829898828125 0.41718218888888886 0.1449742515625 0.41718218888888886 0.1449742515625 0.38625434861111113
2 0.3293814984375 0.39243991666666667 0.3293814984375 0.41718219027777775 0.343299025 0.41718219027777775 0.343299025 0.39243991666666667
2 0.301546440625 0.3965636305555556 0.301546440625 0.42130589999999996 0.31894335156250003 0.42130589999999996 0.31894335156250003 0.3965636305555556
2 0.13701516171875 0.38185573194444444 0.13701516171875 0.47670110833333335 0.230958475 0.47670110833333335 0.230958475 0.38185573194444444
9 0.2576337390625 0.3839175888888889 0.2576337390625 0.44164955694444447 0.30402549921875 0.44164955694444447 0.30402549921875 0.3839175888888889
2 0.3817316953125 0.396288725 0.3817316953125 0.42515470972222225 0.4002884 0.42515470972222225 0.4002884 0.396288725
2 0.33881931796875 0.38597943888888886 0.33881931796875 0.43958769583333335 0.3759327234375 0.43958769583333335 0.3759327234375 0.38597943888888886
2 0.3921698421875 0.3880412930555555 0.3921698421875 0.4581443972222222 0.44783995546875 0.4581443972222222 0.44783995546875 0.3880412930555555
2 0.21543253359375 0.39165613055555554 0.21543253359375 0.41245203055555557 0.23980273046875 0.41245203055555557 0.23980273046875 0.39165613055555554
2 0 0.37779219583333334 0 0.4228499805555555 0.07506020390625 0.4228499805555555 0.07506020390625 0.37779219583333334