2 0.51203561171875 0.4151019513888889 0.51203561171875 0.4573468402777777 0.5419973406249999 0.4573468402777777 0.5419973406249999 0.4151019513888889
2 0.50170398046875 0.4261223583333333 0.50170398046875 0.47020398194444446 0.52649989296875 0.47020398194444446 0.52649989296875 0.4261223583333333
2 0.4758749046875 0.4224488902777778 0.4758749046875 0.4812243888888889 0.51410193671875 0.4812243888888889 0.51410193671875 0.4224488902777778
2 0.5909692625 0.41204074861111106 0.5909692625 0.432244825 0.60336721875 0.432244825 0.60336721875 0.41204074861111106
2 0.5517090671875 0.41755094861111114 0.5517090671875 0.43408155972222223 0.562040696875 0.43408155972222223 0.562040696875 0.41755094861111114
2 0.43943867656249996 0.4261223583333333 0.43943867656249996 0.5014284652777778 0.49522948125 0.5014284652777778 0.49522948125 0.4261223583333333
2 0.5406886546874999 0.41326521805555555 0.5406886546874999 0.43897949722222224 0.5561861007812501 0.43897949722222224 0.5561861007812501 0.41326521805555555
2 0.59544629765625 0.40040807916666665 0.59544629765625 0.45918357777777774 0.63573965625 0.45918357777777774 0.63573965625 0.40040807916666665
2 0.16718457578125 0.4378367541666667 0.16718457578125 0.4690612375 0.20541160781249998 0.4690612375 0.20541160781249998 0.4378367541666667
7 0.25603659765625003 0.2908980138888889 0.25603659765625003 0.3698775888888889 0.29323046640625 0.3698775888888889 0.29323046640625 0.2908980138888889
7 0.2477712921875 0.20473847638888887 0.2477712921875 0.23228949166666668 0.2643019015625 0.23228949166666668 0.2643019015625 0.20473847638888887
7 0.20541160937499997 0.18086093055555555 0.20541160937499997 0.20841194583333333 0.242605478125 0.20841194583333333 0.242605478125 0.18086093055555555
2 0.79804465703125 0.36209905555555555 0.79804465703125 0.4355684263888889 0.93053552109375 0.4355684263888889 0.93053552109375 0.36209905555555555
2 0.5613519164062499 0.41142848611111116 0.5613519164062499 0.42979582777777775 0.57788252578125 0.42979582777777775 0.57788252578125 0.41142848611111116