2 0.18705504921875 0.3899999333333334 0.18705504921875 0.5135592333333333 0.309756296875 0.5135592333333333 0.309756296875 0.3899999333333334
2 0.46334736953125005 0.40830501388888885 0.46334736953125005 0.49525415 0.52341091953125 0.49525415 0.52341091953125 0.40830501388888885
2 0.38526475625 0.39305077916666664 0.38526475625 0.4815253375 0.443612203125 0.4815253375 0.443612203125 0.39305077916666664
2 0.70503166328125 0.40067789861111114 0.70503166328125 0.4952541527777778 0.7959850359375 0.4952541527777778 0.7959850359375 0.40067789861111114
2 0.9227477273437501 0.40728805833333337 0.9227477273437501 0.4881354986111111 0.9982561867187499 0.4881354986111111 0.9982561867187499 0.40728805833333337
2 0.8016338523437501 0.3947033152777778 0.8016338523437501 0.45724567777777775 0.8702779070312501 0.45724567777777775 0.8702779070312501 0.3947033152777778
2 0.85569104609375 0.4038558569444444 0.85569104609375 0.4679236430555556 0.93463170859375 0.4679236430555556 0.93463170859375 0.4038558569444444
2 0.5965597390624999 0.4053812777777778 0.5965597390624999 0.44199144027777776 0.62144321015625 0.44199144027777776 0.62144321015625 0.4053812777777778
2 0.6137207539062499 0.4069067027777778 0.6137207539062499 0.44809313611111107 0.63345591796875 0.44809313611111107 0.63345591796875 0.4069067027777778
2 0.65919743828125 0.39622873750000004 0.65919743828125 0.47402533333333335 0.7192609875 0.47402533333333335 0.7192609875 0.39622873750000004
2 0.55108305234375 0.3992795847222222 0.55108305234375 0.4313134763888889 0.59312753515625 0.4313134763888889 0.59312753515625 0.3992795847222222
2 0.363169953125 0.39165246805555554 0.363169953125 0.45724567499999996 0.394917828125 0.45724567499999996 0.394917828125 0.39165246805555554
6 0.17246818671875 0.030508475 0.17246818671875 0.11936438611111111 0.1872112265625 0.11936438611111111 0.1872112265625 0.030508475
6 0.39298721406250003 0.0007653069444444444 0.39298721406250003 0.057397984722222226 0.40929017734375 0.057397984722222226 0.40929017734375 0.0007653069444444444
6 0.48479863671874995 0.36800840416666664 0.48479863671874995 0.3847880625 0.49252109296875 0.3847880625 0.49252109296875 0.36800840416666664
6 0.6600554890625 0.2856355388888889 0.6600554890625 0.3237711263888889 0.6763584515625001 0.3237711263888889 0.6763584515625001 0.2856355388888889
6 0.1460402265625 0.2410169027777778 0.1460402265625 0.27610164305555557 0.16491734140625 0.27610164305555557 0.16491734140625 0.2410169027777778
6 0.1734978484375 0.3081355347222222 0.1734978484375 0.3325423111111111 0.1855105578125 0.3325423111111111 0.1855105578125 0.3081355347222222
6 0.41289398750000006 0.0003050833333333333 0.41289398750000006 0.024711859722222226 0.42833889921874996 0.024711859722222226 0.42833889921874996 0.0003050833333333333
6 0.38080289375 0.00030508194444444443 0.38080289375 0.039661009722222224 0.39281560390625 0.039661009722222224 0.39281560390625 0.00030508194444444443
7 0.14672666640625 0.1235593 0.14672666640625 0.19067793194444443 0.16989403515624998 0.19067793194444443 0.16989403515624998 0.1235593
7 0.5048770171875 0.0350847375 0.5048770171875 0.11440675555555556 0.52461218515625 0.11440675555555556 0.52461218515625 0.0350847375
7 0.5400570945312501 0.12203387638888888 0.5400570945312501 0.1372881111111111 0.5675147179687501 0.1372881111111111 0.5675147179687501 0.12203387638888888
7 0.63015241640625 0.25322029166666665 0.63015241640625 0.27457622083333333 0.66275834140625 0.27457622083333333 0.66275834140625 0.25322029166666665
7 0.5709469203124999 0.33711858055555555 0.5709469203124999 0.35389823750000005 0.57866937734375 0.35389823750000005 0.57866937734375 0.33711858055555555
7 0.4935507640625 0.3722033194444444 0.4935507640625 0.3813558611111111 0.502989321875 0.3813558611111111 0.502989321875 0.3722033194444444