6 0.2606527375 0.5066248222222223 0.2606527375 0.5272498152777778 0.26592617343749997 0.5272498152777778 0.26592617343749997 0.5066248222222223
6 0.22584806249999997 0.5159998194444445 0.22584806249999997 0.5384998097222222 0.23006681015625002 0.5384998097222222 0.23006681015625002 0.5159998194444445
6 0.20159025859375 0.5553748055555556 0.20159025859375 0.5703748 0.20897306796874998 0.5703748 0.20897306796874998 0.5553748055555556
6 0.25537930234375 0.5366248125 0.25537930234375 0.5572498041666667 0.26381679999999996 0.5572498041666667 0.26381679999999996 0.5366248125
6 0.20159025859375 0.5291248097222222 0.20159025859375 0.5459998027777778 0.20791838203125002 0.5459998027777778 0.20791838203125002 0.5291248097222222
7 0.5306526429687499 0.22724991527777777 0.5306526429687499 0.3809998611111111 0.593933871875 0.3809998611111111 0.593933871875 0.22724991527777777
7 0.29334803828125 0.43162484305555554 0.29334803828125 0.4466248375 0.306004284375 0.4466248375 0.306004284375 0.43162484305555554
2 0.091902796875 0.564749801388889 0.091902796875 0.6228747819444445 0.12565278515625 0.6228747819444445 0.12565278515625 0.564749801388889
2 0.12881684609375 0.5591248041666667 0.12881684609375 0.600374788888889 0.14991058906250002 0.600374788888889 0.14991058906250002 0.5591248041666667
2 0.16784027109375 0.5797497972222222 0.16784027109375 0.5966247916666666 0.1847152640625 0.5966247916666666 0.1847152640625 0.5797497972222222
2 0.051824685937500004 0.5891247944444444 0.051824685937500004 0.6266247819444445 0.08557467421875001 0.6266247819444445 0.08557467421875001 0.5891247944444444
2 0.231121496875 0.5666247958333334 0.231121496875 0.590999786111111 0.24588711718749998 0.590999786111111 0.24588711718749998 0.5666247958333334
2 0.00014501640625 0.5497498069444444 0.00014501640625 0.784124725 0.07819186328125 0.784124725 0.07819186328125 0.5497498069444444
0 0.94535562421875 0.5836989777777778 0.94535562421875 0.8534997013888889 0.99808998125 0.8534997013888889 0.99808998125 0.5836989777777778
4 0.644558853125 0.49724982500000003 0.644558853125 0.5909997930555556 0.6667072828125 0.5909997930555556 0.6667072828125 0.49724982500000003
0 0.5259895343750001 0.5641161902777778 0.5259895343750001 0.68687475 0.57058573828125 0.68687475 0.57058573828125 0.5641161902777778