2 0.2929872859375 0.3061418166666667 0.2929872859375 0.34440954305555554 0.30614181640625 0.34440954305555554 0.30614181640625 0.3061418166666667
4 0.3065404421875 0.31606308055555554 0.3065404421875 0.3437008833333334 0.3161073734375 0.3437008833333334 0.3161073734375 0.31606308055555554
2 0.35198337734375 0.3174804013888889 0.35198337734375 0.33661426527777777 0.361550309375 0.33661426527777777 0.361550309375 0.3174804013888889
2 0.35836132578125 0.31322843055555555 0.35836132578125 0.3451182013888889 0.3715158578125 0.3451182013888889 0.3715158578125 0.31322843055555555
2 0.45084166015625 0.26858274722222225 0.45084166015625 0.35362214166666667 0.52976884765625 0.35362214166666667 0.52976884765625 0.26858274722222225
2 0.4783465890625 0.29622055 0.4783465890625 0.41314972083333334 0.5787993734375 0.41314972083333334 0.5787993734375 0.29622055
2 0.66848935859375 0.3089764611111111 0.66848935859375 0.40464577916666666 0.7438289453125 0.40464577916666666 0.7438289453125 0.3089764611111111
2 0.54292337890625 0.31606308055555554 0.54292337890625 0.45000012361111114 0.67925215703125 0.45000012361111114 0.67925215703125 0.31606308055555554
2 0.34520679453124997 0.26503944444444444 0.34520679453124997 0.4691339888888889 0.48631903828125 0.4691339888888889 0.48631903828125 0.26503944444444444
7 0.6589224265625 0.25228353472222226 0.6589224265625 0.2841733069444444 0.66848935859375 0.2841733069444444 0.66848935859375 0.25228353472222226
7 0.62743128203125 0.26503944444444444 0.62743128203125 0.28842527777777777 0.641781678125 0.28842527777777777 0.641781678125 0.26503944444444444
2 0.07499791328125 0.09658045138888889 0.07499791328125 0.6195727222222221 0.30221254218750004 0.6195727222222221 0.30221254218750004 0.09658045138888889
9 0.71085719765625 0.0006074222222222222 0.71085719765625 0.5260293888888888 0.99820683046875 0.5260293888888888 0.99820683046875 0.0006074222222222222
9 0.000014950781250000001 0.1708285638888889 0.000014950781250000001 0.4879152986111111 0.0918748421875 0.4879152986111111 0.0918748421875 0.1708285638888889
6 0.5167268375 0.22934671666666667 0.5167268375 0.2688124486111111 0.5259128265624999 0.2688124486111111 0.5259128265624999 0.22934671666666667