7 0.39947120625 0.4476315819444444 0.39947120625 0.47605263611111115 0.42045393750000004 0.47605263611111115 0.42045393750000004 0.4476315819444444
7 0.3804868328125 0.4440789513888889 0.3804868328125 0.47427631805555553 0.40047038671874996 0.47427631805555553 0.40047038671874996 0.4440789513888889
7 0.36150245625 0.4440789513888889 0.36150245625 0.47250000277777776 0.38148601015625 0.47250000277777776 0.38148601015625 0.4440789513888889
7 0.34651479296875 0.43697368611111115 0.34651479296875 0.46717105277777776 0.3625016359375 0.46717105277777776 0.3625016359375 0.43697368611111115
7 0.3245328828125 0.43697368611111115 0.3245328828125 0.46717105277777776 0.34451643671875 0.46717105277777776 0.34451643671875 0.43697368611111115
2 0.37748929921875 0.49559210833333334 0.37748929921875 0.5311184236111111 0.4044670953125 0.5311184236111111 0.4044670953125 0.49559210833333334
2 0.36050328046875 0.4973684222222222 0.36050328046875 0.5773026319444444 0.385482721875 0.5773026319444444 0.385482721875 0.4973684222222222
2 0.310544396875 0.4867105291666667 0.310544396875 0.6057236861111112 0.37349258750000003 0.6057236861111112 0.37349258750000003 0.4867105291666667
2 0.1646644609375 0.4440789513888889 0.1646644609375 0.666118426388889 0.3245328828125 0.666118426388889 0.3245328828125 0.4440789513888889
2 0 0.429868425 0 0.7567105319444445 0.20463156875 0.7567105319444445 0.20463156875 0.429868425
2 0.35850492578125 0.20605263194444445 0.35850492578125 0.7922368444444444 0.7801578874999999 0.7922368444444444 0.7801578874999999 0.20605263194444445