2 0.0008046234375 0.3361589277777778 0.0008046234375 0.806423811111111 0.16676074296875001 0.806423811111111 0.16676074296875001 0.3361589277777778
2 0.6736812546875 0.2199337666666667 0.6736812546875 0.81178805 0.9975471359375 0.81178805 0.9975471359375 0.2199337666666667
2 0.0691986609375 0.39695362777777776 0.0691986609375 0.69019865 0.28645030859375 0.69019865 0.28645030859375 0.39695362777777776
2 0.25426487890625 0.4595364069444445 0.25426487890625 0.6168873944444445 0.3266820953125 0.6168873944444445 0.3266820953125 0.4595364069444445
2 0.3045546125 0.4845695180555556 0.3045546125 0.5882781236111111 0.35283275625 0.5882781236111111 0.35283275625 0.4845695180555556
2 0.57511337734375 0.45417216805555555 0.57511337734375 0.6490728236111111 0.72296519296875 0.6490728236111111 0.72296519296875 0.45417216805555555
2 0.54091635859375 0.45417216805555555 0.54091635859375 0.6133112375 0.63344946640625 0.6133112375 0.63344946640625 0.45417216805555555
2 0.5197946703125 0.49350991527777777 0.5197946703125 0.5829138861111111 0.5539916890625001 0.5829138861111111 0.5539916890625001 0.49350991527777777
2 0.49766718671875 0.48814567777777773 0.49766718671875 0.5721854111111111 0.55097430390625 0.5721854111111111 0.55097430390625 0.48814567777777773
2 0.47755129453125 0.4988741541666667 0.47755129453125 0.5543046166666667 0.49464980468749997 0.5543046166666667 0.49464980468749997 0.4988741541666667
2 0.47352811640625003 0.5006622333333334 0.47352811640625003 0.5417880597222222 0.4956555984375 0.5417880597222222 0.4956555984375 0.5006622333333334
2 0.342774809375 0.4899337569444444 0.342774809375 0.5525165361111112 0.387029775 0.5525165361111112 0.387029775 0.4899337569444444
2 0.37596603359374997 0.4917218361111111 0.37596603359374997 0.5417880597222222 0.39909931171875 0.5417880597222222 0.39909931171875 0.4917218361111111
2 0.39105295390625 0.4917218361111111 0.39105295390625 0.5346357416666666 0.40714566796874996 0.5346357416666666 0.40714566796874996 0.4917218361111111
2 0.40312248984375004 0.4988741541666667 0.40312248984375004 0.5274834222222222 0.41418623046874997 0.5274834222222222 0.41418623046874997 0.4988741541666667
2 0.411168846875 0.47026488333333333 0.411168846875 0.5721854111111111 0.473528115625 0.5721854111111111 0.473528115625 0.47026488333333333
7 0.261960884375 0.4019505638888889 0.261960884375 0.4199690375 0.27677414843750003 0.4199690375 0.27677414843750003 0.4019505638888889
7 0.620597809375 0.3936343444444444 0.620597809375 0.4144248916666667 0.63541107421875 0.4144248916666667 0.63541107421875 0.3936343444444444