7 0.2887267546875 0.3895732041666667 0.2887267546875 0.4109002041666666 0.29832390468750003 0.4109002041666666 0.29832390468750003 0.3895732041666667
6 0.4026929109375 0.3966822013888889 0.4026929109375 0.41587650277777777 0.4074914859375 0.41587650277777777 0.4074914859375 0.3966822013888889
7 0.313919271875 0.405213 0.313919271875 0.4137438013888889 0.323516421875 0.4137438013888889 0.323516421875 0.405213
7 0.46507438515625 0.3454974013888889 0.46507438515625 0.3838860013888889 0.47707082187500005 0.3838860013888889 0.47707082187500005 0.3454974013888889
7 0.77578211875 0.1642179 0.77578211875 0.2751183013888889 0.8297660875 0.2751183013888889 0.8297660875 0.1642179
2 0.299523546875 0.42014190138888885 0.299523546875 0.4563978027777778 0.313919271875 0.4563978027777778 0.313919271875 0.42014190138888885
2 0.25393708359375 0.4308054013888889 0.25393708359375 0.47345940277777776 0.2971242609375 0.47345940277777776 0.2971242609375 0.4308054013888889
2 0.30192283359375 0.41587650277777777 0.30192283359375 0.5417058027777778 0.395495046875 0.5417058027777778 0.395495046875 0.41587650277777777
2 0.3930957609375 0.4180092013888889 0.3930957609375 0.4926537013888889 0.42428649765625004 0.4926537013888889 0.42428649765625004 0.4180092013888889
2 0.40509219765625 0.4180092013888889 0.40509219765625 0.5139807 0.47587117890624997 0.5139807 0.47587117890624997 0.4180092013888889
2 0.42668578515625005 0.4308054013888889 0.42668578515625005 0.5481039 0.48666797187500005 0.5481039 0.48666797187500005 0.4308054013888889
2 0.4542775921875 0.42867269999999996 0.4542775921875 0.5843598013888889 0.5382526546874999 0.5843598013888889 0.5382526546874999 0.42867269999999996
2 0.50706191640625 0.3177723013888889 0.50706191640625 0.7123218027777778 0.81537036015625 0.7123218027777778 0.81537036015625 0.3177723013888889
4 0.10158232656249999 0.34123200277777777 0.10158232656249999 0.6398100027777778 0.181958459375 0.6398100027777778 0.181958459375 0.34123200277777777
9 0 0.2004738 0 0.571563601388889 0.223945990625 0.571563601388889 0.223945990625 0.2004738
7 0.0056108265625 0.0725118 0.0056108265625 0.1151658 0.02600477265625 0.1151658 0.02600477265625 0.0725118
7 0.9770848953125 0.04593746944444445 0.9770848953125 0.2170311013888889 0.99949698984375 0.2170311013888889 0.99949698984375 0.04593746944444445