6 0.17370500546875 0.29383972222222227 0.17370500546875 0.32433252222222225 0.18384039609375 0.32433252222222225 0.18384039609375 0.29383972222222227
6 0.21424657109375 0.3465091069444445 0.21424657109375 0.37007172777777775 0.22204302578125001 0.37007172777777775 0.22204302578125001 0.3465091069444445
6 0.203331534375 0.3465091069444445 0.203331534375 0.36868568749999997 0.21268728046875 0.36868568749999997 0.21268728046875 0.3465091069444445
7 0.1409598953125 0.30631405 0.1409598953125 0.3243325236111111 0.16278996875 0.3243325236111111 0.16278996875 0.30631405
7 0.13082450390625 0.29938386805555556 0.13082450390625 0.3201744138888889 0.1409598953125 0.3201744138888889 0.1409598953125 0.29938386805555556
7 0.15811209609375002 0.2799793583333333 0.15811209609375002 0.3021559388888889 0.169806778125 0.3021559388888889 0.169806778125 0.2799793583333333
7 0.314976778125 0.26427095277777773 0.314976778125 0.2836754625 0.32667146015625004 0.2836754625 0.32667146015625004 0.26427095277777773
7 0.3087396140625 0.3502052111111111 0.3087396140625 0.38208404861111106 0.323552878125 0.38208404861111106 0.323552878125 0.3502052111111111
2 0.20820711093750002 0.3853181375 0.20820711093750002 0.5752051277777778 0.34464507109375 0.5752051277777778 0.34464507109375 0.3853181375
4 0.6741984375000001 0.3555183430555556 0.6741984375000001 0.7075715958333333 0.75762050390625 0.7075715958333333 0.75762050390625 0.3555183430555556
2 0.76843809765625 0.3100761486111111 0.76843809765625 0.7175708569444444 0.99921316328125 0.7175708569444444 0.99921316328125 0.3100761486111111