2 0.32200036796875 0.44320794444444445 0.32200036796875 0.48141552638888885 0.3434921328125 0.48141552638888885 0.3434921328125 0.44320794444444445
2 0.3434921328125 0.43811360138888894 0.3434921328125 0.47377401111111106 0.3635511125 0.47377401111111106 0.3635511125 0.43811360138888894
2 0.35495440624999997 0.440660775 0.35495440624999997 0.4865098736111111 0.38361009140625 0.4865098736111111 0.38361009140625 0.440660775
2 0.38361009140625 0.440660775 0.38361009140625 0.4865098736111111 0.41513134609374996 0.4865098736111111 0.41513134609374996 0.440660775
2 0.6013933078125 0.46613249583333327 0.6013933078125 0.7132081875 0.8793534624999999 0.7132081875 0.8793534624999999 0.46613249583333327
2 0.8249076593750001 0.4941513875 0.8249076593750001 0.8634913402777777 0.998274559375 0.8634913402777777 0.998274559375 0.4941513875
2 0.01251895703125 0.43811360138888894 0.01251895703125 0.6673590902777777 0.234600525 0.6673590902777777 0.234600525 0.43811360138888894
7 0.2159743296875 0.36679278055555553 0.2159743296875 0.4151890513888889 0.24319722968750002 0.4151890513888889 0.24319722968750002 0.36679278055555553
7 0.24319723125 0.33367954722222226 0.24319723125 0.3897173319444444 0.25895785937500004 0.3897173319444444 0.25895785937500004 0.33367954722222226
6 0.27615126874999996 0.35660409583333336 0.27615126874999996 0.3897173319444444 0.283315190625 0.3897173319444444 0.283315190625 0.35660409583333336
6 0.40940021171875 0.34386823194444444 0.40940021171875 0.3718871263888889 0.4222952703125 0.3718871263888889 0.4222952703125 0.34386823194444444
6 0.3793117390625 0.40754753472222227 0.3793117390625 0.43047208611111115 0.38934122890625 0.43047208611111115 0.38934122890625 0.40754753472222227
2 0.38797399609375 0.32921353472222226 0.38797399609375 0.4714415166666666 0.462731121875 0.4714415166666666 0.462731121875 0.32921353472222226
2 0.44305819453125006 0.3432031722222222 0.44305819453125006 0.5390580986111111 0.5728995179687499 0.5390580986111111 0.5728995179687499 0.3432031722222222
2 0.523061434375 0.42247778472222225 0.523061434375 0.5996798611111112 0.68569097109375 0.5996798611111112 0.68569097109375 0.42247778472222225