6 0.23604717734374997 0.18537281388888888 0.23604717734374997 0.2477572722222222 0.25218915703125 0.2477572722222222 0.25218915703125 0.18537281388888888
6 0.3307935734375 0.25025264999999997 0.3307935734375 0.3151324847222222 0.3448300765625 0.3151324847222222 0.3448300765625 0.25025264999999997
6 0.208675996875 0.17913436666666666 0.208675996875 0.26522491944444443 0.22902892578124998 0.26522491944444443 0.22902892578124998 0.17913436666666666
6 0.27043661015625 0.37252618611111116 0.27043661015625 0.4261768180555556 0.2830694625 0.4261768180555556 0.2830694625 0.37252618611111116
6 0.50975898515625 0.18786819305555555 0.50975898515625 0.25025264999999997 0.523093665625 0.25025264999999997 0.523093665625 0.18786819305555555
6 0.7350448593750001 0.28144487916666666 0.7350448593750001 0.345077025 0.7504850125 0.345077025 0.7504850125 0.28144487916666666
6 0.7511868374999999 0.4249291319444445 0.7511868374999999 0.45113060416666667 0.76873246640625 0.45113060416666667 0.76873246640625 0.4249291319444445
4 0.179199340625 0.4935520361111111 0.179199340625 0.5734041402777778 0.19393766875000001 0.5734041402777778 0.19393766875000001 0.4935520361111111
4 0.151126334375 0.48856127777777775 0.151126334375 0.6033486805555556 0.174988390625 0.6033486805555556 0.174988390625 0.48856127777777775
2 0.00795400390625 0.4785797638888889 0.00795400390625 0.5908717902777778 0.156740934375 0.5908717902777778 0.156740934375 0.4785797638888889
4 0.28798223828124997 0.48980896805555557 0.28798223828124997 0.5771472069444444 0.30131691640625 0.5771472069444444 0.30131691640625 0.48980896805555557
4 0.355357453125 0.4935520361111111 0.355357453125 0.5571841847222222 0.36869213046875 0.5571841847222222 0.36869213046875 0.4935520361111111
4 0.7144580234375 0.48718362499999995 0.7144580234375 0.6194386763888889 0.74463650625 0.6194386763888889 0.74463650625 0.48718362499999995
4 0.74884745625 0.48967900277777776 0.74884745625 0.5882464458333333 0.77270951015625 0.5882464458333333 0.77270951015625 0.48967900277777776
4 0.42574467031249996 0.49497611249999995 0.42574467031249996 0.5274160291666666 0.43206109843749996 0.5274160291666666 0.43206109843749996 0.49497611249999995
4 0.41942824375 0.49747149027777776 0.41942824375 0.5286637194444445 0.42504284453125 0.5286637194444445 0.42504284453125 0.49747149027777776
4 0.41521729374999994 0.5012145583333333 0.41521729374999994 0.5274160291666666 0.42013006953125 0.5274160291666666 0.42013006953125 0.5012145583333333
4 0.41030451640625004 0.4999668680555555 0.41030451640625004 0.5311590972222222 0.41521729374999994 0.5311590972222222 0.41521729374999994 0.4999668680555555
4 0.441184825 0.4999668680555555 0.441184825 0.5261683388888889 0.44750125 0.5261683388888889 0.44750125 0.4999668680555555
7 0.45592315234375 0.35363075 0.45592315234375 0.40104293750000003 0.4713633046875 0.40104293750000003 0.4713633046875 0.35363075
7 0.5860615984375 0.23634796805555555 0.5860615984375 0.26254944027777777 0.6471203859375 0.26254944027777777 0.6471203859375 0.23634796805555555
7 0.59378167578125 0.4172628944444444 0.59378167578125 0.4322351625 0.605010878125 0.4322351625 0.605010878125 0.4172628944444444
7 0.550268515625 0.448455125 0.550268515625 0.4559412569444445 0.56219954609375 0.4559412569444445 0.56219954609375 0.448455125
7 0.724321153125 0.3436492361111111 0.724321153125 0.3573738194444444 0.754499634375 0.3573738194444444 0.754499634375 0.3436492361111111
7 0.28257233984374996 0.37733684166666664 0.28257233984374996 0.3898137333333333 0.29590701953125 0.3898137333333333 0.29590701953125 0.37733684166666664
7 0.2790632140625 0.29873242361111113 0.2790632140625 0.31994314027777776 0.29660884296875 0.31994314027777776 0.29660884296875 0.29873242361111113
7 0.2790632140625 0.32119082916666664 0.2790632140625 0.3461446097222222 0.2959070171875 0.3461446097222222 0.2959070171875 0.32119082916666664
6 0.46855600468749997 0.46877464027777777 0.46855600468749997 0.48000384166666665 0.47417060624999996 0.48000384166666665 0.47417060624999996 0.46877464027777777
6 0.59127515390625 0.4550500597222222 0.59127515390625 0.46877464027777777 0.59688975546875 0.46877464027777777 0.59688975546875 0.4550500597222222
2 0.5430497437499999 0.4951543583333334 0.5430497437499999 0.5488049888888888 0.57533370078125 0.5488049888888888 0.57533370078125 0.4951543583333334
2 0.5738297929687499 0.5026404930555556 0.5738297929687499 0.5313373458333334 0.58084804453125 0.5313373458333334 0.58084804453125 0.5026404930555556
4 0.65133133828125 0.5001451152777778 0.65133133828125 0.5463096152777778 0.6632623671875 0.5463096152777778 0.6632623671875 0.5001451152777778
4 0.6365930093750001 0.4976497375 0.6365930093750001 0.5425665458333333 0.64712038828125 0.5425665458333333 0.64712038828125 0.4976497375
4 0.6218546820312499 0.4988974263888889 0.6218546820312499 0.5363281041666667 0.632382059375 0.5363281041666667 0.632382059375 0.4988974263888889
4 0.61413460546875 0.5026404930555556 0.61413460546875 0.5325850333333334 0.62255650703125 0.5325850333333334 0.62255650703125 0.5026404930555556
4 0.60852000390625 0.5026404930555556 0.60852000390625 0.5275942736111111 0.61413460546875 0.5275942736111111 0.61413460546875 0.5026404930555556
4 0.61553825546875 0.5051358722222222 0.61553825546875 0.5338327208333333 0.62045103125 0.5338327208333333 0.62045103125 0.5051358722222222
4 0.60430905390625 0.4964020472222222 0.60430905390625 0.5226035194444445 0.6099236554687499 0.5226035194444445 0.6099236554687499 0.4964020472222222
4 0.48850790312500003 0.5038881833333333 0.48850790312500003 0.5288419652777777 0.49342068046875004 0.5288419652777777 0.49342068046875004 0.5038881833333333
6 0.5282111578124999 0.18768809166666667 0.5282111578124999 0.24632948055555556 0.5401421859375 0.24632948055555556 0.5401421859375 0.18768809166666667
4 0.93857835078125 0.48053857916666665 0.93857835078125 0.7625163291666667 0.9806878593749999 0.7625163291666667 0.9806878593749999 0.48053857916666665
4 0.9666513562500001 0.492837225 0.9666513562500001 0.681238286111111 0.9982334890625 0.681238286111111 0.9982334890625 0.492837225
7 0.0007155328125 0.08486723194444444 0.0007155328125 0.11855483888888887 0.030192189062500003 0.11855483888888887 0.030192189062500003 0.08486723194444444
7 0.0007155328125 0.12229790555555554 0.0007155328125 0.15848089166666665 0.025981238281250003 0.15848089166666665 0.025981238281250003 0.12229790555555554
6 0.2595848265625 0.4415170125 0.2595848265625 0.45815628333333336 0.26644852812500003 0.45815628333333336 0.26644852812500003 0.4415170125
6 0.27019236328125 0.440407725 0.27019236328125 0.4625934208333334 0.27768003515625 0.4625934208333334 0.27768003515625 0.440407725
4 0.3843793640625 0.48921625416666664 0.3843793640625 0.5402433541666667 0.39623484531250003 0.5402433541666667 0.39623484531250003 0.48921625416666664
4 0.38500333671875003 0.49476267916666666 0.38500333671875003 0.5513362055555555 0.39311498437500003 0.5513362055555555 0.39311498437500003 0.49476267916666666
4 0.45737200156249996 0.49858884583333335 0.45737200156249996 0.5252116819444445 0.46423570078125 0.5252116819444445 0.46423570078125 0.49858884583333335
4 0.424925421875 0.4930424222222222 0.424925421875 0.5241023930555555 0.43178912187499996 0.5241023930555555 0.43178912187499996 0.4930424222222222
4 0.43366103984375004 0.4930424222222222 0.43366103984375004 0.5263209638888889 0.43990076640625003 0.5263209638888889 0.43990076640625003 0.4930424222222222
4 0.45113227421874996 0.49747956111111113 0.45113227421874996 0.5263209638888889 0.45674802890625 0.5263209638888889 0.45674802890625 0.49747956111111113
4 0.44863638359375 0.49415170694444444 0.44863638359375 0.5263209638888889 0.4536281640625 0.5263209638888889 0.4536281640625 0.49415170694444444
0 0.48771265937499997 0.5210469180555555 0.48771265937499997 0.5443419027777778 0.50955170390625 0.5443419027777778 0.50955170390625 0.5210469180555555