6 0.20440004374999998 0.40174247638888894 0.20440004374999998 0.43793549305555557 0.22679447265625 0.43793549305555557 0.22679447265625 0.40174247638888894
6 0.34691004531249997 0.39450387361111117 0.34691004531249997 0.4325065402777778 0.36625068828125 0.4325065402777778 0.36625068828125 0.39450387361111117
6 0.46498976015625004 0.4144100319444445 0.46498976015625004 0.4506030486111111 0.48534833203125 0.4506030486111111 0.48534833203125 0.4144100319444445
6 0.64821690234375 0.32935644444444445 0.64821690234375 0.38726527222222223 0.67875476171875 0.38726527222222223 0.67875476171875 0.32935644444444445
6 0.43954154531249995 0.5193697777777777 0.43954154531249995 0.5374662861111111 0.4497208296875 0.5374662861111111 0.4497208296875 0.5193697777777777
6 0.407985759375 0.5266083819444444 0.407985759375 0.5465145402777778 0.41612918828125 0.5465145402777778 0.41612918828125 0.5266083819444444
6 0.35912518828125 0.5320373347222223 0.35912518828125 0.5465145416666667 0.36726861640625 0.5465145416666667 0.36726861640625 0.5320373347222223
2 0.578997759375 0.5320373347222223 0.578997759375 0.6098523180555555 0.6553424031249999 0.6098523180555555 0.6553424031249999 0.5320373347222223
2 0.39373476015625003 0.5501338430555556 0.39373476015625003 0.5754689527777778 0.407985759375 0.5754689527777778 0.407985759375 0.5501338430555556
2 0.4252905453125 0.5537531430555556 0.4252905453125 0.5682303513888889 0.436487759375 0.5682303513888889 0.436487759375 0.5537531430555556
2 0.37235825859375 0.5537531430555556 0.37235825859375 0.5754689527777778 0.38864511640625 0.5754689527777778 0.38864511640625 0.5537531430555556
2 0.34996383125 0.5537531430555556 0.34996383125 0.5772786041666667 0.365232759375 0.5772786041666667 0.365232759375 0.5537531430555556
2 0.3255335453125 0.5519434944444445 0.3255335453125 0.5790882555555555 0.343856259375 0.5790882555555555 0.343856259375 0.5519434944444445
2 0.045603187499999996 0.5827075555555555 0.045603187499999996 0.6279488263888889 0.09853547265625 0.6279488263888889 0.09853547265625 0.5827075555555555
2 0.2542785453125 0.5465145402777778 0.2542785453125 0.6623321902777778 0.35098176015625 0.6623321902777778 0.35098176015625 0.5465145402777778
7 0.2471530453125 0.4089810791666667 0.2471530453125 0.4361258416666667 0.3072108296875 0.4361258416666667 0.3072108296875 0.4089810791666667
7 0.5820515453125 0.09772114305555556 0.5820515453125 0.24249320694444446 0.6634858312499999 0.24249320694444446 0.6634858312499999 0.09772114305555556
2 0.45073875937499996 0.5465145402777778 0.45073875937499996 0.5754689527777778 0.48942004531250005 0.5754689527777778 0.48942004531250005 0.5465145402777778
2 0.00081433046875 0.5917558097222222 0.00081433046875 0.6406163833333333 0.02117290234375 0.6406163833333333 0.02117290234375 0.5917558097222222