6 0.38777866015625 0.4692184208333333 0.38777866015625 0.4903121541666666 0.39568881171875 0.4903121541666666 0.39568881171875 0.4692184208333333
4 0.24012251093749998 0.5418746194444444 0.24012251093749998 0.5840620902777778 0.2480326625 0.5840620902777778 0.2480326625 0.5418746194444444
2 0.29417520859375 0.5418746194444444 0.29417520859375 0.5746870972222222 0.308677153125 0.5746870972222222 0.308677153125 0.5418746194444444
2 0.29153849296875 0.5489058652777777 0.29153849296875 0.5864058402777778 0.30472207734375 0.5864058402777778 0.30472207734375 0.5489058652777777
2 0.31395058671875 0.5465621180555555 0.31395058671875 0.5676558527777777 0.34031775546875 0.5676558527777777 0.34031775546875 0.5465621180555555
2 0.31263222734374996 0.5606246055555556 0.31263222734374996 0.6074995736111112 0.32449745390625 0.6074995736111112 0.32449745390625 0.5606246055555556
2 0.3785501515625 0.5418746194444444 0.3785501515625 0.6051558263888889 0.412827471875 0.6051558263888889 0.412827471875 0.5418746194444444
2 0.34031775546875 0.5465621180555555 0.34031775546875 0.6239058138888889 0.38382358515625004 0.6239058138888889 0.38382358515625004 0.5465621180555555
9 0.435239565625 0.5160933888888889 0.435239565625 0.5934370847222222 0.47874539453125 0.5934370847222222 0.47874539453125 0.5160933888888889
7 0.44842315 0.49265590416666666 0.44842315 0.5189569902777778 0.4629250921875 0.5189569902777778 0.4629250921875 0.49265590416666666
2 0.31526894453125 0.5278121319444444 0.31526894453125 0.6543745430555555 0.379868509375 0.6543745430555555 0.379868509375 0.5278121319444444
2 0.25594281328125 0.5465621180555555 0.25594281328125 0.6098433236111112 0.29285685 0.6098433236111112 0.29285685 0.5465621180555555
2 0.76138639296875 0.6989057625 0.76138639296875 0.9989055555555555 0.9994969906250001 0.9989055555555555 0.9994969906250001 0.6989057625