7 0.41588899140624996 0.3334120902777778 0.41588899140624996 0.35900449166666665 0.427885428125 0.35900449166666665 0.427885428125 0.3334120902777778
7 0.48186939765625 0.3568717902777778 0.48186939765625 0.3718006902777778 0.49626512343750007 0.3718006902777778 0.49626512343750007 0.3568717902777778
7 0.47467153515625 0.3654025902777777 0.47467153515625 0.38459689027777777 0.49626512343750007 0.38459689027777777 0.49626512343750007 0.3654025902777777
7 0.53465372421875 0.3611371902777778 0.53465372421875 0.3718006916666667 0.5550476679687499 0.3718006916666667 0.5550476679687499 0.3611371902777778
7 0.52145764296875 0.3654025902777777 0.52145764296875 0.3867295902777778 0.54904944921875 0.3867295902777778 0.54904944921875 0.3654025902777777
2 0.38589789765625004 0.4123219902777778 0.38589789765625004 0.43578169027777774 0.40389255390625 0.43578169027777774 0.40389255390625 0.4123219902777778
2 0.347509296875 0.40592389027777775 0.347509296875 0.4400470902777778 0.37870003515625 0.4400470902777778 0.37870003515625 0.40592389027777775
2 0.325915709375 0.4101892902777778 0.325915709375 0.4336489902777778 0.34511000859375 0.4336489902777778 0.34511000859375 0.4101892902777778
2 0.2719317421875 0.4016584902777778 0.2719317421875 0.44857788888888894 0.31391927265624997 0.44857788888888894 0.31391927265624997 0.4016584902777778
2 0.151967365625 0.35900449027777775 0.151967365625 0.44857788888888894 0.24673922265625 0.44857788888888894 0.24673922265625 0.35900449027777775
2 0.47347189140625 0.42725089027777774 0.47347189140625 0.45071059027777777 0.4866679734375 0.45071059027777777 0.4866679734375 0.42725089027777774
2 0.48666797265625006 0.42725089027777774 0.48666797265625006 0.46990489027777776 0.51186049296875 0.46990489027777776 0.51186049296875 0.42725089027777774
2 0.52985514921875 0.43578169027777774 0.52985514921875 0.47417029027777774 0.5550476679687499 0.47417029027777774 0.5550476679687499 0.43578169027777774
2 0.42068756640625005 0.4101892902777778 0.42068756640625005 0.49976269027777775 0.47827046640625 0.49976269027777775 0.47827046640625 0.4101892902777778