4 0.1049284734375 0.4326659472222222 0.1049284734375 0.5075504361111111 0.12715980625 0.5075504361111111 0.12715980625 0.4326659472222222
4 0.01132286015625 0.46178769444444445 0.01132286015625 0.5241914375000001 0.034402277343749996 0.5241914375000001 0.034402277343749996 0.46178769444444445
2 0.418507278125 0.3099385861111111 0.418507278125 0.5637138069444444 0.5437047859375 0.5637138069444444 0.5437047859375 0.3099385861111111
2 0.55189527734375 0.39938395 0.55189527734375 0.47426844166666665 0.6162491375 0.47426844166666665 0.6162491375 0.39938395
2 0.31554110390625 0.4243454472222222 0.31554110390625 0.4721883152777778 0.36000377031249997 0.4721883152777778 0.36000377031249997 0.4243454472222222
2 0.35532348984375 0.42850569722222226 0.35532348984375 0.46178769166666667 0.388085453125 0.46178769166666667 0.388085453125 0.42850569722222226
2 0.381065034375 0.42850569722222226 0.381065034375 0.4663504027777778 0.407976646875 0.4663504027777778 0.407976646875 0.42850569722222226
2 0.83973253828125 0.3244994597222222 0.83973253828125 0.586595175 1 0.586595175 1 0.3244994597222222
2 0.7180452414062499 0.39106345138888887 0.7180452414062499 0.5283516847222222 0.86547408125 0.5283516847222222 0.86547408125 0.39106345138888887
2 0.66305194375 0.39106345138888887 0.66305194375 0.4950696875 0.7519772757812501 0.4950696875 0.7519772757812501 0.39106345138888887
2 0.61156885546875 0.4035442 0.61156885546875 0.4701081916666666 0.66656215234375 0.4701081916666666 0.66656215234375 0.4035442
2 0.609228715625 0.393143575 0.609228715625 0.4160249458333333 0.6256096984374999 0.4160249458333333 0.6256096984374999 0.393143575
2 0.5378544359374999 0.4035442 0.5378544359374999 0.4493069430555555 0.54955513828125 0.4493069430555555 0.54955513828125 0.4035442
2 0.5448748570312499 0.405624325 0.5448748570312499 0.4285056958333333 0.5565755593749999 0.4285056958333333 0.5565755593749999 0.405624325
6 0.60337836484375 0.33698020972222226 0.60337836484375 0.36194170555555555 0.6080586453125 0.36194170555555555 0.6080586453125 0.33698020972222226
7 0.617358253125 0.32955117916666665 0.617358253125 0.34619217916666667 0.6384195171875 0.34619217916666667 0.6384195171875 0.32955117916666665