7 0.12707284921875 0.34974803055555553 0.12707284921875 0.3810484388888889 0.1523343140625 0.3810484388888889 0.1523343140625 0.34974803055555553
7 0.16687880156249998 0.3551915763888889 0.16687880156249998 0.38240932083333334 0.17606479140625 0.38240932083333334 0.17606479140625 0.3551915763888889
7 0.27404867421875 0.37424399999999997 0.27404867421875 0.41779239166666665 0.33146110625 0.41779239166666665 0.33146110625 0.37424399999999997
7 0.22964972734375003 0.36880045138888884 0.22964972734375003 0.4123488361111111 0.2503182 0.4123488361111111 0.2503182 0.36880045138888884
7 0.4615959515625 0.39465730694444445 0.4615959515625 0.42595772222222217 0.4799679296875 0.42595772222222217 0.4799679296875 0.39465730694444445
7 0.470016440625 0.4354839277777778 0.470016440625 0.44773190555555553 0.48073342812500003 0.44773190555555553 0.48073342812500003 0.4354839277777778
7 0.60423395625 0.3257056902777778 0.60423395625 0.4019153763888889 0.67006687890625 0.4019153763888889 0.67006687890625 0.3257056902777778
7 0.48405059921875004 0.3964718291666667 0.48405059921875004 0.4291331236111111 0.5077810703125001 0.4291331236111111 0.5077810703125001 0.3964718291666667
7 0.0495022734375 0.44818554583333337 0.0495022734375 0.5012601430555556 0.06404675546875001 0.5012601430555556 0.06404675546875001 0.44818554583333337
7 0.11023186874999999 0.4540827263888889 0.11023186874999999 0.4989920027777778 0.12324535859375 0.4989920027777778 0.12324535859375 0.4540827263888889
7 0.15386531796875 0.45952627777777777 0.15386531796875 0.49899200972222224 0.16687880078125 0.49899200972222224 0.16687880078125 0.45952627777777777
7 0.1913747734375 0.4608871625 0.1913747734375 0.49763111388888887 0.20209176171875 0.49763111388888887 0.20209176171875 0.4608871625
7 0.21893273984375 0.4622480513888889 0.21893273984375 0.4976311111111111 0.23041522578125 0.4976311111111111 0.23041522578125 0.4622480513888889
7 0.24113221328124998 0.4649698236111111 0.24113221328124998 0.49899200416666667 0.25108370078125 0.49899200416666667 0.25108370078125 0.4649698236111111
7 0.2610351890625 0.4649698236111111 0.2610351890625 0.4962702305555556 0.27022117890624997 0.4962702305555556 0.27022117890624997 0.4649698236111111
7 0.277110671875 0.4663307111111111 0.277110671875 0.49490934305555556 0.28553116171875004 0.49490934305555556 0.28553116171875004 0.4663307111111111
7 0.29012415546875003 0.4690524833333333 0.29012415546875003 0.49490934305555556 0.2977791453125 0.49490934305555556 0.2977791453125 0.4690524833333333
7 0.3046686375 0.47041337361111113 0.3046686375 0.4935484555555556 0.3115581234375 0.4935484555555556 0.3115581234375 0.47041337361111113
7 0.313089128125 0.4676916 0.313089128125 0.4935484569444445 0.32150961875 0.4935484569444445 0.32150961875 0.4676916
7 0.32304061484375 0.4676916 0.32304061484375 0.4935484569444445 0.328399109375 0.4935484569444445 0.328399109375 0.4676916
7 0.3329921046875 0.4690524833333333 0.3329921046875 0.4935484555555556 0.33911609296875 0.4935484555555556 0.33911609296875 0.4690524833333333
7 0.3467710890625 0.4676916 0.3467710890625 0.49082668194444445 0.35442607890625 0.49082668194444445 0.35442607890625 0.4676916
7 0.339881596875 0.4663307111111111 0.339881596875 0.4935484569444445 0.346771090625 0.4935484569444445 0.346771090625 0.4663307111111111
7 0.36488790312499997 0.46814522222222216 0.36488790312499997 0.48991941805555556 0.37101189687499997 0.48991941805555556 0.37101189687499997 0.46814522222222216
7 0.361060409375 0.46814522222222216 0.361060409375 0.49264119305555554 0.36718440078125003 0.49264119305555554 0.36718440078125003 0.46814522222222216
2 0.39484444375 0.45861901250000003 0.39484444375 0.47903231527777784 0.41015442578125 0.47903231527777784 0.41015442578125 0.45861901250000003
2 0.36116248515625 0.4545363486111111 0.36116248515625 0.4681452291666667 0.37187946875 0.4681452291666667 0.37187946875 0.4545363486111111
2 0.29686056171874997 0.4531754611111111 0.29686056171874997 0.46950610972222223 0.3137015453125 0.46950610972222223 0.3137015453125 0.4531754611111111
2 0.59418040390625 0.446371025 0.59418040390625 0.4844758777777778 0.6339863554687499 0.4844758777777778 0.6339863554687499 0.446371025
9 0.473231546875 0.44909279999999996 0.473231546875 0.48855853055555554 0.494665525 0.48855853055555554 0.494665525 0.44909279999999996
7 0.856392540625 0.13908267638888888 0.856392540625 0.3146371319444444 0.9574384195312501 0.3146371319444444 0.9574384195312501 0.13908267638888888
7 0.7423331765625 0.14860888611111112 0.7423331765625 0.3064718097222222 0.8487375515625001 0.3064718097222222 0.8487375515625001 0.14860888611111112
7 0.630570309375 0.14180444722222224 0.630570309375 0.29558470833333333 0.7362091875 0.29558470833333333 0.7362091875 0.14180444722222224
7 0.86042097890625 0.3399496402777778 0.86042097890625 0.37941537222222216 0.88797894609375 0.37941537222222216 0.88797894609375 0.3399496402777778
2 0 0.4068369222222222 0 0.4971430847222222 0.049936246875 0.4971430847222222 0.049936246875 0.4068369222222222
2 0.1274235265625 0.45408184444444444 0.1274235265625 0.4801022638888889 0.15325261953125 0.4801022638888889 0.15325261953125 0.45408184444444444
7 0.1325893453125 0.4142859083333333 0.1325893453125 0.42959203749999997 0.14119904296875002 0.42959203749999997 0.14119904296875002 0.4142859083333333
4 0.8749605328125 0.4855869527777778 0.8749605328125 0.5192604375000001 0.88184829140625 0.5192604375000001 0.88184829140625 0.4855869527777778