2 0.00079222890625 0.27873671527777777 0.00079222890625 0.7904474013888888 0.16577212265625002 0.7904474013888888 0.16577212265625002 0.27873671527777777
2 0.0943978421875 0.3453007069444445 0.0943978421875 0.46717105555555555 0.19164225859375 0.46717105555555555 0.19164225859375 0.3453007069444445
2 0.6057185054687501 0.3473808305555555 0.6057185054687501 0.7363641583333334 0.9969794335937501 0.7363641583333334 0.9969794335937501 0.3473808305555555
4 0.966100115625 0.2163329736111111 0.966100115625 0.8313157944444445 0.99997696640625 0.8313157944444445 0.99997696640625 0.2163329736111111
2 0.15524149140625002 0.25793546944444445 0.15524149140625002 0.7696461555555555 0.536684365625 0.7696461555555555 0.536684365625 0.25793546944444445
2 0.50860268203125 0.33281995833333333 0.50860268203125 0.5241914347222222 0.66305194375 0.5241914347222222 0.66305194375 0.33281995833333333
2 0.49807205000000004 0.32865970972222225 0.49807205000000004 0.3785827027777778 0.52615373359375 0.3785827027777778 0.52615373359375 0.32865970972222225
4 0.81399099453125 0.2932975888888889 0.81399099453125 0.34738083333333336 0.83271211796875 0.34738083333333336 0.83271211796875 0.2932975888888889
2 0.62677976796875 0.3078584625 0.62677976796875 0.4493069458333333 0.7051744703125 0.4493069458333333 0.7051744703125 0.3078584625
7 0.5203033828125 0.27873671527777777 0.5203033828125 0.28913733888888893 0.540194575 0.28913733888888893 0.540194575 0.27873671527777777
7 0.5226435234375 0.29121746249999997 0.5226435234375 0.30785845972222226 0.5483850671875 0.30785845972222226 0.5483850671875 0.29121746249999997