6 0.34559118906249997 0.3496872527777778 0.34559118906249997 0.4270309513888889 0.36404820781249997 0.4270309513888889 0.36404820781249997 0.3496872527777778
6 0.55652854375 0.3989059680555555 0.55652854375 0.4645309236111111 0.5697121296875001 0.4645309236111111 0.5697121296875001 0.3989059680555555
6 0.54861839296875 0.5418746208333333 0.54861839296875 0.5770308458333333 0.56180197890625 0.5770308458333333 0.56180197890625 0.5418746208333333
6 0.7687842578125 0.19734360694444447 0.7687842578125 0.3239060208333333 0.8096533703125001 0.3239060208333333 0.8096533703125001 0.19734360694444447
6 0.9889501218750001 0.5067183944444444 0.9889501218750001 0.5489058652777777 0.99949698984375 0.5489058652777777 0.99949698984375 0.5067183944444444
7 0 0 0 0.026249975000000002 0.02654843984375 0.026249975000000002 0.02654843984375 0
7 0.45765165859375 0.5160933875 0.45765165859375 0.5582808625 0.4998391296875 0.5582808625 0.4998391296875 0.5160933875
7 0.524887940625 0.5629683555555556 0.524887940625 0.5934370847222222 0.54202660078125 0.5934370847222222 0.54202660078125 0.5629683555555556
2 0.04500545859375 0.6168745694444445 0.04500545859375 0.7340619888888889 0.25857953046875004 0.7340619888888889 0.25857953046875004 0.6168745694444445
2 0.29022013359375 0.6239058138888889 0.29022013359375 0.7246869958333333 0.3719583578125 0.7246869958333333 0.3719583578125 0.6239058138888889
2 0.379868509375 0.6332808069444444 0.379868509375 0.6684370333333333 0.4115091125 0.6684370333333333 0.4115091125 0.6332808069444444
2 0.4049173203125 0.6356245555555555 0.4049173203125 0.6989057625 0.4629250921875 0.6989057625 0.4629250921875 0.6356245555555555