2 0.50167341875 0.42812665833333335 0.50167341875 0.4477324583333333 0.51112621640625 0.4477324583333333 0.51112621640625 0.42812665833333335
2 0.49458382187499994 0.43652914583333335 0.49458382187499994 0.4589357763888889 0.50403661875 0.4589357763888889 0.50403661875 0.43652914583333335
2 0.4638622328125 0.4337283152777778 0.4638622328125 0.44913287500000004 0.47646596015625003 0.44913287500000004 0.47646596015625003 0.4337283152777778
2 0.46071130078125 0.43652914583333335 0.46071130078125 0.4757407416666667 0.47882915937500004 0.4757407416666667 0.47882915937500004 0.43652914583333335
2 0.44968303828125 0.4407303875 0.44968303828125 0.4757407416666667 0.4638622328125 0.4757407416666667 0.4638622328125 0.4407303875
2 0.43392837578125 0.4351287291666667 0.43392837578125 0.49674696249999994 0.45677263671875 0.49674696249999994 0.45677263671875 0.4351287291666667
2 0.41108411796875 0.4351287291666667 0.41108411796875 0.5065498611111111 0.44416890625 0.5065498611111111 0.44416890625 0.4351287291666667
2 0.41423505 0.4449316291666667 0.41423505 0.5093506847222222 0.43944250703125 0.5093506847222222 0.43944250703125 0.4449316291666667
2 0.35673053828125 0.4239254152777778 0.35673053828125 0.5261556597222222 0.42447558125 0.5261556597222222 0.42447558125 0.4239254152777778
2 0.5150648796875 0.4435312152777777 0.5150648796875 0.4645374305555556 0.5284563421875 0.4645374305555556 0.5284563421875 0.4435312152777777
2 0.5253054109375 0.4435312152777777 0.5253054109375 0.47293991388888884 0.54814966953125 0.47293991388888884 0.54814966953125 0.4435312152777777
2 0.56154112890625 0.44913287083333336 0.56154112890625 0.484143225 0.58123445390625 0.484143225 0.58123445390625 0.44913287083333336
2 0.569137125 0.44253091527777777 0.569137125 0.5335578458333333 0.63609443359375 0.5335578458333333 0.63609443359375 0.44253091527777777
6 0.7646262234375001 0.36177369305555557 0.7646262234375001 0.40658694999999995 0.7882582140625 0.40658694999999995 0.7882582140625 0.36177369305555557
7 0.3112670859375 0.33850014444444443 0.3112670859375 0.3553051138888889 0.32308308124999996 0.3553051138888889 0.32308308124999996 0.33850014444444443
7 0.025279071874999996 0.2440739125 0.025279071874999996 0.2734826138888889 0.048911064062499995 0.2734826138888889 0.048911064062499995 0.2440739125
7 0.0008593484375 0.1642503 0.0008593484375 0.18805734166666666 0.0260668046875 0.18805734166666666 0.0260668046875 0.1642503
6 0.0024348125000000003 0.298690075 0.0024348125000000003 0.33089960416666664 0.01818947578125 0.33089960416666664 0.01818947578125 0.298690075
6 0.036040421875 0.3040158319444445 0.036040421875 0.34235753333333335 0.050390820312499994 0.34235753333333335 0.050390820312499994 0.3040158319444445