2 0.00023402109375 0.65207085 0.00023402109375 0.8000369208333333 0.0345560484375 0.8000369208333333 0.0345560484375 0.65207085
2 0.9681151921875 0.5834267958333333 0.9681151921875 0.7649521847222223 0.99814696640625 0.7649521847222223 0.99814696640625 0.5834267958333333
6 0.10834840781249999 0.34088446805555556 0.10834840781249999 0.3846346597222222 0.116928915625 0.3846346597222222 0.116928915625 0.34088446805555556
6 0.19586957734375 0.3149522722222222 0.19586957734375 0.3729183597222222 0.21045643828125 0.3729183597222222 0.21045643828125 0.3149522722222222
6 0.22761745234375003 0.35003700972222224 0.22761745234375003 0.40037598472222224 0.235339909375 0.40037598472222224 0.235339909375 0.35003700972222224
6 0.3915051328125 0.29664718888888886 0.3915051328125 0.3424098930555556 0.40008563984374995 0.3424098930555556 0.40008563984374995 0.29664718888888886
6 0.4918970625 0.3271556583333333 0.4918970625 0.36834209027777776 0.49961951875 0.36834209027777776 0.49961951875 0.3271556583333333
6 0.78964065 0.4080030972222222 0.78964065 0.43088445138888887 0.8007953085937499 0.43088445138888887 0.8007953085937499 0.4080030972222222
6 0.613740259375 0.4125793708333333 0.613740259375 0.45224038333333333 0.6231788179687501 0.45224038333333333 0.6231788179687501 0.4125793708333333
4 0.00023402109375 0.4263081819444444 0.00023402109375 0.5864776458333334 0.03369799765625 0.5864776458333334 0.03369799765625 0.4263081819444444
2 0.3360340859375 0.46154954583333335 0.3360340859375 0.49815970555555555 0.35319509765625 0.49815970555555555 0.35319509765625 0.46154954583333335
2 0.31372476875 0.46765124027777777 0.31372476875 0.4996851305555556 0.3368921375 0.4996851305555556 0.3368921375 0.46765124027777777
2 0.294847653125 0.46154954583333335 0.294847653125 0.49968513333333336 0.31372476875 0.49968513333333336 0.31372476875 0.46154954583333335
2 0.26052562578125 0.45544785416666667 0.26052562578125 0.4737529319444444 0.2991379078125 0.4737529319444444 0.2991379078125 0.45544785416666667
2 0.25280316875 0.46917666111111106 0.25280316875 0.5271427486111111 0.3171569703125 0.5271427486111111 0.3171569703125 0.46917666111111106
2 0.23478410546875 0.4737529333333333 0.23478410546875 0.5881596958333334 0.31029256250000004 0.5881596958333334 0.31029256250000004 0.4737529333333333
2 0.06317396875 0.45239700416666667 0.06317396875 0.6796850916666667 0.27597053828125 0.6796850916666667 0.27597053828125 0.45239700416666667
2 0.35834340390624997 0.46765124027777777 0.35834340390624997 0.5057868236111112 0.38408492421874996 0.5057868236111112 0.38408492421874996 0.46765124027777777
2 0.38065272031249997 0.46765124027777777 0.38065272031249997 0.50731225 0.40982644609375 0.50731225 0.40982644609375 0.46765124027777777
2 0.44243237109375 0.4737529333333333 0.44243237109375 0.5301936055555555 0.46302558749999995 0.5301936055555555 0.46302558749999995 0.4737529333333333
2 0.46474168984375 0.47680378055555556 0.46474168984375 0.5193053666666666 0.49741462421874993 0.5193053666666666 0.49741462421874993 0.47680378055555556
2 0.513650578125 0.48595632083333334 0.513650578125 0.5347698708333334 0.53939210078125 0.5347698708333334 0.53939210078125 0.48595632083333334
2 0.396342796875 0.46765124027777777 0.396342796875 0.5561258 0.45469024375 0.5561258 0.45469024375 0.46765124027777777
2 0.466702953125 0.48138005 0.466702953125 0.5744308833333334 0.52247624765625 0.5744308833333334 0.52247624765625 0.48138005
2 0.5387792109375 0.48443089722222227 0.5387792109375 0.5561258 0.5902622515625 0.5561258 0.5902622515625 0.48443089722222227
2 0.62715843046875 0.48443089722222227 0.62715843046875 0.5057868236111112 0.6511838484375 0.5057868236111112 0.6511838484375 0.48443089722222227
2 0.5894041999999999 0.4966342833333333 0.5894041999999999 0.6034139277777778 0.6571902070312501 0.6034139277777778 0.6571902070312501 0.4966342833333333
2 0.880651128125 0.48203381944444446 0.880651128125 0.6528812444444445 0.9982040718749999 0.6528812444444445 0.9982040718749999 0.48203381944444446
2 0.6095071117187499 0.47244542916666665 0.6095071117187499 0.69515725 0.7948460609375 0.69515725 0.7948460609375 0.47244542916666665
9 0.76824648828125 0.47593212361111115 0.76824648828125 0.6818642847222223 0.95358543515625 0.6818642847222223 0.95358543515625 0.47593212361111115
7 0.258809525 0.14556897083333334 0.258809525 0.21726386805555553 0.35405315078125 0.21726386805555553 0.35405315078125 0.14556897083333334
7 0.396097634375 0.1913316736111111 0.396097634375 0.2508231888888889 0.47074804531250003 0.2508231888888889 0.47074804531250003 0.1913316736111111
7 0.5925912546875 0.24472149444444444 0.5925912546875 0.3072638555555555 0.6929831828124999 0.3072638555555555 0.6929831828124999 0.24472149444444444