6 0.3284525296875 0.5395308722222222 0.3284525296875 0.5864058416666666 0.34031775546875 0.5864058416666666 0.34031775546875 0.5395308722222222
6 0.43787628203124995 0.5489058652777777 0.43787628203124995 0.5840620916666667 0.44710479140625 0.5840620916666667 0.44710479140625 0.5489058652777777
6 0.48270046953124995 0.6942182652777777 0.48270046953124995 0.715311998611111 0.49192897890625 0.715311998611111 0.49192897890625 0.6942182652777777
6 0.6409034859375 0.38953097500000006 0.6409034859375 0.45984342638888887 0.6619972234375 0.45984342638888887 0.6619972234375 0.38953097500000006
6 0.766147540625 0.4434371861111111 0.766147540625 0.5114058916666667 0.7819678414062501 0.5114058916666667 0.7819678414062501 0.4434371861111111
6 0.10169487343750001 0.45515593055555553 0.10169487343750001 0.5207808861111112 0.11751517421874999 0.5207808861111112 0.11751517421874999 0.45515593055555553
6 0.269126396875 0.47156216666666667 0.269126396875 0.5371871222222222 0.28230998203125 0.5371871222222222 0.28230998203125 0.47156216666666667
6 0.96917474453125 0.6004683305555556 0.96917474453125 0.6590620402777778 0.99686027265625 0.6590620402777778 0.99686027265625 0.6004683305555556
7 0.9718114617187499 0.36140599305555554 0.9718114617187499 0.4434371861111111 0.9994969914062499 0.4434371861111111 0.9994969914062499 0.36140599305555554
7 0.48270046953124995 0.6239058138888889 0.48270046953124995 0.6426558013888889 0.49852077109375 0.6426558013888889 0.49852077109375 0.6239058138888889
4 0.55652854453125 0.7364057347222223 0.55652854453125 0.7832807041666666 0.5749855625 0.7832807041666666 0.5749855625 0.7364057347222223
4 0.46424345078125 0.7106245041666667 0.46424345078125 0.7621869708333334 0.47479031875000005 0.7621869708333334 0.47479031875000005 0.7106245041666667
4 0.1662944375 0.7317182402777778 0.1662944375 0.7973431958333332 0.18079638125 0.7973431958333332 0.18079638125 0.7317182402777778
2 0.20980026640625 0.7270307416666667 0.20980026640625 0.8020306902777777 0.24012251093749998 0.8020306902777777 0.24012251093749998 0.7270307416666667
2 0.4444680734375 0.7293744916666667 0.4444680734375 0.8043744402777777 0.46160673359375004 0.8043744402777777 0.46160673359375004 0.7293744916666667
2 0.49061062031249997 0.7129682541666666 0.49061062031249997 0.7574994736111111 0.53279809140625 0.7574994736111111 0.53279809140625 0.7129682541666666
2 0.5314797328124999 0.7270307416666667 0.5314797328124999 0.7574994694444445 0.557846903125 0.7574994694444445 0.557846903125 0.7270307416666667
2 0.56707541171875 0.7223432444444444 0.56707541171875 0.7574994694444445 0.5868507890625 0.7574994694444445 0.5868507890625 0.7223432444444444
2 0.79778814375 0.6824995222222222 0.79778814375 0.7082807541666667 0.89270995390625 0.7082807541666667 0.89270995390625 0.6824995222222222
2 0 0.7270307416666667 0 0.8348431680555556 0.060825759374999996 0.8348431680555556 0.060825759374999996 0.7270307416666667
2 0.20716355000000003 0.5676558527777777 0.20716355000000003 0.9989055555555555 0.45369658359375 0.9989055555555555 0.45369658359375 0.5676558527777777
2 0.5209328656250001 0.6754682791666666 0.5209328656250001 0.9989055583333333 0.9994969906250001 0.9989055583333333 0.9994969906250001 0.6754682791666666
6 0.714731559375 0.5231246319444445 0.714731559375 0.5793745944444444 0.729233503125 0.5793745944444444 0.729233503125 0.5231246319444445
6 0.6672706546875 0.5559371097222222 0.6672706546875 0.5957808319444444 0.6804542398437501 0.5957808319444444 0.6804542398437501 0.5559371097222222
9 0.6237648265625 0.17624987222222221 0.6237648265625 0.2278123347222222 0.76087410859375 0.2278123347222222 0.76087410859375 0.17624987222222221
9 0.47215360234375003 0.1528123875 0.47215360234375003 0.20203110555555556 0.606626165625 0.20203110555555556 0.606626165625 0.1528123875