2 0.0010546875 0.42631596388888887 0.0010546875 0.4800387083333333 0.01852134921875 0.4800387083333333 0.01852134921875 0.42631596388888887
2 0.47570622890625 0.30374989305555555 0.47570622890625 0.5805522291666667 0.727206653125 0.5805522291666667 0.727206653125 0.30374989305555555
2 0.36750255859375003 0.3691272375 0.36750255859375003 0.47137375 0.448411609375 0.47137375 0.448411609375 0.3691272375
2 0.1403723296875 0.4089860472222222 0.1403723296875 0.4297819472222222 0.157918871875 0.4297819472222222 0.157918871875 0.4089860472222222
2 0.26709734921875 0.38299117083333334 0.26709734921875 0.42978194999999997 0.2982912 0.42978194999999997 0.2982912 0.38299117083333334
2 0.24760119296875 0.3899231388888889 0.24760119296875 0.4055200638888889 0.2592988875 0.4055200638888889 0.2592988875 0.3899231388888889
2 0.2203065734375 0.39165613055555554 0.2203065734375 0.4020540805555556 0.23200426796875 0.4020540805555556 0.23200426796875 0.39165613055555554
2 0.1842386828125 0.3951221138888889 0.1842386828125 0.4141850222222222 0.1978859921875 0.4141850222222222 0.1978859921875 0.3951221138888889
2 0.10235482343749999 0.4141850222222222 0.10235482343749999 0.4401798986111111 0.12672502109375 0.4401798986111111 0.12672502109375 0.4141850222222222
2 0.03411827421875 0.4228499819444444 0.03411827421875 0.4644417833333333 0.07603501171875 0.4644417833333333 0.07603501171875 0.4228499819444444
2 0.07408539609375 0.41765100555555557 0.07408539609375 0.4523108416666667 0.1004052078125 0.4523108416666667 0.1004052078125 0.41765100555555557
2 0.33923313046875003 0.3712498694444445 0.33923313046875003 0.4505778486111111 0.38504909921874997 0.4505778486111111 0.38504909921874997 0.3712498694444445
2 0.3177873578125 0.38299117083333334 0.3177873578125 0.43324793333333333 0.3548300546875 0.43324793333333333 0.3548300546875 0.38299117083333334
2 0.307064471875 0.3951221138888889 0.307064471875 0.42631596666666666 0.32656062890625004 0.42631596666666666 0.32656062890625004 0.3951221138888889
2 0.2982912015625 0.3847241625 0.2982912015625 0.4159180152777777 0.31486293359375 0.4159180152777777 0.31486293359375 0.3847241625
2 0.19886080078124999 0.3985880972222222 0.19886080078124999 0.41245203055555557 0.208608878125 0.41245203055555557 0.208608878125 0.3985880972222222