7 0.2320042671875 0.2478178166666667 0.2320042671875 0.2582157666666667 0.25539965546875 0.2582157666666667 0.25539965546875 0.2478178166666667
7 0.30998889531249996 0.26514773472222225 0.30998889531249996 0.27901166805555555 0.32461101171875 0.27901166805555555 0.32461101171875 0.26514773472222225
7 0.22615542031250002 0.23222089166666665 0.22615542031250002 0.24435183333333335 0.24272715390625002 0.24435183333333335 0.24272715390625002 0.23222089166666665
7 0.8100653203125001 0.10917847916666666 0.8100653203125001 0.1473042972222222 0.84028436328125 0.1473042972222222 0.84028436328125 0.10917847916666666
6 0.34898120859375 0.17676515555555555 0.34898120859375 0.21142499027777775 0.35580486484375 0.21142499027777775 0.35580486484375 0.17676515555555555
6 0.51664815859375 0.1906290902777778 0.51664815859375 0.21835695555555554 0.5244466210937501 0.21835695555555554 0.5244466210937501 0.1906290902777778
6 0.30316523984375 0.2946085930555556 0.30316523984375 0.3084725291666667 0.3119385109375 0.3084725291666667 0.3119385109375 0.2946085930555556
6 0.34020793828125 0.1784981472222222 0.34020793828125 0.21315798194444444 0.34898120859375 0.21315798194444444 0.34898120859375 0.1784981472222222
6 0.5088496953125 0.1906290902777778 0.5088496953125 0.21835695555555554 0.5166481593750001 0.21835695555555554 0.5166481593750001 0.1906290902777778
6 0.5712373976562499 0.28594363472222223 0.5712373976562499 0.29980756805555553 0.58001066796875 0.29980756805555553 0.58001066796875 0.28594363472222223
7 0.56148931953125 0.26514773472222225 0.56148931953125 0.2755456847222222 0.5751366289062501 0.2755456847222222 0.5751366289062501 0.26514773472222225
6 0.2281050359375 0.27901166805555555 0.2281050359375 0.3015405597222222 0.24175234609375 0.3015405597222222 0.24175234609375 0.27901166805555555
6 0.60828009609375 0.27381269305555556 0.60828009609375 0.2946085930555556 0.62192740546875 0.2946085930555556 0.62192740546875 0.27381269305555556
6 0.42989026015625004 0.2876766263888889 0.42989026015625004 0.3032735513888889 0.43476429921875 0.3032735513888889 0.43476429921875 0.2876766263888889
6 0.48545430703125003 0.2876766263888889 0.48545430703125003 0.3067395361111111 0.49032834609375 0.3067395361111111 0.49032834609375 0.2876766263888889
2 0 0.2963415847222222 0 0.5233635013888889 0.11502732578125 0.5233635013888889 0.11502732578125 0.2963415847222222
2 0.09748078437499999 0.3431323611111111 0.09748078437499999 0.46097579861111115 0.1949615703125 0.46097579861111115 0.1949615703125 0.3431323611111111
2 0.1822890671875 0.3431323611111111 0.1822890671875 0.43324793333333333 0.26027369453125 0.43324793333333333 0.26027369453125 0.3431323611111111
2 0.24662638515625002 0.3292684277777778 0.24662638515625002 0.41245203055555557 0.3070644703125 0.41245203055555557 0.3070644703125 0.3292684277777778
2 0.33923313046875003 0.33966637777777775 0.33923313046875003 0.37952518749999997 0.3753010203125 0.37952518749999997 0.3753010203125 0.33966637777777775
2 0.3694521734375 0.3431323611111111 0.3694521734375 0.37432621250000003 0.38407429140625 0.37432621250000003 0.38407429140625 0.3431323611111111
2 0.38114986796875 0.33966637777777775 0.38114986796875 0.36739424583333335 0.39869640781250004 0.36739424583333335 0.39869640781250004 0.33966637777777775
2 0.3996712171875 0.3379333861111111 0.3996712171875 0.3639282625 0.4133185265625 0.3639282625 0.4133185265625 0.3379333861111111
2 0.41819256562499996 0.3379333861111111 0.41819256562499996 0.36739424583333335 0.44548718671875004 0.36739424583333335 0.44548718671875004 0.3379333861111111
2 0.46205891875000005 0.3292684277777778 0.46205891875000005 0.3691272375 0.48837873046875 0.3691272375 0.48837873046875 0.3292684277777778
2 0.6258266367187499 0.29980756805555553 0.6258266367187499 0.47657272638888887 0.7739974296875001 0.47657272638888887 0.7739974296875001 0.29980756805555553
2 0.5917083625 0.3136715027777778 0.5917083625 0.4349809236111111 0.6501968328125 0.4349809236111111 0.6501968328125 0.3136715027777778
2 0.56343893515625 0.32233646111111114 0.56343893515625 0.41765100555555557 0.60633048046875 0.41765100555555557 0.60633048046875 0.32233646111111114
2 0.5507664328125 0.33273441111111113 0.5507664328125 0.4020540805555556 0.5829350921875001 0.4020540805555556 0.5829350921875001 0.33273441111111113
2 0.51177411875 0.3292684277777778 0.51177411875 0.3933891222222222 0.5605145125 0.3933891222222222 0.5605145125 0.3292684277777778
2 0.44158795390625 0.33273441111111113 0.44158795390625 0.3552633041666667 0.4532856484375 0.3552633041666667 0.4532856484375 0.33273441111111113
2 0.5000764249999999 0.33273441111111113 0.5000764249999999 0.3639282625 0.51957258203125 0.3639282625 0.51957258203125 0.33273441111111113