2 0.00136029375 0.4825985583333333 0.00136029375 0.5017324263888889 0.0336486890625 0.5017324263888889 0.0336486890625 0.4825985583333333
2 0.00016442812499999998 0.47196863611111106 0.00016442812499999998 0.6059056791666667 0.22020385937500003 0.6059056791666667 0.22020385937500003 0.47196863611111106
2 0.22259559140625 0.45070878611111115 0.22259559140625 0.5612599986111111 0.37566650078124997 0.5612599986111111 0.37566650078124997 0.45070878611111115
2 0.37088303359374997 0.48047257361111106 0.37088303359374997 0.5336222 0.43306808984374995 0.5336222 0.43306808984374995 0.48047257361111106
2 0.41871769375 0.4762206055555555 0.41871769375 0.5017324263888889 0.43785155624999994 0.5017324263888889 0.43785155624999994 0.4762206055555555
2 0.42948049296875 0.4762206055555555 0.42948049296875 0.5144883333333333 0.47492341875 0.5144883333333333 0.47492341875 0.4762206055555555
2 0.46774821875 0.4677166666666666 0.46774821875 0.5059843916666666 0.5036242132812501 0.5059843916666666 0.5036242132812501 0.4677166666666666
2 0.53710847421875 0.47196863611111106 0.53710847421875 0.4996064388888889 0.547871271875 0.4996064388888889 0.547871271875 0.47196863611111106
2 0.5430878070312499 0.4698426486111111 0.5430878070312499 0.5123623458333333 0.5717886015625 0.5123623458333333 0.5717886015625 0.4698426486111111
2 0.56700513671875 0.44433083055555556 0.56700513671875 0.5229922736111111 0.61005633203125 0.5229922736111111 0.61005633203125 0.44433083055555556
2 0.58853073515625 0.45070878611111115 0.58853073515625 0.5400001513888889 0.64832405625 0.5400001513888889 0.64832405625 0.45070878611111115
2 0.67104551953125 0.46133871111111113 0.67104551953125 0.5272442388888889 0.7296429765625 0.5272442388888889 0.7296429765625 0.46133871111111113
2 0.9329402773437501 0.45070878611111115 0.9329402773437501 0.4740946208333333 0.9987129296875 0.4740946208333333 0.9987129296875 0.45070878611111115
2 0.51450502109375 0.4756374736111111 0.51450502109375 0.4924657375 0.53238504921875 0.4924657375 0.53238504921875 0.4756374736111111