7 0.2874594203125 0.38274295416666665 0.2874594203125 0.40978457222222225 0.29681998203125 0.40978457222222225 0.29681998203125 0.38274295416666665
7 0.19853408671875 0.3057783375 0.19853408671875 0.3140988347222222 0.20906471953125 0.3140988347222222 0.20906471953125 0.3057783375
7 0.36585412109375 0.39314357361111113 0.36585412109375 0.40978457083333336 0.37287454296875 0.40978457083333336 0.37287454296875 0.39314357361111113
7 0.45126924296875004 0.3910634527777778 0.45126924296875004 0.409784575 0.45945973359375003 0.409784575 0.45945973359375003 0.3910634527777778
7 0.43956854140625 0.3869032013888889 0.43956854140625 0.39522370277777774 0.45126924296875004 0.39522370277777774 0.45126924296875004 0.3869032013888889
6 0.43020797968749996 0.37442245416666664 0.43020797968749996 0.39522370277777774 0.43722840078124997 0.39522370277777774 0.43722840078124997 0.37442245416666664
6 0.3085206828125 0.36194170555555555 0.3085206828125 0.3806628277777778 0.31320096328125 0.3806628277777778 0.31320096328125 0.36194170555555555
6 0.27692878828125 0.37234233194444444 0.27692878828125 0.3910634527777778 0.28277913984374997 0.3910634527777778 0.28277913984374997 0.37234233194444444
6 0.32958194453125 0.37442245416666664 0.32958194453125 0.3973038263888889 0.33543229609375 0.3973038263888889 0.33543229609375 0.37442245416666664
7 0.26054780546875 0.3806628277777778 0.26054780546875 0.3910634527777778 0.278098859375 0.3910634527777778 0.278098859375 0.3806628277777778
7 0.5788068914062501 0.3661019527777778 0.5788068914062501 0.37442244999999996 0.59284773359375 0.37442244999999996 0.59284773359375 0.3661019527777778
7 0.196193946875 0.3910634527777778 0.196193946875 0.4035442027777778 0.2055545078125 0.4035442027777778 0.2055545078125 0.3910634527777778
2 0.4465889625 0.4264255708333333 0.4465889625 0.4451466944444445 0.45594952265625005 0.4451466944444445 0.45594952265625005 0.4264255708333333
2 0.46179987421875 0.41810507361111116 0.46179987421875 0.4451466944444445 0.47350057578125 0.4451466944444445 0.47350057578125 0.41810507361111116
2 0.45477945390625 0.42850569722222226 0.45477945390625 0.4451466944444445 0.47233050781249997 0.4451466944444445 0.47233050781249997 0.42850569722222226
2 0.46765022500000003 0.42018519722222225 0.46765022500000003 0.4451466944444445 0.479350928125 0.4451466944444445 0.479350928125 0.42018519722222225
2 0.47467064609375004 0.41186470138888887 0.47467064609375004 0.4472268208333333 0.50509247109375 0.4472268208333333 0.50509247109375 0.41186470138888887
2 0.5015822609375 0.41186470138888887 0.5015822609375 0.46178769444444445 0.52966394453125 0.46178769444444445 0.52966394453125 0.41186470138888887
2 0.5191333140625 0.39938395 0.5191333140625 0.47218831666666666 0.5612558390625 0.47218831666666666 0.5612558390625 0.39938395
2 0.5425347171875 0.405624325 0.5425347171875 0.48466906527777776 0.59869808515625 0.48466906527777776 0.59869808515625 0.405624325
2 0.28160906875 0.40978457222222225 0.28160906875 0.4285056958333333 0.29916012265625 0.4285056958333333 0.29916012265625 0.40978457222222225
2 0.31905131484375 0.42018519722222225 0.31905131484375 0.4368261958333333 0.32724180546875 0.4368261958333333 0.32724180546875 0.42018519722222225
2 0.3436227890625 0.4139448236111111 0.3436227890625 0.4368261958333333 0.356493559375 0.4368261958333333 0.356493559375 0.4139448236111111
2 0.3798949625 0.42018519722222225 0.3798949625 0.4389063194444444 0.39744601640625 0.4389063194444444 0.39744601640625 0.42018519722222225
2 0.36468405078125 0.42018519722222225 0.36468405078125 0.4368261958333333 0.3798949625 0.4368261958333333 0.3798949625 0.42018519722222225
2 0.19736401640625 0.4035441986111111 0.19736401640625 0.4243454472222222 0.2184252796875 0.4243454472222222 0.2184252796875 0.4035441986111111
2 0.17513268359375 0.4035441986111111 0.17513268359375 0.42018519444444447 0.18917352578125 0.42018519444444447 0.18917352578125 0.4035441986111111
2 0.39393580625 0.40770444861111116 0.39393580625 0.44306656805555555 0.4161671390625 0.44306656805555555 0.4161671390625 0.40770444861111116
2 0.56593611953125 0.4160249486111111 0.56593611953125 0.5033901875000001 0.6478410304687501 0.5033901875000001 0.6478410304687501 0.4160249486111111
2 0.3249016671875 0.41186470138888887 0.3249016671875 0.4347460736111111 0.343622790625 0.4347460736111111 0.343622790625 0.41186470138888887
2 0.30501047109375 0.41186470138888887 0.30501047109375 0.4326659472222222 0.32022138437500003 0.4326659472222222 0.32022138437500003 0.41186470138888887
2 0.25001717421874997 0.4035441986111111 0.25001717421874997 0.4285056958333333 0.2710784375 0.4285056958333333 0.2710784375 0.4035441986111111
2 0.12598973828124999 0.38274295416666665 0.12598973828124999 0.42018519722222225 0.154071421875 0.42018519722222225 0.154071421875 0.38274295416666665
2 0.0733365796875 0.3869032013888889 0.0733365796875 0.42018519722222225 0.08971756171875 0.42018519722222225 0.08971756171875 0.3869032013888889
2 0 0.3661019527777778 0 0.39730382361111116 0.018343282031249998 0.39730382361111116 0.018343282031249998 0.3661019527777778
2 0 0.3661019527777778 0 0.43266594305555556 0.0780168609375 0.43266594305555556 0.0780168609375 0.3661019527777778
2 0.07918692968749999 0.38274295416666665 0.07918692968749999 0.4243454472222222 0.12715980703125002 0.4243454472222222 0.12715980703125002 0.38274295416666665
2 0.77654875078125 0.3765025777777778 0.77654875078125 0.6864411625 0.9988620812500001 0.6864411625 0.9988620812500001 0.3765025777777778