2 0 0.4315749222222222 0 0.5548820430555556 0.0874626796875 0.5548820430555556 0.0874626796875 0.4315749222222222
2 0.0002949546875 0.43728804861111115 0.0002949546875 0.5336221958333334 0.17117333359375 0.5336221958333334 0.17117333359375 0.43728804861111115
7 0.9114146812499999 0.4124410597222222 0.9114146812499999 0.4464568166666667 0.9281568117187501 0.4464568166666667 0.9281568117187501 0.4124410597222222
6 0.8444461578125001 0.33590560555555554 0.8444461578125001 0.39543318055555554 0.85879655546875 0.39543318055555554 0.85879655546875 0.33590560555555554
6 0.52156221015625 0.2976378777777778 0.52156221015625 0.31464575833333336 0.5251498101562501 0.31464575833333336 0.5251498101562501 0.2976378777777778
6 0.8635800218749999 0.3699213625 0.8635800218749999 0.40181113194444446 0.88271388515625 0.40181113194444446 0.88271388515625 0.3699213625
6 0.5299332757812499 0.2976378777777778 0.5299332757812499 0.34228355694444446 0.54069607421875 0.34228355694444446 0.54069607421875 0.2976378777777778
6 0.36251196953125 0.2529921958333333 0.36251196953125 0.29338590833333333 0.37925410078125 0.29338590833333333 0.37925410078125 0.2529921958333333
6 0.22379145859375 0.15732287777777776 0.22379145859375 0.25086620972222223 0.25966745390625 0.25086620972222223 0.25966745390625 0.15732287777777776
7 0.1747609328125 0.2678740902777778 0.1747609328125 0.3933071958333333 0.25010051953125 0.3933071958333333 0.25010051953125 0.2678740902777778
7 0.036040421093750004 0.140315 0.036040421093750004 0.21685045416666668 0.10181307734375 0.21685045416666668 0.10181307734375 0.140315
6 0.24292532109375 0.31549615416666665 0.24292532109375 0.38140168472222225 0.26086331875 0.38140168472222225 0.26086331875 0.31549615416666665
2 0.2620591859375 0.35291348333333333 0.2620591859375 0.9056695444444445 0.6148397953125 0.9056695444444445 0.6148397953125 0.35291348333333333
2 0.59809766484375 0.4464568166666667 0.59809766484375 0.48685052916666666 0.6387571249999999 0.48685052916666666 0.6387571249999999 0.4464568166666667
2 0.7093132468750001 0.4400788625 0.7093132468750001 0.6930710583333334 0.9413113421875 0.6930710583333334 0.9413113421875 0.4400788625
2 0.5885307328125 0.40393711944444444 0.5885307328125 0.420945 0.59570593203125 0.420945 0.59570593203125 0.40393711944444444
2 0.55624233828125 0.40606310416666663 0.55624233828125 0.4464568166666667 0.58374726796875 0.4464568166666667 0.58374726796875 0.40606310416666663
2 0.9437030757812501 0.4464568166666667 0.9437030757812501 0.5314962097222222 0.99871293125 0.5314962097222222 0.99871293125 0.4464568166666667
7 0.079091615625 0.19771659027777777 0.079091615625 0.27637802916666665 0.11018414453125 0.27637802916666665 0.11018414453125 0.19771659027777777