2 0 0.33935875555555556 0 0.4908894347222222 0.06235881015625 0.4908894347222222 0.06235881015625 0.33935875555555556
2 0.272435434375 0.41086024027777773 0.272435434375 0.4567786277777778 0.33098137890625 0.4567786277777778 0.33098137890625 0.41086024027777773
2 0.3447568953125 0.41545207916666665 0.3447568953125 0.4583092416666667 0.39383217265625003 0.4583092416666667 0.39383217265625003 0.41545207916666665
2 0.3946931421875 0.43228881944444447 0.3946931421875 0.4552480125 0.40502477890625005 0.4552480125 0.40502477890625005 0.43228881944444447
2 0.40502477890625005 0.43535004722222226 0.40502477890625005 0.4506561777777778 0.41793932578125004 0.4506561777777778 0.41793932578125004 0.43535004722222226
2 0.47488633281250003 0.4366620013888889 0.47488633281250003 0.4489069055555555 0.48521797031249997 0.4489069055555555 0.48521797031249997 0.4366620013888889
2 0.46024984687500003 0.43207016249999997 0.46024984687500003 0.4504375166666667 0.4740253640625 0.4504375166666667 0.4740253640625 0.43207016249999997
2 0.44647433046874996 0.4290089361111111 0.44647433046874996 0.4489069055555555 0.46024984687500003 0.4489069055555555 0.46024984687500003 0.4290089361111111
2 0.42925493515625 0.43053955 0.42925493515625 0.44737629305555554 0.44647433124999997 0.44737629305555554 0.44647433124999997 0.43053955
2 0.5497907023437499 0.44125384027777775 0.5497907023437499 0.45962119583333333 0.56012233984375 0.45962119583333333 0.56012233984375 0.44125384027777775
2 0.5274054890625 0.4427844555555555 0.5274054890625 0.46727426388888893 0.5429029453124999 0.46727426388888893 0.5429029453124999 0.4427844555555555
2 0.505020275 0.4351313888888889 0.505020275 0.47951916388888893 0.5317103390625 0.47951916388888893 0.5317103390625 0.4351313888888889
2 0.5876733734374999 0.4427844555555555 0.5876733734374999 0.4550293583333333 0.6005879203125 0.4550293583333333 0.6005879203125 0.4427844555555555
2 0.5558174921875 0.4489069055555555 0.5558174921875 0.4764579361111111 0.57131494609375 0.4764579361111111 0.57131494609375 0.4489069055555555
2 0.6005879203125 0.4397232291666667 0.6005879203125 0.46574364861111106 0.6169463453125 0.46574364861111106 0.6169463453125 0.4397232291666667
2 0.6057537390625 0.4384112736111111 0.6057537390625 0.5088194680555556 0.6574119242187499 0.5088194680555556 0.6574119242187499 0.4384112736111111
2 0.47304139140625 0.44016055 0.47304139140625 0.5105687444444444 0.5203947289062499 0.5105687444444444 0.5203947289062499 0.44016055
2 0.55827739921875 0.4493442277777778 0.55827739921875 0.5136299708333334 0.61079655546875 0.5136299708333334 0.61079655546875 0.4493442277777778
7 0.482512059375 0.36450453055555554 0.482512059375 0.3983966777777778 0.49887048515625 0.3983966777777778 0.49887048515625 0.36450453055555554
7 0.3688640484375 0.22084557916666667 0.3688640484375 0.3004374541666667 0.41535641640625 0.3004374541666667 0.41535641640625 0.22084557916666667
7 0.37661277734375 0.3080905152777778 0.37661277734375 0.3601313555555556 0.40071992968750003 0.3601313555555556 0.40071992968750003 0.3080905152777778