4 0.777984390625 0.35553727222222226 0.777984390625 0.5570662125 0.8189578953125001 0.5570662125 0.8189578953125001 0.35553727222222226
4 0.61955350859375 0.382245925 0.61955350859375 0.5303575555555555 0.6536980953125 0.5303575555555555 0.6536980953125 0.382245925
4 0.40649128671875 0.40652652222222224 0.40649128671875 0.4890805458333333 0.4174175546875 0.4890805458333333 0.4174175546875 0.40652652222222224
4 0.040461314062499996 0.3968142819444444 0.040461314062499996 0.5060769611111111 0.06777698359374999 0.5060769611111111 0.06777698359374999 0.3968142819444444
4 0.10875048828125 0.41623875972222224 0.10875048828125 0.4745121888888889 0.12377410546875 0.4745121888888889 0.12377410546875 0.41623875972222224
4 0.08416638671875 0.42352293888888887 0.08416638671875 0.4769402472222222 0.0950926546875 0.4769402472222222 0.0950926546875 0.42352293888888887
4 0.3163495765625 0.43323517500000003 0.3163495765625 0.4842244263888889 0.32727584453124997 0.4842244263888889 0.32727584453124997 0.43323517500000003
4 0.28357077421875 0.4405193569444445 0.28357077421875 0.4696560708333334 0.29176547343750003 0.4696560708333334 0.29176547343750003 0.4405193569444445
4 0.9767827953125 0.4550877111111111 0.9767827953125 0.68009495 0.99787553046875 0.68009495 0.99787553046875 0.4550877111111111
2 0.13879772421875 0.43080711666666666 0.13879772421875 0.5327856180555556 0.209818465625 0.5327856180555556 0.209818465625 0.43080711666666666
1 0.43107538828124997 0.2851235472222222 0.43107538828124997 0.5473539749999999 0.61135880703125 0.5473539749999999 0.61135880703125 0.2851235472222222
7 0.4392700890625 0.2875516055555556 0.4392700890625 0.3239724958333333 0.465219975 0.3239724958333333 0.465219975 0.2875516055555556
7 0.37917561640624997 0.3409689152777778 0.37917561640624997 0.36767756805555557 0.39146766484375 0.36767756805555557 0.39146766484375 0.3409689152777778
7 0.332738978125 0.36282145 0.332738978125 0.3846739819444444 0.3463968140625 0.3846739819444444 0.3463968140625 0.36282145
7 0.37644404921875 0.40409846388888887 0.37644404921875 0.42109487916666666 0.38737031875 0.42109487916666666 0.38737031875 0.40409846388888887
4 0.30238446093750004 0.4321945916666667 0.30238446093750004 0.47832772222222225 0.31057916171875 0.47832772222222225 0.31057916171875 0.4321945916666667
2 0.2067796171875 0.4394787708333333 0.2067796171875 0.5001802638888889 0.2177058859375 0.5001802638888889 0.2177058859375 0.4394787708333333
2 0.2177058859375 0.4394787708333333 0.2177058859375 0.46133130694444446 0.22999793671875 0.46133130694444446 0.22999793671875 0.4394787708333333
4 0.22316901953124998 0.44676294861111115 0.22316901953124998 0.4686154847222222 0.22999793671875 0.4686154847222222 0.22999793671875 0.44676294861111115
2 0.24092420390624997 0.4394787708333333 0.24092420390624997 0.47347160694444446 0.270971440625 0.47347160694444446 0.270971440625 0.4394787708333333