2 0.18228906640625 0.4817717 0.18228906640625 0.5528243597222222 0.2495508078125 0.5528243597222222 0.2495508078125 0.4817717
2 0.52737104453125 0.4627087916666667 0.52737104453125 0.6071086041666667 0.63070067578125 0.6071086041666667 0.63070067578125 0.4627087916666667
4 0.73890434765625 0.43324793194444444 0.73890434765625 0.5718872694444445 0.7778966609375 0.5718872694444445 0.7778966609375 0.43324793194444444
4 0.46010930156249996 0.4661747722222222 0.46010930156249996 0.507766575 0.4727818046875 0.507766575 0.4727818046875 0.4661747722222222
2 0.40454525546875003 0.4731067430555556 0.40454525546875003 0.48697067638888886 0.4133185265625 0.48697067638888886 0.4133185265625 0.4731067430555556
2 0.37042698046875 0.47483973333333335 0.37042698046875 0.49390264305555553 0.38992313749999996 0.49390264305555553 0.38992313749999996 0.47483973333333335
2 0.3411827453125 0.47483973333333335 0.3411827453125 0.5025676 0.36067890234375 0.5025676 0.36067890234375 0.47483973333333335
2 0.23980273046875 0.4679077652777778 0.23980273046875 0.5216305069444445 0.28366908281250003 0.5216305069444445 0.28366908281250003 0.4679077652777778
2 0.51274892578125 0.4644417833333333 0.51274892578125 0.5614893194444445 0.55953970390625 0.5614893194444445 0.55953970390625 0.4644417833333333
2 0.50007642421875 0.4661747722222222 0.50007642421875 0.5510913680555555 0.52834585234375 0.5510913680555555 0.52834585234375 0.4661747722222222
9 0.47375661328124996 0.4401799 0.47375661328124996 0.5094995680555556 0.504950465625 0.5094995680555556 0.504950465625 0.4401799
9 0.45231084140625005 0.4505778486111111 0.45231084140625005 0.4817717 0.471806996875 0.4817717 0.471806996875 0.4505778486111111
2 0.42696583671875 0.4661747722222222 0.42696583671875 0.48523768055555555 0.44061314765625 0.48523768055555555 0.44061314765625 0.4661747722222222
2 0.31681254921875 0.4679077652777778 0.31681254921875 0.504300588888889 0.33630870546875 0.504300588888889 0.33630870546875 0.4679077652777778
2 0.39187275390625 0.4679077652777778 0.39187275390625 0.49043665694444444 0.4016208328125 0.49043665694444444 0.4016208328125 0.4679077652777778
2 0.44451237734375004 0.4661747722222222 0.44451237734375004 0.48523768055555555 0.45426045546875005 0.48523768055555555 0.45426045546875005 0.4661747722222222
7 0.68334029921875 0.23222089305555554 0.68334029921875 0.28074465833333334 0.7116097265625 0.28074465833333334 0.7116097265625 0.23222089305555554
7 0.67846626171875 0.28247765138888886 0.67846626171875 0.3084725277777778 0.72038299921875 0.3084725277777778 0.72038299921875 0.28247765138888886
6 0.39284756171875 0.4436458833333333 0.39284756171875 0.4627087916666667 0.39772160156249997 0.4627087916666667 0.39772160156249997 0.4436458833333333