2 0.45857016328125005 0.29916911944444446 0.45857016328125005 0.31225776666666666 0.46698429453125 0.31225776666666666 0.46698429453125 0.29916911944444446
2 0.46908782734375 0.3103879597222222 0.46908782734375 0.3309558361111111 0.47855372578125 0.3309558361111111 0.47855372578125 0.3103879597222222
2 0.475398425 0.31225776666666666 0.475398425 0.33656525694444445 0.49748551953125003 0.33656525694444445 0.49748551953125003 0.31225776666666666
2 0.4880196234375 0.31225776666666666 0.4880196234375 0.33656525694444445 0.5006408203125 0.33656525694444445 0.5006408203125 0.31225776666666666
2 0.49958905390624997 0.32534641527777775 0.49958905390624997 0.36087274861111107 0.5269349812499999 0.36087274861111107 0.5269349812499999 0.32534641527777775
2 0.52377968203125 0.3309558361111111 0.52377968203125 0.38518023749999997 0.56795387109375 0.38518023749999997 0.56795387109375 0.3309558361111111
2 0.465932528125 0.33469545 0.465932528125 0.3926594666666666 0.5080031843749999 0.3926594666666666 0.5080031843749999 0.33469545
2 0.38389474687499997 0.3440444847222222 0.38389474687499997 0.4020085013888889 0.42386187109374995 0.4020085013888889 0.42386187109374995 0.3440444847222222
2 0.9123022265625 0.30664834583333334 0.9123022265625 0.4169669583333333 0.99854707421875 0.4169669583333333 0.99854707421875 0.30664834583333334
2 0.9376892031249999 0.40836584861111114 0.9376892031249999 0.5635598291666667 0.9976398890624999 0.5635598291666667 0.9976398890624999 0.40836584861111114
7 0.03576005859375 0.060301275 0.03576005859375 0.1201351 0.062054219531249996 0.1201351 0.062054219531249996 0.060301275
7 0.420706571875 0.2528913944444445 0.420706571875 0.2715894611111111 0.44174189999999997 0.2715894611111111 0.44174189999999997 0.2528913944444445
7 0.57741976953125 0.23045370972222223 0.57741976953125 0.2622404277777778 0.59319626640625 0.2622404277777778 0.59319626640625 0.23045370972222223
7 0.68785524453125 0.17809911527777775 0.68785524453125 0.19866699166666665 0.71204587265625 0.19866699166666665 0.71204587265625 0.17809911527777775
7 0.67102698203125 0.2042764125 0.67102698203125 0.22297448472222223 0.70152820859375 0.22297448472222223 0.70152820859375 0.2042764125
7 0.8343137195312501 0.2117556416666667 0.8343137195312501 0.24541216527777776 0.8521937492187501 0.24541216527777776 0.8521937492187501 0.2117556416666667
7 0.8258995882812499 0.26037062222222224 0.8258995882812499 0.3015063763888889 0.85534904765625 0.3015063763888889 0.85534904765625 0.26037062222222224
7 0.83221018671875 0.3276836736111111 0.83221018671875 0.35573078055555557 0.8521937492187501 0.35573078055555557 0.8521937492187501 0.3276836736111111
7 0.8332619523437501 0.3089856041666667 0.8332619523437501 0.32394405972222223 0.850090215625 0.32394405972222223 0.850090215625 0.3089856041666667
6 0.4028265421875 0.28234085416666665 0.4028265421875 0.3047785388888889 0.41334420625 0.3047785388888889 0.41334420625 0.28234085416666665