7 0.24942618671875 0.41623875972222224 0.24942618671875 0.4987927833333333 0.40375971953125 0.4987927833333333 0.40375971953125 0.41623875972222224
7 0.58677470546875 0.5279294972222223 0.58677470546875 0.5473539749999999 0.5977009734375 0.5473539749999999 0.5977009734375 0.5279294972222223
6 0.58814048828125 0.5501289069444444 0.58814048828125 0.5914059194444444 0.5963351890624999 0.5914059194444444 0.5963351890624999 0.5501289069444444
7 0.11694518984374999 0.6201957583333334 0.11694518984374999 0.6469044138888889 0.13333459140624998 0.6469044138888889 0.13333459140624998 0.6201957583333334
7 0.27537607109375 0.6347641152777778 0.27537607109375 0.6541885930555555 0.28630233984375 0.6541885930555555 0.28630233984375 0.6347641152777778
4 0.37780983203125 0.6444763541666666 0.37780983203125 0.6760411277777778 0.38737031640624997 0.6760411277777778 0.38737031640624997 0.6444763541666666
4 0.3969308015625 0.6469044138888889 0.3969308015625 0.6687569486111111 0.405125503125 0.6687569486111111 0.405125503125 0.6469044138888889
4 0.31361801015625 0.6541885916666667 0.31361801015625 0.6736130680555555 0.31908114374999996 0.6736130680555555 0.31908114374999996 0.6541885916666667
4 0.305423309375 0.6541885916666667 0.305423309375 0.6736130680555555 0.31361801015625 0.6736130680555555 0.31361801015625 0.6541885916666667
4 0.2972286078125 0.6541885916666667 0.2972286078125 0.6736130680555555 0.3081548765625 0.6736130680555555 0.3081548765625 0.6541885916666667
2 0.295862825 0.6420482944444444 0.295862825 0.6566166527777777 0.31498379296875 0.6566166527777777 0.31498379296875 0.6420482944444444
2 0.13470037578125 0.6760411277777778 0.13470037578125 0.717318138888889 0.16747917890625 0.717318138888889 0.16747917890625 0.6760411277777778
2 0.22211051718750002 0.6639008305555556 0.22211051718750002 0.6857533652777777 0.239865703125 0.6857533652777777 0.239865703125 0.6639008305555556
5 0.6960373804687501 0.38224592777777777 0.6960373804687501 0.9989730444444445 0.951438890625 0.9989730444444445 0.951438890625 0.38224592777777777
3 0.682379546875 0.6323360569444445 0.682379546875 0.9965449833333333 0.99924131328125 0.9965449833333333 0.99924131328125 0.6323360569444445