7 0.27414283359375 0.5571866652777777 0.27414283359375 0.6043119041666667 0.30143042734375 0.6043119041666667 0.30143042734375 0.5571866652777777
7 0.9173503843749999 0.4864988055555555 0.9173503843749999 0.5793632472222222 0.94073975 0.5793632472222222 0.94073975 0.4864988055555555
7 0.8846052757812499 0.4211570736111111 0.8846052757812499 0.4627381652777777 0.92358755 0.4627381652777777 0.92358755 0.4211570736111111
7 0.9274857773437499 0.44194761944444444 0.9274857773437499 0.47798456805555556 0.97972202578125 0.47798456805555556 0.97972202578125 0.44194761944444444
7 0.067536778125 0.47402446805555554 0.067536778125 0.5183776347222222 0.08858720703125 0.5183776347222222 0.08858720703125 0.47402446805555554
4 0.56309895546875 0.6382697736111111 0.56309895546875 0.7006414166666667 0.5716750546875 0.7006414166666667 0.5716750546875 0.6382697736111111
4 0.5545228546875001 0.6396558125 0.5545228546875001 0.6895531222222222 0.56387860078125 0.6895531222222222 0.56387860078125 0.6396558125
4 0.570895409375 0.6382697736111111 0.570895409375 0.6978693388888888 0.58025115625 0.6978693388888888 0.58025115625 0.6382697736111111
2 0.4223079890625 0.6454309902777777 0.4223079890625 0.6620634277777778 0.43166373515625 0.6620634277777778 0.43166373515625 0.6454309902777777
2 0.40749472578125 0.6482030638888889 0.40749472578125 0.6662215375 0.4215283453125 0.6662215375 0.4215283453125 0.6482030638888889
2 0.39346110625 0.6468170263888889 0.39346110625 0.6689936097222222 0.40827436953124996 0.6689936097222222 0.40827436953124996 0.6468170263888889
2 0.37942748671875004 0.6315706263888888 0.37942748671875004 0.6745377541666667 0.395020396875 0.6745377541666667 0.395020396875 0.6315706263888888
2 0.35291953984375 0.6246404430555555 0.35291953984375 0.6786958652777778 0.389562878125 0.6786958652777778 0.389562878125 0.6246404430555555
2 0.44647699999999996 0.6482030638888889 0.44647699999999996 0.6731517208333333 0.45349380859375 0.6731517208333333 0.45349380859375 0.6482030638888889
2 0.44959558125 0.6412728819444444 0.44959558125 0.6883981208333333 0.4644088453125 0.6883981208333333 0.4644088453125 0.6412728819444444
2 0.45505310078125005 0.6412728819444444 0.45505310078125005 0.6883981208333333 0.47376459140625 0.6883981208333333 0.47376459140625 0.6412728819444444
2 0.46264163515625 0.6223303541666667 0.46264163515625 0.7553898513888888 0.55152122265625 0.7553898513888888 0.55152122265625 0.6223303541666667
2 0.32074615624999997 0.6348046847222222 0.32074615624999997 0.6888601055555555 0.3675248859375 0.6888601055555555 0.3675248859375 0.6348046847222222
2 0.1342939359375 0.6160931916666667 0.1342939359375 0.6784648291666667 0.206800965625 0.6784648291666667 0.206800965625 0.6160931916666667
2 0.42884678515625 0.6458929930555556 0.42884678515625 0.6680695777777778 0.44054146875000005 0.6680695777777778 0.44054146875000005 0.6458929930555556