2 0.0011770156250000001 0.28821619444444446 0.0011770156250000001 0.7910349222222223 0.1661059265625 0.7910349222222223 0.1661059265625 0.28821619444444446
2 0.42016663515625 0.25702396527777777 0.42016663515625 0.7161735750000001 0.80195951640625 0.7161735750000001 0.80195951640625 0.25702396527777777
2 0.29594357890625 0.3605821652777778 0.29594357890625 0.48410339166666666 0.397708225 0.48410339166666666 0.397708225 0.3605821652777778
2 0.1261018921875 0.3668206111111111 0.1261018921875 0.44043427222222226 0.1829497296875 0.44043427222222226 0.1829497296875 0.3668206111111111
2 0.44192320937499996 0.31441766805555554 0.44192320937499996 0.4716265027777778 0.54438968203125 0.4716265027777778 0.54438968203125 0.31441766805555554
9 0.383437784375 0.2520332097222222 0.383437784375 0.4292050708333333 0.45502394921875 0.4292050708333333 0.45502394921875 0.2520332097222222
7 0.3366494375 0.28696850555555553 0.3366494375 0.29944539583333335 0.35630054140625 0.29944539583333335 0.35630054140625 0.28696850555555553
7 0.33805308749999996 0.2994453986111111 0.33805308749999996 0.33438069444444446 0.35770419140625 0.33438069444444446 0.35770419140625 0.2994453986111111
6 0.52894952734375 0.23830862777777778 0.52894952734375 0.2595193430555556 0.54017873046875 0.2595193430555556 0.54017873046875 0.23830862777777778
7 0.6936445 0.09232899722222222 0.6936445 0.16968572361111112 0.72171750703125 0.16968572361111112 0.72171750703125 0.09232899722222222
7 0.6929426750000001 0.1721811027777778 0.6929426750000001 0.23581325 0.72101568125 0.23581325 0.72101568125 0.1721811027777778
7 0.70347005234375 0.23955631805555555 0.70347005234375 0.2620147222222222 0.7287357578125 0.2620147222222222 0.7287357578125 0.23955631805555555
7 0.54696304375 0.2794823708333333 0.54696304375 0.2882161958333333 0.56170137109375 0.2882161958333333 0.56170137109375 0.2794823708333333