2 0.5010310101562501 0.6962200402777778 0.5010310101562501 0.7271478805555556 0.51262895078125 0.7271478805555556 0.51262895078125 0.6962200402777778
2 0.44536089921875 0.7106530333333333 0.44536089921875 0.7395190180555556 0.45695883750000005 0.7395190180555556 0.45695883750000005 0.7106530333333333
2 0.3618557296875 0.7065293208333334 0.3618557296875 0.7601375763888888 0.40592790234375 0.7601375763888888 0.40592790234375 0.7065293208333334
2 0.34561861328125 0.7189004555555556 0.34561861328125 0.7663231430555555 0.37113408125 0.7663231430555555 0.37113408125 0.7189004555555556
2 0.3317010859375 0.7168386013888889 0.3317010859375 0.764261288888889 0.3618557296875 0.764261288888889 0.3618557296875 0.7168386013888889
2 0.3177835578125 0.7189004555555556 0.3177835578125 0.7642612875000001 0.34097943750000004 0.7642612875000001 0.34097943750000004 0.7189004555555556
2 0.45347945625 0.6797251930555556 0.45347945625 0.7621994333333333 0.5058874390625 0.7621994333333333 0.5058874390625 0.6797251930555556
2 0.40012893203125 0.6982818972222222 0.40012893203125 0.7601375749999999 0.45115986796875 0.7601375749999999 0.45115986796875 0.6982818972222222
2 0.25167529843750003 0.7106530333333333 0.25167529843750003 0.784879848611111 0.32938149765625 0.784879848611111 0.32938149765625 0.7106530333333333
4 0.21572168593750002 0.7065293208333334 0.21572168593750002 0.7766324263888889 0.237757771875 0.7766324263888889 0.237757771875 0.7065293208333334
2 0.5033505984375 0.6529210638888888 0.5033505984375 0.8096221180555555 0.5717784445312499 0.8096221180555555 0.5717784445312499 0.6529210638888888
4 0.155412396875 0.7065293208333334 0.155412396875 0.7890035611111111 0.1716495125 0.7890035611111111 0.1716495125 0.7065293208333334
1 0.0011597937500000001 0.5271478472222222 0.0011597937500000001 0.8137458333333334 0.1646907484375 0.8137458333333334 0.1646907484375 0.5271478472222222
2 0 0.6487973527777778 0 0.9374571958333334 0.126417546875 0.9374571958333334 0.126417546875 0.6487973527777778
2 0.53350524375 0.5250859930555556 0.53350524375 0.9993128736111111 0.9115980890625 0.9993128736111111 0.9115980890625 0.5250859930555556
4 0.8814434437499999 0.6240550819444445 0.8814434437499999 0.7436427305555556 0.92203623359375 0.7436427305555556 0.92203623359375 0.6240550819444445