7 0.29339482031249997 0.31193174583333333 0.29339482031249997 0.33238628472222226 0.31209154921875004 0.33238628472222226 0.31209154921875004 0.31193174583333333
7 0.29483303046875 0.3323862875 0.29483303046875 0.3528408277777778 0.3106533375 0.3528408277777778 0.3106533375 0.3323862875
7 0.1179332109375 0.2982953888888889 0.1179332109375 0.3571021930555556 0.13519172968749998 0.3571021930555556 0.13519172968749998 0.2982953888888889
7 0 0.19176131944444444 0 0.27102266527777774 0.040269877343749996 0.27102266527777774 0.040269877343749996 0.19176131944444444
2 0.17258518984375 0.3767044555555556 0.17258518984375 0.3971589958333333 0.18552907890624998 0.3971589958333333 0.18552907890624998 0.3767044555555556
2 0.16107950859375 0.37926127361111106 0.16107950859375 0.40227263333333335 0.1783380265625 0.40227263333333335 0.1783380265625 0.37926127361111106
2 0.11937142109375001 0.3946021805555555 0.11937142109375001 0.4176135416666667 0.13519172968749998 0.4176135416666667 0.13519172968749998 0.3946021805555555
2 0.09348364375 0.3971589958333333 0.09348364375 0.43295444166666663 0.12800068125 0.43295444166666663 0.12800068125 0.3971589958333333
2 0.07478691484375 0.40227263333333335 0.07478691484375 0.4457385333333333 0.10930395234375001 0.4457385333333333 0.10930395234375001 0.40227263333333335
2 0.06040481484375 0.4073862694444444 0.06040481484375 0.46107943888888886 0.07910154453125 0.46107943888888886 0.07910154453125 0.4073862694444444
2 0.0460227171875 0.40994308194444445 0.0460227171875 0.4636362527777778 0.070472284375 0.4636362527777778 0.070472284375 0.40994308194444445
2 0.01538452578125 0.40994308194444445 0.01538452578125 0.48141552638888885 0.054651977343750005 0.48141552638888885 0.054651977343750005 0.40994308194444445
2 0.1323153125 0.3843749097222222 0.1323153125 0.41505671944444444 0.15820308984375 0.41505671944444444 0.15820308984375 0.3843749097222222
2 0.29770944921875003 0.38181809166666664 0.29770944921875003 0.41249990000000003 0.3379793265625 0.41249990000000003 0.3379793265625 0.38181809166666664
2 0.28045092890625 0.3869317263888889 0.28045092890625 0.4252839888888889 0.31209154765624997 0.4252839888888889 0.31209154765624997 0.3869317263888889
2 0.37393457421875 0.3741476402777778 0.37393457421875 0.41505672083333334 0.40845161171875005 0.41505672083333334 0.40845161171875005 0.3741476402777778
2 0 0.41009470833333334 0 0.48396269861111113 0.01681731015625 0.48396269861111113 0.01681731015625 0.41009470833333334