7 0.7344262234375 0.16224973055555555 0.7344262234375 0.21425285000000002 0.76133783671875 0.21425285000000002 0.76133783671875 0.16224973055555555
7 0.309690753125 0.3036982125 0.309690753125 0.3349000847222222 0.328411875 0.3349000847222222 0.328411875 0.3036982125
7 0.196193946875 0.27249634166666664 0.196193946875 0.32865970972222225 0.21491506875000002 0.32865970972222225 0.21491506875000002 0.27249634166666664
7 0.16343198125 0.29121746249999997 0.16343198125 0.32033920833333335 0.17981296328125002 0.32033920833333335 0.17981296328125002 0.29121746249999997
4 0.6806029953125 0.33698020833333336 0.6806029953125 0.5429125555555555 0.74027657421875 0.5429125555555555 0.74027657421875 0.33698020833333336
4 0.03706440390625 0.3661019541666667 0.03706440390625 0.41810507361111116 0.05110524609375 0.41810507361111116 0.05110524609375 0.3661019541666667
2 0.108438684375 0.3661019541666667 0.108438684375 0.4035442 0.14003057890624998 0.4035442 0.14003057890624998 0.3661019541666667
2 0.05110524609375 0.36194170694444444 0.05110524609375 0.4035442 0.0745066484375 0.4035442 0.0745066484375 0.36194170694444444
2 0.020683421875 0.3661019541666667 0.020683421875 0.40770444861111116 0.046424966406250004 0.40770444861111116 0.046424966406250004 0.3661019541666667
2 0.06280594765625 0.36402182777777775 0.06280594765625 0.4264255708333333 0.114289034375 0.4264255708333333 0.114289034375 0.36402182777777775
2 0.1540714203125 0.3639282625 0.1540714203125 0.44098644444444446 0.2406566140625 0.44098644444444446 0.2406566140625 0.3639282625
2 0.34581308359374996 0.37692570000000003 0.34581308359374996 0.4133185263888889 0.3867550125 0.4133185263888889 0.3867550125 0.37692570000000003
2 0.38967943671875 0.37692570000000003 0.38967943671875 0.4133185263888889 0.42087328749999997 0.4133185263888889 0.42087328749999997 0.37692570000000003
2 0.42087328749999997 0.3734597166666666 0.42087328749999997 0.4133185263888889 0.45011752265625005 0.4133185263888889 0.45011752265625005 0.3734597166666666
2 0 0.3639282625 0 0.3968551055555556 0.01949615703125 0.3968551055555556 0.01949615703125 0.3639282625