6 0.40921860703124996 0.5308926736111111 0.40921860703124996 0.5458926680555555 0.41238266875 0.5458926680555555 0.41238266875 0.5308926736111111
6 0.51574200703125 0.5083926847222222 0.51574200703125 0.5233926777777778 0.52207013125 0.5233926777777778 0.52207013125 0.5083926847222222
6 0.41343735625000005 0.5308926736111111 0.41343735625000005 0.5458926680555555 0.41660141640625004 0.5458926680555555 0.41660141640625004 0.5308926736111111
6 0.32961071406250003 0.5584568361111112 0.32961071406250003 0.5828318263888889 0.33699352265625004 0.5828318263888889 0.33699352265625004 0.5584568361111112
7 0.5769138609375 0.5071873222222222 0.5769138609375 0.5353123125 0.58957010546875 0.5353123125 0.58957010546875 0.5071873222222222
4 0.8485167820312499 0.4965818583333333 0.8485167820312499 0.5209568486111111 0.8622277148437499 0.5209568486111111 0.8622277148437499 0.4965818583333333
4 0.12711078515625002 0.588456825 0.12711078515625002 0.6372068097222222 0.13765765859375 0.6372068097222222 0.13765765859375 0.588456825
4 0.10074360625 0.5959568236111111 0.10074360625 0.6672067986111111 0.11339985156250001 0.6672067986111111 0.11339985156250001 0.5959568236111111
4 0.08703267421875 0.5865818263888889 0.08703267421875 0.6747067916666667 0.10074360546875001 0.6747067916666667 0.10074360546875001 0.5865818263888889
4 0.075431115625 0.588456825 0.075431115625 0.6784567958333334 0.09019673593750001 0.6784567958333334 0.09019673593750001 0.588456825
4 0.049063938281250004 0.5865818263888889 0.049063938281250004 0.6803317930555556 0.07226705546875 0.6803317930555556 0.07226705546875 0.5865818263888889
4 0.312187390625 0.5801783666666667 0.312187390625 0.6008033583333333 0.3195702015625 0.6008033583333333 0.3195702015625 0.5801783666666667
4 0.30480458046875 0.5801783666666667 0.30480458046875 0.6083033555555555 0.312187390625 0.6083033555555555 0.312187390625 0.5801783666666667
4 0.295312396875 0.5858033638888889 0.295312396875 0.63080335 0.3079686421875 0.63080335 0.3079686421875 0.5858033638888889
4 0.3524105171875 0.5759997986111111 0.3524105171875 0.6116247888888888 0.36084801484375 0.6116247888888888 0.36084801484375 0.5759997986111111
0 0.5338167046875 0.5722497944444445 0.5338167046875 0.6003747833333333 0.54647295 0.6003747833333333 0.54647295 0.5722497944444445
0 0.59709793203125 0.5722497944444445 0.59709793203125 0.6303747736111112 0.62346511171875 0.6303747736111112 0.62346511171875 0.5722497944444445
5 0.53170733046875 0.5478748027777778 0.53170733046875 0.5891247875 0.54647295 0.5891247875 0.54647295 0.5478748027777778
5 0.60237136796875 0.5328748097222222 0.60237136796875 0.6097497805555555 0.62135573671875 0.6097497805555555 0.62135573671875 0.5328748097222222
4 0.36084801484375 0.5759997930555556 0.36084801484375 0.6116247805555556 0.36717613828125 0.6116247805555556 0.36717613828125 0.5759997930555556
5 0.78945430390625 0.5040818527777778 0.78945430390625 0.5734568291666666 0.81265741953125 0.5734568291666666 0.81265741953125 0.5040818527777778
0 0.78523555625 0.5378318458333333 0.78523555625 0.5790818319444444 0.8210949171875 0.5790818319444444 0.8210949171875 0.5378318458333333
2 0.42398422656249996 0.5733747972222223 0.42398422656249996 0.5958747888888889 0.43558578515625 0.5958747888888889 0.43558578515625 0.5733747972222223
2 0.41343735625000005 0.5771247986111111 0.41343735625000005 0.5977497902777777 0.42503891328125 0.5977497902777777 0.42503891328125 0.5771247986111111
2 0.3881248640625 0.5808747972222222 0.3881248640625 0.5977497902777777 0.41554673046875 0.5977497902777777 0.41554673046875 0.5808747972222222
2 0.42820297421875003 0.5714997972222222 0.42820297421875003 0.5958747847222222 0.45562484062499997 0.5958747847222222 0.45562484062499997 0.5714997972222222
2 0.5452732460937499 0.5552676638888888 0.5452732460937499 0.5908926527777777 0.56003886640625 0.5908926527777777 0.56003886640625 0.5552676638888888
2 0.55371074375 0.559017663888889 0.55371074375 0.59651765 0.56953105078125 0.59651765 0.56953105078125 0.559017663888889
2 0.5663669890625 0.5496426666666667 0.5663669890625 0.6040176486111111 0.5842966703125 0.6040176486111111 0.5842966703125 0.5496426666666667
2 0.5769138609375 0.5552676638888888 0.5769138609375 0.60589265 0.601171665625 0.60589265 0.601171665625 0.5552676638888888
2 0.5853513578125 0.5683926597222222 0.5853513578125 0.6115176486111111 0.60644509921875 0.6115176486111111 0.60644509921875 0.5683926597222222
2 0.6180466585937501 0.5571426666666667 0.6180466585937501 0.6171426444444444 0.64124977578125 0.6171426444444444 0.64124977578125 0.5571426666666667
1 0.4957029515625 0.5496426666666667 0.4957029515625 0.5833926541666666 0.5125779453125 0.5833926541666666 0.5125779453125 0.5496426666666667
9 0.46039191796875 0.5322068458333333 0.46039191796875 0.5547068388888888 0.4909778453125 0.5547068388888888 0.4909778453125 0.5322068458333333
2 0.43297005390625004 0.5565818361111111 0.43297005390625004 0.5734568319444444 0.44773567343750004 0.5734568319444444 0.44773567343750004 0.5565818361111111
2 0.44879035937499995 0.5565818361111111 0.44879035937499995 0.6522068027777778 0.51312627421875 0.6522068027777778 0.51312627421875 0.5565818361111111
2 0.30429822265625 0.6015818208333333 0.30429822265625 0.6315818111111111 0.32750133984374996 0.6315818111111111 0.32750133984374996 0.6015818208333333
9 0.12711078515625002 0.5265818472222222 0.12711078515625002 0.6934567888888888 0.24629043046875002 0.6934567888888888 0.24629043046875002 0.5265818472222222
9 0.6375793562500001 0.5003318541666667 0.6375793562500001 0.6353318069444445 0.7388293203125 0.6353318069444445 0.7388293203125 0.5003318541666667
2 0.7815231640625 0.5118748208333334 0.7815231640625 0.6899997569444445 0.988241840625 0.6899997569444445 0.988241840625 0.5118748208333334