6 0.1449002296875 0.35359511805555555 0.1449002296875 0.40573535555555557 0.15723867265625 0.40573535555555557 0.15723867265625 0.35359511805555555
2 0.2301476515625 0.4795167486111111 0.2301476515625 0.5333572236111112 0.2727713625 0.5333572236111112 0.2727713625 0.4795167486111111
2 0.2929615421875 0.4735344736111111 0.2929615421875 0.5114222152777778 0.32100345703125 0.5114222152777778 0.32100345703125 0.4735344736111111
2 0.31876010390625 0.48350493333333333 0.31876010390625 0.5074340319444445 0.3288551921875 0.5074340319444445 0.3288551921875 0.48350493333333333
2 0.3299768703125 0.4815108402777778 0.3299768703125 0.5054399402777778 0.335585253125 0.5054399402777778 0.335585253125 0.4815108402777778
2 0.33446357656250003 0.4775226569444444 0.33446357656250003 0.49546948055555556 0.3501670484375 0.49546948055555556 0.3501670484375 0.4775226569444444
2 0.3501670484375 0.4815108402777778 0.3501670484375 0.4954694833333333 0.36138381484375 0.4954694833333333 0.36138381484375 0.4815108402777778
2 0.36250549140625 0.4715403819444444 0.36250549140625 0.49347539166666665 0.37708728671874997 0.49347539166666665 0.37708728671874997 0.4715403819444444
2 0.37820896406250004 0.4735344736111111 0.37820896406250004 0.49347539166666665 0.3939124375 0.49347539166666665 0.3939124375 0.4735344736111111
2 0.36811387500000003 0.4535935583333333 0.36811387500000003 0.6470204555555555 0.50832345078125 0.6470204555555555 0.50832345078125 0.4535935583333333
2 0.48813327109375004 0.47552856527777776 0.48813327109375004 0.4974635736111111 0.50383674375 0.4974635736111111 0.50383674375 0.47552856527777776
2 0.5038367445312499 0.4775226569444444 0.5038367445312499 0.5074340319444445 0.5195402171875 0.5074340319444445 0.5195402171875 0.4775226569444444
2 0.5184185390625 0.4715403819444444 0.5184185390625 0.5114222166666667 0.5296353046875 0.5114222166666667 0.5296353046875 0.4715403819444444
2 0.52402692265625 0.4695462902777778 0.52402692265625 0.5193985861111111 0.5419737484375 0.5193985861111111 0.5419737484375 0.4695462902777778
2 0.5352436890625001 0.4735344736111111 0.5352436890625001 0.5193985847222222 0.55206883828125 0.5193985847222222 0.55206883828125 0.4735344736111111
2 0.54870380703125 0.4715403819444444 0.54870380703125 0.5253808625 0.5789890765625 0.5253808625 0.5789890765625 0.4715403819444444
2 0.5531905148437499 0.4535935583333333 0.5531905148437499 0.6390440888888889 0.7203203296875 0.6390440888888889 0.7203203296875 0.4535935583333333
2 0.741632184375 0.46156992222222226 0.741632184375 0.5513040527777778 0.89642355546875 0.5513040527777778 0.89642355546875 0.46156992222222226
2 0.83585301953125 0.44362309861111116 0.83585301953125 0.5373454083333333 0.912127028125 0.5373454083333333 0.912127028125 0.44362309861111116
2 0.9648458296875001 0.46755219861111114 0.9648458296875001 0.5532981444444445 0.99961780390625 0.5532981444444445 0.99961780390625 0.46755219861111114
7 0.5952363828125 0.3709010638888889 0.5952363828125 0.404800625 0.6086965023437501 0.404800625 0.6086965023437501 0.3709010638888889
7 0.60196644296875 0.4107829 0.60196644296875 0.44468246111111115 0.6131832078125 0.44468246111111115 0.6131832078125 0.4107829
6 0.64459015390625 0.35096014583333335 0.64459015390625 0.4028065305555556 0.656928596875 0.4028065305555556 0.656928596875 0.35096014583333335
6 0.64459015390625 0.4240768388888889 0.64459015390625 0.44401775694444445 0.65917195 0.44401775694444445 0.65917195 0.4240768388888889
6 0.7578794921875 0.3483013513888889 0.7578794921875 0.38818318611111113 0.7679745796875 0.38818318611111113 0.7679745796875 0.3483013513888889
6 0.8408835609375 0.1694977986111111 0.8408835609375 0.2751846611111111 0.866682121875 0.2751846611111111 0.866682121875 0.1694977986111111
6 0.8801422421874999 0.27917284305555556 0.8801422421874999 0.3350074138888889 0.90033242109375 0.3350074138888889 0.90033242109375 0.27917284305555556
6 0.8420052374999999 0.3389955972222222 0.8420052374999999 0.3908419833333333 0.8722905046875 0.3908419833333333 0.8722905046875 0.3389955972222222
6 0.8072332617187501 0.3469719652777778 0.8072332617187501 0.3908419833333333 0.822936734375 0.3908419833333333 0.822936734375 0.3469719652777778
7 0.8083549382812499 0.2911373944444444 0.8083549382812499 0.3190546791666667 0.8330318234374999 0.3190546791666667 0.8330318234374999 0.2911373944444444
7 0.7634878734375 0.2771787513888889 0.7634878734375 0.3011078513888889 0.7836780531249999 0.3011078513888889 0.7836780531249999 0.2771787513888889
7 0.160025859375 0.35096014583333335 0.160025859375 0.3748892472222222 0.18358106875 0.3748892472222222 0.18358106875 0.35096014583333335
6 0.0343980796875 0.3728951555555555 0.0343980796875 0.41477108194444445 0.0478581984375 0.41477108194444445 0.0478581984375 0.3728951555555555
6 0.0310557625 0.4920885944444444 0.0310557625 0.5259009791666667 0.04158313984375 0.5259009791666667 0.04158313984375 0.4920885944444444
6 0.14527780625 0.43843798055555555 0.14527780625 0.4584010069444444 0.160717959375 0.4584010069444444 0.160717959375 0.43843798055555555