7 0.2204764828125 0.42677424861111113 0.2204764828125 0.4398387680555556 0.23639886484375 0.4398387680555556 0.23639886484375 0.42677424861111113
7 0.39807227265625 0.4354839277777778 0.39807227265625 0.4550807041666666 0.40787066171874997 0.4550807041666666 0.40787066171874997 0.4354839277777778
7 0.4164442515625 0.4376613472222222 0.4164442515625 0.4616129611111111 0.4544130078125 0.4616129611111111 0.4544130078125 0.4376613472222222
7 0.5107537382812499 0.3604622791666667 0.5107537382812499 0.43112908749999995 0.5683192703125 0.43112908749999995 0.5683192703125 0.3604622791666667
7 0.6185360109375 0.4572581222222222 0.6185360109375 0.49209683611111116 0.63323359375 0.49209683611111116 0.63323359375 0.4572581222222222
7 0.93085963984375 0.4050000513888889 0.93085963984375 0.4790323180555556 0.9737275882812501 0.4790323180555556 0.9737275882812501 0.4050000513888889
2 0.48135857499999996 0.47903231944444447 0.48135857499999996 0.4964516763888889 0.48625776953125 0.4964516763888889 0.48625776953125 0.47903231944444447
2 0.4421650203125 0.4833871597222222 0.4421650203125 0.5008065166666666 0.44951380781249994 0.5008065166666666 0.44951380781249994 0.4833871597222222
2 0.429917034375 0.49209683611111116 0.429917034375 0.5095161972222222 0.4433898171875 0.5095161972222222 0.4433898171875 0.49209683611111116
9 0.425017840625 0.47032264166666665 0.425017840625 0.5008065166666666 0.43481622890624994 0.5008065166666666 0.43481622890624994 0.47032264166666665
2 0.40542106406249995 0.47903231944444447 0.40542106406249995 0.5008065166666666 0.41399465234375 0.5008065166666666 0.41399465234375 0.47903231944444447
2 0.41521945234375 0.4833871597222222 0.41521945234375 0.5051613555555556 0.42501784296875 0.5051613555555556 0.42501784296875 0.4833871597222222
9 0.39072348203125 0.4768549013888889 0.39072348203125 0.5051613569444444 0.4066458625 0.5051613569444444 0.4066458625 0.4768549013888889
9 0.4495138109375 0.4768549013888889 0.4495138109375 0.5129655513888889 0.46790776640625 0.5129655513888889 0.46790776640625 0.4768549013888889
2 0.5107537382812499 0.4877419986111111 0.5107537382812499 0.507338775 0.5291257164062501 0.507338775 0.5291257164062501 0.4877419986111111
9 0.48503296875 0.48120973888888885 0.48503296875 0.5334678111111112 0.51320333671875 0.5334678111111112 0.51320333671875 0.48120973888888885
2 0.40297146640625003 0.5008065166666666 0.40297146640625003 0.5530645875 0.43604102734375 0.5530645875 0.43604102734375 0.5008065166666666
2 0.35275472734375 0.5247581319444444 0.35275472734375 0.5900807208333333 0.4041962640625 0.5900807208333333 0.4041962640625 0.5247581319444444
2 0.5156529328125 0.5116936152777778 0.5156529328125 0.5966129819444445 0.57444326484375 0.5966129819444445 0.57444326484375 0.5116936152777778
9 0.31356117421874996 0.4572581222222222 0.31356117421874996 0.4986290958333333 0.33315795078125 0.4986290958333333 0.33315795078125 0.4572581222222222
2 0.198430109375 0.48991941805555556 0.198430109375 0.5116936111111111 0.22660047578125 0.5116936111111111 0.22660047578125 0.48991941805555556
2 0.23149967187499998 0.45290328472222224 0.23149967187499998 0.4746774777777778 0.24129806015625 0.4746774777777778 0.24129806015625 0.45290328472222224
7 0.5410183546875 0.3465983458333333 0.5410183546875 0.3604622791666667 0.56733816640625 0.3604622791666667 0.56733816640625 0.3465983458333333
7 0.185213490625 0.4107190388888889 0.185213490625 0.4211169888888889 0.2359034984375 0.4211169888888889 0.2359034984375 0.4107190388888889