2 0.23792101015624997 0.38023530138888884 0.23792101015624997 0.4109171111111111 0.2650415390625 0.4109171111111111 0.2650415390625 0.38023530138888884
9 0.2761363015625 0.35393660833333335 0.2761363015625 0.3977677625 0.30299618515625004 0.3977677625 0.30299618515625004 0.35393660833333335
2 0.3957131796875 0.3605112861111111 0.3957131796875 0.386809975 0.41050619765625 0.386809975 0.41050619765625 0.3605112861111111
2 0.4092734453125 0.35393660833333335 0.4092734453125 0.37804374305555555 0.421600959375 0.37804374305555555 0.421600959375 0.35393660833333335
2 0.4474887359375 0.3561281652777778 0.4474887359375 0.3780437472222223 0.462281753125 0.3780437472222223 0.462281753125 0.3561281652777778
2 0.46351450390625004 0.3517450513888889 0.46351450390625004 0.38461842222222226 0.4857040265625 0.38461842222222226 0.4857040265625 0.3517450513888889
2 0.4795402734375 0.3561281652777778 0.4795402734375 0.3824268583333333 0.5078935515625 0.3824268583333333 0.5078935515625 0.3561281652777778
9 0.5867896390625 0.24216715138888892 0.5867896390625 0.3736606333333334 0.71869403203125 0.3736606333333334 0.71869403203125 0.24216715138888892
9 0.7131466515625 0.22061859444444445 0.7131466515625 0.37731964999999995 0.9037694796875 0.37731964999999995 0.9037694796875 0.22061859444444445
2 0.42776471718750003 0.3561281652777778 0.42776471718750003 0.37585218750000005 0.44255773046874997 0.37585218750000005 0.44255773046874997 0.3561281652777778
6 0.47091101171874994 0.24435871111111113 0.47091101171874994 0.27065740694444446 0.4770747703125 0.27065740694444446 0.4770747703125 0.24435871111111113
6 0.45981625078125 0.24435871111111113 0.45981625078125 0.2772320777777778 0.4696782625 0.2772320777777778 0.4696782625 0.24435871111111113
7 0.33037736171875 0.3144885638888889 0.33037736171875 0.3298294694444444 0.34393762578125 0.3298294694444444 0.34393762578125 0.3144885638888889
6 0.2921620671875 0.28599830972222223 0.2921620671875 0.3013392166666667 0.30202407578125 0.3013392166666667 0.30202407578125 0.28599830972222223
2 0.8784280078125001 0.3525773763888889 0.8784280078125001 0.42268048194444446 0.98280946875 0.42268048194444446 0.98280946875 0.3525773763888889