2 0.4375089890625 0.490099175 0.4375089890625 0.5053749944444444 0.44610163593749996 0.5053749944444444 0.44610163593749996 0.490099175
2 0.448249796875 0.4710044027777778 0.448249796875 0.4977370861111111 0.46865733671875 0.4977370861111111 0.46865733671875 0.4710044027777778
2 0.34513802265625004 0.47673283749999995 0.34513802265625004 0.5244697694444445 0.36984188515625 0.5244697694444445 0.36984188515625 0.47673283749999995
2 0.9161910921875001 0.3863509138888889 0.9161910921875001 0.529561711111111 0.99782124921875 0.529561711111111 0.99782124921875 0.3863509138888889
2 0.69385632578125 0.4646394847222223 0.69385632578125 0.5830270791666666 0.88504274296875 0.5830270791666666 0.88504274296875 0.4646394847222223
2 0.8141533984375 0.4894626888888889 0.8141533984375 0.70332415 0.9988953289062501 0.70332415 0.9988953289062501 0.4894626888888889
2 0.44395347421875 0.47673283749999995 0.44395347421875 0.5702972263888889 0.49980568593749997 0.5702972263888889 0.49980568593749997 0.47673283749999995
2 0.35802699375 0.47291388055555555 0.35802699375 0.5817540888888889 0.44610163593749996 0.5817540888888889 0.44610163593749996 0.47291388055555555
2 0.15395160546875 0.4799153027777778 0.15395160546875 0.613578713888889 0.36017515703125 0.613578713888889 0.36017515703125 0.4799153027777778
1 0.0003580234375 0.36025471805555553 0.0003580234375 0.532107675 0.07661777343750001 0.532107675 0.07661777343750001 0.36025471805555553
2 0.0014321015625 0.5066479847222222 0.0014321015625 0.6441303541666668 0.12602549765624999 0.6441303541666668 0.12602549765624999 0.5066479847222222
4 0.004654346875 0.511739925 0.004654346875 0.8439889805555555 0.05406207109375 0.8439889805555555 0.05406207109375 0.511739925
4 0.14428487578125 0.4760963486111111 0.14428487578125 0.5753891708333333 0.1657664953125 0.5753891708333333 0.1657664953125 0.4760963486111111
4 0.53811458203125 0.4722773944444444 0.53811458203125 0.5410185819444445 0.5542257968750001 0.5410185819444445 0.5542257968750001 0.4722773944444444
4 0.39311364453125003 0.47036791666666666 0.39311364453125003 0.6002123763888889 0.42103975078125 0.6002123763888889 0.42103975078125 0.47036791666666666
7 0.484768553125 0.4219944875 0.484768553125 0.44490821527777774 0.49550936171875 0.44490821527777774 0.49550936171875 0.4219944875
7 0.3719900484375 0.44809067500000005 0.3719900484375 0.46336649722222223 0.38917534296875 0.46336649722222223 0.38917534296875 0.44809067500000005
0 0.8270423703124999 0.5951204458333333 0.8270423703124999 0.9617400930555555 0.9956730874999999 0.9617400930555555 0.9956730874999999 0.5951204458333333
0 0.75293078125 0.5893920125000001 0.75293078125 0.9636495680555555 0.90437620234375 0.9636495680555555 0.90437620234375 0.5893920125000001
7 0.7782313390625 0 0.7782313390625 0.12711946944444444 0.8974543304687501 0.12711946944444444 0.8974543304687501 0
7 0.9038988171875 0.020188740277777777 0.9038988171875 0.12139103749999999 0.9490102195312501 0.12139103749999999 0.9490102195312501 0.020188740277777777
7 0.804291390625 0.11737318611111112 0.804291390625 0.19948070972222223 0.8762548171875 0.19948070972222223 0.8762548171875 0.11737318611111112
4 0.8010691484375 0.44389380833333336 0.8010691484375 0.4629885791666667 0.8096617953124999 0.4629885791666667 0.8096617953124999 0.44389380833333336
7 0.11356292734375 0.27066270972222223 0.11356292734375 0.3243800027777778 0.12867091640625 0.3243800027777778 0.12867091640625 0.27066270972222223