4 0.25359503515625004 0.23454912083333335 0.25359503515625004 0.2828913069444444 0.26265919453125003 0.2828913069444444 0.26265919453125003 0.23454912083333335
6 0.55271230625 0.26140589166666667 0.55271230625 0.30437672222222223 0.5627835953125 0.30437672222222223 0.5627835953125 0.26140589166666667
6 0.26366632343749996 0.2363395722222222 0.26366632343749996 0.2846817583333333 0.27575186953125 0.2846817583333333 0.27575186953125 0.2363395722222222
6 0.244530875 0.23813002361111113 0.244530875 0.2828913069444444 0.25460216406249997 0.2828913069444444 0.25460216406249997 0.23813002361111113
6 0.5436481468750001 0.26677724444444445 0.5436481468750001 0.30258627083333334 0.55069804921875 0.30258627083333334 0.55069804921875 0.26677724444444445
6 0.56379072421875 0.26856769583333334 0.56379072421875 0.30437672222222223 0.57084062578125 0.30437672222222223 0.57084062578125 0.26856769583333334
6 0.0008056906250000001 0.38673748194444446 0.0008056906250000001 0.42612741111111113 0.01691975234375 0.42612741111111113 0.01691975234375 0.38673748194444446
6 0.6614822234375 0.40643244722222227 0.6614822234375 0.42612741111111113 0.6786034140625 0.42612741111111113 0.6786034140625 0.40643244722222227
7 0.6574537078125 0.35809026111111114 0.6574537078125 0.3742043236111111 0.6786034140625 0.3742043236111111 0.6786034140625 0.35809026111111114
7 0 0.2900531125 0 0.3115385277777778 0.015912623437500002 0.3115385277777778 0.015912623437500002 0.2900531125
7 0 0.2596154402777778 0 0.2828913069444444 0.01691975234375 0.2828913069444444 0.01691975234375 0.2596154402777778
2 0.0008056906250000001 0.47626004861111115 0.0008056906250000001 0.6445624708333333 0.06828332421875 0.6445624708333333 0.06828332421875 0.47626004861111115
2 0.09346154609375 0.46372688888888886 0.09346154609375 0.5371353930555556 0.23244532890624997 0.5371353930555556 0.23244532890624997 0.46372688888888886
2 0.24150948828125 0.4708886944444444 0.24150948828125 0.5102786222222222 0.27071622578125 0.5102786222222222 0.27071622578125 0.4708886944444444
2 0.3492722765625 0.47626004861111115 0.3492722765625 0.49058365833333334 0.359343565625 0.49058365833333334 0.359343565625 0.47626004861111115
2 0.35833643671875 0.4690982430555556 0.35833643671875 0.4977454638888889 0.3744504984375 0.4977454638888889 0.3744504984375 0.4690982430555556
2 0.368407725 0.4690982430555556 0.368407725 0.4995359152777778 0.39056456015625 0.4995359152777778 0.39056456015625 0.4690982430555556
2 0.37344336953125 0.47626004861111115 0.37344336953125 0.5210213305555556 0.40970000859375 0.5210213305555556 0.40970000859375 0.47626004861111115
2 0.4137285234375 0.4744695972222222 0.4137285234375 0.4977454638888889 0.43588535859375 0.4977454638888889 0.43588535859375 0.4744695972222222
2 0.6574537078125 0.4476128263888889 0.6574537078125 0.5478781 0.79945887734375 0.5478781 0.79945887734375 0.4476128263888889
2 0.94851394921875 0.43328921666666664 0.94851394921875 0.5550399055555556 0.9988703921875001 0.5550399055555556 0.9988703921875001 0.43328921666666664
2 0.73903114609375 0.46372688888888886 0.73903114609375 0.7090187180555555 0.99584900546875 0.7090187180555555 0.99584900546875 0.46372688888888886
2 0.4177570390625 0.38852793333333335 0.4177570390625 0.8039126375 0.69068896015625 0.8039126375 0.69068896015625 0.38852793333333335
2 0.25460216406249997 0.4673077916666667 0.25460216406249997 0.5532494541666667 0.3875431734375 0.5532494541666667 0.3875431734375 0.4673077916666667
2 0.43588535859375 0.4726791458333333 0.43588535859375 0.49595501249999996 0.44797090468749995 0.49595501249999996 0.44797090468749995 0.4726791458333333