7 0.12185354296874999 0.4851137861111111 0.12185354296874999 0.5232186305555556 0.13180502968750002 0.5232186305555556 0.13180502968750002 0.4851137861111111
7 0.359158259375 0.5177750777777778 0.359158259375 0.5354666124999999 0.36604775234375003 0.5354666124999999 0.36604775234375003 0.5177750777777778
7 0.50460308671875 0.5082488680555556 0.50460308671875 0.5232186305555556 0.5114925796875001 0.5232186305555556 0.5114925796875001 0.5082488680555556
7 0.57273250546875 0.4810311208333333 0.57273250546875 0.5164141902777778 0.59033898515625 0.5164141902777778 0.59033898515625 0.4810311208333333
2 0.0009046859375000001 0.5531581472222222 0.0009046859375000001 0.5953456527777777 0.075923596875 0.5953456527777777 0.075923596875 0.5531581472222222
2 0.53445755078125 0.5204968541666667 0.53445755078125 0.550436375 0.56201551875 0.550436375 0.56201551875 0.5204968541666667
2 0.6048834671875001 0.5232186291666667 0.6048834671875001 0.5667670194444444 0.6722473859375 0.5667670194444444 0.6722473859375 0.5232186291666667
2 0.46250063671874997 0.5341057263888889 0.46250063671874997 0.5422710513888889 0.47015562890625 0.5422710513888889 0.47015562890625 0.5341057263888889
2 0.453314646875 0.5341057263888889 0.453314646875 0.5449928236111111 0.46096963984375006 0.5449928236111111 0.46096963984375006 0.5341057263888889
2 0.41503969375 0.5368275 0.41503969375 0.5490754861111111 0.422694684375 0.5490754861111111 0.422694684375 0.5368275
2 0.35073777109375 0.5300230625 0.35073777109375 0.5599625833333334 0.37140624375 0.5599625833333334 0.37140624375 0.5300230625
2 0.32394530078125 0.5327448402777778 0.32394530078125 0.5654061347222222 0.3507377671875 0.5654061347222222 0.3507377671875 0.5327448402777778
9 0.720543415625 0.4878355583333333 0.720543415625 0.5830976666666666 0.8920152140625 0.5830976666666666 0.8920152140625 0.4878355583333333