7 0.44548718593750003 0.4471118652777778 0.44548718593750003 0.4644417819444444 0.45913449531249995 0.4644417819444444 0.45913449531249995 0.4471118652777778
7 0.44451237734375004 0.4384469069444445 0.44451237734375004 0.4505778486111111 0.45815968671874996 0.4505778486111111 0.45815968671874996 0.4384469069444445
7 0.549791625 0.4228499819444444 0.549791625 0.44364588194444443 0.55953970390625 0.44364588194444443 0.55953970390625 0.4228499819444444
7 0.8480828257812499 0.3483313375 0.8480828257812499 0.3656612541666666 0.8695285984375 0.3656612541666666 0.8695285984375 0.3483313375
7 0.83443551640625 0.3379333861111111 0.83443551640625 0.3569962972222222 0.8471080179687499 0.3569962972222222 0.8471080179687499 0.3379333861111111
7 0.8354103242187501 0.3725932208333333 0.8354103242187501 0.3951221138888889 0.85393167109375 0.3951221138888889 0.85393167109375 0.3725932208333333
6 0.8588057125 0.4159180138888888 0.8588057125 0.4401798972222222 0.8763522523437499 0.4401798972222222 0.8763522523437499 0.4159180138888888
6 0.3733514046875 0.10051351944444444 0.3733514046875 0.17676515555555555 0.38797352265625 0.17676515555555555 0.38797352265625 0.10051351944444444
6 0.39187275390625 0.11611044583333333 0.39187275390625 0.18369712361111112 0.40259564140625 0.18369712361111112 0.40259564140625 0.11611044583333333
6 0.66189452734375 0.2010270402777778 0.66189452734375 0.2599487583333333 0.67456703046875 0.2599487583333333 0.67456703046875 0.2010270402777778
6 0.6804158765625 0.20276003194444445 0.6804158765625 0.2599487583333333 0.69601280234375 0.2599487583333333 0.69601280234375 0.20276003194444445
2 0.41234371875000003 0.4731067416666667 0.41234371875000003 0.5025675986111111 0.42014218124999997 0.5025675986111111 0.42014218124999997 0.4731067416666667
2 0.42696583671875 0.4800387083333333 0.42696583671875 0.4956356333333334 0.43378949218749996 0.4956356333333334 0.43378949218749996 0.4800387083333333
2 0.4669329578125 0.4817717 0.4669329578125 0.4956356319444445 0.47668103593750005 0.4956356319444445 0.47668103593750005 0.4817717
2 0.42794064453124997 0.47483973333333335 0.42794064453124997 0.5406934180555556 0.47570622890625 0.5406934180555556 0.47570622890625 0.47483973333333335
2 0.1384227140625 0.4644417819444444 0.1384227140625 0.5926831722222222 0.23395388359374997 0.5926831722222222 0.23395388359374997 0.4644417819444444
9 0.11990136484375 0.41765100555555557 0.11990136484375 0.5164315347222223 0.23102945937500002 0.5164315347222223 0.23102945937500002 0.41765100555555557
2 0.09461959609375001 0.49037596666666666 0.09461959609375001 0.5302954680555556 0.12380059609375 0.5302954680555556 0.12380059609375 0.49037596666666666
9 0.227130228125 0.23915285833333333 0.227130228125 0.5996151388888888 0.42306660625000003 0.5996151388888888 0.42306660625000003 0.23915285833333333
2 0.48058026796875 0.47483973333333335 0.48058026796875 0.4956356319444445 0.49032834609375 0.4956356319444445 0.49032834609375 0.47483973333333335
9 0.4893229109375 0.43324793194444444 0.4893229109375 0.5041047777777778 0.521522196875 0.5041047777777778 0.521522196875 0.43324793194444444
9 0.5507664328125 0.42631596666666666 0.5507664328125 0.5407149402777778 0.63690762890625 0.5407149402777778 0.63690762890625 0.42631596666666666
4 0.51664815859375 0.4800387083333333 0.51664815859375 0.5389604263888889 0.5283458515625 0.5389604263888889 0.5283458515625 0.4800387083333333
4 0.52639623671875 0.476572725 0.52639623671875 0.5320284597222222 0.5390687390625 0.5320284597222222 0.5390687390625 0.476572725
4 0.5419931625000001 0.4817717 0.5419931625000001 0.5528243611111111 0.5507664328125 0.5528243611111111 0.5507664328125 0.4817717
2 0.66481895078125 0.4315149402777778 0.66481895078125 0.8474329527777779 0.92996668515625 0.8474329527777779 0.92996668515625 0.4315149402777778
2 0.095477646875 0.4705454611111111 0.095477646875 0.49952850694444445 0.12379331953124999 0.49952850694444445 0.12379331953124999 0.4705454611111111
4 0.7707635359375 0.17003704444444445 0.7707635359375 0.20664720694444444 0.7904987015625 0.20664720694444444 0.7904987015625 0.17003704444444445
4 0.7904987015625 0.1730878902777778 0.7904987015625 0.20664720694444444 0.80336946171875 0.20664720694444444 0.80336946171875 0.1730878902777778