2 0.042764790625 0.44940789722222224 0.042764790625 0.47782895 0.08672860703125 0.47782895 0.08672860703125 0.44940789722222224
2 0.08373107265625 0.44407895000000003 0.08373107265625 0.47679653194444443 0.151251225 0.47679653194444443 0.151251225 0.44407895000000003
2 0.16666281796875 0.45828947638888884 0.16666281796875 0.47960526388888886 0.18964390312499999 0.47960526388888886 0.18964390312499999 0.45828947638888884
2 0.22361594296875 0.45828947638888884 0.22361594296875 0.48493421111111107 0.25658880546875 0.48493421111111107 0.25658880546875 0.45828947638888884
9 0.2925592 0.44630372916666666 0.2925592 0.48848684444444446 0.33052795 0.48848684444444446 0.33052795 0.44630372916666666
2 0.37049505546875 0.47250000277777776 0.37049505546875 0.4902631625 0.38648189765624996 0.4902631625 0.38648189765624996 0.47250000277777776
2 0.34851314765625 0.47605263472222226 0.34851314765625 0.48848684722222224 0.35950410078125 0.48848684722222224 0.35950410078125 0.47605263472222226
2 0.001559290625 0.45600598472222226 0.001559290625 0.47250000277777776 0.03277301328125 0.47250000277777776 0.03277301328125 0.45600598472222226
2 0.39647367421875 0.47782895 0.39647367421875 0.49559210833333334 0.41146133906250004 0.49559210833333334 0.41146133906250004 0.47782895
2 0.4174564046875 0.47960526527777775 0.4174564046875 0.49559210833333334 0.43743995625 0.49559210833333334 0.43743995625 0.47960526527777775
2 0.47086246171874996 0.4840460555555556 0.47086246171874996 0.4947039486111111 0.4848509484375 0.4947039486111111 0.4848509484375 0.4840460555555556
2 0.48639966171875004 0.48138158194444447 0.48639966171875004 0.5133552638888889 0.497390615625 0.5133552638888889 0.497390615625 0.48138158194444447
2 0.45642433281250006 0.4902631611111111 0.45642433281250006 0.5506578944444445 0.49239472656250005 0.5506578944444445 0.49239472656250005 0.4902631611111111
2 0.58005624453125 0.48315789722222224 0.58005624453125 0.6288157944444445 0.6812393015625 0.6288157944444445 0.6812393015625 0.48315789722222224
2 0.19064308125 0.46361842361111116 0.19064308125 0.47960526527777775 0.21062663359374997 0.47960526527777775 0.21062663359374997 0.46361842361111116
2 0.27857071328125 0.47072368611111115 0.27857071328125 0.48315789861111114 0.2885624890625 0.48315789861111114 0.2885624890625 0.47072368611111115