6 0.23012598125 0.0007222986111111112 0.23012598125 0.06656399166666667 0.24826189609375 0.06656399166666667 0.24826189609375 0.0007222986111111112
6 0.25679419375 0 0.25679419375 0.07006413888888889 0.282391084375 0.07006413888888889 0.282391084375 0
6 0.69316022578125 0.16974303333333335 0.69316022578125 0.22391634861111112 0.70656812109375 0.22391634861111112 0.70656812109375 0.16974303333333335
6 0.6846279296875 0.1740769013888889 0.6846279296875 0.22391634861111112 0.6919413265625 0.22391634861111112 0.6919413265625 0.1740769013888889
6 0.71144371953125 0.17190996666666666 0.71144371953125 0.22391634722222223 0.721194915625 0.22391634722222223 0.721194915625 0.17190996666666666
6 0.695598025 0.33876377083333337 0.695598025 0.36043309861111106 0.71144371953125 0.36043309861111106 0.71144371953125 0.33876377083333337
6 0 0.24341874166666666 0 0.28025659444444445 0.00935758671875 0.28025659444444445 0.00935758671875 0.24341874166666666
4 0.00935758671875 0.41677334027777774 0.00935758671875 0.4601119916666667 0.021546583593749998 0.4601119916666667 0.021546583593749998 0.41677334027777774
4 0.032516678125 0.41677334027777774 0.032516678125 0.4861151777777778 0.048362371875 0.4861151777777778 0.048362371875 0.41677334027777774
4 0.05811356875 0.41460640972222224 0.05811356875 0.499116775 0.08005376015625 0.499116775 0.08005376015625 0.41460640972222224
4 0.07761596093749999 0.41677334027777774 0.07761596093749999 0.4861151777777778 0.09346165468749999 0.4861151777777778 0.09346165468749999 0.41677334027777774
4 0.09224275546875 0.41460640972222224 0.09224275546875 0.462278925 0.10077505078125 0.462278925 0.10077505078125 0.41460640972222224
4 0.1032128515625 0.4297749361111111 0.1032128515625 0.45577812500000003 0.114182946875 0.45577812500000003 0.114182946875 0.4297749361111111
0 0 0.5142853027777777 0 0.8653283680555556 0.098337253125 0.8653283680555556 0.098337253125 0.5142853027777777
5 0 0.41243947499999994 0 0.8739960986111112 0.09224275546875 0.8739960986111112 0.09224275546875 0.41243947499999994
4 0.46035041484374994 0.40377174722222225 0.46035041484374994 0.4731135875 0.47253941015625 0.4731135875 0.47253941015625 0.40377174722222225
4 0.474977209375 0.41243947499999994 0.474977209375 0.47961438194444445 0.4835095046875 0.47961438194444445 0.4835095046875 0.41243947499999994
4 0.50179299765625 0.40377174722222225 0.50179299765625 0.4731135875 0.5176386921875 0.4731135875 0.5176386921875 0.40377174722222225
4 0.59199156328125 0.39510401388888894 0.59199156328125 0.4731135847222222 0.61393175546875 0.4731135847222222 0.61393175546875 0.39510401388888894
4 0.55054898046875 0.3994378791666667 0.55054898046875 0.4817813152777778 0.5639568757812501 0.4817813152777778 0.5639568757812501 0.3994378791666667
4 0.7455729046874999 0.38643628472222225 0.7455729046874999 0.47744745 0.76019969921875 0.47744745 0.76019969921875 0.38643628472222225
4 0.76629419921875 0.38210242222222224 0.76629419921875 0.4666127875 0.7857965921875001 0.4666127875 0.7857965921875001 0.38210242222222224
4 0.5200764906249999 0.3972709472222222 0.5200764906249999 0.47961438194444445 0.5322654874999999 0.47961438194444445 0.5322654874999999 0.3972709472222222
4 0.539578884375 0.40377174722222225 0.539578884375 0.4817813166666666 0.54811118125 0.4817813166666666 0.54811118125 0.40377174722222225
4 0.5651757734375 0.3994378791666667 0.5651757734375 0.47744745 0.5773647703125 0.47744745 0.5773647703125 0.3994378791666667
4 0.57614587109375 0.40160481249999996 0.57614587109375 0.4687797194444444 0.58711596640625 0.4687797194444444 0.58711596640625 0.40160481249999996
4 0.6846279296875 0.40810560972222226 0.6846279296875 0.48611517916666663 0.69925472265625 0.48611517916666663 0.69925472265625 0.40810560972222226
4 0.672438934375 0.39510401388888894 0.672438934375 0.4752805166666667 0.6846279296875 0.4752805166666667 0.6846279296875 0.39510401388888894
4 0.66512553671875 0.39077015000000004 0.66512553671875 0.4666127875 0.6748767328125 0.4666127875 0.6748767328125 0.39077015000000004
4 0.6602499390625 0.40377174722222225 0.6602499390625 0.462278925 0.67000113515625 0.462278925 0.67000113515625 0.40377174722222225
1 0.11174514765625002 0.29109125694444443 0.11174514765625002 0.5446223597222223 0.41159443359375 0.5446223597222223 0.41159443359375 0.29109125694444443
2 0.07030256406249999 0.43844266944444443 0.07030256406249999 0.66380365 0.226321703125 0.66380365 0.226321703125 0.43844266944444443
2 0.31895806875 0.37343468888888887 0.31895806875 0.6334665902777777 0.4786339078125 0.6334665902777777 0.4786339078125 0.37343468888888887
7 0.70169252265625 0.29109125694444443 0.70169252265625 0.32359524444444443 0.73094611171875 0.32359524444444443 0.73094611171875 0.29109125694444443
6 0.22076542031250002 0 0.22076542031250002 0.07072424166666666 0.23714640234375 0.07072424166666666 0.23714640234375 0