2 0.06531212578125 0.5372274347222222 0.06531212578125 0.7347884916666667 0.2281050359375 0.7347884916666667 0.2281050359375 0.5372274347222222
4 0.048740392187499995 0.5666882944444445 0.048740392187499995 0.6498718972222222 0.06628693359375 0.6498718972222222 0.06628693359375 0.5666882944444445
4 0.450361225 0.5788192361111111 0.450361225 0.6758667736111111 0.46693295703125 0.6758667736111111 0.46693295703125 0.5788192361111111
2 0.21543253359375 0.5805522277777778 0.21543253359375 0.6741337833333334 0.27879504375 0.6741337833333334 0.27879504375 0.5805522277777778
2 0.2719713890625 0.5840182111111111 0.2719713890625 0.6481389055555555 0.29439196953125 0.6481389055555555 0.29439196953125 0.5840182111111111
2 0.29146754609375003 0.5840182111111111 0.29146754609375003 0.6221440291666667 0.310963703125 0.6221440291666667 0.310963703125 0.5840182111111111
2 0.30511485546875 0.5944161625000001 0.30511485546875 0.6186780458333333 0.3197369734375 0.6186780458333333 0.3197369734375 0.5944161625000001
2 0.31876216562500004 0.5840182111111111 0.31876216562500004 0.6169450541666667 0.330459859375 0.6169450541666667 0.330459859375 0.5840182111111111
2 0.4191673734375 0.5926831708333333 0.4191673734375 0.6689348041666666 0.48058026796875 0.6689348041666666 0.48058026796875 0.5926831708333333
2 0.40454525625000004 0.6030811208333333 0.40454525625000004 0.6568038638888889 0.42696583671875 0.6568038638888889 0.42696583671875 0.6030811208333333
2 0.38407429140625 0.6048141125 0.38407429140625 0.6516048888888889 0.4094192953125 0.6516048888888889 0.4094192953125 0.6048141125
2 0.38017506015625 0.5996151375 0.38017506015625 0.6446729222222223 0.40454525625000004 0.6446729222222223 0.40454525625000004 0.5996151375
2 0.3694521734375 0.6013481291666667 0.3694521734375 0.6360079638888888 0.38797352265625 0.6360079638888888 0.38797352265625 0.6013481291666667
2 0.35483005625 0.5944161625000001 0.35483005625 0.6342749722222222 0.37237659609375 0.6342749722222222 0.37237659609375 0.5944161625000001
2 0.34410716953125 0.5926831708333333 0.34410716953125 0.6273430027777778 0.3636033265625 0.6273430027777778 0.3636033265625 0.5926831708333333
2 0.6229022132812501 0.6030811208333333 0.6229022132812501 0.6810657486111111 0.70283645703125 0.6810657486111111 0.70283645703125 0.6030811208333333
2 0.727206653125 0.37952518749999997 0.727206653125 0.9982032361111111 0.9991780421875 0.9982032361111111 0.9991780421875 0.37952518749999997
6 0.3996712171875 0.2668807263888889 0.3996712171875 0.33273441111111113 0.41819256484375 0.33273441111111113 0.41819256484375 0.2668807263888889
6 0.5527160484375 0.5250964930555556 0.5527160484375 0.5580233361111111 0.5751366289062501 0.5580233361111111 0.5751366289062501 0.5250964930555556
6 0.4191673734375 0.2668807263888889 0.4191673734375 0.33620039305555555 0.43476429921875 0.33620039305555555 0.43476429921875 0.2668807263888889
6 0.38602390703125 0.2668807263888889 0.38602390703125 0.32753543611111113 0.4016208328125 0.32753543611111113 0.4016208328125 0.2668807263888889
6 0.01462211796875 0.4817717 0.01462211796875 0.5198975180555555 0.035093082812499996 0.5198975180555555 0.035093082812499996 0.4817717
7 0.5390687390625 0.4523108402777778 0.5390687390625 0.46964075833333335 0.54589239375 0.46964075833333335 0.54589239375 0.4523108402777778
7 0.543942778125 0.46790776666666667 0.543942778125 0.48350469166666665 0.57611143671875 0.48350469166666665 0.57611143671875 0.46790776666666667