7 0.27257564843750004 0.5364473708333333 0.27257564843750004 0.5506578972222222 0.2895616671875 0.5506578972222222 0.2895616671875 0.5364473708333333
7 0.41645722734375 0.5169078972222222 0.41645722734375 0.5293421083333334 0.42844735859374994 0.5293421083333334 0.42844735859374994 0.5169078972222222
7 0.95401479609375 0.19006579027777776 0.95401479609375 0.23802631666666668 0.9999769671875001 0.23802631666666668 0.9999769671875001 0.19006579027777776
7 0.9520164382812499 0.1065789486111111 0.9520164382812499 0.1811842097222222 0.99949698984375 0.1811842097222222 0.99949698984375 0.1065789486111111
4 0.47940541718749996 0.5808552666666666 0.47940541718749996 0.6021710569444444 0.49639143828125 0.6021710569444444 0.49639143828125 0.5808552666666666
4 0.45442597734375 0.5808552666666666 0.45442597734375 0.6359210569444445 0.47241117343749994 0.6359210569444445 0.47241117343749994 0.5808552666666666
4 0.434442425 0.5844078972222222 0.434442425 0.6323684263888889 0.44543337890625 0.6323684263888889 0.44543337890625 0.5844078972222222
4 0.42045393750000004 0.5844078972222222 0.42045393750000004 0.6288157930555556 0.4304457140625 0.6288157930555556 0.4304457140625 0.5844078972222222
7 0.41945475859375003 0.5328947402777777 0.41945475859375003 0.5684210555555556 0.4294465359375 0.5684210555555556 0.4294465359375 0.5328947402777777
2 0.27157646953125003 0.5861842152777778 0.27157646953125003 0.6110526375 0.28556495703125 0.6110526375 0.28556495703125 0.5861842152777778
2 0.3075468625 0.5826315819444444 0.3075468625 0.6154683291666667 0.3305279484375 0.6154683291666667 0.3305279484375 0.5826315819444444
2 0.3324076046875 0.5861842152777778 0.3324076046875 0.6075000041666667 0.345515615625 0.6075000041666667 0.345515615625 0.5861842152777778
2 0.34551561406250003 0.5897368458333333 0.34551561406250003 0.6146052666666666 0.3595041015625 0.6146052666666666 0.3595041015625 0.5897368458333333
2 0.3545082140625 0.5861842152777778 0.3545082140625 0.6163815819444445 0.37249341171875 0.6163815819444445 0.37249341171875 0.5861842152777778
2 0.3644999890625 0.5879605305555556 0.3644999890625 0.6341447416666667 0.40047038515625 0.6341447416666667 0.40047038515625 0.5879605305555556
2 0.24759620703125 0.5915131611111111 0.24759620703125 0.6359210541666667 0.28056906953125 0.6359210541666667 0.28056906953125 0.5915131611111111
2 0.08173271796875001 0.5826315819444444 0.08173271796875001 0.6785526347222223 0.14867761953125 0.6785526347222223 0.14867761953125 0.5826315819444444
2 0.04176561328125 0.5897368458333333 0.04176561328125 0.64657895 0.096720384375 0.64657895 0.096720384375 0.5897368458333333
2 0.13269077890625 0.5488815819444445 0.13269077890625 0.6945394791666667 0.24060196406249998 0.6945394791666667 0.24060196406249998 0.5488815819444445
2 0.91204933359375 0.57907895 0.91204933359375 0.6874342138888889 0.999976965625 0.6874342138888889 0.999976965625 0.57907895
2 0.74818420234375 0.5861842152777778 0.74818420234375 0.6980921097222222 0.9240394664062499 0.6980921097222222 0.9240394664062499 0.5861842152777778
2 0.49639143828125 0.5577631597222222 0.49639143828125 0.7265131611111111 0.73619407109375 0.7265131611111111 0.73619407109375 0.5577631597222222
2 0.90505509140625 0.7176315833333333 0.90505509140625 0.9982894791666667 0.999976965625 0.9982894791666667 0.999976965625 0.7176315833333333