7 0.4642434515625 0.45281218055555555 0.4642434515625 0.4739059152777778 0.47347195937500003 0.4739059152777778 0.47347195937500003 0.45281218055555555
7 0.51038599765625 0.42703095 0.51038599765625 0.4481246847222222 0.5209328656250001 0.4481246847222222 0.5209328656250001 0.42703095
7 0.41941926328125 0.4574996777777778 0.41941926328125 0.47859341388888893 0.42469269687500005 0.47859341388888893 0.42469269687500005 0.4574996777777778
4 0.39832552734375 0.4739059166666667 0.39832552734375 0.502030898611111 0.4088723953125 0.502030898611111 0.4088723953125 0.4739059166666667
4 0.37195835859375 0.48328090972222226 0.37195835859375 0.5090621430555555 0.379868509375 0.5090621430555555 0.379868509375 0.48328090972222226
4 0.36272984921874996 0.4809371625 0.36272984921874996 0.5184371361111111 0.37195835859375 0.5184371361111111 0.37195835859375 0.4809371625
4 0.420737621875 0.48796840694444443 0.420737621875 0.5465621166666667 0.43523956484375 0.5465621166666667 0.43523956484375 0.48796840694444443
2 0.0067730625000000004 0.46687467222222223 0.0067730625000000004 0.49265590555555555 0.0225933640625 0.49265590555555555 0.0225933640625 0.46687467222222223
2 0.01995664765625 0.46687467222222223 0.01995664765625 0.49499965277777774 0.04632381640625 0.49499965277777774 0.04632381640625 0.46687467222222223
2 0.0502788921875 0.47156216944444446 0.0502788921875 0.4973434013888889 0.08060113671875 0.4973434013888889 0.08060113671875 0.47156216944444446
2 0.0819194953125 0.4739059166666667 0.0819194953125 0.502030898611111 0.10564994765624999 0.502030898611111 0.10564994765624999 0.4739059166666667
2 0.1043315890625 0.4809371625 0.1043315890625 0.5020308958333334 0.12015189062500001 0.5020308958333334 0.12015189062500001 0.4809371625
2 0.13069875859375 0.4739059166666667 0.13069875859375 0.502030898611111 0.1597026453125 0.502030898611111 0.1597026453125 0.4739059166666667
2 0.2546244546875 0.48562465972222224 0.2546244546875 0.5067183944444444 0.27176311484375 0.5067183944444444 0.27176311484375 0.48562465972222224
2 0.28362834140625004 0.48328090972222226 0.28362834140625004 0.5231246319444445 0.32054237812499997 0.5231246319444445 0.32054237812499997 0.48328090972222226
2 0.3732767171875 0.49265590277777777 0.3732767171875 0.5324996249999999 0.39700716953125 0.5324996249999999 0.39700716953125 0.49265590277777777
2 0.39305209375 0.4903121555555555 0.39305209375 0.5348433736111111 0.42205598125000005 0.5348433736111111 0.42205598125000005 0.4903121555555555
2 0.42996613124999994 0.49265590277777777 0.42996613124999994 0.5442183680555556 0.4563333015625 0.5442183680555556 0.4563333015625 0.49265590277777777
2 0.44578643281249997 0.48328090972222226 0.44578643281249997 0.5606246069444445 0.49061062031249997 0.5606246069444445 0.49061062031249997 0.48328090972222226
2 0.5552101859375 0.49499965277777774 0.5552101859375 0.5746870986111111 0.60398945 0.5746870986111111 0.60398945 0.49499965277777774
2 0.58289571328125 0.5020308958333334 0.58289571328125 0.5910933361111111 0.6567237875 0.5910933361111111 0.6567237875 0.5020308958333334
2 0.6356300523437499 0.4973434013888889 0.6356300523437499 0.6121870722222222 0.74900888046875 0.6121870722222222 0.74900888046875 0.4973434013888889
2 0.30867715234375004 0.4903121555555555 0.30867715234375004 0.5301558791666667 0.35350133984375 0.5301558791666667 0.35350133984375 0.4903121555555555
2 0.47479031875000005 0.4692184208333333 0.47479031875000005 0.5840620916666667 0.5591652609375 0.5840620916666667 0.5591652609375 0.4692184208333333
2 0 0.4574996777777778 0 0.4973434013888889 0.0067730625000000004 0.4973434013888889 0.0067730625000000004 0.4574996777777778