2 0.8007484296875 0.30123211666666666 0.8007484296875 0.5849077583333333 0.9987785171875 0.5849077583333333 0.9987785171875 0.30123211666666666
2 0.73269403515625 0.4013348236111111 0.73269403515625 0.5297742833333333 0.8293701406249999 0.5297742833333333 0.8293701406249999 0.4013348236111111
2 0.67413391484375 0.393942625 0.67413391484375 0.5057496388888889 0.763013559375 0.5057496388888889 0.763013559375 0.393942625
2 0.4946420890625 0.41889129722222224 0.4946420890625 0.4567763180555555 0.5164721765625 0.4567763180555555 0.5164721765625 0.41889129722222224
2 0.514393121875 0.41796727222222224 0.514393121875 0.4484600930555556 0.52530816796875 0.4484600930555556 0.52530816796875 0.41796727222222224
2 0.52426863828125 0.41889129722222224 0.52426863828125 0.44291594166666665 0.53206509921875 0.44291594166666665 0.53206509921875 0.41889129722222224
2 0.53206509765625 0.4161192222222222 0.53206509765625 0.43182764583333333 0.538822028125 0.43182764583333333 0.538822028125 0.4161192222222222
2 0.5783240937499999 0.4105750722222222 0.5783240937499999 0.4309036222222222 0.58508102578125 0.4309036222222222 0.58508102578125 0.4105750722222222
2 0.5845612625000001 0.4105750722222222 0.5845612625000001 0.4364477708333333 0.5949565421874999 0.4364477708333333 0.5949565421874999 0.4105750722222222
2 0.54090108515625 0.4078029986111111 0.54090108515625 0.4327516708333334 0.55025683671875 0.4327516708333334 0.55025683671875 0.4078029986111111
2 0.21944436171874998 0.4684806236111111 0.21944436171874998 0.4816479777777778 0.248447196875 0.4816479777777778 0.248447196875 0.4684806236111111
2 0.43746804843750003 0.4327516708333334 0.43746804843750003 0.44568801944444447 0.44890285781249994 0.44568801944444447 0.44890285781249994 0.4327516708333334
2 0.4806084609375 0.4281315458333333 0.4806084609375 0.4410678958333334 0.49412232500000003 0.4410678958333334 0.49412232500000003 0.4281315458333333
2 0.48130146875 0.43632456805555553 0.48130146875 0.4723615388888889 0.5119675453125 0.4723615388888889 0.5119675453125 0.43632456805555553
2 0.58889261796875 0.4159960208333333 0.58889261796875 0.46219726388888893 0.62319704296875 0.46219726388888893 0.62319704296875 0.4159960208333333
9 0.54783126171875 0.39294158749999997 0.54783126171875 0.4530032083333333 0.5795368640625 0.4530032083333333 0.5795368640625 0.39294158749999997
6 0.18035811015625 0.3660986763888889 0.18035811015625 0.40028759444444445 0.19179291874999999 0.40028759444444445 0.19179291874999999 0.3660986763888889
6 0.36383480390625 0.3485422027777778 0.36383480390625 0.3679467277777778 0.37163126484375 0.3679467277777778 0.37163126484375 0.3485422027777778
6 0.44231916875 0.34761817777777776 0.44231916875 0.37256685 0.4527144484375 0.37256685 0.4527144484375 0.34761817777777776
6 0.56550323828125 0.32636560416666666 0.56550323828125 0.3522383027777778 0.5738194625 0.3522383027777778 0.5738194625 0.32636560416666666
6 0.557706778125 0.3688707513888889 0.557706778125 0.38827527638888887 0.5655032398437501 0.38827527638888887 0.5655032398437501 0.3688707513888889
7 0.0171522125 0.22107295694444445 0.0171522125 0.26357810416666666 0.055614750000000004 0.26357810416666666 0.055614750000000004 0.22107295694444445
7 0.01320200546875 0.011088298611111111 0.01320200546875 0.07114991666666666 0.057381946093750004 0.07114991666666666 0.057381946093750004 0.011088298611111111
7 0.19595103046875 0.3910935388888889 0.19595103046875 0.4058779375 0.20738583828124998 0.4058779375 0.20738583828124998 0.3910935388888889
7 0.38098701640625 0.3689169402777778 0.38098701640625 0.4003337888888889 0.40853450859375 0.4003337888888889 0.40853450859375 0.3689169402777778
7 0.44283893281250003 0.3781571902777777 0.44283893281250003 0.3994097625 0.45011562890625 0.3994097625 0.45011562890625 0.3781571902777777
7 0.4677876046875 0.3892454888888889 0.4677876046875 0.4049539111111111 0.47350500859375 0.4049539111111111 0.47350500859375 0.3892454888888889
7 0.59720884140625 0.31994362083333333 0.59720884140625 0.33565204444444446 0.624756334375 0.33565204444444446 0.624756334375 0.31994362083333333
7 0.43556223671875005 0.3217916708333333 0.43556223671875005 0.33842411944444445 0.44855633671875 0.33842411944444445 0.44855633671875 0.3217916708333333
7 0.39969852031249997 0.3448922930555556 0.39969852031249997 0.3781571902777777 0.42256813671875 0.3781571902777777 0.42256813671875 0.3448922930555556
2 0.32973828203125 0.4461192375 0.32973828203125 0.4553594888888889 0.3505288421875 0.4553594888888889 0.3505288421875 0.4461192375
2 0.6851366375 0.39537496388888893 0.6851366375 0.4334798083333333 0.70657061171875 0.4334798083333333 0.70657061171875 0.39537496388888893