7 0.4473774546875 0.3311523013888889 0.4473774546875 0.37585428472222226 0.46347016953125 0.37585428472222226 0.46347016953125 0.3311523013888889
7 0.46950493828125 0.36870196805555555 0.46950493828125 0.3901589208333333 0.5087309289062499 0.3901589208333333 0.5087309289062499 0.36870196805555555
7 0.5399105640624999 0.3669138888888889 0.5399105640624999 0.40982779444444445 0.55902066328125 0.40982779444444445 0.55902066328125 0.3669138888888889
6 0.1426216703125 0.0665165486111111 0.1426216703125 0.1738013125 0.1697781265625 0.1738013125 0.1697781265625 0.0665165486111111
6 0.42726156015625005 0.32578806250000003 0.42726156015625005 0.38479468194444444 0.445365865625 0.38479468194444444 0.445365865625 0.32578806250000003
7 0.0078451859375 0.3794304430555555 0.0078451859375 0.41876818750000006 0.0168973390625 0.41876818750000006 0.0168973390625 0.3794304430555555
7 0.0018104179687499999 0.44022514444444444 0.0018104179687499999 0.4670463361111111 0.013879954687500001 0.4670463361111111 0.013879954687500001 0.44022514444444444
7 0.0008046226562499999 0.34903309444444447 0.0008046226562499999 0.37585428472222226 0.0239379 0.37585428472222226 0.0239379 0.34903309444444447
6 0.1697781265625 0.45452977916666665 0.1697781265625 0.4974436847222222 0.18486504765625 0.4974436847222222 0.18486504765625 0.45452977916666665
6 0.6676464859375 0.32399998194444446 0.6676464859375 0.40088739861111117 0.68575078984375 0.40088739861111117 0.68575078984375 0.32399998194444446
4 0.14966223359375 0.5904238138888889 0.14966223359375 0.6315496388888888 0.16173176953124999 0.6315496388888888 0.16173176953124999 0.5904238138888889
4 0.0903203484375 0.554662226388889 0.0903203484375 0.6279734805555555 0.109430446875 0.6279734805555555 0.109430446875 0.554662226388889
4 0.7169304249999999 0.5135364 0.7169304249999999 0.645854275 0.7400637015625 0.645854275 0.7400637015625 0.5135364
4 0.74509267421875 0.5135364 0.74509267421875 0.6404900375 0.7702375421875 0.6404900375 0.7702375421875 0.5135364
4 0.8175098914062501 0.5117483194444444 0.8175098914062501 0.7191655319444444 0.85573008828125 0.7191655319444444 0.85573008828125 0.5117483194444444
6 0.5731017875 0.44737746250000004 0.5731017875 0.49386752638888887 0.582153940625 0.49386752638888887 0.582153940625 0.44737746250000004
6 0.0179031328125 0.4259205083333333 0.0179031328125 0.48313905 0.03600743671875 0.48313905 0.03600743671875 0.4259205083333333
2 0.0008046226562499999 0.5260529555555555 0.0008046226562499999 0.6816158638888888 0.09434352734375 0.6816158638888888 0.09434352734375 0.5260529555555555
2 0.0008046226562499999 0.5242648763888889 0.0008046226562499999 0.9104900263888889 0.047071178125 0.9104900263888889 0.047071178125 0.5242648763888889
9 0.22509683359375 0.4151920305555556 0.22509683359375 0.6387019583333333 0.33875163046875 0.6387019583333333 0.33875163046875 0.4151920305555556
2 0.2713633890625 0.5060335833333334 0.2713633890625 0.7781721513888888 0.4765455 0.7781721513888888 0.4765455 0.5060335833333334
2 0.47151652578125003 0.5403575902777777 0.47151652578125003 0.629761561111111 0.5439337421875 0.629761561111111 0.5439337421875 0.5403575902777777
2 0.5197946703125 0.5332052722222222 0.5197946703125 0.7298940069444444 0.69681453203125 0.7298940069444444 0.69681453203125 0.5332052722222222
6 0.7601795953125 0.36154965 0.7601795953125 0.4330728263888889 0.77928969453125 0.4330728263888889 0.77928969453125 0.36154965
7 0.7702375421875 0.28645031527777776 0.7702375421875 0.3079072666666667 0.7994055875 0.3079072666666667 0.7994055875 0.28645031527777776