7 0.6455008906249999 0.4368261958333333 0.6455008906249999 0.4888293152777778 0.66422201328125 0.4888293152777778 0.66422201328125 0.4368261958333333
7 0.36702418984374996 0.4784286888888889 0.36702418984374996 0.5221113083333333 0.377554821875 0.5221113083333333 0.377554821875 0.4784286888888889
2 0.35415341796875 0.5241914361111112 0.35415341796875 0.5907554277777778 0.38340517265625 0.5907554277777778 0.38340517265625 0.5241914361111112
2 0.32607173515625 0.5491529319444445 0.32607173515625 0.6822809166666667 0.381065034375 0.6822809166666667 0.381065034375 0.5491529319444445
2 0.23831647265624997 0.5366721847222222 0.23831647265624997 0.7280436611111111 0.3483030671875 0.7280436611111111 0.3483030671875 0.5366721847222222
4 0.6665621546875 0.5345920569444444 0.6665621546875 0.590755425 0.68762341640625 0.590755425 0.68762341640625 0.5345920569444444
2 0.66890229375 0.4992299375 0.66890229375 0.7114026611111112 0.8233515562499999 0.7114026611111112 0.8233515562499999 0.4992299375
2 0.72857587265625 0.46594794027777775 0.72857587265625 0.9360561333333334 0.9988620812500001 0.9360561333333334 0.9988620812500001 0.46594794027777775
2 0 0.2662559666666667 0 0.9589375055555556 0.26639815546875 0.9589375055555556 0.26639815546875 0.2662559666666667
2 0.371704471875 0.41810507361111116 0.371704471875 0.9402163833333332 0.6782628546875 0.9402163833333332 0.6782628546875 0.41810507361111116
7 0.898236046875 0.43266594444444445 0.898236046875 0.4701081902777778 0.9157870992187499 0.4701081902777778 0.9157870992187499 0.43266594444444445
7 0.8292019070312501 0.4950696888888889 0.8292019070312501 0.5408324333333334 0.8373923968750001 0.5408324333333334 0.8373923968750001 0.4950696888888889