2 0.0297264390625 0.3194841527777778 0.0297264390625 0.4275802902777777 0.13106657187499998 0.4275802902777777 0.13106657187499998 0.3194841527777778
2 0.19322185234375 0.31227774166666666 0.19322185234375 0.39875465 0.2648355484375 0.39875465 0.2648355484375 0.31227774166666666
2 0.27969876718750003 0.3290926986111111 0.27969876718750003 0.3531140625 0.289157178125 0.3531140625 0.289157178125 0.3290926986111111
2 0.25672833671875 0.33389697083333336 0.25672833671875 0.36752688333333333 0.268889153125 0.36752688333333333 0.268889153125 0.33389697083333336
2 0.26348434609375004 0.3314948361111111 0.26348434609375004 0.3651247458333333 0.27969876718750003 0.3651247458333333 0.27969876718750003 0.3314948361111111
2 0.31023592265625 0.3266905638888889 0.31023592265625 0.3435055152777778 0.3210455390625 0.3435055152777778 0.3210455390625 0.3266905638888889
2 0.42941192656249993 0.324288425 0.42941192656249993 0.350711925 0.44022154296875 0.350711925 0.44022154296875 0.324288425
2 0.51967220703125 0.3138116 0.51967220703125 0.35071192222222225 0.55305474296875 0.35071192222222225 0.55305474296875 0.3138116
2 0.38239010234375004 0.3266905638888889 0.38239010234375004 0.34110338055555556 0.3931997171875 0.34110338055555556 0.3931997171875 0.3266905638888889
2 0.32320746015625 0.324288425 0.32320746015625 0.34350551805555557 0.33266587265625003 0.34350551805555557 0.33266587265625003 0.324288425
2 0 0.3362991069444444 0 0.38914611111111114 0.0243216328125 0.38914611111111114 0.0243216328125 0.3362991069444444
2 0.28483333828125 0.3314948361111111 0.28483333828125 0.36752688333333333 0.3145597765625 0.36752688333333333 0.3145597765625 0.3314948361111111
2 0.3199645828125 0.3266905638888889 0.3199645828125 0.3867439763888889 0.36860784375 0.3867439763888889 0.36860784375 0.3266905638888889
2 0.390227075 0.32188629027777776 0.390227075 0.36752688333333333 0.42400711953125 0.36752688333333333 0.42400711953125 0.32188629027777776
2 0.43616793359374995 0.3266905638888889 0.43616793359374995 0.3555161986111111 0.45913836249999995 0.3555161986111111 0.45913836249999995 0.3266905638888889
2 0.53299576171875 0.3112644277777778 0.53299576171875 0.3494720097222222 0.55592031015625 0.3494720097222222 0.55592031015625 0.3112644277777778