2 0 0.5336221958333334 0 0.6335434833333333 0.10284451562500001 0.6335434833333333 0.10284451562500001 0.5336221958333334
2 0.6287866140625 0.5723151291666666 0.6287866140625 0.5850710388888889 0.64194114453125 0.5850710388888889 0.64194114453125 0.5723151291666666
2 0.585974571875 0.5595592194444444 0.585974571875 0.5871970222222223 0.61467536640625 0.5871970222222223 0.61467536640625 0.5595592194444444
2 0.54770684375 0.565937175 0.54770684375 0.5914489930555555 0.56684070859375 0.5914489930555555 0.56684070859375 0.565937175
2 0.5178101828125 0.5574332347222222 0.5178101828125 0.5978269472222222 0.55129444453125 0.5978269472222222 0.55129444453125 0.5574332347222222
2 0.4891093875 0.5553072333333333 0.4891093875 0.5850710222222222 0.5070473843750001 0.5850710222222222 0.5070473843750001 0.5553072333333333
2 0.40181113515625 0.5255434444444445 0.40181113515625 0.6190867791666667 0.4926969875 0.6190867791666667 0.4926969875 0.5255434444444445
2 0.2882038203125 0.5382993555555555 0.2882038203125 0.6063308708333334 0.35158474296875003 0.6063308708333334 0.35158474296875003 0.5382993555555555
2 0.3181004828125 0.5510552625 0.3181004828125 0.6148348097222223 0.38626487109375 0.6148348097222223 0.38626487109375 0.5510552625
7 0.65270394296875 0.5000316444444445 0.65270394296875 0.525543463888889 0.6897758031250001 0.525543463888889 0.6897758031250001 0.5000316444444445
7 0.6849923375 0.5531812472222223 0.6849923375 0.5744410958333334 0.693363403125 0.5744410958333334 0.693363403125 0.5531812472222223
2 0.72086833203125 0.5765670819444445 0.72086833203125 0.5978269305555556 0.73402286328125 0.5978269305555556 0.73402286328125 0.5765670819444445
2 0.6924066875 0.5761418916666666 0.6924066875 0.6016537097222222 0.7139322835937499 0.6016537097222222 0.7139322835937499 0.5761418916666666
2 0.65772656015625 0.5612599986111111 0.65772656015625 0.6016537097222222 0.68283975625 0.6016537097222222 0.68283975625 0.5612599986111111
2 0.7294785484374999 0.5591340152777777 0.7294785484374999 0.5995277263888888 0.753395878125 0.5995277263888888 0.753395878125 0.5591340152777777
7 0.92416563125 0.5400001513888889 0.92416563125 0.5825198458333334 0.9397118960937499 0.5825198458333334 0.9397118960937499 0.5400001513888889
9 0.751960859375 0.40393711944444444 0.751960859375 0.6633072694444444 0.9253614984375 0.6633072694444444 0.9253614984375 0.40393711944444444