6 0.3129546125 0.028814230555555556 0.3129546125 0.12308302916666668 0.339967959375 0.12308302916666668 0.339967959375 0.028814230555555556
6 0.2649308859375 0.30094868888888887 0.2649308859375 0.33296450694444446 0.27493582890625 0.33296450694444446 0.27493582890625 0.30094868888888887
6 0.0158077984375 0.2742688388888889 0.0158077984375 0.3596443555555556 0.03881916640625 0.3596443555555556 0.03881916640625 0.2742688388888889
6 0.22090913515625 0.37743092222222224 0.22090913515625 0.4183400208333333 0.230914078125 0.4183400208333333 0.230914078125 0.37743092222222224
6 0.04182065078125 0.3276285375 0.04182065078125 0.3738736083333334 0.05882905468750001 0.3738736083333334 0.05882905468750001 0.3276285375
6 0.0648320203125 0.32407122222222223 0.0648320203125 0.36675898055555556 0.08684289609375 0.36675898055555556 0.08684289609375 0.32407122222222223
7 0.0128063140625 0.2333597375 0.0128063140625 0.2653755569444444 0.036818178125 0.2653755569444444 0.036818178125 0.2333597375
7 0.31695658984374997 0 0.31695658984374997 0.022499987500000002 0.33296449765624997 0.022499987500000002 0.33296449765624997 0
7 0.41300404375 0.3809882319444445 0.41300404375 0.4147827097222222 0.42500997578125005 0.4147827097222222 0.42500997578125005 0.3809882319444445
7 0.219908640625 0.4218973347222222 0.219908640625 0.4396839 0.22891308984375 0.4396839 0.22891308984375 0.4218973347222222
2 0.25692693125 0.4592491222222222 0.25692693125 0.47703569027777776 0.26893286328125 0.47703569027777776 0.26893286328125 0.4592491222222222
2 0.24492099921875 0.4592491222222222 0.24492099921875 0.48237165833333334 0.26092890859375 0.48237165833333334 0.26092890859375 0.4592491222222222
2 0.1408695875 0.4254546472222222 0.1408695875 0.5464032958333334 0.2139056734375 0.5464032958333334 0.2139056734375 0.4254546472222222
2 0.0058028546875 0.4076680819444445 0.0058028546875 0.6157709 0.17288540703125 0.6157709 0.17288540703125 0.4076680819444445
2 0.30395016484375004 0.4556918097222222 0.30395016484375004 0.4699210625 0.30995313046875 0.4699210625 0.30995313046875 0.4556918097222222
2 0.37698624921875 0.44501986944444444 0.37698624921875 0.48059300138888883 0.398997125 0.48059300138888883 0.398997125 0.44501986944444444
2 0.50004705234375 0.4361265875 0.50004705234375 0.4859289694444444 0.5530732515625 0.4859289694444444 0.5530732515625 0.4361265875
2 0.26893286328125 0.4432412138888889 0.26893286328125 0.49837956527777777 0.3029496703125 0.49837956527777777 0.3029496703125 0.4432412138888889
2 0.3329644984375 0.4414625569444445 0.3329644984375 0.48770762777777776 0.3609783390625 0.48770762777777776 0.3609783390625 0.4414625569444445
2 0.39099317031249997 0.4236759902777778 0.39099317031249997 0.5713044875 0.5120529828125 0.5713044875 0.5120529828125 0.4236759902777778
2 0 0.4912649416666667 0 0.68335985 0.0538265828125 0.68335985 0.0538265828125 0.4912649416666667