2 0.39445298671875 0.44906234305555554 0.39445298671875 0.46218733888888885 0.40394517109374994 0.46218733888888885 0.40394517109374994 0.44906234305555554
2 0.37335924453125 0.44906234305555554 0.37335924453125 0.46406233611111114 0.383906115625 0.46406233611111114 0.383906115625 0.44906234305555554
2 0.34488269140625 0.45656234027777776 0.34488269140625 0.4715623333333333 0.3543748765625 0.4715623333333333 0.3543748765625 0.45656234027777776
2 0.38707017734375004 0.4659373375 0.38707017734375004 0.49218732777777774 0.4060545453125 0.49218732777777774 0.4060545453125 0.4659373375
2 0.35964831171875 0.4659373375 0.35964831171875 0.4903123263888889 0.37546861875 0.4903123263888889 0.37546861875 0.4659373375
2 0.22570304609375 0.4584373388888889 0.22570304609375 0.47718733611111114 0.24679678828124998 0.47718733611111114 0.24679678828124998 0.4584373388888889
2 0.1740233765625 0.45656234027777776 0.1740233765625 0.4828123305555556 0.19722649296875 0.4828123305555556 0.19722649296875 0.45656234027777776
2 0.2731639671875 0.4546873402777778 0.2731639671875 0.49218732777777774 0.31007801640625 0.49218732777777774 0.31007801640625 0.4546873402777778
2 0.41238266796875 0.46406233611111114 0.41238266796875 0.4903123263888889 0.42187485234375 0.4903123263888889 0.42187485234375 0.46406233611111114
2 0.45351546640624996 0.46218733888888885 0.45351546640624996 0.47718733333333335 0.4640623375 0.47718733333333335 0.4640623375 0.46218733888888885
9 0.30269520625 0.4228123513888889 0.30269520625 0.49593732638888893 0.33855456875 0.49593732638888893 0.33855456875 0.4228123513888889
2 0.25417959843750004 0.4659373375 0.25417959843750004 0.531562313888889 0.311132703125 0.531562313888889 0.311132703125 0.4659373375
2 0.09175778046875001 0.4528123416666666 0.09175778046875001 0.5428123111111111 0.1930077453125 0.5428123111111111 0.1930077453125 0.4528123416666666
9 0.417656103125 0.4528123416666666 0.417656103125 0.5128123208333334 0.45667952734375 0.5128123208333334 0.45667952734375 0.4528123416666666
2 0.07488278515624999 0.44906234305555554 0.07488278515624999 0.4828123305555556 0.114960896875 0.4828123305555556 0.114960896875 0.44906234305555554
2 0.01265624453125 0.4603123388888889 0.01265624453125 0.48093733194444444 0.058007791406249995 0.48093733194444444 0.058007791406249995 0.4603123388888889
2 0.15820306953125002 0.010312495833333334 0.15820306953125002 0.46218734027777775 0.29214833515625 0.46218734027777775 0.29214833515625 0.010312495833333334
7 0.5484373078125 0.38718736388888886 0.5484373078125 0.46218734027777775 0.5874607328125 0.46218734027777775 0.5874607328125 0.38718736388888886