6 0.34954626484375 0.23249983333333332 0.34954626484375 0.27234355555555556 0.361411490625 0.27234355555555556 0.361411490625 0.23249983333333332
6 0.2823099828125 0.28640604583333334 0.2823099828125 0.3192185236111111 0.29285685 0.3192185236111111 0.29285685 0.28640604583333334
6 0.1452007015625 0.35437475 0.1452007015625 0.3942184722222223 0.157065928125 0.3942184722222223 0.157065928125 0.35437475
6 0.4932473375 0.3590622458333333 0.4932473375 0.3848434777777778 0.50643092265625 0.3848434777777778 0.50643092265625 0.3590622458333333
6 0.465561809375 0.3707809888888889 0.465561809375 0.3965622208333333 0.4774270359375 0.3965622208333333 0.4774270359375 0.3707809888888889
7 0.4115091125 0.3496872527777778 0.4115091125 0.3871872263888889 0.42469269687500005 0.3871872263888889 0.42469269687500005 0.3496872527777778
7 0.26912639765625 0.3989059680555555 0.26912639765625 0.4223434513888889 0.2783549078125 0.4223434513888889 0.2783549078125 0.3989059680555555
7 0.2546244546875 0.38953097500000006 0.2546244546875 0.41765595555555557 0.26517132265625 0.41765595555555557 0.26517132265625 0.38953097500000006
7 0.23353071953125001 0.3707809888888889 0.23353071953125001 0.40828096388888885 0.249351021875 0.40828096388888885 0.249351021875 0.3707809888888889
7 0.21902877578125 0.39187472500000003 0.21902877578125 0.41531220694444443 0.23221236015625002 0.41531220694444443 0.23221236015625002 0.39187472500000003
6 0.32977088671875 0.38015598194444444 0.32977088671875 0.40593721388888887 0.33899939687499997 0.40593721388888887 0.33899939687499997 0.38015598194444444
6 0.29549356796875 0.40593721388888887 0.29549356796875 0.42937469722222227 0.3060404359375 0.42937469722222227 0.3060404359375 0.40593721388888887
6 0.36272984921874996 0.40124971805555554 0.36272984921874996 0.4223434541666667 0.37063999921875 0.4223434541666667 0.37063999921875 0.40124971805555554
7 0.49588405390625 0.4223434513888889 0.49588405390625 0.45515592916666664 0.51565943125 0.45515592916666664 0.51565943125 0.4223434513888889
2 0.0028179875 0.43171844444444446 0.0028179875 0.48796840694444443 0.050278891406250005 0.48796840694444443 0.050278891406250005 0.43171844444444446