7 0.03800121015625 0.5146915902777778 0.03800121015625 0.5914687916666667 0.08718660390625001 0.5914687916666667 0.08718660390625001 0.5146915902777778
7 0.321117134375 0.4592413902777778 0.321117134375 0.5317531902777778 0.3619050234375 0.5317531902777778 0.3619050234375 0.4592413902777778
2 0.35950573515625 0.5466820902777778 0.35950573515625 0.5722744916666667 0.37510110390625 0.5722744916666667 0.37510110390625 0.5466820902777778
2 0.334313215625 0.5552128902777778 0.334313215625 0.5808052930555555 0.3595057359375 0.5808052930555555 0.3595057359375 0.5552128902777778
2 0.323516421875 0.5488147902777778 0.323516421875 0.5680090902777778 0.340311434375 0.5680090902777778 0.340311434375 0.5488147902777778
2 0.30672140937500003 0.5552128902777778 0.30672140937500003 0.5765398916666666 0.324716065625 0.5765398916666666 0.324716065625 0.5552128902777778
2 0.2752148578125 0.5558006069444444 0.2752148578125 0.5862934083333333 0.30795996875 0.5862934083333333 0.30795996875 0.5558006069444444
2 0.148368434375 0.5466820902777778 0.148368434375 0.6085303930555556 0.22034705937500002 0.6085303930555556 0.22034705937500002 0.5466820902777778
6 0.47707082265625 0.49976269027777775 0.47707082265625 0.5210896888888888 0.48426868515625 0.5210896888888888 0.48426868515625 0.49976269027777775
2 0.46027581015625 0.5445493902777778 0.46027581015625 0.5658763902777777 0.47467153515625 0.5658763902777777 0.47467153515625 0.5445493902777778
2 0.45187830390625 0.5488147902777778 0.45187830390625 0.5680090902777778 0.46267509765625 0.5680090902777778 0.46267509765625 0.5488147902777778
2 0.44108151015625 0.5488147902777778 0.44108151015625 0.5722744916666667 0.45307794765625 0.5722744916666667 0.45307794765625 0.5488147902777778
2 0.43028471640625005 0.5466820902777778 0.43028471640625005 0.5850706944444445 0.44707972890625003 0.5850706944444445 0.44707972890625003 0.5466820902777778
2 0.40749148515625 0.5381512902777777 0.40749148515625 0.6063976930555556 0.43868222265625 0.6063976930555556 0.43868222265625 0.5381512902777777
2 0.37150217265625 0.5424166902777777 0.37150217265625 0.6255919930555556 0.43388364765625004 0.6255919930555556 0.43388364765625004 0.5424166902777777
2 0.48066975390625 0.5488147902777778 0.48066975390625 0.5722744916666667 0.49986405312500004 0.5722744916666667 0.49986405312500004 0.5488147902777778
9 0.50106369765625 0.5253550902777778 0.50106369765625 0.6362554902777777 0.56344517265625 0.6362554902777777 0.56344517265625 0.5253550902777778
7 0.6318248671875 0.5232223902777778 0.6318248671875 0.5424166902777777 0.6474202359375 0.5424166902777777 0.6474202359375 0.5232223902777778
8 0.60032702734375 0.5363960972222223 0.60032702734375 0.5696609708333333 0.63073320078125 0.5696609708333333 0.63073320078125 0.5363960972222223