2 0.00038235703125 0.46359513888888887 0.00038235703125 0.5390483055555555 0.0359422109375 0.5390483055555555 0.0359422109375 0.46359513888888887
4 0.043971856250000003 0.42892746388888886 0.043971856250000003 0.4472809402777778 0.05888405234375001 0.4472809402777778 0.05888405234375001 0.42892746388888886
7 0.06576660625 0.3432779263888889 0.06576660625 0.3922205180555556 0.08182589453125 0.3922205180555556 0.08182589453125 0.3432779263888889
2 0.0015294500000000001 0.4513594888888889 0.0015294500000000001 0.5410875791666666 0.080678803125 0.5410875791666666 0.080678803125 0.4513594888888889
2 0.06461951328125 0.44864045694444443 0.06461951328125 0.5322507236111111 0.1219741171875 0.5322507236111111 0.1219741171875 0.44864045694444443
2 0.10706192031249999 0.44864045694444443 0.10706192031249999 0.5220543486111111 0.196535103125 0.5220543486111111 0.196535103125 0.44864045694444443
4 0.67296068203125 0.42348939722222223 0.67296068203125 0.47243199166666666 0.6890199703125 0.47243199166666666 0.6890199703125 0.42348939722222223
4 0.83011229921875 0.380664625 0.83011229921875 0.4622356194444444 0.8748488898437501 0.4622356194444444 0.8748488898437501 0.380664625
2 0.77390478671875 0.4064954444444444 0.77390478671875 0.7450150625 0.998734834375 0.7450150625 0.998734834375 0.4064954444444444
2 0.65307775 0.42552867083333334 0.65307775 0.6009063041666667 0.807935178125 0.6009063041666667 0.807935178125 0.42552867083333334
7 0.53148598984375 0.4112537444444444 0.53148598984375 0.4316464944444445 0.542956909375 0.4316464944444445 0.542956909375 0.4112537444444444
9 0.552133646875 0.2888972583333333 0.552133646875 0.5560422569444444 0.66684285390625 0.5560422569444444 0.66684285390625 0.2888972583333333
2 0.38695238828125 0.44184286666666667 0.38695238828125 0.5764350027777778 0.46724883203124995 0.5764350027777778 0.46724883203124995 0.44184286666666667
2 0.24700715546875 0.4336857708333334 0.24700715546875 0.4499999694444444 0.2619193515625 0.4499999694444444 0.2619193515625 0.4336857708333334
2 0.25388970703124997 0.43980359166666666 0.25388970703124997 0.46427489027777774 0.2951850234375 0.46427489027777774 0.2951850234375 0.43980359166666666
2 0.29747920546875 0.4316464944444445 0.29747920546875 0.46835344027777775 0.32959778359374997 0.46835344027777775 0.32959778359374997 0.4316464944444445
2 0.34221579765625 0.4459214166666667 0.34221579765625 0.4765105388888889 0.36286345546875 0.4765105388888889 0.36286345546875 0.4459214166666667
2 0.37318728437500004 0.45407851666666665 0.37318728437500004 0.48058909166666663 0.39727621796875 0.48058909166666663 0.39727621796875 0.45407851666666665
4 0.25924281015625 0.44966009583333333 0.25924281015625 0.49860268750000003 0.26956663671875003 0.49860268750000003 0.26956663671875003 0.44966009583333333
4 0.83930695859375 0.33721320694444445 0.83930695859375 0.7450681652777777 0.9448394304687501 0.7450681652777777 0.9448394304687501 0.33721320694444445