6 0.27471289296875 0.21820607777777776 0.27471289296875 0.3440942 0.30708412421875 0.3440942 0.30708412421875 0.21820607777777776
6 0.49028927890625 0.3183171097222222 0.49028927890625 0.4166297375 0.5165909046875 0.4166297375 0.5165909046875 0.3183171097222222
6 0.51893926328125 0.32473997916666664 0.51893926328125 0.42065473888888893 0.5432176875 0.42065473888888893 0.5432176875 0.32473997916666664
6 0.645437559375 0.3610505652777778 0.645437559375 0.4329866375 0.6643207765625 0.4329866375 0.6643207765625 0.3610505652777778
7 0.588751775 0.35008887638888886 0.588751775 0.3896537125 0.63258781640625 0.3896537125 0.63258781640625 0.35008887638888886
7 0.63123901640625 0.5587034777777777 0.63123901640625 0.5742896263888889 0.6386574234375 0.5742896263888889 0.6386574234375 0.5587034777777777
7 0.8924568976562499 0.5934725791666666 0.8924568976562499 0.6294406125 0.9066193117187501 0.6294406125 0.9066193117187501 0.5934725791666666
2 0.7995694023437501 0.6335169847222222 0.7995694023437501 0.6610924791666667 0.83194063359375 0.6610924791666667 0.83194063359375 0.6335169847222222
2 0.70582775234375 0.5879574722222223 0.70582775234375 0.6047425541666667 0.71661816328125 0.6047425541666667 0.71661816328125 0.5879574722222223
2 0.71796696484375 0.5987478847222222 0.71796696484375 0.6191297694444444 0.7301061765625 0.6191297694444444 0.7301061765625 0.5987478847222222
6 0.99130876640625 0.3792058833333333 0.99130876640625 0.45234088749999996 0.99872717421875 0.45234088749999996 0.99872717421875 0.3792058833333333