2 0.88656150703125 0.4956933611111111 0.88656150703125 0.8305931916666667 0.99713305546875 0.8305931916666667 0.99713305546875 0.4956933611111111
2 0.124261359375 0.3536209416666667 0.124261359375 0.5907549833333333 0.3337037625 0.5907549833333333 0.3337037625 0.3536209416666667
2 0.47294202187499995 0.3421802638888889 0.47294202187499995 0.35778118750000004 0.48113250546874997 0.35778118750000004 0.48113250546874997 0.3421802638888889
2 0.466506640625 0.3411402013888889 0.466506640625 0.37338211250000003 0.47645222968749995 0.37338211250000003 0.47645222968749995 0.3411402013888889
2 0.44486035859374995 0.3338597708333333 0.44486035859374995 0.38586285000000003 0.46943181328124994 0.38586285000000003 0.46943181328124994 0.3338597708333333
2 0.4138535046875 0.3328197097222222 0.4138535046875 0.3973035277777778 0.45831613828125006 0.3973035277777778 0.45831613828125006 0.3328197097222222
2 0.40741812343749995 0.3421802638888889 0.40741812343749995 0.4191448208333333 0.44018006249999997 0.4191448208333333 0.44018006249999997 0.3421802638888889
2 0.37524121796875 0.34946069444444444 0.37524121796875 0.42850537638888886 0.43023447421874994 0.42850537638888886 0.43023447421874994 0.34946069444444444
2 0.3600303171875 0.36298149583333333 0.3600303171875 0.45138673055555556 0.42379909375 0.45138673055555556 0.42379909375 0.36298149583333333
2 0.3021118875 0.37234205 0.3021118875 0.4961093777777778 0.39805756796875 0.4961093777777778 0.39805756796875 0.37234205
2 0.5177556609375 0.3380200166666667 0.5177556609375 0.36610168055555553 0.52887131953125 0.36610168055555553 0.52887131953125 0.3380200166666667
2 0.5247760765625 0.3411402013888889 0.5247760765625 0.3723420513888889 0.535891734375 0.3723420513888889 0.535891734375 0.3411402013888889
2 0.5317964921875 0.3255392777777778 0.5317964921875 0.38586285000000003 0.561633259375 0.38586285000000003 0.561633259375 0.3255392777777778
2 0.54174208125 0.3307395861111111 0.54174208125 0.3921032194444445 0.5745040218749999 0.3921032194444445 0.5745040218749999 0.3307395861111111
2 0.54642235859375 0.33593989444444444 0.54642235859375 0.3952234041666667 0.5750890562500001 0.3952234041666667 0.5750890562500001 0.33593989444444444
2 0.547592428125 0.33593989444444444 0.547592428125 0.4056240208333333 0.57918429921875 0.4056240208333333 0.57918429921875 0.33593989444444444
2 0.56017067265625 0.32917949305555555 0.56017067265625 0.43838596111111117 0.64734083515625 0.43838596111111117 0.64734083515625 0.32917949305555555
2 0.6356401421875 0.3562210944444445 0.6356401421875 0.5184707041666666 0.75206203671875 0.5184707041666666 0.75206203671875 0.3562210944444445
2 0.6887842765625 0.38229693888888894 0.6887842765625 0.6433523986111112 0.9912471875 0.6433523986111112 0.9912471875 0.38229693888888894
2 0.4897910125 0.3384360513888889 0.4897910125 0.35819722083333333 0.5003216359375 0.35819722083333333 0.5003216359375 0.3384360513888889
2 0.4810154921875 0.34363635972222223 0.4810154921875 0.3613174069444444 0.49037604765625 0.3613174069444444 0.49037604765625 0.34363635972222223
7 0.5823915625 0.25451792916666666 0.5823915625 0.28259959305555554 0.60286777578125 0.28259959305555554 0.60286777578125 0.25451792916666666
7 0.5882523359375 0.28419683055555556 0.5882523359375 0.3039579986111111 0.59936799296875 0.3039579986111111 0.59936799296875 0.28419683055555556
7 0.46773519921875 0.31331855416666665 0.46773519921875 0.3185188625 0.47475561484375 0.3185188625 0.47475561484375 0.31331855416666665
4 0.689989875 0.31929890833333335 0.689989875 0.3557010638888889 0.70578581015625 0.3557010638888889 0.70578581015625 0.31929890833333335