2 0.5769376625 0.519763661111111 0.5769376625 0.6029258458333333 0.64554646484375 0.6029258458333333 0.64554646484375 0.519763661111111
2 0.4670076484375 0.5266938416666667 0.4670076484375 0.579363225 0.5036509851562501 0.579363225 0.5036509851562501 0.5266938416666667
2 0.34772188828125 0.533624023611111 0.34772188828125 0.5558006055555555 0.36565373515625 0.5558006055555555 0.36565373515625 0.533624023611111
9 0.38436522734375 0.5114474416666667 0.38436522734375 0.5502564597222221 0.4077545921875 0.5502564597222221 0.4077545921875 0.5114474416666667
2 0.50131205 0.5225357319444445 0.50131205 0.5558006041666667 0.50754921484375 0.5558006041666667 0.50754921484375 0.5225357319444445
2 0.50754921484375 0.5253078041666667 0.50754921484375 0.5447123138888889 0.51690496015625 0.5447123138888889 0.51690496015625 0.5253078041666667
2 0.5208031867187499 0.5253078041666667 0.5208031867187499 0.5433262777777779 0.53249786953125 0.5433262777777779 0.53249786953125 0.5253078041666667
7 0.5426332609375 0.37838794444444446 0.5426332609375 0.3936343444444444 0.56602262578125 0.3936343444444444 0.56602262578125 0.37838794444444446
7 0.52158283359375 0.3936343444444444 0.52158283359375 0.4268992194444444 0.56914120703125 0.4268992194444444 0.56914120703125 0.3936343444444444
7 0.51846425078125 0.41996903888888887 0.51846425078125 0.4407595847222222 0.5745987257812499 0.4407595847222222 0.5745987257812499 0.41996903888888887
7 0.727409240625 0.4878848222222222 0.727409240625 0.5059032958333334 0.73988356875 0.5059032958333334 0.73988356875 0.4878848222222222
2 0.77262868046875 0.5114474416666667 0.77262868046875 0.5280798777777778 0.80147556328125 0.5280798777777778 0.80147556328125 0.5114474416666667
9 0.70557916796875 0.5100614041666667 0.70557916796875 0.5322379875 0.7367649875 0.5322379875 0.7367649875 0.5100614041666667
9 0.27989273046875 0.5447123166666666 0.27989273046875 0.5655028625 0.3064006765625 0.5655028625 0.3064006765625 0.5447123166666666
2 0.42724572890625 0.533624023611111 0.42724572890625 0.5474843888888888 0.4358218296875 0.5474843888888888 0.4358218296875 0.533624023611111
7 0.58785269921875 0.47125238333333336 0.58785269921875 0.4975870763888889 0.5995473812500001 0.4975870763888889 0.5995473812500001 0.47125238333333336
7 0.160606971875 0.5045172583333334 0.160606971875 0.5197636583333333 0.16840342578125 0.5197636583333333 0.16840342578125 0.5045172583333334
7 0.16684413515625002 0.5447123166666666 0.16684413515625002 0.5558006083333333 0.17152200703125 0.5558006083333333 0.17152200703125 0.5447123166666666