7 0.37394934609375 0.4964738125 0.37394934609375 0.5066753305555556 0.39307719140624997 0.5066753305555556 0.39307719140624997 0.4964738125
7 0.40837946406250003 0.504975075 0.40837946406250003 0.5355796263888889 0.45046072031250006 0.5355796263888889 0.45046072031250006 0.504975075
7 0.36247263984375 0.506675325 0.36247263984375 0.5355796236111111 0.40646667968749994 0.5355796236111111 0.40646667968749994 0.506675325
7 0.41124864062500005 0.5474813972222222 0.41124864062500005 0.5661841791666666 0.42272534765625 0.5661841791666666 0.42272534765625 0.5474813972222222
7 0.48680362421875 0.4998743180555556 0.48680362421875 0.5253781097222222 0.49541115312499995 0.5253781097222222 0.49541115312499995 0.4998743180555556
7 0.39212079843750003 0.5593831625 0.39212079843750003 0.5661841763888888 0.40168471953124996 0.5661841763888888 0.40168471953124996 0.5593831625
2 0.41985617109374995 0.5780859444444444 0.41985617109374995 0.5916879680555556 0.42655091718750004 0.5916879680555556 0.42655091718750004 0.5780859444444444
2 0.41124864062500005 0.5746854388888889 0.41124864062500005 0.5916879666666667 0.42081256171875003 0.5916879666666667 0.42081256171875003 0.5746854388888889
2 0.3902080140625 0.5678844291666666 0.3902080140625 0.6035897375 0.41316142734375 0.6035897375 0.41316142734375 0.5678844291666666
2 0.31465302890625 0.5559826597222223 0.31465302890625 0.6052899902777777 0.33760644296875003 0.6052899902777777 0.33760644296875003 0.5559826597222223
2 0.05451435546875 0.48661234166666667 0.05451435546875 0.6838416625 0.16449945625 0.6838416625 0.16449945625 0.48661234166666667
2 0.33378087421874997 0.5393201763888889 0.33378087421874997 0.6311338277777778 0.3930771890625 0.6311338277777778 0.3930771890625 0.5393201763888889
2 0.43228927031250003 0.5495216916666666 0.43228927031250003 0.6685393888888889 0.5145389984375 0.6685393888888889 0.5145389984375 0.5495216916666666
2 0.13867686640625002 0.4951136041666666 0.13867686640625002 0.7280482333333335 0.3242169515625 0.7280482333333335 0.3242169515625 0.4951136041666666