7 0.136282403125 0.30820310138888884 0.136282403125 0.33070309861111113 0.1615949015625 0.33070309861111113 0.1615949015625 0.30820310138888884
7 0.14387615234375 0.3562030958333333 0.14387615234375 0.4312030902777778 0.185219896875 0.4312030902777778 0.185219896875 0.3562030958333333
7 0.52862612109375 0.40420309444444447 0.52862612109375 0.4507030861111111 0.55815736875 0.4507030861111111 0.55815736875 0.40420309444444447
6 0.6754386 0.39520309305555557 0.6754386 0.42670308333333334 0.69400109921875 0.42670308333333334 0.69400109921875 0.39520309305555557
6 0.20293863671875 0.18670311111111113 0.20293863671875 0.26620310694444443 0.21981363593749997 0.26620310694444443 0.21981363593749997 0.18670311111111113
6 0.18652387734375 0.19270310972222224 0.18652387734375 0.2572031055555556 0.20255512734374997 0.2572031055555556 0.20255512734374997 0.19270310972222224
6 0.22111762421874998 0.18970310972222224 0.22111762421874998 0.26620310416666665 0.23968012421874998 0.26620310416666665 0.23968012421874998 0.18970310972222224
2 0 0.4147030916666667 0 0.794203061111111 0.21137614765624999 0.794203061111111 0.21137614765624999 0.4147030916666667
2 0.44762612734375 0.5122030833333333 0.44762612734375 0.5662030791666667 0.48137612656249995 0.5662030791666667 0.48137612656249995 0.5122030833333333
4 0.775844840625 0.4477030888888889 0.775844840625 0.5767030791666667 0.8079073390625 0.5767030791666667 0.8079073390625 0.4477030888888889
4 0.90325108125 0.44620308750000004 0.90325108125 0.5527030777777777 0.92350107890625 0.5527030777777777 0.92350107890625 0.44620308750000004
7 0.17162247343749998 0.4756551902777778 0.17162247343749998 0.4964564375 0.19151366640625 0.4964564375 0.19151366640625 0.4756551902777778
7 0.3986160859375 0.4881359402777778 0.3986160859375 0.5130974361111111 0.407976646875 0.5130974361111111 0.407976646875 0.4881359402777778