7 0.1112256828125 0.4082720527777778 0.1112256828125 0.49931529722222223 0.14483344140625 0.49931529722222223 0.14483344140625 0.4082720527777778
6 0.9780440289062501 0.609518525 0.9780440289062501 0.6251665819444444 0.9884464328125 0.6251665819444444 0.9884464328125 0.609518525
2 0.9878138171874999 0.6409607208333333 0.9878138171874999 0.6665666347222222 0.9990164039062501 0.6665666347222222 0.9990164039062501 0.6409607208333333
2 0.96380827265625 0.6330628486111111 0.96380827265625 0.6836372416666667 0.9922447453125001 0.6836372416666667 0.9922447453125001 0.6330628486111111
2 0.87018665390625 0.6310028666666667 0.87018665390625 0.6651440847222223 0.9029942296875 0.6651440847222223 0.9029942296875 0.6310028666666667
2 0.89499238125 0.6153548097222222 0.89499238125 0.7305814166666668 0.9774114132812499 0.7305814166666668 0.9774114132812499 0.6153548097222222
2 0.7909683609375 0.6210450138888889 0.7909683609375 0.6722568402777778 0.84538092578125 0.6722568402777778 0.84538092578125 0.6210450138888889
2 0.63333196171875 0.5598753333333333 0.63333196171875 0.7846383458333334 0.79256873125 0.7846383458333334 0.79256873125 0.5598753333333333
2 0.5389101593750001 0.6110871569444445 0.5389101593750001 0.6850597916666666 0.6429341796875 0.6850597916666666 0.6429341796875 0.6110871569444445
2 0.31965953125 0.5840586944444445 0.31965953125 0.7120882569444444 0.50130147421875 0.7120882569444444 0.50130147421875 0.5840586944444445
2 0.23884086796875 0.5997067513888888 0.23884086796875 0.7149333597222223 0.35246710703125 0.7149333597222223 0.35246710703125 0.5997067513888888
2 0 0.5456498277777778 0 0.7661451861111112 0.25095793671875 0.7661451861111112 0.25095793671875 0.5456498277777778