7 0.52536376640625 0.5938778180555556 0.52536376640625 0.6260206902777777 0.5391392835937501 0.6260206902777777 0.5391392835937501 0.5938778180555556
7 0.241502021875 0.5150512513888889 0.241502021875 0.5670920902777777 0.2638872359375 0.5670920902777777 0.2638872359375 0.5150512513888889
2 0.43031270859375 0.6214288499999999 0.43031270859375 0.6321431375 0.43720046718749994 0.6321431375 0.43720046718749994 0.6214288499999999
2 0.42514689062500005 0.6260206888888888 0.42514689062500005 0.6382655930555555 0.43633949765624996 0.6382655930555555 0.43633949765624996 0.6260206888888888
2 0.4217030109375 0.6352043666666667 0.4217030109375 0.6505104958333333 0.43203464843750006 0.6505104958333333 0.43203464843750006 0.6352043666666667
2 0.41739816171875 0.6459186569444445 0.41739816171875 0.6673472388888888 0.43289561796875003 0.6673472388888888 0.43289561796875003 0.6459186569444445
2 0.41739816171875 0.6719390777777777 0.41739816171875 0.7025513361111112 0.42600786015625003 0.7025513361111112 0.42600786015625003 0.6719390777777777
2 0.4001787671875 0.6673472388888888 0.4001787671875 0.713265625 0.4217030109375 0.713265625 0.4217030109375 0.6673472388888888
2 0.39587391796875 0.6750003027777778 0.39587391796875 0.7163268513888889 0.41223234296875005 0.7163268513888889 0.41223234296875005 0.6750003027777778
2 0.39243003984375 0.6780615291666666 0.39243003984375 0.7209186916666667 0.40878846484375 0.7209186916666667 0.40878846484375 0.6780615291666666
2 0.4742221671875 0.6734696902777777 0.4742221671875 0.7010207208333333 0.48627574453125 0.7010207208333333 0.48627574453125 0.6734696902777777
2 0.481109925 0.6688778513888889 0.481109925 0.707143175 0.5052170796875 0.707143175 0.5052170796875 0.6688778513888889
2 0.48455380468750003 0.6734696902777777 0.48455380468750003 0.7163268527777777 0.50607804921875 0.7163268527777777 0.50607804921875 0.6734696902777777
2 0.49660738125000004 0.6688778513888889 0.49660738125000004 0.7193880777777778 0.525019384375 0.7193880777777778 0.525019384375 0.6688778513888889
2 0.5148598984375 0.6529180208333334 0.5148598984375 0.737755436111111 0.563935175 0.737755436111111 0.563935175 0.6529180208333334
2 0.55170942109375 0.6581635611111112 0.55170942109375 0.7821432083333333 0.65330385390625 0.7821432083333333 0.65330385390625 0.6581635611111112
2 0.38313154921875003 0.6696431583333333 0.38313154921875003 0.7339289013888889 0.40035094609375 0.7339289013888889 0.40035094609375 0.6696431583333333
2 0.354719546875 0.6604594805555556 0.354719546875 0.7385207402777777 0.39088027734374997 0.7385207402777777 0.39088027734374997 0.6604594805555556
2 0.291419809375 0.6757656097222222 0.291419809375 0.7660210444444445 0.36935603203125 0.7660210444444445 0.36935603203125 0.6757656097222222
2 0.0008609437500000001 0.6636323097222222 0.0008609437500000001 0.8668244819444444 0.13603319921874998 0.8668244819444444 0.13603319921874998 0.6636323097222222
2 0.73440719140625 0.6100608569444445 0.73440719140625 0.8610813777777778 0.99442006328125 0.8610813777777778 0.99442006328125 0.6100608569444445
4 0.66208575625 0.6281635375 0.66208575625 0.7383676708333333 0.68447094453125 0.7383676708333333 0.68447094453125 0.6281635375
4 0.74043400625 0.6189798597222222 0.74043400625 0.7444901180555555 0.758514371875 0.7444901180555555 0.758514371875 0.6189798597222222
4 0.72838042890625 0.626632925 0.72838042890625 0.7460207333333333 0.7481827328125 0.7460207333333333 0.7481827328125 0.626632925
4 0.717187821875 0.6174492472222223 0.717187821875 0.7475513486111112 0.7326852781250001 0.7475513486111112 0.7326852781250001 0.6174492472222223
4 0.685331940625 0.626632925 0.685331940625 0.7291839902777778 0.701690365625 0.7291839902777778 0.701690365625 0.626632925
4 0.7008293960937501 0.6220410861111111 0.7008293960937501 0.7460207347222223 0.716326853125 0.7460207347222223 0.716326853125 0.6220410861111111
7 0.5837543226562499 0.5678872930555555 0.5837543226562499 0.5831934236111112 0.5949469296875 0.5831934236111112 0.5949469296875 0.5678872930555555
2 0.44717068906249996 0.6435257305555555 0.44717068906249996 0.6588376458333334 0.45865462578124994 0.6588376458333334 0.45865462578124994 0.6435257305555555
6 0.46152560859375 0.6014179652777778 0.46152560859375 0.6192818666666666 0.46726757656249995 0.6192818666666666 0.46726757656249995 0.6014179652777778
6 0.4206140875 0.6090739222222222 0.4206140875 0.6231098444444445 0.42492056328125 0.6231098444444445 0.42492056328125 0.6090739222222222