2 0.07408539609375 0.4072530555555555 0.07408539609375 0.5614893194444445 0.2300546515625 0.5614893194444445 0.2300546515625 0.4072530555555555
2 0.2359034984375 0.42458297222222224 0.2359034984375 0.5164315361111111 0.31096370390625 0.5164315361111111 0.31096370390625 0.42458297222222224
2 0.61412894296875 0.3812581791666667 0.61412894296875 0.5649553027777777 0.7593753117187501 0.5649553027777777 0.7593753117187501 0.3812581791666667
2 0.57026258984375 0.3881901472222223 0.57026258984375 0.5302954680555556 0.6501968328125 0.5302954680555556 0.6501968328125 0.3881901472222223
2 0.5468672015625 0.42631596527777776 0.5468672015625 0.49216965 0.58585951484375 0.49216965 0.58585951484375 0.42631596527777776
2 0.53127027578125 0.4349809236111111 0.53127027578125 0.4817717 0.555640471875 0.4817717 0.555640471875 0.4349809236111111
2 0.52152219765625 0.43671391527777775 0.52152219765625 0.4731067402777777 0.5390687398437499 0.4731067402777777 0.5390687398437499 0.43671391527777775
2 0.51177411875 0.43324793194444444 0.51177411875 0.46790776666666667 0.52639623671875 0.46790776666666667 0.52639623671875 0.43324793194444444
2 0.5000764249999999 0.4401798986111111 0.5000764249999999 0.4627087902777778 0.51469854296875 0.4627087902777778 0.51469854296875 0.4401798986111111
2 0.48935353828125 0.4401798986111111 0.48935353828125 0.4540438319444445 0.50105123359375 0.4540438319444445 0.50105123359375 0.4401798986111111
2 0.30998889531249996 0.44191289027777775 0.30998889531249996 0.48697067499999996 0.3470315921875 0.48697067499999996 0.3470315921875 0.44191289027777775
2 0.34605678515625 0.4384469069444445 0.34605678515625 0.47483973194444445 0.37237659765625 0.47483973194444445 0.37237659765625 0.4384469069444445
2 0.3675025578125 0.4384469069444445 0.3675025578125 0.46790776666666667 0.38212467578125 0.46790776666666667 0.38212467578125 0.4384469069444445
2 0.38017506015625 0.4401798986111111 0.38017506015625 0.4731067416666667 0.39479717578125 0.4731067416666667 0.39479717578125 0.4401798986111111
2 0.39187275390625 0.4401798986111111 0.39187275390625 0.46790776666666667 0.40454525625000004 0.46790776666666667 0.40454525625000004 0.4401798986111111
2 0.39869640859375 0.4349809236111111 0.39869640859375 0.4592428055555555 0.41136891093749994 0.4592428055555555 0.41136891093749994 0.4349809236111111
2 0.41136891093749994 0.43671391527777775 0.41136891093749994 0.45750981527777773 0.42014218124999997 0.45750981527777773 0.42014218124999997 0.43671391527777775
2 0.41819256562499996 0.4401798986111111 0.41819256562499996 0.4557768236111111 0.43086506796875 0.4557768236111111 0.43086506796875 0.4401798986111111
2 0.43183987578125 0.43671391527777775 0.43183987578125 0.4540438319444445 0.43866353046875 0.4540438319444445 0.43866353046875 0.43671391527777775
2 0.45815968749999997 0.4384469069444445 0.45815968749999997 0.4627087902777778 0.4835046921875 0.4627087902777778 0.4835046921875 0.4384469069444445
2 0.8519820570312501 0.4228499805555555 0.8519820570312501 0.5441594 0.98553073203125 0.5441594 0.98553073203125 0.4228499805555555