7 0.60009593359375 0.4354115486111111 0.60009593359375 0.46602380694444445 0.62592502734375 0.46602380694444445 0.62592502734375 0.4354115486111111
7 0.60698368984375 0.4675544194444444 0.60698368984375 0.5012279055555555 0.6233421156250001 0.5012279055555555 0.6233421156250001 0.4675544194444444
7 0.40924763437499995 0.5147961527777778 0.40924763437499995 0.5316328972222222 0.41527442187499997 0.5316328972222222 0.41527442187499997 0.5147961527777778
6 0.43507672187499996 0.507143086111111 0.43507672187499996 0.5285716652777778 0.44196447968749997 0.5285716652777778 0.44196447968749997 0.507143086111111
6 0.5338012601562501 0.5181124777777778 0.5338012601562501 0.5334186069444444 0.5381061078125 0.5334186069444444 0.5381061078125 0.5181124777777778
6 0.53207931953125 0.4905614430555555 0.53207931953125 0.511990025 0.54068901796875 0.511990025 0.54068901796875 0.4905614430555555
6 0.506250228125 0.5227043152777777 0.506250228125 0.5364798291666666 0.50969410546875 0.5364798291666666 0.50969410546875 0.5227043152777777
1 0.44985670703125 0.5227043152777777 0.44985670703125 0.5808676097222222 0.48343452734375003 0.5808676097222222 0.48343452734375003 0.5227043152777777
2 0.396907065625 0.5579084138888889 0.396907065625 0.5823982208333334 0.42445809843750004 0.5823982208333334 0.42445809843750004 0.5579084138888889
2 0.39432415703125 0.5609696416666666 0.39432415703125 0.58545945 0.41068258203125 0.58545945 0.41068258203125 0.5609696416666666
2 0.38743639765625 0.5655614791666667 0.38743639765625 0.588520675 0.40293385390625 0.588520675 0.40293385390625 0.5655614791666667
2 0.36763409296875 0.5609696416666666 0.36763409296875 0.5915819 0.38829736718749996 0.5915819 0.38829736718749996 0.5609696416666666
2 0.35816342578125 0.5670920930555555 0.35816342578125 0.5961737375 0.37624379296875 0.5961737375 0.37624379296875 0.5670920930555555
2 0.3383611203125 0.5594390277777778 0.3383611203125 0.6007655777777778 0.3641902140625 0.6007655777777778 0.3641902140625 0.5594390277777778
2 0.53035738125 0.5426022833333334 0.53035738125 0.5716839277777778 0.5389670796875 0.5716839277777778 0.5389670796875 0.5426022833333334
2 0.5355232 0.5410716708333333 0.5355232 0.5778063805555556 0.5527425953125 0.5778063805555556 0.5527425953125 0.5410716708333333
2 0.54327192734375 0.5456635111111111 0.54327192734375 0.5823982208333334 0.55704744296875 0.5823982208333334 0.55704744296875 0.5456635111111111
2 0.55188162578125 0.5441328944444445 0.55188162578125 0.5869900583333333 0.5725449 0.5869900583333333 0.5725449 0.5441328944444445
2 0.5647961718750001 0.5334186069444444 0.5647961718750001 0.6007655777777778 0.6078446601562499 0.6007655777777778 0.6078446601562499 0.5334186069444444
2 0.59148623515625 0.5441328944444445 0.59148623515625 0.6206635416666667 0.65778090859375 0.6206635416666667 0.65778090859375 0.5441328944444445
2 0.653476059375 0.5211737013888889 0.653476059375 0.6727043847222222 0.78778734375 0.6727043847222222 0.78778734375 0.5211737013888889
2 0.48687840624999995 0.5433675888888889 0.48687840624999995 0.5892859777777778 0.51873428828125 0.5892859777777778 0.51873428828125 0.5433675888888889
2 0.0503667328125 0.4775512347222222 0.0503667328125 0.843367723611111 0.356871971875 0.843367723611111 0.356871971875 0.4775512347222222
2 0.00043048593750000003 0.6260206902777777 0.00043048593750000003 0.7301023680555556 0.05467158046875 0.7301023680555556 0.05467158046875 0.6260206902777777