7 0.46627402890624997 0.46563949027777773 0.46627402890624997 0.48270109027777774 0.47587117890624997 0.48270109027777774 0.47587117890624997 0.46563949027777773
2 0.257536015625 0.46563949027777773 0.257536015625 0.5125588902777778 0.28272853593749997 0.5125588902777778 0.28272853593749997 0.46563949027777773
2 0.155566296875 0.4720375902777778 0.155566296875 0.5210896888888888 0.192755253125 0.5210896888888888 0.192755253125 0.4720375902777778
2 0.184357746875 0.4635067902777778 0.184357746875 0.5552128902777778 0.275530671875 0.5552128902777778 0.275530671875 0.4635067902777778
2 0 0.3952603902777778 0 0.6682459902777778 0.151967365625 0.6682459902777778 0.151967365625 0.3952603902777778
2 0.40989077265624996 0.4784356902777778 0.40989077265624996 0.5040280902777777 0.42668578515625005 0.5040280902777777 0.42668578515625005 0.4784356902777778
2 0.42308685390624995 0.48270109027777774 0.42308685390624995 0.5210896902777777 0.450678659375 0.5210896902777777 0.450678659375 0.48270109027777774
2 0.45547723515625 0.48270109027777774 0.45547723515625 0.5445493888888889 0.49626512265624995 0.5445493888888889 0.49626512265624995 0.48270109027777774
2 0.48906726015624996 0.47417029027777774 0.48906726015624996 0.5317531902777778 0.52145764296875 0.5317531902777778 0.52145764296875 0.47417029027777774
2 0.37270181640625 0.47417029027777774 0.37270181640625 0.5402839916666667 0.41948792265624996 0.5402839916666667 0.41948792265624996 0.47417029027777774
2 0.2767303171875 0.45284329027777775 0.2767303171875 0.5765398902777777 0.3810993234375 0.5765398902777777 0.3810993234375 0.45284329027777775