6 0.50992096796875 0.4340173402777778 0.50992096796875 0.45887921805555554 0.5183118515625 0.45887921805555554 0.5183118515625 0.4340173402777778
6 0.379862271875 0.4489344666666667 0.379862271875 0.4762825319444445 0.38825315546875 0.4762825319444445 0.38825315546875 0.4489344666666667
7 0.617603975 0.4610102263888889 0.617603975 0.4833859180555556 0.63158878125 0.4833859180555556 0.63158878125 0.4610102263888889
2 0.22882636640624998 0.5132201708333334 0.22882636640624998 0.5554853625 0.26378838125000004 0.5554853625 0.26378838125000004 0.5132201708333334
2 0.18547346796875 0.5306234847222222 0.18547346796875 0.5529991736111111 0.2064506765625 0.5529991736111111 0.2064506765625 0.5306234847222222
2 0.1672932203125 0.5206787333333334 0.1672932203125 0.5529991736111111 0.18547346953125 0.5529991736111111 0.18547346953125 0.5206787333333334
2 0.12254184140624999 0.5082477930555556 0.12254184140624999 0.5554853625 0.1672932203125 0.5554853625 0.1672932203125 0.5082477930555556
2 0.04282844609375 0.5256511069444444 0.04282844609375 0.5604577347222222 0.07918894296875 0.5604577347222222 0.07918894296875 0.5256511069444444
2 0 0.5157063583333333 0 0.5654301125000001 0.045625409374999995 0.5654301125000001 0.045625409374999995 0.5157063583333333
6 0.03303908203125 0.47841354027777777 0.03303908203125 0.5007892319444445 0.049820849218750005 0.5007892319444445 0.049820849218750005 0.47841354027777777
7 0.049820849218750005 0.451065475 0.049820849218750005 0.46846879166666666 0.061008693749999995 0.46846879166666666 0.061008693749999995 0.451065475
7 0.034437562500000005 0.4436069125 0.034437562500000005 0.4610102263888889 0.049820849218750005 0.4610102263888889 0.049820849218750005 0.4436069125
2 0.41622276718749995 0.5181925458333333 0.41622276718749995 0.5604577374999999 0.433004534375 0.5604577374999999 0.433004534375 0.5181925458333333
2 0.515514890625 0.5281372944444445 0.515514890625 0.5604577347222222 0.54348450234375 0.5604577347222222 0.54348450234375 0.5281372944444445
2 0.55607082734375 0.5206787333333334 0.55607082734375 0.5753748638888889 0.59662676484375 0.5753748638888889 0.59662676484375 0.5206787333333334
2 0.595228284375 0.5231649194444444 0.595228284375 0.5902919902777778 0.6539644703125 0.5902919902777778 0.6539644703125 0.5231649194444444
2 0.7043097703125001 0.5231649194444444 0.7043097703125001 0.6275848055555555 0.823180621875 0.6275848055555555 0.823180621875 0.5231649194444444
2 0.9056909781250001 0.38145221944444446 0.9056909781250001 0.6922256861111111 0.99949698984375 0.6922256861111111 0.99949698984375 0.38145221944444446
2 0.42601213125 0.47841354027777777 0.42601213125 0.6226124305555556 0.515514890625 0.6226124305555556 0.515514890625 0.47841354027777777