7 0.18655420312499998 0.46942836805555554 0.18655420312499998 0.48833152361111115 0.19630114140625 0.48833152361111115 0.19630114140625 0.46942836805555554
7 0.1360473328125 0.4505252111111111 0.1360473328125 0.4741541569444444 0.14933861406249999 0.4741541569444444 0.14933861406249999 0.4505252111111111
7 0.07756569453124999 0.4442241597222222 0.07756569453124999 0.4599767888888889 0.08908480546875 0.4599767888888889 0.08908480546875 0.4442241597222222
7 0.039464021875 0.4631273152777778 0.039464021875 0.48045520833333333 0.0492109609375 0.48045520833333333 0.0492109609375 0.4631273152777778
2 0.17662635625 0.49410749583333335 0.17662635625 0.5208869638888889 0.21029760234375 0.5208869638888889 0.21029760234375 0.49410749583333335
2 0.20557181875000002 0.49857073194444446 0.20557181875000002 0.5426780958333334 0.23392655312500002 0.5426780958333334 0.23392655312500002 0.49857073194444446
2 0.30215512968749997 0.5064470472222222 0.30215512968749997 0.5537049347222223 0.32785160703125 0.5537049347222223 0.32785160703125 0.5064470472222222
2 0.6187829835937501 0.5828473013888888 0.6187829835937501 0.6458578222222222 0.6746063648437499 0.6458578222222222 0.6746063648437499 0.5828473013888888
2 0.0119953734375 0.48308068055555553 0.0119953734375 0.4974680541666667 0.02924081875 0.4974680541666667 0.02924081875 0.48308068055555553
2 0 0.4730289791666667 0 0.4903568708333333 0.01240519609375 0.4903568708333333 0.01240519609375 0.4730289791666667
2 0 0.4895917388888889 0 0.5056594138888889 0.0128814578125 0.5056594138888889 0.0128814578125 0.4895917388888889
2 0.00047626250000000004 0.49148205 0.00047626250000000004 0.7403736 0.1980733125 0.7403736 0.1980733125 0.49148205
2 0.26582562734375 0.49857073194444446 0.26582562734375 0.5442533597222222 0.30304121640625004 0.5442533597222222 0.30304121640625004 0.49857073194444446
2 0.22417961328125 0.5001459944444444 0.22417961328125 0.5521296722222222 0.26316737109375 0.5521296722222222 0.26316737109375 0.5001459944444444
2 0.30835772890625 0.4654902083333333 0.30835772890625 0.6813012361111112 0.4386122859375 0.6813012361111112 0.4386122859375 0.4654902083333333