7 0.61412894296875 0.4228499805555555 0.61412894296875 0.4817717027777778 0.639473946875 0.4817717027777778 0.639473946875 0.4228499805555555
7 0.65312125703125 0.4471118638888889 0.65312125703125 0.47137375 0.665793759375 0.47137375 0.665793759375 0.4471118638888889
7 0.90559648984375 0.26861371666666667 0.90559648984375 0.32406945277777777 0.9699338078125 0.32406945277777777 0.9699338078125 0.26861371666666667
7 0.8997476414062501 0.21835695694444443 0.8997476414062501 0.27381269166666666 0.9426391867187499 0.27381269166666666 0.9426391867187499 0.21835695694444443
7 0.4630337265625 0.4921696486111111 0.4630337265625 0.5094995666666667 0.47180699765625 0.5094995666666667 0.47180699765625 0.4921696486111111
2 0.70381126484375 0.5354944430555555 0.70381126484375 0.8075741444444445 0.92314303046875 0.8075741444444445 0.92314303046875 0.5354944430555555
6 0.9572613046875 0.3431323597222222 0.9572613046875 0.41938399722222225 0.9982032343749999 0.41938399722222225 0.9982032343749999 0.3431323597222222
6 0.34118274609375 0.44364588194444443 0.34118274609375 0.45750981527777773 0.34703159296875 0.45750981527777773 0.34703159296875 0.44364588194444443
6 0.4133185265625 0.4401798986111111 0.4133185265625 0.45750981527777773 0.41624295 0.45750981527777773 0.41624295 0.4401798986111111
2 0.20081041640625 0.4800387069444444 0.20081041640625 0.6048141111111112 0.30998889531249996 0.6048141111111112 0.30998889531249996 0.4800387069444444
2 0.386998715625 0.5025676 0.386998715625 0.5684212861111111 0.42794064453124997 0.5684212861111111 0.42794064453124997 0.5025676
2 0.34118274609375 0.5043005902777777 0.34118274609375 0.5476253847222222 0.372376596875 0.5476253847222222 0.372376596875 0.5043005902777777
2 0.50592527265625 0.49043665833333333 0.50592527265625 0.6186780458333333 0.601456440625 0.6186780458333333 0.601456440625 0.49043665833333333
2 0.49520238515625004 0.5164315347222223 0.49520238515625004 0.5909501777777778 0.517622965625 0.5909501777777778 0.517622965625 0.5164315347222223
2 0.48545430703125003 0.5094995680555556 0.48545430703125003 0.5822852208333333 0.5107993109375 0.5822852208333333 0.5107993109375 0.5094995680555556
2 0.4737566125 0.5146985444444444 0.4737566125 0.5718872680555556 0.49032834531249997 0.5718872680555556 0.49032834531249997 0.5146985444444444
2 0.4630337265625 0.5216305097222222 0.4630337265625 0.5666882944444445 0.4766810375 0.5666882944444445 0.4766810375 0.5216305097222222
2 0.456210071875 0.5354944430555555 0.456210071875 0.5649553013888888 0.4630337265625 0.5649553013888888 0.4630337265625 0.5354944430555555
2 0.43476429921875 0.5198975194444444 0.43476429921875 0.5372274361111111 0.44646199375 0.5372274361111111 0.44646199375 0.5198975194444444
2 0.37920025156250003 0.5025676 0.37920025156250003 0.5285624763888889 0.3908979453125 0.5285624763888889 0.3908979453125 0.5025676
2 0.1384227140625 0.4817717013888889 0.1384227140625 0.5164315347222223 0.1881379140625 0.5164315347222223 0.1881379140625 0.4817717013888889
7 0.1413471375 0.4471118638888889 0.1413471375 0.4592428055555555 0.15499444843750002 0.4592428055555555 0.15499444843750002 0.4471118638888889