6 0.50706191640625 0.3582936027777777 0.50706191640625 0.3796206013888889 0.51186049296875 0.3796206013888889 0.51186049296875 0.3582936027777777
6 0.43988186640625004 0.3625590013888889 0.43988186640625004 0.3860187013888889 0.44348079765625004 0.3860187013888889 0.44348079765625004 0.3625590013888889
6 0.47227224765625 0.3753552027777778 0.47227224765625 0.3966822013888889 0.47610867734375006 0.3966822013888889 0.47610867734375006 0.3753552027777778
6 0.50346298515625 0.3796206013888889 0.50346298515625 0.3966822013888889 0.51066084921875 0.3966822013888889 0.51066084921875 0.3796206013888889
2 0.515459425 0.3966822013888889 0.515459425 0.4137438013888889 0.525056575 0.4137438013888889 0.525056575 0.3966822013888889
2 0.48666797187500005 0.4009476013888889 0.48666797187500005 0.4137438013888889 0.49626512187499994 0.4137438013888889 0.49626512187499994 0.4009476013888889
2 0.46987296093750003 0.4350708013888889 0.46987296093750003 0.4903121583333333 0.51038599765625 0.4903121583333333 0.51038599765625 0.4350708013888889
2 0.544250871875 0.4308054013888889 0.544250871875 0.49052100277777777 0.5850387593749999 0.49052100277777777 0.5850387593749999 0.4308054013888889
2 0.67381239921875 0.4457343 0.67381239921875 0.5417058 0.75538817421875 0.5417058 0.75538817421875 0.4457343
2 0.73139529921875 0.3924168027777778 0.73139529921875 0.617812075 0.9413329562499999 0.617812075 0.9413329562499999 0.3924168027777778
2 0.6138302101562501 0.3710898 0.6138302101562501 0.405213 0.6282259359375 0.405213 0.6282259359375 0.3710898
2 0.43388364765625004 0.41161109999999995 0.43388364765625004 0.42654 0.4482793734375 0.42654 0.4482793734375 0.41161109999999995
2 0.46267509765625 0.40308030138888895 0.46267509765625 0.4222746027777778 0.47227224765625 0.4222746027777778 0.47227224765625 0.40308030138888895
6 0.127974490625 0.07677720138888888 0.127974490625 0.149289 0.165163446875 0.149289 0.165163446875 0.07677720138888888
6 0.6306252234375 0.1919429986111111 0.6306252234375 0.23484358194444444 0.647495278125 0.23484358194444444 0.647495278125 0.1919429986111111
2 0.502475846875 0.39656222500000005 0.502475846875 0.4153122125 0.5182961484375 0.4153122125 0.5182961484375 0.39656222500000005
7 0.7094581265625 0.12468740694444445 0.7094581265625 0.1926561111111111 0.7305518617187501 0.1926561111111111 0.7305518617187501 0.12468740694444445