2 0.49407224609375 0.4123712013888889 0.49407224609375 0.4309279069444445 0.5033506 0.4309279069444445 0.5033506 0.4123712013888889
2 0.50219080546875 0.40618563333333335 0.50219080546875 0.44329904027777783 0.5277062734375 0.44329904027777783 0.5277062734375 0.40618563333333335
2 0.43724233984375005 0.39587635416666667 0.43724233984375005 0.49896915694444444 0.5010310101562501 0.49896915694444444 0.5010310101562501 0.39587635416666667
9 0.42100522421875003 0.3835052180555556 0.42100522421875003 0.4268041972222222 0.4592784265625 0.4268041972222222 0.4592784265625 0.3835052180555556
2 0.39432996171875 0.4082474902777778 0.39432996171875 0.4659794583333333 0.43492275234375005 0.4659794583333333 0.43492275234375005 0.4082474902777778
2 0.37229387578125 0.40412377777777775 0.37229387578125 0.4597938861111111 0.4036083125 0.4597938861111111 0.4036083125 0.40412377777777775
9 0.35605675937500003 0.3793815055555555 0.35605675937500003 0.4453609 0.40012893125 0.4453609 0.40012893125 0.3793815055555555
9 0.273711384375 0.3381443861111111 0.273711384375 0.46185574583333333 0.36417531796875 0.46185574583333333 0.36417531796875 0.3381443861111111
2 0.7295104296875 0.3938144986111111 0.7295104296875 0.4783505944444444 0.8559279765625 0.4783505944444444 0.8559279765625 0.3938144986111111
2 0.82229395 0.3938144986111111 0.82229395 0.45773203333333334 0.8953609726562499 0.45773203333333334 0.8953609726562499 0.3938144986111111
4 0.5323454484375 0.4020619208333333 0.5323454484375 0.4309279041666667 0.5393042125 0.4309279041666667 0.5393042125 0.4020619208333333
4 0.71211351953125 0.3917526416666666 0.71211351953125 0.4536083236111111 0.72487125390625 0.4536083236111111 0.72487125390625 0.3917526416666666
4 0.722551665625 0.39587635416666667 0.722551665625 0.44742275416666666 0.73414960625 0.44742275416666666 0.73414960625 0.39587635416666667
4 0.85305156875 0.35766758472222226 0.85305156875 0.5143686444444444 0.89582491875 0.5143686444444444 0.89582491875 0.35766758472222226
4 0.08698455078125 0.41113409305555554 0.08698455078125 0.46268049166666664 0.09974228359375001 0.46268049166666664 0.09974228359375001 0.41113409305555554
4 0.198324775 0.4028866694444444 0.198324775 0.44412378611111114 0.20876292109375 0.44412378611111114 0.20876292109375 0.4028866694444444
7 0 0.31546396944444444 0 0.33549995833333335 0.022036085937499998 0.33549995833333335 0.022036085937499998 0.31546396944444444
7 0.0069587640625 0.230927875 0.0069587640625 0.2701031361111111 0.022036085937499998 0.2701031361111111 0.022036085937499998 0.230927875
7 0.43144336953125 0.1546392013888889 0.43144336953125 0.18144332916666667 0.51378874453125 0.18144332916666667 0.51378874453125 0.1546392013888889
7 0.6413660851562499 0.22474230555555555 0.6413660851562499 0.2536082888888889 0.6819588750000001 0.2536082888888889 0.6819588750000001 0.22474230555555555
6 0 0.2536082888888889 0 0.30103097638888887 0.0069587640625 0.30103097638888887 0.0069587640625 0.2536082888888889
6 0.07306702265625001 0.2061856013888889 0.07306702265625001 0.265979425 0.08582475625 0.265979425 0.08582475625 0.2061856013888889
6 0.08698455078125 0.20824745694444444 0.08698455078125 0.2536082888888889 0.100902078125 0.2536082888888889 0.100902078125 0.20824745694444444
6 0.3989691390625 0.15670105694444444 0.3989691390625 0.2103093125 0.41288666640624994 0.2103093125 0.41288666640624994 0.15670105694444444
6 0.41288666640624994 0.162886625 0.41288666640624994 0.21237116805555556 0.42564440000000003 0.21237116805555556 0.42564440000000003 0.162886625
6 0.67461353671875 0.2735395652777778 0.67461353671875 0.3189003972222222 0.7001290046875 0.3189003972222222 0.7001290046875 0.2735395652777778
6 0.55863413671875 0.3271478208333333 0.55863413671875 0.35601380555555556 0.567912490625 0.35601380555555556 0.567912490625 0.3271478208333333
6 0.3877578078125 0.35532651666666665 0.3877578078125 0.3738832166666667 0.39355677734375 0.3738832166666667 0.39355677734375 0.35532651666666665
6 0.00011601328124999999 0.3596999708333333 0.00011601328124999999 0.38819996944444446 0.0102410125 0.38819996944444446 0.0102410125 0.3596999708333333
7 0.6710624546874999 0.1789999777777778 0.6710624546874999 0.20149997777777778 0.7098749515625 0.20149997777777778 0.7098749515625 0.1789999777777778