2 0.38737119765625 0.6515465013888888 0.38737119765625 0.6701032041666667 0.3989691375 0.6701032041666667 0.3989691375 0.6515465013888888
2 0.36881449453125004 0.6515465013888888 0.36881449453125004 0.6845361958333334 0.3838918171875 0.6845361958333334 0.3838918171875 0.6515465013888888
2 0.31546396953125 0.6556702125 0.31546396953125 0.6804124847222223 0.32938149765625 0.6804124847222223 0.32938149765625 0.6556702125
2 0.299226853125 0.6536083569444445 0.299226853125 0.694845475 0.32126293984375 0.694845475 0.32126293984375 0.6536083569444445
2 0.27371138515625 0.6494846430555555 0.27371138515625 0.7030929013888889 0.30850520625 0.7030929013888889 0.30850520625 0.6494846430555555
2 0.25283509375 0.6597939222222222 0.25283509375 0.7154640361111111 0.2783505625 0.7154640361111111 0.2783505625 0.6597939222222222
2 0.184407246875 0.6391753625 0.184407246875 0.7546392999999999 0.25863406328125 0.7546392999999999 0.25863406328125 0.6391753625
2 0 0.6243300069444444 0 0.8758764402777778 0.19716498124999998 0.8758764402777778 0.19716498124999998 0.6243300069444444
2 0.32242273359375 0.6470104222222223 0.32242273359375 0.6903093972222222 0.34097943828125 0.6903093972222222 0.34097943828125 0.6470104222222223
2 0.33634026171875 0.6449485680555556 0.33634026171875 0.6985568222222223 0.3734536703125 0.6985568222222223 0.3734536703125 0.6449485680555556
2 0.42332481171875 0.6490722777777778 0.42332481171875 0.6655671277777777 0.43260316484374994 0.6655671277777777 0.43260316484374994 0.6490722777777778
2 0.43144336953125 0.6511341333333334 0.43144336953125 0.6696908375 0.44072172187499997 0.6696908375 0.44072172187499997 0.6511341333333334
2 0.438402134375 0.6470104222222223 0.438402134375 0.6696908388888889 0.44884027968750007 0.6696908388888889 0.44884027968750007 0.6470104222222223
2 0.44536089843750004 0.6490722777777778 0.44536089843750004 0.6696908416666667 0.4569588390625 0.6696908416666667 0.4569588390625 0.6490722777777778
2 0.45231966171875 0.6449485680555556 0.45231966171875 0.67381455 0.47087636640625 0.67381455 0.47087636640625 0.6449485680555556
2 0.46159801328125 0.6428867097222222 0.46159801328125 0.6758764069444444 0.48479389609375 0.6758764069444444 0.48479389609375 0.6428867097222222
2 0.469716571875 0.6470104222222223 0.469716571875 0.682061975 0.4940722453125 0.682061975 0.4940722453125 0.6470104222222223
2 0.40012893125 0.6470104222222223 0.40012893125 0.6861856861111111 0.42448460546875 0.6861856861111111 0.42448460546875 0.6470104222222223
2 0.6457733234374999 0.5851547416666667 0.6457733234374999 0.7789692069444445 0.8151032484374999 0.7789692069444445 0.8151032484374999 0.5851547416666667
2 0.75363416640625 0.6037114444444445 0.75363416640625 0.8490723097222221 0.9983507015624999 0.8490723097222221 0.9983507015624999 0.6037114444444445
6 0.1716495125 0.45154646805555554 0.1716495125 0.5051547236111111 0.1820876578125 0.5051547236111111 0.1820876578125 0.45154646805555554
6 0.183247453125 0.44742275277777777 0.183247453125 0.5051547236111111 0.20064436328125002 0.5051547236111111 0.20064436328125002 0.44742275277777777
6 0.16585054296875 0.45154646805555554 0.16585054296875 0.49896915555555554 0.17280930703125 0.49896915555555554 0.17280930703125 0.45154646805555554
6 0.50798977421875 0.4865980180555555 0.50798977421875 0.5237114277777778 0.51842791953125 0.5237114277777778 0.51842791953125 0.4865980180555555
6 0.70840219921875 0.540206275 0.70840219921875 0.5752578263888889 0.7339176671875001 0.5752578263888889 0.7339176671875001 0.540206275
7 0.694484671875 0.45773203472222224 0.694484671875 0.47422688194444446 0.70608261171875 0.47422688194444446 0.70608261171875 0.45773203472222224
7 0.694484671875 0.49278358611111117 0.694484671875 0.5443299861111112 0.70840220078125 0.5443299861111112 0.70840220078125 0.49278358611111117
7 0.6564434078125 0.3298969638888889 0.6564434078125 0.40412377916666664 0.6854382578125 0.40412377916666664 0.6854382578125 0.3298969638888889