7 0.27254208515625 0.5459549791666667 0.27254208515625 0.6332932194444444 0.32377532265625 0.6332932194444444 0.32377532265625 0.5459549791666667
6 0.3768801046875 0.5739370111111111 0.3768801046875 0.5901569694444445 0.38109105703125 0.5901569694444445 0.38109105703125 0.5739370111111111
6 0.44495714453125 0.5789277680555556 0.44495714453125 0.5988907958333333 0.45127357109375 0.5988907958333333 0.45127357109375 0.5789277680555556
6 0.3593344765625 0.5826708347222223 0.3593344765625 0.5926523458333334 0.36635272812499997 0.5926523458333334 0.36635272812499997 0.5826708347222223
2 0.595161434375 0.4816323833333333 0.595161434375 0.9944326277777777 0.99871089453125 0.9944326277777777 0.99871089453125 0.4816323833333333
2 0.41856851484375 0.609371375 0.41856851484375 0.6355728472222223 0.43330684374999995 0.6355728472222223 0.43330684374999995 0.609371375
2 0.43120136875000004 0.6143621319444444 0.43120136875000004 0.6605266319444445 0.45787072421874997 0.6605266319444445 0.45787072421874997 0.6143621319444444
2 0.43541231953125 0.6181052 0.43541231953125 0.6742512138888889 0.47682000390625 0.6742512138888889 0.47682000390625 0.6181052
2 0.47050357578125 0.609371375 0.47050357578125 0.7054434402777778 0.51963133515625 0.7054434402777778 0.51963133515625 0.609371375
2 0.48313642890624997 0.6131144430555556 0.48313642890624997 0.7503602458333333 0.5596353703125 0.7503602458333333 0.5596353703125 0.6131144430555556
2 0.52314048359375 0.6018852402777778 0.52314048359375 0.8227262180555556 0.64946901328125 0.8227262180555556 0.64946901328125 0.6018852402777778
2 0.40565493671875 0.6081236847222222 0.40565493671875 0.6206005791666667 0.41618231328125 0.6206005791666667 0.41618231328125 0.6081236847222222
2 0.39957662968749996 0.626339975 0.39957662968749996 0.6612752722222223 0.42203503515624996 0.6612752722222223 0.42203503515624996 0.626339975
2 0.36986185390625004 0.6138630638888889 0.36986185390625004 0.6338260902777778 0.37968740625 0.6338260902777778 0.37968740625 0.6138630638888889
2 0.350912575 0.6225968888888889 0.350912575 0.6425599111111111 0.3649490796875 0.6425599111111111 0.3649490796875 0.6225968888888889
2 0.33196329609375 0.612615376388889 0.33196329609375 0.6350737819444444 0.350912575 0.6350737819444444 0.350912575 0.612615376388889
2 0.26458808125 0.6300830236111111 0.26458808125 0.6762475236111111 0.31090854140625 0.6762475236111111 0.31090854140625 0.6300830236111111
2 0.218969446875 0.6263399555555555 0.218969446875 0.7036966805555556 0.26809720703125 0.7036966805555556 0.26809720703125 0.6263399555555555
2 0.1263285265625 0.6076246180555556 0.1263285265625 0.7211643347222223 0.22107492343750001 0.7211643347222223 0.22107492343750001 0.6076246180555556
2 0 0.6292512416666667 0 0.7689924305555554 0.1536997078125 0.7689924305555554 0.1536997078125 0.6292512416666667
2 0.01572087890625 0.6103695333333333 0.01572087890625 0.6278371833333334 0.051513964062499994 0.6278371833333334 0.051513964062499994 0.6103695333333333
7 0.37108016953125 0.5981489333333333 0.37108016953125 0.60835045 0.38064409140625 0.60835045 0.38064409140625 0.5981489333333333