2 0.188946903125 0.49163399305555555 0.188946903125 0.5532875555555555 0.237977428125 0.5532875555555555 0.237977428125 0.49163399305555555
2 0.12915357890625 0.5022639180555556 0.12915357890625 0.5681694472222222 0.198513834375 0.5681694472222222 0.198513834375 0.5022639180555556
2 0.07653545390625 0.5107678569444445 0.07653545390625 0.5724214166666667 0.1339370453125 0.5724214166666667 0.1339370453125 0.5107678569444445
2 0 0.487382025 0 0.6000592208333333 0.08849411874999999 0.6000592208333333 0.08849411874999999 0.487382025
6 0.35756407578125 0.42998043472222225 0.35756407578125 0.4512402819444445 0.37191447421875 0.4512402819444445 0.37191447421875 0.42998043472222225
6 0.49150112031250004 0.4257284638888889 0.49150112031250004 0.44911429722222224 0.5046556515625 0.44911429722222224 0.5046556515625 0.4257284638888889
7 0.53694404609375 0.4342324041666667 0.53694404609375 0.44698831250000004 0.5489027109375 0.44698831250000004 0.5489027109375 0.4342324041666667
7 0.6433761625 0.417224525 0.6433761625 0.4576182388888889 0.66251002578125 0.4576182388888889 0.66251002578125 0.417224525
7 0.5357481796875 0.4597442222222223 0.5357481796875 0.47675210277777774 0.5489027109375 0.47675210277777774 0.5489027109375 0.4597442222222223
2 0.39583180234375004 0.48525604027777774 0.39583180234375004 0.5086418736111111 0.41137806640625 0.5086418736111111 0.41137806640625 0.48525604027777774
2 0.379089671875 0.4895080097222222 0.379089671875 0.5128938430555555 0.39822353593750004 0.5128938430555555 0.39822353593750004 0.4895080097222222
2 0.35636820937499997 0.4980119486111111 0.35636820937499997 0.5213977819444444 0.37908967109375 0.5213977819444444 0.37908967109375 0.4980119486111111
2 0.5776035054687501 0.49375997916666664 0.5776035054687501 0.5554135416666667 0.6194588328124999 0.5554135416666667 0.6194588328124999 0.49375997916666664
2 0.4891093875 0.487382025 0.4891093875 0.5022639180555556 0.49867631953125 0.5022639180555556 0.49867631953125 0.487382025
2 0.49748045390625 0.49375997916666664 0.49748045390625 0.5171458125 0.5154184500000001 0.5171458125 0.5154184500000001 0.49375997916666664
2 0.44964579374999997 0.4958859652777778 0.44964579374999997 0.5554135416666667 0.49030525390625 0.5554135416666667 0.49030525390625 0.4958859652777778
2 0.5273771148437499 0.49375997916666664 0.5273771148437499 0.5894292986111112 0.60391256875 0.5894292986111112 0.60391256875 0.49375997916666664
6 0.43051193046874997 0.4725001291666666 0.43051193046874997 0.4895080083333333 0.44007886171875 0.4895080083333333 0.44007886171875 0.4725001291666666
6 0.4687796578125 0.4725001291666666 0.4687796578125 0.487382025 0.47834658828125 0.487382025 0.47834658828125 0.4725001291666666
2 0.41974913203125 0.48525604027777774 0.41974913203125 0.5001379333333333 0.43290366328124996 0.5001379333333333 0.43290366328124996 0.48525604027777774
7 0.29418315234375003 0.45549225277777783 0.29418315234375003 0.46612217638888886 0.30375008359375 0.46612217638888886 0.30375008359375 0.45549225277777783