2 0.29690726562499997 0.5621993986111111 0.29690726562499997 0.5786942486111111 0.31430417578125003 0.5786942486111111 0.31430417578125003 0.5621993986111111
2 0.28762891328125 0.5621993986111111 0.28762891328125 0.5786942486111111 0.2992268515625 0.5786942486111111 0.2992268515625 0.5621993986111111
2 0.33634026171875 0.5642612555555555 0.33634026171875 0.5869416736111112 0.353737171875 0.5869416736111112 0.353737171875 0.5642612555555555
2 0.3421392328125 0.5683849680555555 0.3421392328125 0.5828179583333334 0.35373717109374997 0.5828179583333334 0.35373717109374997 0.5683849680555555
2 0.352577378125 0.5642612555555555 0.352577378125 0.5931272388888889 0.36417531796875 0.5931272388888889 0.36417531796875 0.5642612555555555
2 0.36069593515625 0.5621993986111111 0.36069593515625 0.5993128097222222 0.3769330515625 0.5993128097222222 0.3769330515625 0.5621993986111111
2 0.26443303359375003 0.5477664083333333 0.26443303359375003 0.5910653847222223 0.29226808828125 0.5910653847222223 0.29226808828125 0.5477664083333333
2 0.36649490625 0.46323030972222223 0.36649490625 0.7395190152777779 0.51726812734375 0.7395190152777779 0.51726812734375 0.46323030972222223
7 0.18788662890625002 0.5360825638888889 0.18788662890625002 0.5484537 0.21340209609375 0.5484537 0.21340209609375 0.5360825638888889
7 0.1646907484375 0.5168385680555555 0.1646907484375 0.5395189833333334 0.17976807109374998 0.5395189833333334 0.17976807109374998 0.5168385680555555
7 0.11829898828125 0.5024055749999999 0.11829898828125 0.5415808402777778 0.13801548671875 0.5415808402777778 0.13801548671875 0.5024055749999999
2 0 0.4797251597222222 0 0.5951890958333333 0.04755155390625 0.5951890958333333 0.04755155390625 0.4797251597222222
2 0.31314438125 0.5642612555555555 0.31314438125 0.5869416736111112 0.32590211640625 0.5869416736111112 0.32590211640625 0.5642612555555555
7 0.56481968046875 0.5415808402777778 0.56481968046875 0.5663231111111111 0.59729391328125 0.5663231111111111 0.59729391328125 0.5415808402777778
7 0.82113415625 0.29003440555555554 0.82113415625 0.6054983763888888 0.9974228453125 0.6054983763888888 0.9974228453125 0.29003440555555554