9 0.2145603515625 0.37115668611111113 0.2145603515625 0.48708472222222227 0.50695141875 0.48708472222222227 0.50695141875 0.37115668611111113
7 0.47750195703125 0.3449793888888889 0.47750195703125 0.3599378458333334 0.49748552109375 0.3599378458333334 0.49748552109375 0.3449793888888889
7 0.37653238125 0.3767661069444444 0.37653238125 0.4122924388888889 0.39967124296875 0.4122924388888889 0.39967124296875 0.3767661069444444
7 0.30711579765625 0.2795361444444444 0.30711579765625 0.36741707083333336 0.31342639609375 0.36741707083333336 0.31342639609375 0.2795361444444444
7 0.31132286328125003 0.2795361444444444 0.31132286328125003 0.36554726805555554 0.32604759296874997 0.36554726805555554 0.32604759296874997 0.2795361444444444
7 0.097814278125 0.4571678069444444 0.097814278125 0.47212626388888884 0.1083319421875 0.47212626388888884 0.1083319421875 0.4571678069444444
7 0.14724730078124998 0.4384697375 0.14724730078124998 0.4552979986111111 0.15671319609375 0.4552979986111111 0.15671319609375 0.4384697375
6 0.457518396875 0.30571344166666664 0.457518396875 0.3487190027777778 0.46803606249999996 0.3487190027777778 0.46803606249999996 0.30571344166666664
6 0.19562855546875 0.3805057208333333 0.19562855546875 0.3992037930555556 0.22192271562500002 0.3992037930555556 0.22192271562500002 0.3805057208333333
6 0.23033684765625 0.3823755277777778 0.23033684765625 0.3973339833333333 0.24295804687500003 0.3973339833333333 0.24295804687500003 0.3823755277777778
6 0.25663100859375 0.38798494999999994 0.25663100859375 0.4141622472222222 0.262941609375 0.4141622472222222 0.262941609375 0.38798494999999994
6 0.143040234375 0.3954641763888889 0.143040234375 0.43099050972222225 0.15566143125 0.43099050972222225 0.15566143125 0.3954641763888889
2 0.29975343203125 0.4777356861111111 0.29975343203125 0.5543977722222222 0.38073944765625 0.5543977722222222 0.38073944765625 0.4777356861111111
2 0.2682004390625 0.4814752986111111 0.2682004390625 0.5413091222222223 0.30185696484375 0.5413091222222223 0.30185696484375 0.4814752986111111
2 0.17880029296875 0.47212626388888884 0.17880029296875 0.5693562263888889 0.27976986953125 0.5693562263888889 0.27976986953125 0.47212626388888884
2 0.058898920312500005 0.505782788888889 0.058898920312500005 0.6198410152777778 0.20509445546875 0.6198410152777778 0.20509445546875 0.505782788888889
2 0.02313886171875 0.5039129833333333 0.02313886171875 0.5936637194444445 0.07888248203125 0.5936637194444445 0.07888248203125 0.5039129833333333
2 0 0.46838664999999996 0 0.6572371569444445 0.06100245234375 0.6572371569444445 0.06100245234375 0.46838664999999996
4 0.765160078125 0.3244115125 0.765160078125 0.6254504361111112 0.8903202820312501 0.6254504361111112 0.8903202820312501 0.3244115125
2 0.8239626781249999 0.2646132972222222 0.8239626781249999 0.5254607055555556 0.9990050179687501 0.5254607055555556 0.9990050179687501 0.2646132972222222