7 0.06162083671875 0.2383383 0.06162083671875 0.27048117083333334 0.08400605078125 0.27048117083333334 0.08400605078125 0.2383383
7 0.05817695703125 0.3577261111111111 0.05817695703125 0.3776240763888889 0.08228411015625 0.3776240763888889 0.08228411015625 0.3577261111111111
7 0.529127425 0.2888485291666667 0.529127425 0.3163995625 0.5437639101562499 0.3163995625 0.5437639101562499 0.2888485291666667
7 0.5497906984375 0.2873179138888889 0.5497906984375 0.3102771097222222 0.56098330390625 0.3102771097222222 0.56098330390625 0.2873179138888889
7 0.48349602421875 0.28578730138888886 0.48349602421875 0.2995628138888889 0.51621287578125 0.2995628138888889 0.51621287578125 0.28578730138888886
7 0.29149976640625 0.30874649722222225 0.29149976640625 0.33935875555555556 0.31130207187500003 0.33935875555555556 0.31130207187500003 0.30874649722222225
7 0.13566423671875 0.3975220472222222 0.13566423671875 0.4679302430555556 0.1744078765625 0.4679302430555556 0.1744078765625 0.3975220472222222
7 0.5982174625 0.3496972208333334 0.5982174625 0.41551358055555554 0.63523916328125 0.41551358055555554 0.63523916328125 0.3496972208333334
7 0.65950284765625 0.2928572902777778 0.65950284765625 0.3295920013888889 0.6741393343750001 0.3295920013888889 0.6741393343750001 0.2928572902777778
7 0.65089315078125 0.34948996666666665 0.65089315078125 0.39693896527777783 0.679305153125 0.39693896527777783 0.679305153125 0.34948996666666665
7 0.6551979984375 0.39540835555555554 0.6551979984375 0.42449000138888887 0.6775832125 0.42449000138888887 0.6775832125 0.39540835555555554
7 0.6603638187499999 0.42449000138888887 0.6603638187499999 0.44744919722222226 0.67069545625 0.44744919722222226 0.67069545625 0.42449000138888887
7 0.8932561390625 0.3665817972222222 0.8932561390625 0.40943896249999995 0.9199462023437499 0.40943896249999995 0.9199462023437499 0.3665817972222222
7 0.45975785937499997 0.32372463611111113 0.45975785937499997 0.34974505694444447 0.4752553171875 0.34974505694444447 0.4752553171875 0.32372463611111113
7 0.45028719296875 0.34515321944444444 0.45028719296875 0.3681124138888889 0.463201740625 0.3681124138888889 0.463201740625 0.34515321944444444
6 0.5539479468749999 0.34653077083333333 0.5539479468749999 0.3847960916666666 0.564279584375 0.3847960916666666 0.564279584375 0.34653077083333333
6 0.45579739296875 0.26693889861111114 0.45579739296875 0.3082654472222222 0.46526806093750006 0.3082654472222222 0.46526806093750006 0.26693889861111114
6 0.37555502578125 0.36673486805555555 0.37555502578125 0.3835716138888889 0.3798598765625 0.3835716138888889 0.3798598765625 0.36673486805555555
6 0.612149509375 0.3505103611111111 0.612149509375 0.38571445416666666 0.6207592078124999 0.38571445416666666 0.6207592078124999 0.3505103611111111
2 0.34288121171874997 0.4098216111111111 0.34288121171874997 0.42053590416666664 0.35235188125 0.42053590416666664 0.35235188125 0.4098216111111111
2 0.324800846875 0.4036991611111111 0.324800846875 0.41900529444444445 0.33943733359375 0.41900529444444445 0.33943733359375 0.4036991611111111
2 0.31016436015625 0.40216854583333334 0.31016436015625 0.41900529166666667 0.32824472656250003 0.41900529166666667 0.32824472656250003 0.40216854583333334
2 0.27228169140624997 0.40676038333333336 0.27228169140624997 0.4297195791666667 0.29638884453125003 0.4297195791666667 0.29638884453125003 0.40676038333333336
2 0.28950108671875 0.4174746763888889 0.28950108671875 0.4373726444444444 0.31705211953125 0.4373726444444444 0.31705211953125 0.4174746763888889
2 0.25592326640624996 0.4128828361111111 0.25592326640624996 0.43431141944444446 0.27400363046875 0.43431141944444446 0.27400363046875 0.4128828361111111
2 0.23612096093749999 0.41441345138888885 0.23612096093749999 0.452678775 0.26453296328125 0.452678775 0.26453296328125 0.41441345138888885
2 0.22320641484374998 0.4174746763888889 0.22320641484374998 0.45420939027777774 0.2516184171875 0.45420939027777774 0.2516184171875 0.4174746763888889
2 0.18532374453125 0.42053590138888886 0.18532374453125 0.4725767430555555 0.23353805390625001 0.4725767430555555 0.23353805390625001 0.42053590138888886
2 0.2550622953125 0.42971958194444443 0.2550622953125 0.4832910333333333 0.29638884453125003 0.4832910333333333 0.29638884453125003 0.42971958194444443
2 0.3644054578125 0.38992364583333333 0.3644054578125 0.42053590416666664 0.3850687328125 0.42053590416666664 0.3850687328125 0.38992364583333333
2 0.36354448671875 0.40063793333333336 0.36354448671875 0.41441345138888885 0.38076388359375 0.41441345138888885 0.38076388359375 0.40063793333333336
2 0.36010060859375004 0.4052297736111111 0.36010060859375004 0.42971958194444443 0.3781809734375 0.42971958194444443 0.3781809734375 0.4052297736111111
2 0.35751769843750003 0.4052297736111111 0.35751769843750003 0.43431142222222224 0.37732000390625 0.43431142222222224 0.37732000390625 0.4052297736111111
2 0.34374218125 0.41594406388888894 0.34374218125 0.43431142222222224 0.367849334375 0.43431142222222224 0.367849334375 0.41594406388888894
2 0.28605720859375 0.43584203194444443 0.28605720859375 0.5169645194444444 0.33599345546875 0.5169645194444444 0.33599345546875 0.43584203194444443
2 0.44167749609375007 0.40204100277777777 0.44167749609375007 0.42193897083333337 0.44856525390625 0.42193897083333337 0.44856525390625 0.40204100277777777
2 0.44684331328125 0.39744916249999995 0.44684331328125 0.42346958333333334 0.45545301328125004 0.42346958333333334 0.45545301328125004 0.39744916249999995
2 0.45287010156249996 0.4005103902777778 0.45287010156249996 0.4250001986111111 0.46664561875 0.4250001986111111 0.46664561875 0.4005103902777778
2 0.45889688984375 0.4005103902777778 0.45889688984375 0.4341838763888889 0.47956016640625 0.4341838763888889 0.47956016640625 0.4005103902777778
2 0.46664561875 0.40204100277777777 0.46664561875 0.4433675541666667 0.48730889375 0.4433675541666667 0.48730889375 0.40204100277777777
2 0.47267240703124996 0.41581652083333337 0.47267240703124996 0.4433675541666667 0.49419665156250003 0.4433675541666667 0.49419665156250003 0.41581652083333337
2 0.47783822578125 0.42040836111111113 0.47783822578125 0.44795939444444444 0.50366731953125 0.44795939444444444 0.50366731953125 0.42040836111111113
2 0.18941334921875 0.4490818486111111 0.18941334921875 0.5225512708333333 0.26001286953124997 0.5225512708333333 0.26001286953124997 0.4490818486111111
2 0.50383950859375 0.42765326805555554 0.50383950859375 0.4796941097222222 0.541722178125 0.4796941097222222 0.541722178125 0.42765326805555554
2 0.39535731640625 0.40469407777777777 0.39535731640625 0.42918388611111113 0.41602059140625 0.42918388611111113 0.41602059140625 0.40469407777777777
2 0.28756390390625 0.4247450875 0.28756390390625 0.7216839986111111 0.48903083281250004 0.7216839986111111 0.48903083281250004 0.4247450875
6 0.90559254765625 0.21970603194444444 0.90559254765625 0.3044119722222222 0.92346020703125 0.3044119722222222 0.92346020703125 0.21970603194444444