6 0.38797352265625 0.26514773472222225 0.38797352265625 0.3102055194444444 0.3996712171875 0.3102055194444444 0.3996712171875 0.26514773472222225
6 0.01852134921875 0.2148909722222222 0.01852134921875 0.27207970138888893 0.0370426984375 0.27207970138888893 0.0370426984375 0.2148909722222222
6 0.23785311406249998 0.25474978472222226 0.23785311406249998 0.3032735527777778 0.24955080859374998 0.3032735527777778 0.24955080859374998 0.25474978472222226
6 0.24272715390625002 0.3881901472222223 0.24272715390625002 0.42631596527777776 0.25539965625 0.42631596527777776 0.25539965625 0.3881901472222223
6 0.21835695781250003 0.3899231375 0.21835695781250003 0.42458297222222224 0.23395388359374997 0.42458297222222224 0.23395388359374997 0.3899231375
6 0.32753543515625 0.3951221138888889 0.32753543515625 0.43671391388888886 0.3372835140625 0.43671391388888886 0.3372835140625 0.3951221138888889
6 0.376275828125 0.26168175000000005 0.376275828125 0.30500654444444447 0.38602390625 0.30500654444444447 0.38602390625 0.26168175000000005
6 0.3938223703125 0.4107190388888889 0.3938223703125 0.43324793194444444 0.3996712171875 0.43324793194444444 0.3996712171875 0.4107190388888889
6 0.36847736640625 0.42458297222222224 0.36847736640625 0.4471118638888889 0.3733514046875 0.4471118638888889 0.3733514046875 0.42458297222222224
6 0.44353756874999994 0.4419128888888889 0.44353756874999994 0.4592428055555555 0.44938641640625 0.4592428055555555 0.44938641640625 0.4419128888888889
6 0.45815968671874996 0.4141850208333333 0.45815968671874996 0.43498092222222223 0.46595814921875 0.43498092222222223 0.46595814921875 0.4141850208333333
7 0.22128138125 0.3102055194444444 0.22128138125 0.3327344125 0.25345003984375 0.3327344125 0.25345003984375 0.3102055194444444
7 0.2242058046875 0.3431323597222222 0.2242058046875 0.39338912083333333 0.24857600156249998 0.39338912083333333 0.24857600156249998 0.3431323597222222
7 0.262223309375 0.3656612541666666 0.262223309375 0.3812581805555556 0.28756831484375 0.3812581805555556 0.28756831484375 0.3656612541666666
7 0.26709735078125 0.39165613194444443 0.26709735078125 0.42111699027777777 0.2856187 0.42111699027777777 0.2856187 0.39165613194444443
7 0.3216865890625 0.4401798986111111 0.3216865890625 0.46097579722222226 0.33143466796875 0.46097579722222226 0.33143466796875 0.4401798986111111
7 0.524446621875 0.4488448583333333 0.524446621875 0.45750981527777773 0.53224508359375 0.45750981527777773 0.53224508359375 0.4488448583333333
7 0.51957258203125 0.4557768236111111 0.51957258203125 0.4644417819444444 0.52834585234375 0.4644417819444444 0.52834585234375 0.4557768236111111
6 0.27879504375 0.43324793194444444 0.27879504375 0.4540438305555556 0.28951793124999997 0.4540438305555556 0.28951793124999997 0.43324793194444444
6 0.26709735078125 0.43324793194444444 0.26709735078125 0.4592428055555555 0.27782023671875 0.4592428055555555 0.27782023671875 0.43324793194444444
4 0.4971520015625 0.48523768333333334 0.4971520015625 0.5302954680555556 0.5088496945312501 0.5302954680555556 0.5088496945312501 0.48523768333333334
4 0.48058026875 0.4956356333333334 0.48058026875 0.5337614513888889 0.48935353984374996 0.5337614513888889 0.48935353984374996 0.4956356333333334
4 0.46790776640625 0.49043665833333333 0.46790776640625 0.5285624763888889 0.47570622890625 0.5285624763888889 0.47570622890625 0.49043665833333333
2 0.43573910703124996 0.4887036666666667 0.43573910703124996 0.5250964944444445 0.46205891796875004 0.5250964944444445 0.46205891796875004 0.4887036666666667
2 0.346056784375 0.49910161805555553 0.346056784375 0.5372274361111111 0.37237659609375 0.5372274361111111 0.37237659609375 0.49910161805555553
2 0.31778735859374996 0.49043665833333333 0.31778735859374996 0.5320284583333333 0.34215755468750003 0.5320284583333333 0.34215755468750003 0.49043665833333333
2 0.27879504375 0.497368625 0.27879504375 0.5372274333333333 0.30024081640625 0.5372274333333333 0.30024081640625 0.497368625
2 0.24370196171875 0.5025676 0.24370196171875 0.5510913694444444 0.2748958125 0.5510913694444444 0.2748958125 0.5025676
2 0.21640734140625 0.48350469166666665 0.21640734140625 0.5198975194444444 0.26027369453125 0.5198975194444444 0.26027369453125 0.48350469166666665
2 0.21835695781250003 0.5094995680555556 0.21835695781250003 0.5493583777777777 0.23882792187500002 0.5493583777777777 0.23882792187500002 0.5094995680555556
2 0.1306242515625 0.47483973472222224 0.1306242515625 0.5736202611111112 0.22128138125 0.5736202611111112 0.22128138125 0.47483973472222224
9 0.039967121875 0.4315149402777778 0.039967121875 0.5770862458333333 0.1744906046875 0.5770862458333333 0.1744906046875 0.4315149402777778
2 0.3655529421875 0.47137375 0.3655529421875 0.5822852180555556 0.432814684375 0.5822852180555556 0.432814684375 0.47137375
4 0.543942778125 0.48350469166666665 0.543942778125 0.5701542763888889 0.56246412734375 0.5701542763888889 0.56246412734375 0.48350469166666665
4 0.56343893515625 0.4817717013888889 0.56343893515625 0.5649553041666666 0.58780913125 0.5649553041666666 0.58780913125 0.4817717013888889
2 0.50202603984375 0.476572725 0.50202603984375 0.5545573527777777 0.5478420093749999 0.5545573527777777 0.5478420093749999 0.476572725
4 0.66481895 0.4661747722222222 0.66481895 0.5441594 0.69016395390625 0.5441594 0.69016395390625 0.4661747722222222
4 0.9319163007812501 0.43324793194444444 0.9319163007812501 0.5805522277777778 0.98260630859375 0.5805522277777778 0.98260630859375 0.43324793194444444