2 0.784492346875 0.4400369916666667 0.784492346875 0.566647138888889 0.88745842734375 0.566647138888889 0.88745842734375 0.4400369916666667
2 0.00023402109375 0.47512173194444446 0.00023402109375 0.7512233749999999 0.21989499921875 0.7512233749999999 0.21989499921875 0.47512173194444446
9 0.19415347578125 0.4629183444444444 0.19415347578125 0.6627488152777777 0.40008564062499996 0.6627488152777777 0.40008564062499996 0.4629183444444444
2 0.3717699671875 0.4629183444444444 0.3717699671875 0.6093589958333333 0.49961951953124994 0.6093589958333333 0.49961951953124994 0.4629183444444444
2 0.35804115625 0.3652912416666667 0.35804115625 0.43546072083333337 0.4635813875 0.43546072083333337 0.4635813875 0.3652912416666667
2 0.31513862265625 0.35308785972222223 0.31513862265625 0.4049522569444445 0.35031870078125 0.4049522569444445 0.35031870078125 0.35308785972222223
2 0.75617667421875 0.40952852361111114 0.75617667421875 0.46749461666666664 0.8548525023437501 0.46749461666666664 0.8548525023437501 0.40952852361111114
3 0.62060466484375 0.4110539486111111 0.62060466484375 0.45681665 0.6575008421875 0.45681665 0.6575008421875 0.4110539486111111
2 0.6429139828125 0.3241048111111111 0.6429139828125 0.40952852500000003 0.6695135578125 0.40952852500000003 0.6695135578125 0.3241048111111111
6 0.83940759140625 0.3027488847222222 0.83940759140625 0.3424098944444444 0.8531364023437501 0.3424098944444444 0.8531364023437501 0.3027488847222222
7 0.6051597531249999 0.3546132819444444 0.6051597531249999 0.37902005833333335 0.61803051328125 0.37902005833333335 0.61803051328125 0.3546132819444444
6 0.8454139453125 0.3546132819444444 0.8454139453125 0.37902005833333335 0.85571055390625 0.37902005833333335 0.85571055390625 0.3546132819444444
6 0.6077339054687501 0.31952854166666667 0.6077339054687501 0.3454607333333333 0.6171724625 0.3454607333333333 0.6171724625 0.31952854166666667
6 0.9389414695312499 0.2829183777777778 0.9389414695312499 0.3149522708333333 0.95095418125 0.3149522708333333 0.95095418125 0.2829183777777778
7 0.93121901328125 0.31800311805555553 0.93121901328125 0.3729183638888889 0.96639909140625 0.3729183638888889 0.96639909140625 0.31800311805555553