7 0.1977700765625 0.27166313888888893 0.1977700765625 0.28829557638888886 0.20868511406249998 0.28829557638888886 0.20868511406249998 0.27166313888888893
7 0.2858700171875 0.26334691944444444 0.2858700171875 0.27027710416666667 0.3123779640625 0.27027710416666667 0.3123779640625 0.26334691944444444
7 0.35681775625 0.27027710416666667 0.35681775625 0.27582124722222223 0.3755292484375 0.27582124722222223 0.3755292484375 0.27027710416666667
7 0.37007172890625 0.21113954722222222 0.37007172890625 0.23470216805555555 0.3825460578125 0.23470216805555555 0.3825460578125 0.21113954722222222
7 0.2006287734375 0.29892185694444445 0.2006287734375 0.31278222083333335 0.2092048734375 0.31278222083333335 0.2092048734375 0.29892185694444445
2 0.27287592109375003 0.33292594444444445 0.27287592109375003 0.37589307499999997 0.29158741328125004 0.37589307499999997 0.29158741328125004 0.33292594444444445
2 0.25026620234374997 0.33292594444444445 0.25026620234374997 0.3689628888888889 0.275994503125 0.3689628888888889 0.275994503125 0.33292594444444445
2 0.24246974687499998 0.31767954444444446 0.24246974687499998 0.3523304583333333 0.26585911093750003 0.3523304583333333 0.26585911093750003 0.31767954444444446
1 0.275994503125 0.29141415833333334 0.275994503125 0.33022317777777777 0.3562979890625 0.33022317777777777 0.3562979890625 0.29141415833333334
1 0.1216246953125 0.28032586666666665 0.1216246953125 0.40091103611111106 0.17074236171874999 0.40091103611111106 0.17074236171874999 0.28032586666666665
1 0.04521943828125 0.28032586666666665 0.04521943828125 0.41061329027777776 0.15436980703125 0.41061329027777776 0.15436980703125 0.28032586666666665
1 0 0.24983306666666666 0 0.3676461638888889 0.04521943828125 0.3676461638888889 0.04521943828125 0.24983306666666666
2 0.1694949296875 0.3201744138888889 0.1694949296875 0.39640641805555554 0.248239125 0.39640641805555554 0.248239125 0.3201744138888889
2 0.28800104375 0.3077000861111111 0.28800104375 0.3991784902777778 0.3449151640625 0.3991784902777778 0.3449151640625 0.3077000861111111
2 0.31294969921875004 0.3215604513888889 0.31294969921875004 0.4268992208333333 0.3495930375 0.4268992208333333 0.3495930375 0.3215604513888889
2 0.323085090625 0.30631405 0.323085090625 0.47263841805555556 0.446269078125 0.47263841805555556 0.446269078125 0.30631405
2 0.16403741171875 0.34096496111111113 0.16403741171875 0.5253078055555556 0.2911196265625 0.5253078055555556 0.2911196265625 0.34096496111111113
2 0.00031185859375 0.34096496111111113 0.00031185859375 0.3431323611111111 0.1429869828125 0.3431323611111111 0.1429869828125 0.34096496111111113
4 0.5078748875 0.29799783194444446 0.5078748875 0.39165613055555554 0.52932066015625 0.39165613055555554 0.52932066015625 0.29799783194444446
4 0.448411609375 0.2946085930555556 0.448411609375 0.3847241625 0.4630337265625 0.3847241625 0.4630337265625 0.2946085930555556
2 0 0.3431323611111111 0 0.5198975180555555 0.1442715609375 0.5198975180555555 0.1442715609375 0.3431323611111111
7 0.826637053125 0.0034659833333333333 0.826637053125 0.13690634583333333 0.8773270609375 0.13690634583333333 0.8773270609375 0.0034659833333333333