2 0 0.5424264097222222 0 0.8734278291666666 0.48545430703125003 0.8734278291666666 0.48545430703125003 0.5424264097222222
2 0 0.5268294847222222 0 0.6308089888888889 0.15889367890625 0.6308089888888889 0.15889367890625 0.5268294847222222
9 0.154019640625 0.41938399722222225 0.154019640625 0.6481389041666666 0.4649833421875 0.6481389041666666 0.4649833421875 0.41938399722222225
2 0.43476429921875 0.5614893208333334 0.43476429921875 0.6412069388888889 0.53516950625 0.6412069388888889 0.53516950625 0.5614893208333334
9 0.5488168171875001 0.5337614513888889 0.5488168171875001 0.6325419805555555 0.71940819140625 0.6325419805555555 0.71940819140625 0.5337614513888889
2 0.7700981984374999 0.5441594013888889 0.7700981984374999 0.6100130875 0.8753774453125001 0.6100130875 0.8753774453125001 0.5441594013888889
2 0.87830186875 0.5489403763888889 0.87830186875 0.6065471041666667 0.9748078460937499 0.6065471041666667 0.9748078460937499 0.5489403763888889
2 0.9748078460937499 0.5493583777777777 0.9748078460937499 0.5944161625000001 0.9991780421875 0.5944161625000001 0.9991780421875 0.5493583777777777
7 0.74475319453125 0.5354944430555555 0.74475319453125 0.5649553027777777 0.76132492734375 0.5649553027777777 0.76132492734375 0.5354944430555555
2 0.7379295390625 0.5562903458333334 0.7379295390625 0.6152120638888889 0.7973928171875 0.6152120638888889 0.7973928171875 0.5562903458333334
2 0.7203829984375 0.5805522277777778 0.7203829984375 0.6152120624999999 0.7398791539062499 0.6152120624999999 0.7398791539062499 0.5805522277777778
9 0.53321989140625 0.46790776666666667 0.53321989140625 0.6273430041666667 0.70966011171875 0.6273430041666667 0.70966011171875 0.46790776666666667