2 0.9670722843749999 0.4962010402777778 0.9670722843749999 0.5072893305555556 0.97408909375 0.5072893305555556 0.97408909375 0.4962010402777778
2 0.96317405703125 0.4989731152777778 0.96317405703125 0.5114474430555556 0.97175015703125 0.5114474430555556 0.97175015703125 0.4989731152777778
2 0.9577165390625 0.4989731152777778 0.9577165390625 0.5169915875 0.9678519296875001 0.5169915875 0.9678519296875001 0.4989731152777778
2 0.9506997296874999 0.5086753680555556 0.9506997296874999 0.5280798763888889 0.9616147664062501 0.5280798763888889 0.9616147664062501 0.5086753680555556
2 0.9444625648437499 0.5128334763888889 0.9444625648437499 0.5336240222222222 0.9530386648437499 0.5336240222222222 0.9530386648437499 0.5128334763888889
2 0.93978469140625 0.51560555 0.93978469140625 0.5391681680555556 0.9483607921875 0.5391681680555556 0.9483607921875 0.51560555
2 0.93120859140625 0.51560555 0.93120859140625 0.5419402430555555 0.94056433671875 0.5419402430555555 0.94056433671875 0.51560555
2 0.9202935546875001 0.5169915875 0.9202935546875001 0.5433262791666666 0.9327678820312499 0.5433262791666666 0.9327678820312499 0.5169915875
2 0.91639532734375 0.5183776250000001 0.91639532734375 0.5474843888888888 0.9280900109375001 0.5474843888888888 0.9280900109375001 0.5183776250000001
2 0.90002277265625 0.5142195125 0.90002277265625 0.5530285319444445 0.91951391015625 0.5530285319444445 0.91951391015625 0.5142195125
2 0.89222631796875 0.5142195125 0.89222631796875 0.5544145708333333 0.90703958203125 0.5544145708333333 0.90703958203125 0.5142195125
2 0.87117588828125 0.5114474430555556 0.87117588828125 0.5558006069444444 0.8953448984374999 0.5558006069444444 0.8953448984374999 0.5114474430555556
2 0.8594812062500001 0.5197636583333333 0.8594812062500001 0.564116823611111 0.8852095070312499 0.564116823611111 0.8852095070312499 0.5197636583333333
2 0.7339582828125 0.5003591486111111 0.7339582828125 0.6015398083333333 0.80646531328125 0.6015398083333333 0.80646531328125 0.5003591486111111
2 0.645078696875 0.5003591486111111 0.645078696875 0.6237163902777778 0.75422906640625 0.6237163902777778 0.75422906640625 0.5003591486111111
2 0.9818855484375 0.4989731152777778 0.9818855484375 0.5128334791666667 0.9928005851562499 0.5128334791666667 0.9928005851562499 0.4989731152777778
2 0.18742678359375 0.5239217694444445 0.18742678359375 0.7553898527777777 0.50676956875 0.7553898527777777 0.50676956875 0.5239217694444445
2 0.5016239031249999 0.48400393750000004 0.5016239031249999 0.6641886722222222 0.6770441390624999 0.6641886722222222 0.6770441390624999 0.48400393750000004
2 0.8233056359375001 0.5164371805555555 0.8233056359375001 0.5754823402777778 0.8727351796875 0.5754823402777778 0.8727351796875 0.5164371805555555
2 0.9722179257812501 0.5045172611111112 0.9722179257812501 0.6777718125 0.9995055171875 0.6777718125 0.9995055171875 0.5045172611111112