7 0.79201389453125 0.37621865694444445 0.79201389453125 0.40233715833333333 0.8057873242187499 0.40233715833333333 0.8057873242187499 0.37621865694444445
2 0.57153170859375 0.4230264541666667 0.57153170859375 0.43282089166666665 0.57887753671875 0.43282089166666665 0.57887753671875 0.4230264541666667
2 0.55775828046875 0.4213940527777778 0.55775828046875 0.4344533013888889 0.5696952515625 0.4344533013888889 0.5696952515625 0.4213940527777778
2 0.54673953671875 0.4230264541666667 0.54673953671875 0.4393505152777778 0.5595947367187499 0.4393505152777778 0.5595947367187499 0.4230264541666667
2 0.509092165625 0.4262912708333333 0.509092165625 0.4458801472222222 0.5146015359375 0.4458801472222222 0.5146015359375 0.4262912708333333
2 0.51643799375 0.4295560833333333 0.51643799375 0.45077736805555557 0.526538509375 0.45077736805555557 0.526538509375 0.4295560833333333
2 0.5274567359375 0.4213940527777778 0.5274567359375 0.4442477444444445 0.54398484921875 0.4442477444444445 0.54398484921875 0.4213940527777778
2 0.47603593593750004 0.4181292361111111 0.47603593593750004 0.46383661805555554 0.5072557062499999 0.46383661805555554 0.5072557062499999 0.4181292361111111
2 0.68631028359375 0.41299881527777776 0.68631028359375 0.4325876902777778 0.7000837132812501 0.4325876902777778 0.7000837132812501 0.41299881527777776
2 0.73222171171875 0.416263625 0.73222171171875 0.4505441611111111 0.747831596875 0.4505441611111111 0.747831596875 0.416263625
2 0.46147545078125 0.42932287777777783 0.46147545078125 0.4505441611111111 0.47616710781249993 0.4505441611111111 0.47616710781249993 0.42932287777777783
2 0.5609064953125 0.4099672083333334 0.5609064953125 0.5927967208333333 0.70965952578125 0.5927967208333333 0.70965952578125 0.4099672083333334
2 0.747831609375 0.40483677777777777 0.747831609375 0.4766626611111111 0.81578052578125 0.4766626611111111 0.81578052578125 0.40483677777777777
2 0.6943120109375001 0.40973399861111115 0.6943120109375001 0.4570737819444444 0.7337958390625 0.4570737819444444 0.7337958390625 0.40973399861111115
7 0.45957712031250003 0.35656121111111105 0.45957712031250003 0.3812289680555555 0.47849841328125003 0.3812289680555555 0.47849841328125003 0.35656121111111105