6 0.32062488828125 0.38999986249999996 0.32062488828125 0.4274998486111111 0.33011707265625 0.4274998486111111 0.33011707265625 0.38999986249999996
6 0.52839825234375 0.37687486805555553 0.52839825234375 0.42562485138888884 0.5399998109374999 0.42562485138888884 0.5399998109374999 0.37687486805555553
6 0.8437497046875 0.3693748694444444 0.8437497046875 0.4349998458333333 0.8585153234374999 0.4349998458333333 0.8585153234374999 0.3693748694444444
6 0.687656009375 0.26812490694444446 0.687656009375 0.3281248861111111 0.705585690625 0.3281248861111111 0.705585690625 0.26812490694444446
6 0.12972651796875 0.23999991666666665 0.12972651796875 0.2868749 0.14238276249999998 0.2868749 0.14238276249999998 0.23999991666666665
7 0.16242181718749998 0.2849999 0.16242181718749998 0.30374989305555555 0.19722649296875 0.30374989305555555 0.19722649296875 0.2849999
7 0.23835929140625 0.2887498972222222 0.23835929140625 0.3243748861111111 0.25628897265625 0.3243748861111111 0.25628897265625 0.2887498972222222
7 0.24046866484375 0.2568749097222222 0.24046866484375 0.2831249013888889 0.25417959765625 0.2831249013888889 0.25417959765625 0.2568749097222222
7 0.82371064921875 0.3318748833333333 0.82371064921875 0.3506248805555556 0.8500778265625 0.3506248805555556 0.8500778265625 0.3318748833333333
7 0.82371064921875 0.26437490694444443 0.82371064921875 0.32812488333333334 0.8595700109375001 0.32812488333333334 0.8595700109375001 0.26437490694444443
7 0.8437497046875 0.23062492083333336 0.8437497046875 0.2512499138888889 0.87749969296875 0.2512499138888889 0.87749969296875 0.23062492083333336
7 0.81949190078125 0.17062494166666667 0.81949190078125 0.20624992916666665 0.87222625703125 0.20624992916666665 0.87222625703125 0.17062494166666667
7 0.34382800546875003 0.44249984444444446 0.34382800546875003 0.4706248333333333 0.36070299921875 0.4706248333333333 0.36070299921875 0.44249984444444446
6 0.82792939765625 0.4593748388888889 0.82792939765625 0.4912498277777778 0.8490231414062499 0.4912498277777778 0.8490231414062499 0.4593748388888889
6 0.2446874140625 0.4237498513888889 0.2446874140625 0.46874983472222226 0.26367178359375 0.46874983472222226 0.26367178359375 0.4237498513888889
6 0.24890616250000003 0.37687486805555553 0.24890616250000003 0.4087498583333333 0.25945303515624996 0.4087498583333333 0.25945303515624996 0.37687486805555553
6 0.31851551328125 0.44812484166666666 0.31851551328125 0.4668748347222222 0.330117071875 0.4668748347222222 0.330117071875 0.44812484166666666
2 0.0052734359374999994 0.3843748652777778 0.0052734359374999994 0.42187485277777775 0.05167966875 0.42187485277777775 0.05167966875 0.3843748652777778
2 0.09492184218750001 0.4162498541666667 0.09492184218750001 0.48187483194444447 0.1582030703125 0.48187483194444447 0.1582030703125 0.4162498541666667
2 0.15714838281250001 0.4556248402777778 0.15714838281250001 0.4762498333333333 0.2003905546875 0.4762498333333333 0.2003905546875 0.4556248402777778
2 0.1634765046875 0.48374983055555554 0.1634765046875 0.5718747986111111 0.2510155375 0.5718747986111111 0.2510155375 0.48374983055555554
2 0.47144514765625 0.5249998166666666 0.47144514765625 0.5493748069444445 0.49359357734375 0.5493748069444445 0.49359357734375 0.5249998166666666
4 0.44613265625 0.5024998236111111 0.44613265625 0.5624998027777778 0.4598435890625 0.5624998027777778 0.4598435890625 0.5024998236111111
4 0.42292954062500004 0.48937482777777774 0.42292954062500004 0.5606248041666666 0.44507797031249996 0.5606248041666666 0.44507797031249996 0.48937482777777774
2 0.41765610390625 0.5099998208333333 0.41765610390625 0.5437498111111111 0.44507796875 0.5437498111111111 0.44507796875 0.5099998208333333
2 0.06222654140625 0.4631248375 0.06222654140625 0.5962497916666667 0.18984368359374998 0.5962497916666667 0.18984368359374998 0.4631248375
2 0.48832014062500007 0.4612498388888889 0.48832014062500007 0.6618747680555556 0.74144505234375 0.6618747680555556 0.74144505234375 0.4612498388888889
2 0 0.38062486666666673 0 0.4068748555555556 0.008437496875 0.4068748555555556 0.008437496875 0.38062486666666673
2 0 0.42937484861111114 0 0.4762498319444444 0.01160155859375 0.4762498319444444 0.01160155859375 0.42937484861111114
2 0.34593737890625 0.498749825 0.34593737890625 0.5474998069444444 0.3923436125 0.5474998069444444 0.3923436125 0.498749825
2 0.30585926796875 0.4931248277777778 0.30585926796875 0.5306248138888889 0.3248436359375 0.5306248138888889 0.3248436359375 0.4931248277777778
2 0.2510155375 0.48562483055555555 0.2510155375 0.5174998194444445 0.310078015625 0.5174998194444445 0.310078015625 0.48562483055555555
2 0.2077733640625 0.4631248375 0.2077733640625 0.498749825 0.25523428515625 0.498749825 0.25523428515625 0.4631248375
2 0.035859362500000005 0.3956248611111111 0.035859362500000005 0.4481248444444444 0.09175778046875001 0.4481248444444444 0.09175778046875001 0.3956248611111111