6 0.5071079546874999 0.2505508 0.5071079546874999 0.30489489583333335 0.517119746875 0.30489489583333335 0.517119746875 0.2505508
6 0.716524134375 0.2927545986111111 0.716524134375 0.33888772916666665 0.72608461796875 0.33888772916666665 0.72608461796875 0.2927545986111111
6 0.70423208359375 0.29761071805555556 0.70423208359375 0.33403160972222223 0.716524134375 0.33403160972222223 0.716524134375 0.29761071805555556
7 0.05275336484375 0.2632710111111111 0.05275336484375 0.2972638458333333 0.08689795156249999 0.2972638458333333 0.08689795156249999 0.2632710111111111
7 0.1743080953125 0.2632710111111111 0.1743080953125 0.292407725 0.20572111406250002 0.292407725 0.20572111406250002 0.2632710111111111
7 0.35237213671875 0.3671226097222222 0.35237213671875 0.3792629069444445 0.37149310546875 0.3792629069444445 0.37149310546875 0.3671226097222222
7 0.36329840390625 0.3938312638888889 0.36329840390625 0.4253960375 0.37968780625 0.4253960375 0.37968780625 0.3938312638888889
7 0.42339287734375003 0.3889751444444444 0.42339287734375003 0.4229679791666667 0.4575374640625 0.4229679791666667 0.4575374640625 0.3889751444444444
7 0.42339287734375003 0.4229679777777778 0.42339287734375003 0.4545327513888889 0.4575374640625 0.4545327513888889 0.4575374640625 0.4229679777777778
7 0.70173957421875 0.40839962083333337 0.70173957421875 0.4181118569444444 0.7126658421875 0.4181118569444444 0.7126658421875 0.40839962083333337
7 0.71403162578125 0.40839962083333337 0.71403162578125 0.4278240972222222 0.72086054296875 0.4278240972222222 0.72086054296875 0.40839962083333337
6 0.17891763515625 0.3407376875 0.17891763515625 0.37958663888888894 0.19803860390625 0.37958663888888894 0.19803860390625 0.3407376875
6 0.04643663828125 0.3407376875 0.04643663828125 0.3771585777777778 0.06282603984375 0.3771585777777778 0.06282603984375 0.3407376875
2 0.00097480859375 0.4488448569444444 0.00097480859375 0.7867782430555555 0.34508197812499997 0.7867782430555555 0.34508197812499997 0.4488448569444444
2 0.79446839453125 0.4107190388888889 0.79446839453125 0.7694483263888888 0.9972284265625 0.7694483263888888 0.9972284265625 0.4107190388888889
2 0.26612254218750003 0.476572725 0.26612254218750003 0.5493583777777777 0.33728351484374997 0.5493583777777777 0.33728351484374997 0.476572725
2 0.46985738203125005 0.49390264166666664 0.46985738203125005 0.5354944430555555 0.49325277187500005 0.5354944430555555 0.49325277187500005 0.49390264166666664
2 0.69991203359375 0.4956356333333334 0.69991203359375 0.5337614527777778 0.7252570375 0.5337614527777778 0.7252570375 0.4956356333333334
2 0.7242822296875 0.49216965 0.7242822296875 0.5528243611111111 0.7661989671875 0.5528243611111111 0.7661989671875 0.49216965
2 0.48564928046875 0.4810785138888889 0.48564928046875 0.49494244444444446 0.498321784375 0.49494244444444446 0.498321784375 0.4810785138888889
9 0.4525058140625 0.4689475722222222 0.4525058140625 0.49320945555555556 0.47980043515625 0.49320945555555556 0.47980043515625 0.4689475722222222
1 0.497812021875 0.3171374861111111 0.497812021875 0.6065471041666667 0.6313606968750001 0.6065471041666667 0.6313606968750001 0.3171374861111111