7 0.06916511640625 0.28110327361111115 0.06916511640625 0.3643575541666667 0.1131137703125 0.3643575541666667 0.1131137703125 0.28110327361111115
7 0.08069263203125 0.35923421388888893 0.08069263203125 0.38869341944444447 0.09726343515625 0.38869341944444447 0.09726343515625 0.35923421388888893
7 0.2990024421875 0.3509488111111111 0.2990024421875 0.4098672236111111 0.31557324531250003 0.4098672236111111 0.31557324531250003 0.3509488111111111
7 0.40491149296874995 0.3740038416666666 0.40491149296874995 0.397058875 0.41283665859375 0.397058875 0.41283665859375 0.3740038416666666
7 0.6938198609375 0.32789378194444446 0.6938198609375 0.3458254736111111 0.71327254375 0.3458254736111111 0.71327254375 0.32789378194444446
7 0.6837332843749999 0.3496679763888889 0.6837332843749999 0.38168885555555554 0.72407958984375 0.38168885555555554 0.72407958984375 0.3496679763888889
7 0.64050510078125 0.38809302916666666 0.64050510078125 0.4265180805555555 0.6563554359375 0.4265180805555555 0.6563554359375 0.38809302916666666
7 0.6455483890625 0.42523724583333333 0.6455483890625 0.4482922777777778 0.6549144953125 0.4482922777777778 0.6549144953125 0.42523724583333333
7 0.61312725078125 0.4431689375 0.61312725078125 0.47775148472222223 0.6253752359375 0.47775148472222223 0.6253752359375 0.4431689375
7 0.8753782343750001 0.19596776527777776 0.8753782343750001 0.3560721527777778 0.97912587578125 0.3560721527777778 0.97912587578125 0.19596776527777776
7 0.8998742046875 0.34710630555555555 0.8998742046875 0.44573060833333333 0.94958661640625 0.44573060833333333 0.94958661640625 0.34710630555555555
2 0.6777655421875 0.4354839263888889 0.6777655421875 0.4905598361111111 0.713512696875 0.4905598361111111 0.713512696875 0.4354839263888889
2 0.71207175703125 0.4213947416666667 0.71207175703125 0.48415565972222224 0.7552999421875 0.48415565972222224 0.7552999421875 0.4213947416666667
4 0.3945847578125 0.43804559722222225 0.3945847578125 0.48415565972222224 0.40467133515625 0.48415565972222224 0.40467133515625 0.43804559722222225