9 0.0009748078125000001 0.3985880972222222 0.0009748078125000001 0.6931966902777777 0.16279291015625 0.6931966902777777 0.16279291015625 0.3985880972222222
2 0.177415028125 0.5372274347222222 0.177415028125 0.6516048888888889 0.25929888671875 0.6516048888888889 0.25929888671875 0.5372274347222222
2 0.42014218124999997 0.497368625 0.42014218124999997 0.7243905416666667 0.53711912421875 0.7243905416666667 0.53711912421875 0.497368625
2 0.5488168171875001 0.5753532527777778 0.5488168171875001 0.6481389055555555 0.6043808640624999 0.6481389055555555 0.6043808640624999 0.5753532527777778
2 0.66384414296875 0.5216305097222222 0.66384414296875 0.7070606236111111 0.8071408960937501 0.7070606236111111 0.8071408960937501 0.5216305097222222
2 0.53224508359375 0.5788192361111111 0.53224508359375 0.5996151375 0.5478420093749999 0.5996151375 0.5478420093749999 0.5788192361111111
9 0.6501968328125 0.49910161666666664 0.6501968328125 0.7053276319444445 0.9611605359375 0.7053276319444445 0.9611605359375 0.49910161666666664
6 0.372376596875 0.46097579861111115 0.372376596875 0.49216965 0.379200253125 0.49216965 0.379200253125 0.46097579861111115
6 0.56246412734375 0.46790776666666667 0.56246412734375 0.4956356319444445 0.56831297421875 0.4956356319444445 0.56831297421875 0.46790776666666667
6 0.30998889531249996 0.5389604263888889 0.30998889531249996 0.5528243611111111 0.31876216562500004 0.5528243611111111 0.31876216562500004 0.5389604263888889
6 0.2251806125 0.5250964930555556 0.2251806125 0.5406934180555556 0.23882792187500002 0.5406934180555556 0.23882792187500002 0.5250964930555556
6 0.24175234609375 0.48697067499999996 0.24175234609375 0.5233635013888889 0.25247523203125 0.5233635013888889 0.25247523203125 0.48697067499999996
6 0.376275828125 0.4627087902777778 0.376275828125 0.4956356333333334 0.3840742921875 0.4956356333333334 0.3840742921875 0.4627087902777778
7 0.310963703125 0.5025676 0.310963703125 0.5164315347222223 0.3216865890625 0.5164315347222223 0.3216865890625 0.5025676
9 0.33825832265625 0.5337614513888889 0.33825832265625 0.6204110375 0.41039410312499996 0.6204110375 0.41039410312499996 0.5337614513888889