7 0.6287510609375 0.3067395361111111 0.6287510609375 0.3639282625 0.66286933515625 0.3639282625 0.66286933515625 0.3067395361111111
7 0.5371191234375 0.37952518749999997 0.5371191234375 0.4107190388888889 0.5507664328125 0.4107190388888889 0.5507664328125 0.37952518749999997
7 0.6326502921875 0.2668807263888889 0.6326502921875 0.30500654444444447 0.65117164140625 0.30500654444444447 0.65117164140625 0.2668807263888889
6 0.450361225 0.3968551055555556 0.450361225 0.4107190388888889 0.45815968749999997 0.4107190388888889 0.45815968749999997 0.3968551055555556
6 0.47765584453125004 0.3899231388888889 0.47765584453125004 0.4089860472222222 0.48545430703125003 0.4089860472222222 0.48545430703125003 0.3899231388888889
4 0.5546656640625 0.44364588194444443 0.5546656640625 0.48523768333333334 0.5614893203125 0.48523768333333334 0.5614893203125 0.44364588194444443
4 0.56733816640625 0.44537887361111117 0.56733816640625 0.4800387083333333 0.57221220546875 0.4800387083333333 0.57221220546875 0.44537887361111117
4 0.5712373976562499 0.4401798986111111 0.5712373976562499 0.4800387083333333 0.57611143671875 0.4800387083333333 0.57611143671875 0.4401798986111111
4 0.5751366289062501 0.44537887361111117 0.5751366289062501 0.4817717 0.58390989921875 0.4817717 0.58390989921875 0.44537887361111117
4 0.56051451171875 0.44191289027777775 0.56051451171875 0.48697067499999996 0.57026258984375 0.48697067499999996 0.57026258984375 0.44191289027777775
4 0.65312125703125 0.42458297222222224 0.65312125703125 0.5302954680555556 0.670667796875 0.5302954680555556 0.670667796875 0.42458297222222224
4 0.62972586875 0.43324793194444444 0.62972586875 0.49043665833333333 0.64629760078125 0.49043665833333333 0.64629760078125 0.43324793194444444
4 0.6190029820312499 0.42631596527777776 0.6190029820312499 0.5406934166666667 0.6345999078125 0.5406934166666667 0.6345999078125 0.42631596527777776
4 0.5839099 0.4471118652777778 0.5839099 0.476572725 0.593657978125 0.476572725 0.593657978125 0.4471118652777778
4 0.7301310765625 0.4089860472222222 0.7301310765625 0.5094995680555556 0.74767761796875 0.5094995680555556 0.74767761796875 0.4089860472222222
4 0.53614431484375 0.4488448569444444 0.53614431484375 0.48350469166666665 0.5449175859375 0.48350469166666665 0.5449175859375 0.4488448569444444
9 0.33825832265625 0.3812581791666667 0.33825832265625 0.46097579861111115 0.41136891093749994 0.46097579861111115 0.41136891093749994 0.3812581791666667
2 0.181314259375 0.19409507361111114 0.181314259375 0.6013481291666667 0.34898120859375 0.6013481291666667 0.34898120859375 0.19409507361111114
9 0.06823654921875 0.2946085930555556 0.06823654921875 0.6065471041666667 0.21250811015624999 0.6065471041666667 0.21250811015624999 0.2946085930555556
1 0.02924423515625 0.3812581791666667 0.02924423515625 0.5528243625 0.10917847890625001 0.5528243625 0.10917847890625001 0.3812581791666667
1 0 0.33966637777777775 0 0.5736202611111112 0.03801750625 0.5736202611111112 0.03801750625 0.33966637777777775
2 0.276845428125 0.42458297222222224 0.276845428125 0.830103036111111 0.593657978125 0.830103036111111 0.593657978125 0.42458297222222224
4 0.98845515546875 0.42458297222222224 0.98845515546875 0.4563183430555556 0.99842239921875 0.4563183430555556 0.99842239921875 0.42458297222222224
4 0.9796818851562501 0.4297819486111111 0.9796818851562501 0.4557768236111111 0.98845515546875 0.4557768236111111 0.98845515546875 0.4297819486111111
4 0.9640849593749999 0.43324793194444444 0.9640849593749999 0.45924280694444447 0.9767574617187501 0.45924280694444447 0.9767574617187501 0.43324793194444444
1 0.30769242421875 0.4025877319444444 0.30769242421875 0.4466998166666667 0.34116612968750004 0.4466998166666667 0.34116612968750004 0.4025877319444444