7 0.1498866984375 0.3548338138888889 0.1498866984375 0.37386704444444446 0.16288707578125 0.37386704444444446 0.16288707578125 0.3548338138888889
7 0.47693541015624996 0.3847431819444444 0.47693541015624996 0.39561931250000004 0.4899357875 0.39561931250000004 0.4899357875 0.3847431819444444
7 0.47617068125 0.4092144763888889 0.47617068125 0.4200906111111111 0.48458269062500003 0.4200906111111111 0.48458269062500003 0.4092144763888889
7 0.44179432500000004 0.39911522777777775 0.44179432500000004 0.4113508791666667 0.45555943125000004 0.4113508791666667 0.45555943125000004 0.39911522777777775
2 0.38006984140625 0.4499999736111111 0.38006984140625 0.46359513611111114 0.3877171203125 0.46359513611111114 0.3877171203125 0.4499999736111111
2 0.38465821015625 0.45135948750000005 0.38465821015625 0.4649546541666667 0.39459967421875 0.4649546541666667 0.39459967421875 0.45135948750000005
2 0.3877171203125 0.45135948750000005 0.3877171203125 0.4731117541666667 0.39842331171875 0.4731117541666667 0.39842331171875 0.45135948750000005
2 0.39536440234375003 0.4499999736111111 0.39536440234375003 0.4771903055555556 0.40836478046874997 0.4771903055555556 0.40836478046874997 0.4499999736111111
2 0.40377641171875 0.45135948750000005 0.40377641171875 0.47854981944444447 0.41830624453125004 0.47854981944444447 0.41830624453125004 0.45135948750000005
2 0.41065896406249996 0.45135948750000005 0.41065896406249996 0.4839878875 0.43818917187500006 0.4839878875 0.43818917187500006 0.45135948750000005
2 0.43436553125 0.4499999736111111 0.43436553125 0.5016616027777777 0.4504248203125 0.5016616027777777 0.4504248203125 0.4499999736111111
2 0.44124808515625 0.4432023902777778 0.44124808515625 0.5057401513888888 0.465719384375 0.5057401513888888 0.465719384375 0.4432023902777778
2 0.45195427656250003 0.4445619083333333 0.45195427656250003 0.5152567680555555 0.479484484375 0.5152567680555555 0.479484484375 0.4445619083333333
2 0.4649546546875 0.45135948750000005 0.4649546546875 0.5274924138888889 0.5008968734375 0.5274924138888889 0.5008968734375 0.45135948750000005
2 0.47719030234375 0.4540785222222222 0.47719030234375 0.5383685486111112 0.54525110078125 0.5383685486111112 0.54525110078125 0.4540785222222222
2 0.52307398671875 0.4377643222222222 0.52307398671875 0.5750754972222222 0.64084210703125 0.5750754972222222 0.64084210703125 0.4377643222222222
2 0.5873111429687501 0.4445619083333333 0.5873111429687501 0.6294561569444445 0.7609044109374999 0.6294561569444445 0.7609044109374999 0.4445619083333333
2 0.31277377109375004 0.45081569166666663 0.31277377109375004 0.46712988611111117 0.32577414921875 0.46712988611111117 0.32577414921875 0.45081569166666663
2 0.32500942109375003 0.44809665694444445 0.32500942109375003 0.46712988611111117 0.341068709375 0.46712988611111117 0.341068709375 0.44809665694444445
2 0.30359703671875 0.45217520555555557 0.30359703671875 0.4725679569444444 0.31736213984375 0.4725679569444444 0.31736213984375 0.45217520555555557
2 0.29442029921875 0.45217520555555557 0.29442029921875 0.47528699166666666 0.3097148609375 0.47528699166666666 0.3097148609375 0.45217520555555557
2 0.28906720390624996 0.45625375416666664 0.28906720390624996 0.48208456944444444 0.3013028515625 0.48208456944444444 0.3013028515625 0.45625375416666664
2 0.27453736875 0.45353472361111113 0.27453736875 0.48208456944444444 0.29289083984375003 0.48208456944444444 0.29289083984375003 0.45353472361111113
2 0.36309288046875 0.45353472361111113 0.36309288046875 0.4807250541666666 0.38297581015625004 0.4807250541666666 0.38297581015625004 0.45353472361111113
2 0.25450149765624996 0.45489424027777775 0.25450149765624996 0.48480360277777784 0.28126697890624996 0.48480360277777784 0.28126697890624996 0.45489424027777775
2 0.19867634921875 0.44537762361111116 0.19867634921875 0.5065558666666666 0.23691275078125 0.5065558666666666 0.23691275078125 0.44537762361111116
2 0.18338179062499999 0.45353472361111113 0.18338179062499999 0.5092749013888889 0.216265096875 0.5092749013888889 0.216265096875 0.45353472361111113
2 0.16808722734374998 0.45353472361111113 0.16808722734374998 0.5147129666666667 0.19944107734375 0.5147129666666667 0.19944107734375 0.45353472361111113
2 0.1020911953125 0.4445619083333333 0.1020911953125 0.5288519333333334 0.17932873046875 0.5288519333333334 0.17932873046875 0.4445619083333333
2 0 0.42694129583333335 0 0.562892948611111 0.1044033046875 0.562892948611111 0.1044033046875 0.42694129583333335
2 0.7108326468749999 0.42694129583333335 0.7108326468749999 0.7748497416666666 0.9976056648437501 0.7748497416666666 0.9976056648437501 0.42694129583333335