2 0.0862971703125 0.5507284569444445 0.0862971703125 0.5904515180555555 0.13253973359375 0.5904515180555555 0.13253973359375 0.5507284569444445
2 0.33134933359374996 0.5530285333333333 0.33134933359374996 0.5710470069444444 0.35006082578125 0.5710470069444444 0.35006082578125 0.5530285333333333
2 0.38358558125000003 0.5544145708333333 0.38358558125000003 0.5765911527777777 0.39683955390625003 0.5765911527777777 0.39683955390625003 0.5544145708333333
2 0.4147714015625 0.5530285333333333 0.4147714015625 0.579363225 0.4319236015625 0.579363225 0.4319236015625 0.5530285333333333
2 0.39839884531249997 0.5571866430555555 0.39839884531249997 0.5682749347222222 0.40775459140625003 0.5682749347222222 0.40775459140625003 0.5571866430555555
2 0.36877231640625 0.5516424972222223 0.36877231640625 0.5682749347222222 0.38514487265624997 0.5682749347222222 0.38514487265624997 0.5516424972222223
6 0.38670416328125 0.5128334791666667 0.38670416328125 0.5225357333333334 0.39528026328125 0.5225357333333334 0.39528026328125 0.5128334791666667
6 0.43832530234375 0.5197636597222222 0.43832530234375 0.5328476624999999 0.4475165109375 0.5328476624999999 0.4475165109375 0.5197636597222222
2 0.25104584765625 0.5507284569444445 0.25104584765625 0.5721854097222222 0.280415540625 0.5721854097222222 0.280415540625 0.5507284569444445
2 0.294496665625 0.5489403763888889 0.294496665625 0.56860925 0.30656620156250003 0.56860925 0.30656620156250003 0.5489403763888889
6 0.439331096875 0.5346357416666666 0.439331096875 0.5471522972222223 0.4473774546875 0.5471522972222223 0.4473774546875 0.5346357416666666
6 0.27035759375 0.49529799444444444 0.27035759375 0.5042383916666667 0.27840395078125 0.5042383916666667 0.27840395078125 0.49529799444444444