7 0.7973928179687501 0.17329917222222221 0.7973928179687501 0.246084825 0.8285866695312499 0.246084825 0.8285866695312499 0.17329917222222221
6 0.5585648953125 0.3431323597222222 0.5585648953125 0.36219527083333336 0.5644137421875 0.36219527083333336 0.5644137421875 0.3431323597222222
6 0.551741240625 0.3431323597222222 0.551741240625 0.36219527083333336 0.55953970390625 0.36219527083333336 0.55953970390625 0.3431323597222222
6 0.62095259765625 0.40032108888888884 0.62095259765625 0.4107190388888889 0.6287510609375 0.4107190388888889 0.6287510609375 0.40032108888888884
6 0.6287510609375 0.3985880972222222 0.6287510609375 0.4107190388888889 0.6365495226562501 0.4107190388888889 0.6365495226562501 0.3985880972222222
6 0.6180281734374999 0.34139936944444443 0.6180281734374999 0.3604622791666667 0.6258266359375 0.3604622791666667 0.6258266359375 0.34139936944444443
2 0.36165371171875 0.3639282611111111 0.36165371171875 0.5510913694444444 0.42696583749999995 0.5510913694444444 0.42696583749999995 0.3639282611111111
2 0.6112045187499999 0.41765100555555557 0.6112045187499999 0.5441594027777779 0.689189146875 0.5441594027777779 0.689189146875 0.41765100555555557
2 0.6462976015625 0.36739424583333335 0.6462976015625 0.6602698486111112 0.8763522523437499 0.6602698486111112 0.8763522523437499 0.36739424583333335
2 0.39479717734375 0.3604622791666667 0.39479717734375 0.7261235347222222 0.64044875546875 0.7261235347222222 0.64044875546875 0.3604622791666667
9 0.0009748078125000001 0.11611044583333333 0.0009748078125000001 0.7313225069444443 0.38797352265625 0.7313225069444443 0.38797352265625 0.11611044583333333