6 0.350060825 0.1289013875 0.350060825 0.21067753888888888 0.3695519578125 0.21067753888888888 0.3695519578125 0.1289013875
6 0.72273136953125 0.15662211527777778 0.72273136953125 0.23978429583333333 0.7414428640625 0.23978429583333333 0.7414428640625 0.15662211527777778
6 0.6954437773437501 0.15800815138888888 0.6954437773437501 0.24117033194444445 0.71727385390625 0.24117033194444445 0.71727385390625 0.15800815138888888
6 0.32823075078124997 0.13028742361111112 0.32823075078124997 0.2092915027777778 0.3461626 0.2092915027777778 0.3461626 0.13028742361111112
6 0.9815736703125 0.5031312236111111 0.9815736703125 0.519763661111111 0.9854719 0.519763661111111 0.9854719 0.5031312236111111
6 0.9878108351562499 0.5031312236111111 0.9878108351562499 0.5239217722222222 0.99170906171875 0.5239217722222222 0.99170906171875 0.5031312236111111
6 0.20426711796875 0.46016409305555556 0.20426711796875 0.4781825666666667 0.20660605390625003 0.4781825666666667 0.20660605390625003 0.46016409305555556
6 0.1995892453125 0.46293616805555554 0.1995892453125 0.4781825666666667 0.20348747265624997 0.4781825666666667 0.20348747265624997 0.46293616805555554
6 0.2557237203125 0.46848031111111105 0.2557237203125 0.482340675 0.26040159687500003 0.482340675 0.26040159687500003 0.46848031111111105
6 0.5403552539062499 0.46717105555555555 0.5403552539062499 0.49481500277777773 0.5527686546874999 0.49481500277777773 0.5527686546874999 0.46717105555555555
6 0.564463334375 0.4754104944444444 0.564463334375 0.49481500277777773 0.5730394375000001 0.49481500277777773 0.5730394375000001 0.4754104944444444
6 0.8997108953125 0.5447123152777777 0.8997108953125 0.5571866416666666 0.9043887679687501 0.5571866416666666 0.9043887679687501 0.5447123152777777
6 0.90594805859375 0.5474843888888888 0.90594805859375 0.5585726736111111 0.9129648679687501 0.5585726736111111 0.9129648679687501 0.5474843888888888
6 0.8856772765625 0.5322379875 0.8856772765625 0.5474843958333333 0.88957550703125 0.5474843958333333 0.88957550703125 0.5322379875
7 0.27287592109375003 0.47263841944444446 0.27287592109375003 0.48511274583333336 0.28067237968750003 0.48511274583333336 0.28067237968750003 0.47263841944444446
7 0.24324939296874998 0.49065689444444444 0.24324939296874998 0.4975870777777778 0.253384784375 0.4975870777777778 0.253384784375 0.49065689444444444
7 0.564463334375 0.3894762361111111 0.564463334375 0.4019505638888889 0.58395447109375 0.4019505638888889 0.58395447109375 0.3894762361111111
7 0.5590058171875001 0.4116528180555556 0.5590058171875001 0.4310573277777777 0.56836155859375 0.4310573277777777 0.56836155859375 0.4116528180555556
7 0.5480907796875 0.43798751111111106 0.5480907796875 0.4546199430555556 0.5597854640625 0.4546199430555556 0.5597854640625 0.43798751111111106
7 0.5488704249999999 0.4019505638888889 0.5488704249999999 0.41165281249999996 0.559005815625 0.41165281249999996 0.559005815625 0.4019505638888889
2 0.1816574 0.5045172597222223 0.1816574 0.5738190791666666 0.2292157734375 0.5738190791666666 0.2292157734375 0.5045172597222223
2 0.22861183125 0.5080263180555555 0.22861183125 0.5655028611111111 0.26585911171875 0.5655028611111111 0.26585911171875 0.5080263180555555
2 0.1660644890625 0.5045172597222223 0.1660644890625 0.5239217694444445 0.18555562734375 0.5239217694444445 0.18555562734375 0.5045172597222223
9 0.92191830234375 0.5696052680555556 0.92191830234375 0.6140141347222222 0.98001438125 0.6140141347222222 0.98001438125 0.5696052680555556
0 0.82174634609375 0.5807492625 0.82174634609375 0.6237163930555556 0.8295427999999999 0.6237163930555556 0.8295427999999999 0.5807492625
0 0.7196127875 0.5793632263888889 0.7196127875 0.6140141319444444 0.74300215234375 0.6140141319444444 0.74300215234375 0.5793632263888889
0 0.74213918984375 0.5752051166666667 0.74213918984375 0.6154934222222223 0.76639151640625 0.6154934222222223 0.76639151640625 0.5752051166666667
0 0.766119453125 0.5752051166666667 0.766119453125 0.6137171083333334 0.77886584375 0.6137171083333334 0.77886584375 0.5752051166666667
0 0.77964548984375 0.5765911527777777 0.77964548984375 0.6251024277777778 0.7890012328125 0.6251024277777778 0.7890012328125 0.5765911527777777
0 0.78822158984375 0.5807492625 0.78822158984375 0.6292605375 0.79835698125 0.6292605375 0.79835698125 0.5807492625
0 0.7991366265625001 0.5807492625 0.7991366265625001 0.6251024277777778 0.8053737906249999 0.6251024277777778 0.8053737906249999 0.5807492625
4 0.74768002421875 0.5516424972222223 0.74768002421875 0.63341865 0.763272934375 0.63341865 0.763272934375 0.5516424972222223
0 0.80615343515625 0.5793632263888889 0.80615343515625 0.6292605375 0.8131702437499999 0.6292605375 0.8131702437499999 0.5793632263888889
0 0.81394989140625 0.5779771902777777 0.81394989140625 0.6278745013888889 0.8194074070312499 0.6278745013888889 0.8194074070312499 0.5779771902777777
0 0.85059322890625 0.5890654819444444 0.85059322890625 0.6237163930555556 0.8739825937499999 0.6237163930555556 0.8739825937499999 0.5890654819444444
2 0.2666387578125 0.5239217694444445 0.2666387578125 0.5502564625 0.28145202187499996 0.5502564625 0.28145202187499996 0.5239217694444445
4 0.93702877578125 0.5701973708333333 0.93702877578125 0.6217105291666667 0.9560131507812499 0.6217105291666667 0.9560131507812499 0.5701973708333333