7 0.5253144468750001 0.4283790555555556 0.5253144468750001 0.4842244263888889 0.5649221671875 0.4842244263888889 0.5649221671875 0.4283790555555556
7 0.95553624140625 0.45023159305555555 0.95553624140625 0.46479994861111107 0.97192564296875 0.46479994861111107 0.97192564296875 0.45023159305555555
7 0.956902025 0.4696560694444445 0.956902025 0.4842244263888889 0.9719256453125 0.4842244263888889 0.9719256453125 0.4696560694444445
7 0.7725212570312501 0.4866524861111111 0.7725212570312501 0.5060769625 0.7861790914062501 0.5060769625 0.7861790914062501 0.4866524861111111
7 0.7725212570312501 0.5085050208333333 0.7725212570312501 0.5230733777777778 0.7861790914062501 0.5230733777777778 0.7861790914062501 0.5085050208333333
7 0.7175826375 0.45023159305555555 0.7175826375 0.46133130555555557 0.731547753125 0.46133130555555557 0.731547753125 0.45023159305555555
7 0.6151488765625001 0.4419068305555555 0.6151488765625001 0.46133130555555557 0.627440928125 0.46133130555555557 0.627440928125 0.4419068305555555
7 0.7189484203125 0.466187425 0.7189484203125 0.48075578194444446 0.73260625546875 0.48075578194444446 0.73260625546875 0.466187425
7 0.69603738203125 0.4426005694444445 0.69603738203125 0.4571689263888889 0.7096952171875001 0.4571689263888889 0.7096952171875001 0.4426005694444445
7 0.701500515625 0.4765934013888889 0.701500515625 0.4911617583333333 0.71925570078125 0.4911617583333333 0.71925570078125 0.4765934013888889
2 0.471411996875 0.49381579166666667 0.471411996875 0.5026973708333333 0.48040459531249996 0.5026973708333333 0.48040459531249996 0.49381579166666667
2 0.40834099765625 0.4914473736111111 0.40834099765625 0.5003289527777778 0.41733359609375 0.5003289527777778 0.41733359609375 0.4914473736111111
2 0.97799505859375 0.4511842125 0.97799505859375 0.5098026347222222 0.99997696640625 0.5098026347222222 0.99997696640625 0.4511842125