2 0 0.6573194180555555 0 0.9027741375 0.07216650859375 0.9027741375 0.07216650859375 0.6573194180555555
5 0.01834328125 0.41810507361111116 0.01834328125 0.6094765486111111 0.0967379828125 0.6094765486111111 0.0967379828125 0.41810507361111116
0 0.0066425796875 0.49714981249999995 0.0066425796875 0.6240374222222222 0.09905815546874999 0.6240374222222222 0.09905815546874999 0.49714981249999995
3 0.4325481203125 0.4909094388888889 0.4325481203125 0.5491529319444445 0.45945973515625005 0.5491529319444445 0.45945973515625005 0.4909094388888889
5 0.42552769921875006 0.45138707083333335 0.42552769921875006 0.5470728083333334 0.4606298046875 0.5470728083333334 0.4606298046875 0.45138707083333335
4 0.42201748984375 0.44098644583333335 0.42201748984375 0.4992299375 0.4407386125 0.4992299375 0.4407386125 0.44098644583333335
4 0.0101527890625 0.45346719305555555 0.0101527890625 0.5907554263888889 0.0358943328125 0.5907554263888889 0.0358943328125 0.45346719305555555
4 0.16577212187499998 0.4576274430555556 0.16577212187499998 0.5699541791666667 0.18449324453125 0.5699541791666667 0.18449324453125 0.4576274430555556
4 0.1540714203125 0.4493069444444444 0.1540714203125 0.5865951777777778 0.17513268359375 0.5865951777777778 0.17513268359375 0.4493069444444444
4 0.1798129640625 0.4451466944444445 0.1798129640625 0.5595535569444444 0.196193946875 0.5595535569444444 0.196193946875 0.4451466944444445
4 0.18917352578125 0.44098644583333335 0.18917352578125 0.5782746777777779 0.21023478828125 0.5782746777777779 0.21023478828125 0.44098644583333335
4 0.134180228125 0.4576274430555556 0.134180228125 0.5907554263888889 0.15992177109375 0.5907554263888889 0.15992177109375 0.4576274430555556
4 0.7894195203125001 0.45346719305555555 0.7894195203125001 0.5907554263888889 0.81984134609375 0.5907554263888889 0.81984134609375 0.45346719305555555
4 0.91110681796875 0.43890632222222226 0.91110681796875 0.6073964263888889 0.966100115625 0.6073964263888889 0.966100115625 0.43890632222222226
4 0.742616715625 0.4493069444444444 0.742616715625 0.4825889402777778 0.75899769765625 0.4825889402777778 0.75899769765625 0.4493069444444444
2 0.31788124375 0.4493069444444444 0.31788124375 0.5699541791666667 0.42786783984375 0.5699541791666667 0.42786783984375 0.4493069444444444
2 0.5893375226562501 0.4659479416666667 0.5893375226562501 0.5657939291666666 0.6665621539062501 0.5657939291666666 0.6665621539062501 0.4659479416666667
2 0.45126924296875004 0.4701081916666666 0.45126924296875004 0.5366721833333333 0.49924211953125 0.5366721833333333 0.49924211953125 0.4701081916666666
2 0.66422201328125 0.4555473166666667 0.66422201328125 0.5491529319444445 0.71921531328125 0.5491529319444445 0.71921531328125 0.4555473166666667
2 0.550725209375 0.4597075694444444 0.550725209375 0.528351686111111 0.5963579453125 0.528351686111111 0.5963579453125 0.4597075694444444
2 0.52966394453125 0.45346719305555555 0.52966394453125 0.5241914347222222 0.562425909375 0.5241914347222222 0.562425909375 0.45346719305555555
2 0.26522808671875 0.45138707083333335 0.26522808671875 0.5616336805555556 0.3553234890625 0.5616336805555556 0.3553234890625 0.45138707083333335
2 0.47701078671874997 0.46178769305555556 0.47701078671874997 0.4950696888888889 0.5074326109375 0.4950696888888889 0.5074326109375 0.46178769305555556
2 0.489881559375 0.4576274430555556 0.489881559375 0.5033901875000001 0.5167931734375 0.5033901875000001 0.5167931734375 0.4576274430555556
2 0.5097727515625 0.4576274430555556 0.5097727515625 0.4929895652777778 0.5238135921875 0.4929895652777778 0.5238135921875 0.4576274430555556
2 0.52381359375 0.4659479416666667 0.52381359375 0.4909094388888889 0.53200408515625 0.4909094388888889 0.53200408515625 0.4659479416666667
9 0.57646675 0.42850569722222226 0.57646675 0.4659479416666667 0.60337836484375 0.4659479416666667 0.60337836484375 0.42850569722222226
9 0.6338001890625 0.4347460694444445 0.6338001890625 0.4701081916666666 0.6618818734375 0.4701081916666666 0.6618818734375 0.4347460694444445
6 0 0.2163329736111111 0 0.3349000819444444 0.0043024390625 0.3349000819444444 0.0043024390625 0.2163329736111111
6 0.01072813828125 0.22049322222222223 0.01072813828125 0.3349000847222222 0.03121405390625 0.3349000847222222 0.03121405390625 0.22049322222222223
6 0.8093107140625 0.35986158194444445 0.8093107140625 0.39522370277777774 0.8350522578125 0.39522370277777774 0.8350522578125 0.35986158194444445
6 0.8373923984375 0.3557013291666667 0.8373923984375 0.39730382500000005 0.85143323984375 0.39730382500000005 0.85143323984375 0.3557013291666667
6 0.81633113515625 0.2620957180555556 0.81633113515625 0.3203392097222222 0.83037197734375 0.3203392097222222 0.83037197734375 0.2620957180555556
6 0.52849387421875 0.4326659458333333 0.52849387421875 0.4576274430555556 0.5355142953125 0.4576274430555556 0.5355142953125 0.4326659458333333
7 0.76718818828125 0.13728823333333334 0.76718818828125 0.1830509777777778 0.85611351953125 0.1830509777777778 0.85611351953125 0.13728823333333334
7 0.8151610640625 0.23713422083333333 0.8151610640625 0.25793546805555556 0.8584536601562499 0.25793546805555556 0.8584536601562499 0.23713422083333333
7 0.82686176640625 0.2558553416666667 0.82686176640625 0.27249634027777775 0.85143324140625 0.27249634027777775 0.85143324140625 0.2558553416666667
6 0.005472510156250001 0.3661019541666667 0.005472510156250001 0.4035442 0.03355419375 0.4035442 0.03355419375 0.3661019541666667
6 0.7882494515625 0.1123267361111111 0.7882494515625 0.14560873194444443 0.799950153125 0.14560873194444443 0.799950153125 0.1123267361111111
4 0.40329636718749995 0.33281995833333333 0.40329636718749995 0.3557013319444445 0.43488826171875 0.3557013319444445 0.43488826171875 0.33281995833333333
4 0.395105875 0.4014640736111111 0.395105875 0.4243454472222222 0.43605833046875003 0.4243454472222222 0.43605833046875003 0.4014640736111111
4 0.64784103125 0.40770445000000005 0.64784103125 0.4222653236111111 0.68060299453125 0.4222653236111111 0.68060299453125 0.40770445000000005