7 0.63463406171875 0.43037354861111116 0.63463406171875 0.5026083152777778 0.68243648359375 0.5026083152777778 0.68243648359375 0.43037354861111116
7 0.681525953125 0.4133771305555555 0.681525953125 0.4425138458333333 0.6965495710937499 0.4425138458333333 0.6965495710937499 0.4133771305555555
7 0.681525953125 0.44494190694444447 0.681525953125 0.4716505583333333 0.6992811398437501 0.4716505583333333 0.6992811398437501 0.44494190694444447
7 0.3687615375 0.4425138472222222 0.3687615375 0.4716505583333333 0.38651672187499997 0.4716505583333333 0.38651672187499997 0.4425138472222222
7 0.452984859375 0.5123205555555556 0.452984859375 0.5244608527777778 0.463911128125 0.5244608527777778 0.463911128125 0.5123205555555556
6 0.52400559921875 0.47347160416666667 0.52400559921875 0.49289607916666667 0.5335660843750001 0.49289607916666667 0.5335660843750001 0.47347160416666667
6 0.50898198125 0.48803995972222225 0.50898198125 0.5001802583333333 0.52127403203125 0.5001802583333333 0.52127403203125 0.48803995972222225
6 0.42612444296875 0.5026083194444445 0.42612444296875 0.5244608555555555 0.43568492734375 0.5244608555555555 0.43568492734375 0.5026083194444445
6 0.4898610125 0.49289608055555556 0.4898610125 0.5147486180555556 0.4953241453125 0.5147486180555556 0.4953241453125 0.49289608055555556
6 0.50488463125 0.49289608055555556 0.50488463125 0.5147486180555556 0.51307933203125 0.5147486180555556 0.51307933203125 0.49289608055555556
9 0.2827171796875 0.46133130694444446 0.2827171796875 0.5584536875 0.34554321953125 0.5584536875 0.34554321953125 0.46133130694444446
2 0 0.5211497166666667 0 0.62563 0.10807834375 0.62563 0.10807834375 0.5211497166666667
2 0.38651672265625 0.5220327930555555 0.38651672265625 0.5414572680555556 0.40290612421875 0.5414572680555556 0.40290612421875 0.5220327930555555
2 0.40290612578124996 0.5244608541666667 0.40290612578124996 0.5438853291666667 0.41929552578124996 0.5438853291666667 0.41929552578124996 0.5244608541666667