7 0.1877510359375 0.26447251805555555 0.1877510359375 0.2793544111111111 0.198513834375 0.2793544111111111 0.198513834375 0.26447251805555555
7 0.18655516953125 0.2806299986111111 0.18655516953125 0.2955118916666667 0.19970970078125 0.2955118916666667 0.19970970078125 0.2806299986111111
7 0.1877510359375 0.2976378777777778 0.1877510359375 0.31677174166666666 0.20090556718750002 0.31677174166666666 0.20090556718750002 0.2976378777777778
7 0.40659460078125004 0.14456696944444444 0.40659460078125004 0.15944886249999998 0.41855326562500006 0.15944886249999998 0.41855326562500006 0.14456696944444444
7 0.3874607375 0.140315 0.3874607375 0.1615748486111111 0.40061526875000003 0.1615748486111111 0.40061526875000003 0.140315
7 0.37071860703125 0.1381890152777778 0.37071860703125 0.15944886249999998 0.386264871875 0.15944886249999998 0.386264871875 0.1381890152777778
7 0.36234754140625 0.15307090833333334 0.36234754140625 0.17220477222222222 0.3695227390625 0.17220477222222222 0.3695227390625 0.15307090833333334
7 0.34201781171875 0.17433075694444444 0.34201781171875 0.18496068055555556 0.35397647578125 0.18496068055555556 0.35397647578125 0.17433075694444444
2 0.20808076640625 0.3635434083333334 0.20808076640625 0.38055128611111105 0.21764769921875 0.38055128611111105 0.21764769921875 0.3635434083333334
2 0.19373036875 0.36566939305555557 0.19373036875 0.3848032569444444 0.2068849 0.3848032569444444 0.2068849 0.36566939305555557
2 0.11360731484375 0.3550394680555556 0.11360731484375 0.3699213611111111 0.1255659796875 0.3699213611111111 0.1255659796875 0.3550394680555556
2 0.096865184375 0.3550394680555556 0.096865184375 0.3699213611111111 0.10882384921874999 0.3699213611111111 0.10882384921874999 0.3550394680555556
2 0.08490651953125 0.3571654527777778 0.08490651953125 0.3762993166666667 0.096865184375 0.3762993166666667 0.096865184375 0.3571654527777778
2 0.07653545390625 0.3635434083333334 0.07653545390625 0.3826772708333333 0.08729825234375001 0.3826772708333333 0.08729825234375001 0.3635434083333334
2 0.044247059374999995 0.36566939305555557 0.044247059374999995 0.3826772708333333 0.05500985781249999 0.3826772708333333 0.05500985781249999 0.36566939305555557
2 0.00358759921875 0.3550394680555556 0.00358759921875 0.3805512847222222 0.025113196875 0.3805512847222222 0.025113196875 0.3550394680555556
2 0 0.3677953777777778 0 0.38692924166666665 0.01195866484375 0.38692924166666665 0.01195866484375 0.3677953777777778
2 0.00956693203125 0.38905522638888884 0.00956693203125 0.42732295277777776 0.0813189203125 0.42732295277777776 0.0813189203125 0.38905522638888884
9 0.03587599453125 0.340157575 0.03587599453125 0.37204734722222227 0.06218505625 0.37204734722222227 0.06218505625 0.340157575
2 0.05381399140625 0.36566939305555557 0.05381399140625 0.3911812097222222 0.0753395875 0.3911812097222222 0.0753395875 0.36566939305555557
2 0.0203297296875 0.3699213625 0.0203297296875 0.38905522777777773 0.0418553265625 0.38905522777777773 0.0418553265625 0.3699213625
2 0.18177170390625 0.36566939305555557 0.18177170390625 0.3826772708333333 0.19253450234375 0.3826772708333333 0.19253450234375 0.36566939305555557
2 0.17340063828125002 0.3699213625 0.17340063828125002 0.38692924305555554 0.1877510359375 0.38692924305555554 0.1877510359375 0.3699213625
2 0.21525596484374998 0.3677953777777778 0.21525596484374998 0.38692924166666665 0.23199809609375 0.38692924166666665 0.23199809609375 0.3677953777777778
2 0.2272146296875 0.3699213625 0.2272146296875 0.3826772708333333 0.237977428125 0.3826772708333333 0.237977428125 0.3699213625
2 0.2355856953125 0.3677953777777778 0.2355856953125 0.38692924166666665 0.251131959375 0.38692924166666665 0.251131959375 0.3677953777777778
2 0.23199809609375 0.40393711944444444 0.23199809609375 0.4315749236111111 0.2882038203125 0.4315749236111111 0.2882038203125 0.40393711944444444
2 0.21166836562500002 0.40606310416666663 0.21166836562500002 0.42732295277777776 0.2296063625 0.42732295277777776 0.2296063625 0.40606310416666663
2 0.12437011328125 0.4301576208333333 0.12437011328125 0.7150395902777777 0.3372343453125 0.7150395902777777 0.3372343453125 0.4301576208333333