7 0.36057390312500004 0.32969380694444445 0.36057390312500004 0.34255094583333334 0.37917083749999997 0.34255094583333334 0.37917083749999997 0.32969380694444445
7 0.43289531484375 0.3278570722222222 0.43289531484375 0.3407142111111111 0.45045908671875 0.3407142111111111 0.45045908671875 0.3278570722222222
7 0.39776777265624996 0.33887747916666666 0.39776777265624996 0.38112236805555555 0.45045908828125 0.38112236805555555 0.45045908828125 0.33887747916666666
7 0.34094380546875 0.3407142152777778 0.34094380546875 0.36459176111111113 0.378137675 0.36459176111111113 0.378137675 0.3407142152777778
7 0.444776690625 0.4013264458333333 0.444776690625 0.4233672569444445 0.45304199453124994 0.4233672569444445 0.45304199453124994 0.4013264458333333
7 0.12811221796875 0.32602033888888887 0.12811221796875 0.3664284930555555 0.16530608828124999 0.3664284930555555 0.16530608828124999 0.32602033888888887
7 0.17253822968750002 0.3205101375 0.17253822968750002 0.37377543472222224 0.23246168515625 0.37377543472222224 0.23246168515625 0.3205101375
7 0.23762750078125 0.32418360416666664 0.23762750078125 0.38112236527777776 0.301683609375 0.38112236527777776 0.301683609375 0.32418360416666664
7 0.31408156484375 0.33887747916666666 0.31408156484375 0.3535713555555555 0.325446359375 0.3535713555555555 0.325446359375 0.33887747916666666
7 0.313048403125 0.3590815555555556 0.313048403125 0.3958162430555555 0.338877478125 0.3958162430555555 0.338877478125 0.3590815555555556
9 0 0.3847958361111111 0 0.4729590819444444 0.044426011718750005 0.4729590819444444 0.044426011718750005 0.3847958361111111
2 0.10434946796875 0.4398978638888889 0.10434946796875 0.4601019444444444 0.12501272734375 0.4601019444444444 0.12501272734375 0.4398978638888889
2 0.16840557578124998 0.4398978638888889 0.16840557578124998 0.4545917402777778 0.185969346875 0.4545917402777778 0.185969346875 0.4398978638888889
2 0.290318815625 0.4288774583333333 0.290318815625 0.47112234722222224 0.3151147296875 0.47112234722222224 0.3151147296875 0.4288774583333333
2 0.31098207578125 0.4417345986111111 0.31098207578125 0.4729590819444444 0.31821421562499996 0.4729590819444444 0.31821421562499996 0.4417345986111111
2 0.25932392421875 0.42704072361111106 0.25932392421875 0.4417346013888889 0.27792086015625 0.4417346013888889 0.27792086015625 0.42704072361111106
2 0.24795913125000002 0.43255092916666665 0.24795913125000002 0.45642847500000006 0.26655606484375 0.45642847500000006 0.26655606484375 0.43255092916666665
1 0.20973209921875 0.40867338333333336 0.20973209921875 0.45459173888888893 0.26552290312500004 0.45459173888888893 0.26552290312500004 0.40867338333333336
2 0.12294640234375001 0.42704072361111106 0.12294640234375001 0.45826520555555555 0.1642729234375 0.45826520555555555 0.1642729234375 0.42704072361111106
2 0.0196300984375 0.42153052361111115 0.0196300984375 0.4656121486111111 0.092984675 0.4656121486111111 0.092984675 0.42153052361111115
2 0.37968742031249997 0.42520399027777783 0.37968742031249997 0.4729590819444444 0.39931751718749997 0.4729590819444444 0.39931751718749997 0.42520399027777783
2 0.39621802890625 0.42704072361111106 0.39621802890625 0.46561214444444443 0.4086159859375 0.46561214444444443 0.4086159859375 0.42704072361111106
9 0.40345016874999995 0.40316317777777777 0.40345016874999995 0.4821427541666667 0.44374352734375 0.4821427541666667 0.44374352734375 0.40316317777777777
2 0.40603307578125003 0.450918275 0.40603307578125003 0.5243876472222222 0.46079071640624997 0.5243876472222222 0.46079071640624997 0.450918275
2 0.264489740625 0.4288774583333333 0.264489740625 0.4766325513888889 0.29548463203124997 0.4766325513888889 0.29548463203124997 0.4288774583333333
2 0.18390302187500002 0.42520399027777783 0.18390302187500002 0.48581622222222226 0.23762750234375002 0.48581622222222226 0.23762750234375002 0.42520399027777783
9 0.31821421953125 0.3792856333333333 0.31821421953125 0.5041835680555555 0.3802040015625 0.5041835680555555 0.3802040015625 0.3792856333333333
5 0.702034290625 0.4141835861111111 0.702034290625 0.46561214444444443 0.72889652890625 0.46561214444444443 0.72889652890625 0.4141835861111111
3 0.7066835242187499 0.4362243972222222 0.7066835242187499 0.48030601944444445 0.7263136218749999 0.48030601944444445 0.7263136218749999 0.4362243972222222
2 0.60491696328125 0.43255092916666665 0.60491696328125 0.46744888055555556 0.6555419515625001 0.46744888055555556 0.6555419515625001 0.43255092916666665
2 0.6617409320312501 0.4398978638888889 0.6617409320312501 0.4656121472222222 0.70100112734375 0.4656121472222222 0.70100112734375 0.4398978638888889
2 0.71753173359375 0.4527550041666667 0.71753173359375 0.4784692847222222 0.7495597882812499 0.4784692847222222 0.7495597882812499 0.4527550041666667
4 0.85907507109375 0.4490815375 0.85907507109375 0.4894896930555555 0.8745725171875 0.4894896930555555 0.8745725171875 0.4490815375
4 0.8487434421875 0.4527550041666667 0.8487434421875 0.4876529583333334 0.8601082359375001 0.4876529583333334 0.8601082359375001 0.4527550041666667
4 0.9117663882812501 0.4527550041666667 0.9117663882812501 0.4986733625 0.9272638343749999 0.4986733625 0.9272638343749999 0.4527550041666667
4 0.9933862687499999 0.45642847500000006 0.9933862687499999 0.5041835680555555 0.9995852460937501 0.5041835680555555 0.9995852460937501 0.45642847500000006