7 0.6646339382812501 0.3567184972222222 0.6646339382812501 0.4106247125 0.6910011078125 0.4106247125 0.6910011078125 0.3567184972222222
7 0.6646339382812501 0.3356247625 0.6646339382812501 0.35437475 0.68968274921875 0.35437475 0.68968274921875 0.3356247625
7 0.6778175242187501 0.31453102499999996 0.6778175242187501 0.3332810138888889 0.70418469375 0.3332810138888889 0.70418469375 0.31453102499999996
7 0.658042146875 0.30515603194444446 0.658042146875 0.32156227083333333 0.6725440890625001 0.32156227083333333 0.6725440890625001 0.30515603194444446
2 0.08719292890625 0.48562465972222224 0.08719292890625 0.5207808833333334 0.09773979687499999 0.5207808833333334 0.09773979687499999 0.48562465972222224
2 0.0726909859375 0.48796840694444443 0.0726909859375 0.5301558805555556 0.089829646875 0.5301558805555556 0.089829646875 0.48796840694444443
2 0.06082576015625 0.49265590555555555 0.06082576015625 0.5395308736111111 0.0819194953125 0.5395308736111111 0.0819194953125 0.49265590555555555
2 0.04500545859375 0.4903121555555555 0.04500545859375 0.5442183708333334 0.06609919375 0.5442183708333334 0.06609919375 0.4903121555555555
2 0.34690954765625 0.47859341388888893 0.34690954765625 0.5137496402777778 0.3825052265625 0.5137496402777778 0.3825052265625 0.47859341388888893
2 0.16761279609375 0.4457809361111111 0.16761279609375 0.4668746736111111 0.18475145703125 0.4668746736111111 0.18475145703125 0.4457809361111111
2 0.10169487265624999 0.462187175 0.10169487265624999 0.4809371625 0.13069875859375 0.4809371625 0.13069875859375 0.462187175
2 0.179478021875 0.4645309236111111 0.179478021875 0.5512496138888889 0.24539594609374998 0.5512496138888889 0.24539594609374998 0.4645309236111111
2 0.20980026640625 0.4387496902777777 0.20980026640625 0.4574996763888889 0.23221236093750003 0.4574996763888889 0.23221236093750003 0.4387496902777777
2 0.23880415312499997 0.4457809361111111 0.23880415312499997 0.4692184208333333 0.25330609609375 0.4692184208333333 0.25330609609375 0.4457809361111111
2 0.440513 0.4739059166666667 0.440513 0.534843375 0.50379420625 0.534843375 0.50379420625 0.4739059166666667
2 0.23748579453125 0.4457809361111111 0.23748579453125 0.6206247833333334 0.35930773046875003 0.6206247833333334 0.35930773046875003 0.4457809361111111
2 0.09378472109375 0.4739059166666667 0.09378472109375 0.5395308736111111 0.1412456265625 0.5395308736111111 0.1412456265625 0.4739059166666667
9 0.398325528125 0.4504684333333333 0.398325528125 0.5278121291666668 0.46160673515625 0.5278121291666668 0.46160673515625 0.4504684333333333
2 0 0.4809371625 0 0.5582808597222222 0.05423396640625 0.5582808597222222 0.05423396640625 0.4809371625
9 0.866342784375 0.3942184708333333 0.866342784375 0.5629683541666667 0.99949698984375 0.5629683541666667 0.99949698984375 0.3942184708333333