2 0.49404849609375 0.4704160458333333 0.49404849609375 0.5648395166666667 0.53783100078125 0.5648395166666667 0.53783100078125 0.4704160458333333
2 0.52204058984375 0.43341225 0.52204058984375 0.5788754388888889 0.583049 0.5788754388888889 0.583049 0.43341225
2 0.54931493671875 0.4308602666666667 0.54931493671875 0.6248111805555556 0.69932384921875 0.6248111805555556 0.69932384921875 0.4308602666666667
2 0.6868829109375 0.4538281375 0.6868829109375 0.5163517875 0.71415725859375 0.5163517875 0.71415725859375 0.4538281375
3 0.5962076820312501 0.5014651972222222 0.5962076820312501 0.6226845180555556 0.7340149109375 0.6226845180555556 0.7340149109375 0.5014651972222222
3 0.6033851421875001 0.5346410111111111 0.6033851421875001 0.6596883111111111 0.73688589609375 0.6596883111111111 0.73688589609375 0.5346410111111111
2 0.00047849531249999995 0.4325615805555556 0.00047849531249999995 0.5767487763888889 0.12751953515625 0.5767487763888889 0.12751953515625 0.4325615805555556
2 0.012680176562500001 0.43638955972222226 0.012680176562500001 0.6048206180555555 0.181350484375 0.6048206180555555 0.181350484375 0.43638955972222226
2 0.2792031890625 0.4619094180555555 0.2792031890625 0.5295370402777777 0.326574425 0.5295370402777777 0.326574425 0.4619094180555555
2 0.32442118671875 0.3866258388888889 0.32442118671875 0.6431004055555556 0.4665348921875 0.6431004055555556 0.4665348921875 0.3866258388888889
1 0.17809969296875 0.3942817944444445 0.17809969296875 0.5308130319444444 0.2864793375 0.5308130319444444 0.2864793375 0.3942817944444445
7 0.5964469171875 0.3936438013888889 0.5964469171875 0.42043965 0.6122373289062499 0.42043965 0.6122373289062499 0.3936438013888889
7 0.5734790453125 0.38598784305555556 0.5734790453125 0.4217156430555556 0.5856807265625 0.4217156430555556 0.5856807265625 0.38598784305555556
3 0.70123783125 0.4984878861111111 0.70123783125 0.5508035944444445 0.73856062265625 0.5508035944444445 0.73856062265625 0.4984878861111111