7 0.4045320109375 0.2967004861111111 0.4045320109375 0.31292044583333334 0.43962327421875 0.31292044583333334 0.43962327421875 0.2967004861111111
7 0.6347306609375 0.30917737638888887 0.6347306609375 0.32789271388888885 0.6431525625 0.32789271388888885 0.6431525625 0.30917737638888887
7 0.6635054921875 0.29420510694444446 0.6635054921875 0.3366265375 0.6733310453125 0.3366265375 0.6733310453125 0.29420510694444446
7 0.336454971875 0.23057295555555557 0.336454971875 0.2767374527777778 0.3547024265625 0.2767374527777778 0.3547024265625 0.23057295555555557
6 0.25293778359374997 0.28547128055555554 0.25293778359374997 0.32040657638888886 0.2697815875 0.32040657638888886 0.2697815875 0.28547128055555554
6 0.34978965546874996 0.37405720694444444 0.34978965546874996 0.39277254722222227 0.36172068359375 0.39277254722222227 0.36172068359375 0.37405720694444444
6 0.454361603125 0.30044354166666665 0.454361603125 0.3154158125 0.4606780296875 0.3154158125 0.4606780296875 0.30044354166666665
6 0.596832103125 0.27424207361111114 0.596832103125 0.3004435458333333 0.602446703125 0.3004435458333333 0.602446703125 0.27424207361111114
6 0.6494689890625 0.3977633027777777 0.6494689890625 0.4139832638888889 0.6599963679687499 0.4139832638888889 0.6599963679687499 0.3977633027777777
6 0.3308403765625 0.3303880888888889 0.3308403765625 0.36657107222222224 0.34066592890625 0.36657107222222224 0.34066592890625 0.3303880888888889
6 0.58560290078125 0.27424208055555555 0.58560290078125 0.31042506527777775 0.593322978125 0.31042506527777775 0.593322978125 0.27424208055555555
6 0.5799882992187501 0.27424208055555555 0.5799882992187501 0.30917737916666665 0.5877083765625 0.30917737916666665 0.5877083765625 0.27424208055555555
6 0.61858868359375 0.28422359305555556 0.61858868359375 0.32040657916666665 0.6298178851562499 0.32040657916666665 0.6298178851562499 0.28422359305555556
6 0.655785415625 0.355341875 0.655785415625 0.3940202375 0.66280366640625 0.3940202375 0.66280366640625 0.355341875
4 0.37084440546874997 0.4202217125 0.37084440546874997 0.47262465833333334 0.38207360703125 0.47262465833333334 0.38207360703125 0.4202217125
4 0.28101078984375 0.36307754583333335 0.28101078984375 0.48160801388888885 0.30206554531249996 0.48160801388888885 0.30206554531249996 0.36307754583333335
4 0.329436725 0.3930220833333334 0.329436725 0.43918658194444443 0.34136775390624996 0.43918658194444443 0.34136775390624996 0.3930220833333334
2 0.6375379828125001 0.41672817638888887 0.6375379828125001 0.5514786055555555 0.7000004203125 0.5514786055555555 0.7000004203125 0.41672817638888887
2 0.66837879453125 0.28738441527777775 0.66837879453125 0.7340571347222221 0.999640265625 0.7340571347222221 0.999640265625 0.28738441527777775
2 0.3801626 0.34519400555555557 0.3801626 0.7544360499999999 0.6693145609375 0.7544360499999999 0.6693145609375 0.34519400555555557
7 0.94840390234375 0.2470424611111111 0.94840390234375 0.2682531777777778 0.97647690859375 0.2682531777777778 0.97647690859375 0.2470424611111111
7 0.9048907421875001 0.22707943611111112 0.9048907421875001 0.26201473194444447 0.9189272460937501 0.26201473194444447 0.9189272460937501 0.22707943611111112
6 0.8459374296875 0.22707943611111112 0.8459374296875 0.2670054888888889 0.8585702828124999 0.2670054888888889 0.8585702828124999 0.22707943611111112