6 0.36917001640625 0.4794185291666666 0.36917001640625 0.4981165986111111 0.374428846875 0.4981165986111111 0.374428846875 0.4794185291666666
7 0.45541486484375 0.5085875013888889 0.45541486484375 0.52167615 0.46382899609374995 0.52167615 0.46382899609374995 0.5085875013888889
7 0.4848643234375 0.49549885138888883 0.4848643234375 0.5141969222222222 0.49222668984375 0.5141969222222222 0.49222668984375 0.49549885138888883
7 0.42701716953125 0.5085875013888889 0.42701716953125 0.5235459569444444 0.43332776875 0.5235459569444444 0.43332776875 0.5085875013888889
2 0.43017246875000004 0.5220501041666666 0.43017246875000004 0.5332689486111111 0.44700073203125 0.5332689486111111 0.44700073203125 0.5220501041666666
2 0.45436309843749995 0.527659525 0.45436309843749995 0.5351387555555556 0.47013959375000003 0.5351387555555556 0.47013959375000003 0.527659525
2 0.47224312656249995 0.5150381972222222 0.47224312656249995 0.5328684027777778 0.50720564375 0.5328684027777778 0.50720564375 0.5150381972222222
2 0.34497938906250003 0.5239199083333334 0.34497938906250003 0.5388783694444444 0.35549705390624997 0.5388783694444444 0.35549705390624997 0.5239199083333334
2 0.323944059375 0.5201802972222223 0.323944059375 0.5370085597222223 0.34497938828125 0.5370085597222223 0.34497938828125 0.5201802972222223
2 0.2976499 0.5220501041666666 0.2976499 0.5351387555555556 0.31658169609375003 0.5351387555555556 0.31658169609375003 0.5220501041666666
2 0.23559568046875 0.5257897180555555 0.23559568046875 0.5370085625 0.25978630859375 0.5370085625 0.25978630859375 0.5257897180555555
2 0.1567131984375 0.5183104875000001 0.1567131984375 0.5351387527777778 0.17459322734375 0.5351387527777778 0.17459322734375 0.5183104875000001
9 0.38398619375 0.46409476805555555 0.38398619375 0.5583401375 0.41837301718750003 0.5583401375 0.41837301718750003 0.46409476805555555
7 0.469953253125 0.4972079930555556 0.469953253125 0.5150382 0.48141552734375 0.5150382 0.48141552734375 0.4972079930555556
7 0.59173991796875 0.4648589083333334 0.59173991796875 0.5056136611111111 0.6390218 0.5056136611111111 0.6390218 0.4648589083333334