2 0.04457014453125 0.45672725416666665 0.04457014453125 0.5127903347222222 0.11773246875000001 0.5127903347222222 0.11773246875000001 0.45672725416666665
2 0.14800653515625 0.4597172861111111 0.14800653515625 0.4866275666666667 0.17071208359375 0.4866275666666667 0.17071208359375 0.4597172861111111
2 0.16945066328125 0.4664448541666667 0.16945066328125 0.502325225 0.19341763125 0.502325225 0.19341763125 0.4664448541666667
2 0.262795696875 0.4754149472222222 0.262795696875 0.4933551347222222 0.2716256328125 0.4933551347222222 0.2716256328125 0.4754149472222222
2 0.2665799546875 0.46868737916666664 0.2665799546875 0.49784018333333335 0.2918083421875 0.49784018333333335 0.2918083421875 0.46868737916666664
2 0.37758486015625004 0.46868737916666664 0.37758486015625004 0.4866275666666667 0.385153378125 0.4866275666666667 0.385153378125 0.46868737916666664
2 0.48102124765625 0.4731724236111111 0.48102124765625 0.4933551347222222 0.49111260312500005 0.4933551347222222 0.49111260312500005 0.4731724236111111
2 0.18206485703125 0.44028208055555557 0.18206485703125 0.55240825 0.2716256328125 0.55240825 0.2716256328125 0.44028208055555557
2 0.3006382796875 0.4537372194444444 0.3006382796875 0.5591358152777778 0.36875492578125 0.5591358152777778 0.36875492578125 0.4537372194444444
2 0.3977675703125 0.47167740555555554 0.3977675703125 0.49186011388888884 0.412904603125 0.49186011388888884 0.412904603125 0.47167740555555554
2 0.412904603125 0.44925217500000003 0.412904603125 0.5524082486111112 0.473452734375 0.5524082486111112 0.473452734375 0.44925217500000003
2 0.48102124765625 0.47167740555555554 0.48102124765625 0.5165278708333333 0.51634099140625 0.5165278708333333 0.51634099140625 0.47167740555555554
9 0.463361378125 0.44925216388888894 0.463361378125 0.4985876791666667 0.48354408828124995 0.4985876791666667 0.48354408828124995 0.44925216388888894
9 0.363709246875 0.45822225694444446 0.363709246875 0.48737505972222217 0.38010769921875 0.48737505972222217 0.38010769921875 0.45822225694444446
7 0.40533608671875 0.3954316027777778 0.40533608671875 0.4357970208333334 0.44065583046874995 0.4357970208333334 0.44065583046874995 0.3954316027777778
7 0.43561015156250005 0.3887040333333333 0.43561015156250005 0.4335544972222222 0.4583157 0.4335544972222222 0.4583157 0.3887040333333333
7 0.475975571875 0.3999166472222222 0.475975571875 0.42458440416666665 0.49741970234375 0.42458440416666665 0.49741970234375 0.3999166472222222
7 0.35614073046875 0.4036542013888889 0.35614073046875 0.4328070041666666 0.38010769921875 0.4328070041666666 0.38010769921875 0.4036542013888889
7 0.32712808359375 0.40813924583333333 0.32712808359375 0.435049525 0.3498336328125 0.435049525 0.3498336328125 0.40813924583333333