2 0 0.20499758333333334 0 0.42837905694444445 0.1770396625 0.42837905694444445 0.1770396625 0.20499758333333334
4 0.9282205734375 0.2705551888888889 0.9282205734375 0.4550877125 0.96919407734375 0.4550877125 0.96919407734375 0.2705551888888889
2 0.2480604015625 0.20742564166666666 0.2480604015625 0.3458250347222222 0.330007409375 0.3458250347222222 0.330007409375 0.20742564166666666
2 0.48024359296875 0.2608429513888889 0.48024359296875 0.44780353333333334 0.5867747039062501 0.44780353333333334 0.5867747039062501 0.2608429513888889
1 0.19889219765625 0.2001414638888889 0.19889219765625 0.3142602611111111 0.2617182375 0.3142602611111111 0.2617182375 0.2001414638888889
2 0.61409037421875 0.2851235458333333 0.61409037421875 0.36767756805555557 0.7124267843750001 0.36767756805555557 0.7124267843750001 0.2851235458333333
2 0.7534002890625 0.2875516055555556 0.7534002890625 0.37738980972222225 0.8435419968750001 0.37738980972222225 0.8435419968750001 0.2875516055555556
2 0.7028662999999999 0.2802674277777778 0.7028662999999999 0.3458250347222222 0.7711554742187501 0.3458250347222222 0.7711554742187501 0.2802674277777778
2 0.6905742484374999 0.2632710111111111 0.6905742484374999 0.3069760819444445 0.7547660710937499 0.3069760819444445 0.7547660710937499 0.2632710111111111
2 0.8203236789062499 0.2608429513888889 0.8203236789062499 0.3191163777777778 0.92548900625 0.3191163777777778 0.92548900625 0.2608429513888889
1 0.8175921117187499 0.22685011805555558 0.8175921117187499 0.2924077236111111 0.96646251171875 0.2924077236111111 0.96646251171875 0.22685011805555558
2 0.36688356484375 0.22927817777777776 0.36688356484375 0.25598683194444444 0.38327296718750004 0.25598683194444444 0.38327296718750004 0.22927817777777776
4 0.40649128671875 0.25598683194444444 0.40649128671875 0.289539475 0.41195442109374997 0.289539475 0.41195442109374997 0.25598683194444444
7 0.32454427734375 0.23656235694444444 0.32454427734375 0.2608429513888889 0.34093367890625 0.2608429513888889 0.34093367890625 0.23656235694444444
6 0.24532883593750002 0.08602266666666666 0.24532883593750002 0.1200155 0.2535235359375 0.1200155 0.2535235359375 0.08602266666666666
6 0.35868886484375 0.08116654722222222 0.35868886484375 0.10787520416666667 0.36551778203124996 0.10787520416666667 0.36551778203124996 0.08116654722222222
6 0.35868886484375 0.11273132083333333 0.35868886484375 0.14186803472222223 0.36551778203124996 0.14186803472222223 0.36551778203124996 0.11273132083333333
6 0.47614624296874997 0.16372057083333333 0.47614624296874997 0.18557310555555556 0.48297516015625 0.18557310555555556 0.48297516015625 0.16372057083333333