4 0.01212309296875 0.5570080277777778 0.01212309296875 0.6399214361111111 0.0420197546875 0.6399214361111111 0.0420197546875 0.5570080277777778
4 0.04799908671875 0.5400001486111111 0.04799908671875 0.6186615875 0.07669988203125 0.6186615875 0.07669988203125 0.5400001486111111
2 0.0997694296875 0.5427335597222223 0.0997694296875 0.6043871194444445 0.15956275234375 0.6043871194444445 0.15956275234375 0.5427335597222223
2 0.19065528125 0.5363556069444445 0.19065528125 0.5916312152777777 0.2301188734375 0.5916312152777777 0.2301188734375 0.5363556069444445
2 0.26599486953125 0.5618674250000001 0.26599486953125 0.6766706069444445 0.3509013890625 0.6766706069444445 0.3509013890625 0.5618674250000001
2 0.35329312265625 0.5639934083333333 0.35329312265625 0.6128910597222222 0.38558151796875 0.6128910597222222 0.38558151796875 0.5639934083333333
9 0.37601458515625 0.5129697722222222 0.37601458515625 0.5916312125 0.41428231249999997 0.5916312125 0.41428231249999997 0.5129697722222222
2 0.41308644687499996 0.5427335555555556 0.41308644687499996 0.5703713569444444 0.42504511015624996 0.5703713569444444 0.42504511015624996 0.5427335555555556
2 0.41906577812499995 0.5342296208333334 0.41906577812499995 0.5576154527777778 0.43102444375 0.5576154527777778 0.43102444375 0.5342296208333334
2 0.44776657265625 0.5342296208333334 0.44776657265625 0.5448595430555556 0.4573335046875 0.5448595430555556 0.4573335046875 0.5342296208333334
2 0.45015830546875 0.5427335597222223 0.45015830546875 0.5597414388888889 0.46450870390625 0.5597414388888889 0.46450870390625 0.5427335597222223
2 0.45135417265625 0.5491115152777778 0.45135417265625 0.5810012875 0.47168390390625003 0.5810012875 0.47168390390625003 0.5491115152777778
6 0.49679709921875004 0.39421832916666666 0.49679709921875004 0.43248605416666663 0.5087557632812499 0.43248605416666663 0.5087557632812499 0.39421832916666666
6 0.48603429921875 0.3981665916666666 0.48603429921875 0.4300563625 0.49440536484375003 0.4300563625 0.49440536484375003 0.3981665916666666
6 0.33655099140625 0.43370089444444443 0.33655099140625 0.4677166513888889 0.347313790625 0.4677166513888889 0.347313790625 0.43370089444444443
6 0.3473137890625 0.4300563625 0.3473137890625 0.4640721208333334 0.359272453125 0.4640721208333334 0.359272453125 0.4300563625
6 0.21696434375 0.5150957569444444 0.21696434375 0.5363556069444445 0.22892300781250002 0.5363556069444445 0.22892300781250002 0.5150957569444444
7 0.28752046640625 0.4385603027777778 0.28752046640625 0.4555681819444445 0.2982832625 0.4555681819444445 0.2982832625 0.4385603027777778
7 0.5721366859375 0.4002925777777777 0.5721366859375 0.4236784097222222 0.5864870843750001 0.4236784097222222 0.5864870843750001 0.4002925777777777
7 0.612796146875 0.45131621111111114 0.612796146875 0.5065918180555555 0.64269280859375 0.5065918180555555 0.64269280859375 0.45131621111111114
7 0.65106387421875 0.4555681819444445 0.65106387421875 0.4725760597222223 0.67139360390625 0.4725760597222223 0.67139360390625 0.4555681819444445
7 0.67019773671875 0.47470204583333336 0.67019773671875 0.5087178041666667 0.6857440007812501 0.5087178041666667 0.6857440007812501 0.47470204583333336
6 0.658239071875 0.5129697722222222 0.658239071875 0.5384815902777778 0.67617706875 0.5384815902777778 0.67617706875 0.5129697722222222
6 0.674981203125 0.5150957555555555 0.674981203125 0.5384815847222223 0.68933160078125 0.5384815847222223 0.68933160078125 0.5150957555555555
6 0.55778628984375 0.5345333277777777 0.55778628984375 0.5494152236111111 0.5685490859375 0.5494152236111111 0.5685490859375 0.5345333277777777
2 0.7168365289062499 0.5451632527777778 0.7168365289062499 0.6918562083333333 0.8746909039062499 0.6918562083333333 0.8746909039062499 0.5451632527777778
4 0.66780600234375 0.5639934083333333 0.66780600234375 0.6065131055555556 0.68693986640625 0.6065131055555556 0.68693986640625 0.5639934083333333
2 0.6068168140625 0.5791790083333334 0.6068168140625 0.6302026458333333 0.6809605359375 0.6302026458333333 0.6809605359375 0.5791790083333334
9 0.6988985328124999 0.5703713638888889 0.6988985328124999 0.6171430291666666 0.73477452734375 0.6171430291666666 0.73477452734375 0.5703713638888889
6 0.0076877117187499995 0.4470642444444444 0.0076877117187499995 0.4853319694444444 0.02203811015625 0.4853319694444444 0.02203811015625 0.4470642444444444
6 0.64656513671875 0.4911024986111111 0.64656513671875 0.5229922694444444 0.6573279359375 0.5229922694444444 0.6573279359375 0.4911024986111111