2 0.22841673125 0.582543825 0.22841673125 0.701363988888889 0.39764066015625 0.701363988888889 0.39764066015625 0.582543825
2 0.60398944921875 0.6002404458333334 0.60398944921875 0.6356336847222223 0.6479214296875 0.6356336847222223 0.6479214296875 0.6002404458333334
2 0.70195932421875 0.6027685347222221 0.70195932421875 0.6255213291666667 0.726134171875 0.6255213291666667 0.726134171875 0.6027685347222221
2 0.7261341703124999 0.6027685347222221 0.7261341703124999 0.6229932430555556 0.73608851953125 0.6229932430555556 0.73608851953125 0.6027685347222221
4 0.73893261953125 0.5901280916666667 0.73893261953125 0.6229932444444445 0.7460428679687501 0.6229932444444445 0.7460428679687501 0.5901280916666667
2 0.88682580234375 0.5951842694444445 0.88682580234375 0.6255213319444445 0.91100064921875 0.6255213319444445 0.91100064921875 0.5951842694444445
2 0.8726053031250001 0.5951842694444445 0.8726053031250001 0.6128808888888889 0.88682580078125 0.6128808888888889 0.88682580078125 0.5951842694444445
2 0.8455863562499999 0.5547348527777778 0.8455863562499999 0.5699033861111111 0.8569627546874999 0.5699033861111111 0.8569627546874999 0.5547348527777778
2 0.85411865625 0.5420944097222222 0.85411865625 0.5623191194444445 0.8640730046874999 0.5623191194444445 0.8640730046874999 0.5420944097222222
2 0.88682580234375 0.5623191166666667 0.88682580234375 0.5800157361111111 0.89820220078125 0.5800157361111111 0.89820220078125 0.5623191166666667
9 0.8427422570312499 0.5746870972222222 0.8427422570312499 0.6078247138888889 0.89402831171875 0.6078247138888889 0.89402831171875 0.5746870972222222
2 0.89820219921875 0.5193416152777778 0.89820219921875 0.5420944125 0.91248533046875 0.5420944125 0.91248533046875 0.5193416152777778