2 0.30764272734375 0.5147486166666667 0.30764272734375 0.5681659250000001 0.34042153203125 0.5681659250000001 0.34042153203125 0.5147486166666667
2 0.28715597578124996 0.5171766763888889 0.28715597578124996 0.5754501041666666 0.31993477890625 0.5754501041666666 0.31993477890625 0.5171766763888889
2 0.23798777109375 0.5050363763888889 0.23798777109375 0.5778781625 0.29808224296875 0.5778781625 0.29808224296875 0.5050363763888889
2 0.21886680078124998 0.5074644388888889 0.21886680078124998 0.5851623458333334 0.277595490625 0.5851623458333334 0.277595490625 0.5074644388888889
2 0.1382855765625 0.4807557875 0.1382855765625 0.592446525 0.235256203125 0.592446525 0.235256203125 0.4807557875
2 0.00580458046875 0.4419068263888889 0.00580458046875 0.6240112930555556 0.16150389609375 0.6240112930555556 0.16150389609375 0.4419068263888889
2 0.34178731484374997 0.5220327902777778 0.34178731484374997 0.5633098041666667 0.3895897359375 0.5633098041666667 0.3895897359375 0.5220327902777778
2 0.38549238515625 0.529316975 0.38549238515625 0.5730220444444445 0.42510010468750004 0.5730220444444445 0.42510010468750004 0.529316975
2 0.856687684375 0.54874145 0.856687684375 0.6312954722222222 0.97960819765625 0.6312954722222222 0.97960819765625 0.54874145
2 0.8921980570312501 0.5584536875 0.8921980570312501 0.6240112930555556 0.9987291656249999 0.6240112930555556 0.9987291656249999 0.5584536875
2 0.7706433257812499 0.5608817513888888 0.7706433257812499 0.5997306986111112 0.819811528125 0.5997306986111112 0.819811528125 0.5608817513888888
2 0.44831842578125 0.529316975 0.44831842578125 0.5827342819444444 0.4797314453125 0.5827342819444444 0.4797314453125 0.529316975
2 0 0.4637593652777778 0 0.6482918888888889 0.034486034375 0.6482918888888889 0.034486034375 0.4637593652777778
2 0.40461335546875 0.529316975 0.40461335546875 0.5900184611111111 0.4483184265625 0.5900184611111111 0.4483184265625 0.529316975
2 0.4688051765625 0.5171766763888889 0.4688051765625 0.5948745805555556 0.51251025 0.5948745805555556 0.51251025 0.5171766763888889
0 0.6845989664062501 0.5584536875 0.6845989664062501 0.5924465194444444 0.70645150234375 0.5924465194444444 0.70645150234375 0.5584536875
0 0.7009883671875 0.5596677166666667 0.7009883671875 0.5912324902777778 0.7296698203124999 0.5912324902777778 0.7296698203124999 0.5596677166666667
2 0.7009883671875 0.5450993583333333 0.7009883671875 0.6009447277777777 0.778838025 0.6009447277777777 0.778838025 0.5450993583333333
0 0.756985490625 0.5657378666666666 0.756985490625 0.6142990555555555 0.7774722453125 0.6142990555555555 0.7774722453125 0.5657378666666666
5 0.7583512742187499 0.5402432416666667 0.7583512742187499 0.6033727888888889 0.776106459375 0.6033727888888889 0.776106459375 0.5402432416666667
7 0.79113007734375 0.4989662305555556 0.79113007734375 0.5111065263888889 0.8075194796874999 0.5111065263888889 0.8075194796874999 0.4989662305555556
7 0.7979589953125 0.5050363763888889 0.7979589953125 0.5341730888888889 0.8075194796874999 0.5341730888888889 0.8075194796874999 0.5050363763888889
7 0.80478791484375 0.49046802222222224 0.80478791484375 0.5098925 0.8239088828125001 0.5098925 0.8239088828125001 0.49046802222222224
7 0.80478791484375 0.5074644388888889 0.80478791484375 0.529316975 0.8225431000000001 0.529316975 0.8225431000000001 0.5074644388888889
7 0.5944572570312501 0.4783277236111111 0.5944572570312501 0.49289608055555556 0.6122124421875 0.49289608055555556 0.6122124421875 0.4783277236111111
7 0.4756340953125 0.4831838430555555 0.4756340953125 0.5147486166666667 0.48519457734375004 0.5147486166666667 0.48519457734375004 0.4831838430555555
7 0.41280805468750004 0.4054859375 0.41280805468750004 0.4564751861111111 0.42510010468750004 0.4564751861111111 0.42510010468750004 0.4054859375
7 0.3240321296875 0.4491910111111111 0.3240321296875 0.47347160555555556 0.35817671406249996 0.47347160555555556 0.35817671406249996 0.4491910111111111
7 0.49748663046874997 0.4710435444444444 0.49748663046874997 0.4953241388888889 0.50431554765625 0.4953241388888889 0.50431554765625 0.4710435444444444
6 0.48519457890625006 0.30593549861111113 0.48519457890625006 0.3544966888888889 0.49885241406249997 0.3544966888888889 0.49885241406249997 0.30593549861111113
6 0.6559175125000001 0.2379498277777778 0.6559175125000001 0.3423563875 0.6791358328125 0.3423563875 0.6791358328125 0.2379498277777778
6 0.28715597578124996 0.3666369819444445 0.28715597578124996 0.4176262319444444 0.3008138109375 0.4176262319444444 0.3008138109375 0.3666369819444445
6 0.23389042031249999 0.3520686333333333 0.23389042031249999 0.3909175805555556 0.2461824703125 0.3909175805555556 0.2461824703125 0.3520686333333333
6 0.14101714140625 0.4030578791666667 0.14101714140625 0.4346226527777778 0.15057762578125 0.4346226527777778 0.15057762578125 0.4030578791666667
6 0.64908859609375 0.37392116666666664 0.64908859609375 0.4346226527777778 0.68050161640625 0.4346226527777778 0.68050161640625 0.37392116666666664
6 0.9195137265625 0.3982017597222222 0.9195137265625 0.4564751861111111 0.9345373421875 0.4564751861111111 0.9345373421875 0.3982017597222222
6 0.6750384828125 0.34235639027777776 0.6750384828125 0.4030578791666667 0.6900621015625 0.4030578791666667 0.6900621015625 0.34235639027777776
6 0.69415945078125 0.4491910111111111 0.69415945078125 0.4807557875 0.71328041953125 0.4807557875 0.71328041953125 0.4491910111111111
6 0.8102510453124999 0.4297665333333333 0.8102510453124999 0.4686154861111111 0.8211773140625 0.4686154861111111 0.8211773140625 0.4297665333333333
7 0.127359309375 0.2500901291666667 0.127359309375 0.28165490694444445 0.1560407625 0.28165490694444445 0.1560407625 0.2500901291666667