6 0.197364015625 0.34183382083333336 0.197364015625 0.37719594305555554 0.20906471796875 0.37719594305555554 0.20906471796875 0.34183382083333336
6 0.18917352734374998 0.3834363152777778 0.18917352734374998 0.4083978111111111 0.19970415859375 0.4083978111111111 0.19970415859375 0.3834363152777778
6 0.3225615234375 0.24198783472222224 0.3225615234375 0.27526982916666665 0.33192208515625 0.27526982916666665 0.33192208515625 0.24198783472222224
6 0.5203033828125 0.2794300791666667 0.5203033828125 0.3147922 0.5308340140625 0.3147922 0.5308340140625 0.2794300791666667
6 0.47935092656249995 0.3709555666666667 0.47935092656249995 0.38759656388888886 0.48637134765625 0.38759656388888886 0.48637134765625 0.3709555666666667
6 0.41148685625 0.36471519305555555 0.41148685625 0.3855164402777778 0.41850727734375 0.3855164402777778 0.41850727734375 0.36471519305555555
6 0.6770927859375 0.3792760680555556 0.6770927859375 0.3959170680555556 0.69230369765625 0.3959170680555556 0.69230369765625 0.3792760680555556
6 0.32958194609375 0.24198783472222224 0.32958194609375 0.27526982916666665 0.33660236640624996 0.27526982916666665 0.33660236640624996 0.24198783472222224
6 0.86430401328125 0.34599406805555555 0.86430401328125 0.3730356916666666 0.8841952046875001 0.3730356916666666 0.8841952046875001 0.34599406805555555
7 0.20204429765624998 0.38759656666666664 0.20204429765624998 0.4083978138888889 0.218425278125 0.4083978138888889 0.218425278125 0.38759656666666664
7 0.044084825 0.24822820555555555 0.044084825 0.27110957916666667 0.0651460890625 0.27110957916666667 0.0651460890625 0.24822820555555555
7 0.03940454453125 0.2669493305555556 0.03940454453125 0.2898307013888889 0.05110524609375 0.2898307013888889 0.05110524609375 0.2669493305555556
7 0.02302356171875 0.28359033055555555 0.02302356171875 0.30231145277777777 0.0475950359375 0.30231145277777777 0.0475950359375 0.28359033055555555
7 0.67592271640625 0.34391394861111113 0.67592271640625 0.36263507083333335 0.68996355703125 0.36263507083333335 0.68996355703125 0.34391394861111113
7 0.6665621546875 0.3251928236111111 0.6665621546875 0.3376735722222222 0.687623415625 0.3376735722222222 0.687623415625 0.3251928236111111
6 0.0557855265625 0.18582446388888887 0.0557855265625 0.23990770694444447 0.07450664921875 0.23990770694444447 0.07450664921875 0.18582446388888887
4 0.1540714203125 0.43335931111111115 0.1540714203125 0.5352854236111111 0.1739626140625 0.5352854236111111 0.1739626140625 0.43335931111111115
4 0.18449324375 0.43543943472222224 0.18449324375 0.4916028027777778 0.19970415703125 0.4916028027777778 0.19970415703125 0.43543943472222224
4 0.12130945703125 0.4416798083333333 0.12130945703125 0.5394456722222223 0.1458809296875 0.5394456722222223 0.1458809296875 0.4416798083333333
4 0.09907812421875 0.43543943472222224 0.09907812421875 0.5456860444444445 0.1330101578125 0.5456860444444445 0.1330101578125 0.43543943472222224
4 0.07684679062500001 0.44584005833333334 0.07684679062500001 0.5540065430555555 0.10258833437499999 0.5540065430555555 0.10258833437499999 0.44584005833333334
4 0.7402765757812501 0.4146381875 0.7402765757812501 0.4832823041666667 0.7554874875 0.4832823041666667 0.7554874875 0.4146381875
4 0.7133649609375 0.4187984347222222 0.7133649609375 0.48952267638888886 0.7297459421875 0.48952267638888886 0.7297459421875 0.4187984347222222
4 0.63380018828125 0.4250388125 0.63380018828125 0.4916028027777778 0.6525213101562499 0.4916028027777778 0.6525213101562499 0.4250388125
4 0.6478410296875 0.4208785611111111 0.6478410296875 0.4916028027777778 0.66422201171875 0.4916028027777778 0.66422201171875 0.4208785611111111
4 0.61975934921875 0.4208785611111111 0.61975934921875 0.4749618055555556 0.63380018984375 0.4749618055555556 0.63380018984375 0.4208785611111111
4 0.60103822421875 0.4250388125 0.60103822421875 0.4708015555555556 0.6139089960937499 0.4708015555555556 0.6139089960937499 0.4250388125
4 0.3167111734375 0.4250388125 0.3167111734375 0.4916028027777778 0.3354322953125 0.4916028027777778 0.3354322953125 0.4250388125
4 0.21725520937499998 0.4208785611111111 0.21725520937499998 0.4936829291666667 0.23831647265624997 0.4936829291666667 0.23831647265624997 0.4208785611111111
4 0.24767703359375 0.43335931111111115 0.24767703359375 0.48744255555555555 0.26522808828125 0.48744255555555555 0.26522808828125 0.43335931111111115
4 0.06046580703125 0.43335931111111115 0.06046580703125 0.5415257958333334 0.0862073515625 0.5415257958333334 0.0862073515625 0.43335931111111115
4 0.02068342109375 0.4416798083333333 0.02068342109375 0.5415257958333334 0.047595034375 0.5415257958333334 0.047595034375 0.4416798083333333
4 0.8947258359375001 0.41047793749999995 0.8947258359375001 0.4832823041666667 0.9134469578125 0.4832823041666667 0.9134469578125 0.41047793749999995
4 0.7484670648437499 0.4208785611111111 0.7484670648437499 0.47704193055555555 0.77069839765625 0.47704193055555555 0.77069839765625 0.4208785611111111
4 0.68996355703125 0.4250388125 0.68996355703125 0.4812021819444445 0.7051744703125 0.4812021819444445 0.7051744703125 0.4250388125
4 0.5682762593749999 0.42295868611111115 0.5682762593749999 0.45416056111111114 0.577636821875 0.45416056111111114 0.577636821875 0.42295868611111115
2 0.3108608234375 0.41047793749999995 0.3108608234375 0.4812021777777778 0.36702419140625003 0.4812021777777778 0.36702419140625003 0.41047793749999995
4 0.33426222656250004 0.4250388125 0.33426222656250004 0.4832823041666667 0.34713299921875 0.4832823041666667 0.34713299921875 0.4250388125
9 0.78356916953125 0.4083978138888889 0.78356916953125 0.4936829291666667 0.9216374500000001 0.4936829291666667 0.9216374500000001 0.4083978138888889
2 0.37638475234375 0.4167183138888889 0.37638475234375 0.48744255416666665 0.4103167890625 0.48744255416666665 0.4103167890625 0.4167183138888889
2 0.42084741875000004 0.4271189361111111 0.42084741875000004 0.44375993055555557 0.4325481203125 0.44375993055555557 0.4325481203125 0.4271189361111111
2 0.49807204921875003 0.4250388125 0.49807204921875003 0.45624068333333334 0.5261537320312499 0.45624068333333334 0.5261537320312499 0.4250388125
2 0.43605833046875003 0.4291990625 0.43605833046875003 0.48744255416666665 0.47818085625 0.48744255416666665 0.47818085625 0.4291990625
2 0.939188503125 0.4271189361111111 0.939188503125 0.4853624263888889 0.9918416609375 0.4853624263888889 0.9918416609375 0.4271189361111111
5 0.9696103265625 0.4187984347222222 0.9696103265625 0.5228046708333333 0.99652194140625 0.5228046708333333 0.99652194140625 0.4187984347222222
3 0.95790962578125 0.44584005833333334 0.95790962578125 0.5394456722222223 0.9988620812500001 0.5394456722222223 0.9988620812500001 0.44584005833333334
6 0.016003140625000002 0.34391394861111113 0.016003140625000002 0.3813561902777778 0.04174468515625 0.3813561902777778 0.04174468515625 0.34391394861111113
7 0.58382648671875 0.3299009291666667 0.58382648671875 0.36103764861111115 0.59508574609375 0.36103764861111115 0.59508574609375 0.3299009291666667