6 0.058898920312500005 0.15238926944444445 0.058898920312500005 0.19352502361111112 0.0662612859375 0.19352502361111112 0.0662612859375 0.15238926944444445
6 0.15671319765625 0.3711566875 0.15671319765625 0.3898547597222222 0.1693343953125 0.3898547597222222 0.1693343953125 0.3711566875
6 0.30501226406250004 0.49175923749999995 0.30501226406250004 0.5048478861111111 0.3155299296875 0.5048478861111111 0.3155299296875 0.49175923749999995
6 0.38915357890625 0.34591429027777776 0.38915357890625 0.39078965972222224 0.3975677109375 0.39078965972222224 0.3975677109375 0.34591429027777776
6 0.378635915625 0.3477840986111111 0.378635915625 0.39078965972222224 0.387050046875 0.39078965972222224 0.387050046875 0.3477840986111111
7 0.39756771015625 0.3449793888888889 0.39756771015625 0.3561982305555555 0.41649950625 0.3561982305555555 0.41649950625 0.3449793888888889
7 0.42806893671874996 0.3543284236111111 0.42806893671874996 0.3767661069444444 0.49853728750000004 0.3767661069444444 0.49853728750000004 0.3543284236111111
7 0.5479703085937501 0.4216414763888889 0.5479703085937501 0.4365999319444444 0.5753162359374999 0.4365999319444444 0.5753162359374999 0.4216414763888889
7 0.28292516953125 0.49269414027777775 0.28292516953125 0.5039129819444444 0.30290873125 0.5039129819444444 0.30290873125 0.49269414027777775
2 0.3533935203125 0.5431789291666667 0.3533935203125 0.5600071916666667 0.36811825078125 0.5600071916666667 0.36811825078125 0.5431789291666667
2 0.30711579765625 0.5431789291666667 0.30711579765625 0.5693562277777778 0.32499582656250003 0.5693562277777778 0.32499582656250003 0.5431789291666667
2 0.18721442421875 0.5506581569444445 0.18721442421875 0.6104919805555556 0.22928508203125003 0.6104919805555556 0.22928508203125003 0.5506581569444445
2 0.3902053453125 0.5394393152777778 0.3902053453125 0.5600071916666667 0.40072300937499994 0.5600071916666667 0.40072300937499994 0.5394393152777778
2 0.42806893671874996 0.5338298944444445 0.42806893671874996 0.5600071930555556 0.43963836718750005 0.5600071930555556 0.43963836718750005 0.5338298944444445
2 0.9202486999999999 0.492986725 0.9202486999999999 0.5680774180555556 0.98911584375 0.5680774180555556 0.98911584375 0.492986725
4 0.58215271875 0.5076525958333333 0.58215271875 0.5730958402777778 0.59582568203125 0.5730958402777778 0.59582568203125 0.5076525958333333
2 0.2524239421875 0.5338298944444445 0.2524239421875 0.6067523666666667 0.30816756328125 0.6067523666666667 0.30816756328125 0.5338298944444445
2 0.32078876093750003 0.5394393152777778 0.32078876093750003 0.5787052625 0.3533935203125 0.5787052625 0.3533935203125 0.5394393152777778
2 0.36496295078125 0.5394393152777778 0.36496295078125 0.5749656472222222 0.39230887812500004 0.5749656472222222 0.39230887812500004 0.5394393152777778
2 0.3986194765625 0.5394393152777778 0.3986194765625 0.5805750694444445 0.43017246953125 0.5805750694444445 0.43017246953125 0.5394393152777778
2 0.43806071796875 0.5300902805555556 0.43806071796875 0.5712260333333333 0.46961371171875 0.5712260333333333 0.46961371171875 0.5300902805555556
2 0.00105176640625 0.5263506666666667 0.00105176640625 0.8535668875000001 0.23875097968749998 0.8535668875000001 0.23875097968749998 0.5263506666666667