2 0 0.48649878750000003 0 0.6195582819444444 0.088099940625 0.6195582819444444 0.088099940625 0.48649878750000003
2 0.72039243203125 0.46848031111111105 0.72039243203125 0.8177614902777778 0.99950551796875 0.8177614902777778 0.99950551796875 0.46848031111111105
2 0.46497874609374995 0.4975870763888889 0.46497874609374995 0.8704308736111112 0.82486492734375 0.8704308736111112 0.82486492734375 0.4975870763888889
2 0.2548059 0.49065689444444444 0.2548059 0.7151947972222222 0.41866962734374996 0.7151947972222222 0.41866962734374996 0.49065689444444444
2 0.2354529375 0.5086753666666667 0.2354529375 0.5558006055555555 0.2666387578125 0.5558006055555555 0.2666387578125 0.5086753666666667
2 0.080303484375 0.51560555 0.080303484375 0.5932235888888889 0.152810515625 0.5932235888888889 0.152810515625 0.51560555
2 0.1403361890625 0.5017451861111111 0.1403361890625 0.5752051194444445 0.200368890625 0.5752051194444445 0.200368890625 0.5017451861111111
2 0.39450061796874997 0.5003591513888889 0.39450061796874997 0.630646575 0.44205899296875 0.630646575 0.44205899296875 0.5003591513888889
2 0.49351559453125005 0.46848031111111105 0.49351559453125005 0.5890654791666666 0.6096827734375 0.5890654791666666 0.6096827734375 0.46848031111111105
2 0.4740244578125 0.4975870763888889 0.4740244578125 0.5959956638888889 0.5067695671875 0.5959956638888889 0.5067695671875 0.4975870763888889
2 0.45297402968749995 0.4962010402777778 0.45297402968749995 0.5890654805555555 0.49429524062499997 0.5890654805555555 0.49429524062499997 0.4962010402777778
2 0.44517757343750003 0.5253078055555556 0.44517757343750003 0.5696609708333333 0.4631094203125 0.5696609708333333 0.4631094203125 0.5253078055555556
2 0.26585911015625 0.5003591513888889 0.26585911015625 0.5516424972222223 0.28145202109375 0.5516424972222223 0.28145202109375 0.5003591513888889
7 0.19725030859374998 0.4476897638888889 0.19725030859374998 0.45877805694444446 0.21128392734374998 0.45877805694444446 0.21128392734374998 0.4476897638888889
7 0.1941317265625 0.43798751111111106 0.1941317265625 0.45046184027777775 0.20660605390625003 0.45046184027777775 0.20660605390625003 0.43798751111111106
7 0.19647066328125 0.3853181236111111 0.19647066328125 0.4061086694444444 0.21362286406250003 0.4061086694444444 0.21362286406250003 0.3853181236111111
7 0.48883772187499996 0.39502038194444444 0.48883772187499996 0.4158109277777778 0.51066779453125 0.4158109277777778 0.51066779453125 0.39502038194444444
7 0.48182091171875 0.418583 0.48182091171875 0.4282852555555556 0.49897311328124994 0.4282852555555556 0.49897311328124994 0.418583
7 0.45219438359374997 0.46848031111111105 0.45219438359374997 0.47679652916666665 0.46388906640625 0.47679652916666665 0.46388906640625 0.46848031111111105
7 0.46778729296875 0.44630373055555556 0.46778729296875 0.4629361694444444 0.48182091171875 0.4629361694444444 0.48182091171875 0.44630373055555556
6 0.26429982109375 0.36868568888888886 0.26429982109375 0.4019505652777778 0.27677414843750003 0.4019505652777778 0.27677414843750003 0.36868568888888886
6 0.3789077078125 0.39640641805555554 0.3789077078125 0.4255131847222222 0.38748380703124996 0.4255131847222222 0.38748380703124996 0.39640641805555554
6 0.32667145859375 0.45877805694444446 0.32667145859375 0.47263841805555556 0.33602720546875 0.47263841805555556 0.33602720546875 0.45877805694444446
6 0.37968735390625 0.46293616666666665 0.37968735390625 0.4781825666666667 0.38748380937500004 0.4781825666666667 0.38748380937500004 0.46293616666666665
6 0.35941657031249996 0.4712523861111111 0.35941657031249996 0.48649878750000003 0.36877231718750003 0.48649878750000003 0.36877231718750003 0.4712523861111111
6 0.27677414921875 0.3756158708333333 0.27677414921875 0.40472263750000004 0.283790959375 0.40472263750000004 0.283790959375 0.3756158708333333
6 0.38514487109375 0.3977924527777778 0.38514487109375 0.4268992208333333 0.39294132578125 0.4268992208333333 0.39294132578125 0.3977924527777778
6 0.11694682421875 0.4476897638888889 0.11694682421875 0.4698663458333333 0.1294211515625 0.4698663458333333 0.1294211515625 0.4476897638888889
6 0.19179279062500001 0.46848031111111105 0.19179279062500001 0.48649878472222224 0.20426711874999998 0.48649878472222224 0.20426711874999998 0.46848031111111105
7 0.12084505078125 0.40472263333333336 0.12084505078125 0.4449176902777778 0.14891228750000002 0.4449176902777778 0.14891228750000002 0.40472263333333336