6 0.4931942078125 0.14352635277777775 0.4931942078125 0.2003684736111111 0.5075823703125 0.2003684736111111 0.5075823703125 0.14352635277777775
6 0.47640801875000005 0.15489477638888888 0.47640801875000005 0.20463163055555558 0.49399355 0.20463163055555558 0.49399355 0.15489477638888888
7 0.5683323851562501 0.32115797916666666 0.5683323851562501 0.3538421972222222 0.5835198890625 0.3538421972222222 0.5835198890625 0.32115797916666666
6 0.800359665625 0.25503460555555557 0.800359665625 0.29908724999999997 0.8219419078125 0.29908724999999997 0.8219419078125 0.25503460555555557
7 0.64928396796875 0.25077144583333333 0.64928396796875 0.29056093055555554 0.67166555234375 0.29056093055555554 0.67166555234375 0.25077144583333333
7 0.6269023835937501 0.2280345986111111 0.6269023835937501 0.2521924986111111 0.650882653125 0.2521924986111111 0.650882653125 0.2280345986111111
2 0.4617200921875 0.3771880597222222 0.4617200921875 0.39566174861111114 0.46971351484375 0.39566174861111114 0.46971351484375 0.3771880597222222
2 0.45052929921875 0.3771880597222222 0.45052929921875 0.3999249083333334 0.46331877656250003 0.3999249083333334 0.46331877656250003 0.3771880597222222
2 0.434542453125 0.3786091152777778 0.434542453125 0.3913985916666667 0.448930615625 0.3913985916666667 0.448930615625 0.3786091152777778
2 0.4129602109375 0.384293325 0.4129602109375 0.4013459611111111 0.41855560703125 0.4013459611111111 0.41855560703125 0.384293325
2 0.39937139140625 0.3857143791666667 0.39937139140625 0.4027670152777778 0.4129602109375 0.4027670152777778 0.4129602109375 0.3857143791666667
2 0.38018717578125 0.3857143791666667 0.38018717578125 0.40560912083333334 0.3937759953125 0.40560912083333334 0.3937759953125 0.3857143791666667
9 0.4928944421875 0.36297753194444443 0.4928944421875 0.39566175138888887 0.5064832609375001 0.39566175138888887 0.5064832609375001 0.36297753194444443
2 0.50248655 0.38003016666666667 0.50248655 0.39850385555555556 0.5152760265625 0.39850385555555556 0.5152760265625 0.38003016666666667
2 0.4337431109375 0.38713543194444444 0.4337431109375 0.4112933319444444 0.455325353125 0.4112933319444444 0.455325353125 0.38713543194444444
2 0.2682792515625 0.3885564847222222 0.2682792515625 0.4340301805555556 0.31943716015625 0.4340301805555556 0.31943716015625 0.3885564847222222
2 0.1403844828125 0.41697754444444446 0.1403844828125 0.45960913611111115 0.17555554453125 0.45960913611111115 0.17555554453125 0.41697754444444446
2 0.05485485390625 0.4127143875 0.05485485390625 0.4908723027777778 0.145979878125 0.4908723027777778 0.145979878125 0.4127143875
2 0.13403138359375 0.39647378611111106 0.13403138359375 0.6025264736111111 0.33226827812500004 0.6025264736111111 0.33226827812500004 0.39647378611111106
2 0.51851503671875 0.3780000986111111 0.51851503671875 0.4092632652777778 0.5337025414062501 0.4092632652777778 0.5337025414062501 0.3780000986111111
2 0.5233110898437501 0.38510536388888894 0.5233110898437501 0.41494747777777774 0.5384985945312499 0.41494747777777774 0.5384985945312499 0.38510536388888894
2 0.535301225 0.3751579930555556 0.535301225 0.4248948472222222 0.55608412578125 0.4248948472222222 0.55608412578125 0.3751579930555556
2 0.54249530546875 0.38652641666666665 0.54249530546875 0.4320001125 0.56247886328125 0.4320001125 0.56247886328125 0.38652641666666665
2 0.551288071875 0.38652641666666665 0.551288071875 0.43910537777777775 0.578465709375 0.43910537777777775 0.578465709375 0.38652641666666665
2 0.5608801789062501 0.3893685222222222 0.5608801789062501 0.4518948541666667 0.608041375 0.4518948541666667 0.608041375 0.3893685222222222
2 0.5912551875000001 0.4035790527777777 0.5912551875000001 0.4803159166666666 0.64241309609375 0.4803159166666666 0.64241309609375 0.4035790527777777
2 0.61763348359375 0.4007369486111111 0.61763348359375 0.5172632930555555 0.7311400921875 0.5172632930555555 0.7311400921875 0.4007369486111111