2 0.5406489062500001 0.45346142361111114 0.5406489062500001 0.538461425 0.60555273515625 0.538461425 0.60555273515625 0.45346142361111114
2 0.461855659375 0.43938452777777776 0.461855659375 0.5270768138888889 0.50728833984375 0.5270768138888889 0.50728833984375 0.43938452777777776
2 0.43433643984375003 0.4624614458333333 0.43433643984375003 0.5155383555555555 0.45250951015625 0.5155383555555555 0.45250951015625 0.4624614458333333
2 0.4634133484375 0.44630760694444443 0.4634133484375 0.5639998819444445 0.55687486328125 0.5639998819444445 0.55687486328125 0.44630760694444443
2 0.30115377265625 0.4278460694444445 0.30115377265625 0.6263075597222222 0.45367777265625 0.6263075597222222 0.45367777265625 0.4278460694444445
2 0.60706715390625 0 0.60706715390625 0.8461536375 0.9977882125 0.8461536375 0.9977882125 0
7 0.175240340625 0.24634609166666668 0.175240340625 0.3386537625 0.23105763281249997 0.3386537625 0.23105763281249997 0.24634609166666668
7 0.18692303046875 0.34326914583333334 0.18692303046875 0.3732691361111111 0.2219710984375 0.3732691361111111 0.2219710984375 0.34326914583333334
7 0.20769225625 0.419422975 0.20769225625 0.44769219861111115 0.2167787953125 0.44769219861111115 0.2167787953125 0.419422975
7 0.5420767976562499 0.4315383569444445 0.5420767976562499 0.4453845069444445 0.5641441 0.4453845069444445 0.5641441 0.4315383569444445
6 0.38786529375 0.38399992638888886 0.38786529375 0.4232306861111111 0.394355675 0.4232306861111111 0.394355675 0.38399992638888886
6 0.5553171742187499 0.3655383944444444 0.5553171742187499 0.3932306944444445 0.56180755703125 0.3932306944444445 0.56180755703125 0.3655383944444444
6 0.31153838359375 0.3770768347222222 0.31153838359375 0.40476913333333336 0.31802876640625 0.40476913333333336 0.31802876640625 0.3770768347222222
6 0.2998556953125 0.3770768347222222 0.2998556953125 0.40476913333333336 0.306346078125 0.40476913333333336 0.306346078125 0.3770768347222222
6 0.5893267773437499 0.42173066666666664 0.5893267773437499 0.4401922 0.60100946640625 0.4401922 0.60100946640625 0.42173066666666664