6 0.23880415312499997 0.2817185486111111 0.23880415312499997 0.3192185236111111 0.2480326640625 0.3192185236111111 0.2480326640625 0.2817185486111111
6 0.34427283046875 0.2512498208333333 0.34427283046875 0.29109354305555557 0.3548196984375 0.29109354305555557 0.3548196984375 0.2512498208333333
6 0.35350133984375 0.25593731805555553 0.35350133984375 0.29343729305555555 0.36272984921874996 0.29343729305555555 0.36272984921874996 0.25593731805555553
6 0.04896053359375 0.18796861388888889 0.04896053359375 0.2395310777777778 0.06741755234374999 0.2395310777777778 0.06741755234374999 0.18796861388888889
6 0.034458590625 0.18328111666666666 0.034458590625 0.23718733194444444 0.04500545859375 0.23718733194444444 0.04500545859375 0.18328111666666666
7 0.12410696640625 0.21374984583333334 0.12410696640625 0.2418748263888889 0.1662944375 0.2418748263888889 0.1662944375 0.21374984583333334
7 0.23221236015625002 0.3239060208333333 0.23221236015625002 0.33796851250000004 0.25594281328125 0.33796851250000004 0.25594281328125 0.3239060208333333
2 0.23880415312499997 0.42937469722222227 0.23880415312499997 0.4645309236111111 0.27308147421875 0.4645309236111111 0.27308147421875 0.42937469722222227
2 0.27835490625000003 0.43171844722222225 0.27835490625000003 0.45281218055555555 0.30208535937500003 0.45281218055555555 0.30208535937500003 0.43171844722222225
2 0.31131386875 0.4246872013888889 0.31131386875 0.49265590416666666 0.34954626484375 0.49265590416666666 0.34954626484375 0.4246872013888889
2 0.20320847421875002 0.42703095 0.20320847421875002 0.4973434027777778 0.242759228125 0.4973434027777778 0.242759228125 0.42703095
2 0.1662944375 0.42703095 0.1662944375 0.5043746472222222 0.20584519218750003 0.5043746472222222 0.20584519218750003 0.42703095
2 0.09510307968750001 0.4082809625 0.09510307968750001 0.5207808847222223 0.17552294609375002 0.5207808847222223 0.17552294609375002 0.4082809625
9 0.03314023203125 0.37781223333333336 0.03314023203125 0.45515593055555553 0.1821147390625 0.45515593055555553 0.1821147390625 0.37781223333333336
4 0.48270046953124995 0.42937469722222227 0.48270046953124995 0.4996871486111111 0.49456569609375 0.4996871486111111 0.49456569609375 0.42937469722222227
4 0.45105986640625 0.42703095 0.45105986640625 0.47156216944444446 0.46292509296875 0.47156216944444446 0.46292509296875 0.42703095
2 0.35613805703125 0.42703095 0.35613805703125 0.45281218194444445 0.3983255265625 0.45281218194444445 0.3983255265625 0.42703095
2 0.39568881093749997 0.42937469722222227 0.39568881093749997 0.4645309236111111 0.41941926328125 0.4645309236111111 0.41941926328125 0.42937469722222227
2 0.3469095484375 0.4364059430555556 0.3469095484375 0.5207808847222223 0.40755403828125003 0.5207808847222223 0.40755403828125003 0.4364059430555556
2 0 0.42703095 0 0.4973434027777778 0.07796441953125 0.4973434027777778 0.07796441953125 0.42703095
9 0.48138211093749994 0.0004687430555555555 0.48138211093749994 0.6332808097222222 0.8610693492187499 0.6332808097222222 0.8610693492187499 0.0004687430555555555