7 0.12293222265624999 0.15523607916666665 0.12293222265624999 0.24671448333333335 0.23598081875000002 0.24671448333333335 0.23598081875000002 0.15523607916666665
7 0.73781263515625 0.1335215111111111 0.73781263515625 0.25965082500000003 0.7845913648437499 0.25965082500000003 0.7845913648437499 0.1335215111111111
7 0.7604223554687499 0.29845984583333335 0.7604223554687499 0.4121148333333334 0.79628604765625 0.4121148333333334 0.79628604765625 0.29845984583333335
7 0.5647313375 0.5202256722222222 0.5647313375 0.5451743263888889 0.5733074375 0.5451743263888889 0.5733074375 0.5202256722222222
7 0.5179526078125 0.5784392041666666 0.5179526078125 0.5895274944444444 0.52652870859375 0.5895274944444444 0.52652870859375 0.5784392041666666
7 0.34331201875 0.42043105 0.34331201875 0.45924006944444445 0.37293854609375 0.45924006944444445 0.37293854609375 0.42043105
7 0.316804071875 0.5119094541666667 0.316804071875 0.5354720736111112 0.32615981796875004 0.5354720736111112 0.32615981796875004 0.5119094541666667
2 0 0.5936856055555556 0 0.6782338291666666 0.05276412968750001 0.6782338291666666 0.05276412968750001 0.5936856055555556
2 0.091746403125 0.5728950597222222 0.091746403125 0.6671455361111112 0.21103216328125002 0.6671455361111112 0.21103216328125002 0.5728950597222222
2 0.21960826406249997 0.5867554222222222 0.21960826406249997 0.7198149208333333 0.34669047890625004 0.7198149208333333 0.34669047890625004 0.5867554222222222
2 0.46909481953125 0.5867554222222222 0.46909481953125 0.6823919361111112 0.5338053953124999 0.6823919361111112 0.5338053953124999 0.5867554222222222
2 0.520551421875 0.5881414611111111 0.520551421875 0.6394248097222222 0.55173724140625 0.6394248097222222 0.55173724140625 0.5881414611111111
6 0.46342128593750004 0.5793632263888889 0.46342128593750004 0.5904515180555555 0.46731951328125004 0.5904515180555555 0.46731951328125004 0.5793632263888889
2 0.34869644609375 0.5661958805555555 0.34869644609375 0.7602409791666667 0.47811759765625006 0.7602409791666667 0.47811759765625006 0.5661958805555555