7 0.47227224765625 0.3206158902777778 0.47227224765625 0.3334120902777778 0.49146654609375 0.3334120902777778 0.49146654609375 0.3206158902777778
2 0.41229006015624997 0.38033149027777774 0.41229006015624997 0.3952603902777778 0.42188721015624997 0.3952603902777778 0.42188721015624997 0.38033149027777774
2 0.39669469140625 0.3781987902777778 0.39669469140625 0.3931276902777778 0.40749148515625 0.3931276902777778 0.40749148515625 0.3781987902777778
2 0.38589789765625004 0.3781987902777778 0.38589789765625004 0.39739309027777775 0.39789433515625 0.39739309027777775 0.39789433515625 0.3781987902777778
2 0.36910288515625 0.39739309027777775 0.36910288515625 0.41445469027777776 0.38229896796874996 0.41445469027777776 0.38229896796874996 0.39739309027777775
2 0.346309653125 0.38459689027777777 0.346309653125 0.4251181902777778 0.36910288593749996 0.4251181902777778 0.36910288593749996 0.38459689027777777
2 0.325915709375 0.38886229027777774 0.325915709375 0.45284329027777775 0.361905021875 0.45284329027777775 0.361905021875 0.38886229027777774
2 0.295924615625 0.39739309027777775 0.295924615625 0.45071059027777777 0.3367125015625 0.45071059027777777 0.3367125015625 0.39739309027777775
2 0.237142071875 0.38886229027777774 0.237142071875 0.46990489305555555 0.3043221203125 0.46990489305555555 0.3043221203125 0.38886229027777774
2 0.04399942734375 0.4016584902777778 0.04399942734375 0.5594782875 0.169962021875 0.5594782875 0.169962021875 0.4016584902777778
2 0 0.3398101902777778 0 0.5999995902777778 0.06919194765625 0.5999995902777778 0.06919194765625 0.3398101902777778
2 0.43628293515624994 0.3739333902777778 0.43628293515624994 0.38886229027777774 0.44707972890625003 0.38886229027777774 0.44707972890625003 0.3739333902777778
2 0.44827937265625 0.3781987902777778 0.44827937265625 0.3931276902777778 0.45787652109375 0.3931276902777778 0.45787652109375 0.3781987902777778
2 0.45787652265625 0.3781987902777778 0.45787652265625 0.39739309027777775 0.46747367265625 0.39739309027777775 0.46747367265625 0.3781987902777778
2 0.46147545390625 0.3867295902777778 0.46147545390625 0.42298549027777776 0.47947011015624996 0.42298549027777776 0.47947011015624996 0.3867295902777778
2 0.47227224765625 0.38886229027777774 0.47227224765625 0.43151629027777777 0.49746476484375 0.43151629027777777 0.49746476484375 0.38886229027777774
2 0.48546832890624997 0.3931276902777778 0.48546832890624997 0.44857789027777784 0.51785871171875 0.44857789027777784 0.51785871171875 0.3931276902777778
2 0.50106369765625 0.3995257902777778 0.50106369765625 0.46990489027777776 0.5358533679687499 0.46990489027777776 0.5358533679687499 0.3995257902777778
2 0.51785871171875 0.3995257902777778 0.51785871171875 0.49549729027777784 0.60063413046875 0.49549729027777784 0.60063413046875 0.3995257902777778
9 0.59223662265625 0.3654025902777777 0.59223662265625 0.6298573930555555 0.87895148125 0.6298573930555555 0.87895148125 0.3654025902777777
2 0.9341350929687501 0.6277246902777778 0.9341350929687501 0.9263026916666667 0.99891585546875 0.9263026916666667 0.99891585546875 0.6277246902777778