0 0.0409419296875 0.23915285833333333 0.0409419296875 0.32233646111111114 0.0926067453125 0.32233646111111114 0.0926067453125 0.23915285833333333
4 0.21543253359375 0.21142499027777775 0.21543253359375 0.2599487583333333 0.23785311406249998 0.2599487583333333 0.23785311406249998 0.21142499027777775
4 0.2320042671875 0.2200899486111111 0.2320042671875 0.3032735513888889 0.24955080859374998 0.3032735513888889 0.24955080859374998 0.2200899486111111
4 0.8977980257812501 0.2599487583333333 0.8977980257812501 0.37605920416666666 0.9231430296875001 0.37605920416666666 0.9231430296875001 0.2599487583333333
4 0.84515840234375 0.26514773472222225 0.84515840234375 0.33620039305555555 0.8636797515625 0.33620039305555555 0.8636797515625 0.26514773472222225
4 0.8324859 0.27381269305555556 0.8324859 0.33966637777777775 0.85100724921875 0.33966637777777775 0.85100724921875 0.27381269305555556
4 0.8198133984375 0.2634147416666667 0.8198133984375 0.3448653569444444 0.8354103242187501 0.3448653569444444 0.8354103242187501 0.2634147416666667
2 0.5078748875 0.246084825 0.5078748875 0.28247765138888886 0.51957258203125 0.28247765138888886 0.51957258203125 0.246084825
2 0.49227796250000005 0.246084825 0.49227796250000005 0.28247765138888886 0.5088496945312501 0.28247765138888886 0.5088496945312501 0.246084825
2 0.46205891875000005 0.23741986666666667 0.46205891875000005 0.3032735513888889 0.49325277109375004 0.3032735513888889 0.49325277109375004 0.23741986666666667
2 0.368477365625 0.20969199861111112 0.368477365625 0.31540449444444446 0.38894833046875 0.31540449444444446 0.38894833046875 0.20969199861111112
2 0.52542142890625 0.235686875 0.52542142890625 0.2963415847222222 0.551741240625 0.2963415847222222 0.551741240625 0.235686875
2 0.5478420093749999 0.24088585 0.5478420093749999 0.3067395361111111 0.58098547578125 0.3067395361111111 0.58098547578125 0.24088585
2 0.6462976015625 0.2634147416666667 0.6462976015625 0.31540449583333335 0.6813906843749999 0.31540449583333335 0.6813906843749999 0.2634147416666667
2 0.6823654921875 0.25474978333333337 0.6823654921875 0.3431323611111111 0.7398791546875 0.3431323611111111 0.7398791546875 0.25474978333333337
2 0.27879504375 0.18889609861111112 0.27879504375 0.33620039305555555 0.372376596875 0.33620039305555555 0.372376596875 0.18889609861111112
2 0.38017506015625 0.21142499027777775 0.38017506015625 0.3431323611111111 0.46595814921875 0.3431323611111111 0.46595814921875 0.21142499027777775
2 0.5751366289062501 0.23741986666666667 0.5751366289062501 0.34139936944444443 0.6462976015625 0.34139936944444443 0.6462976015625 0.23741986666666667
2 0.71550895859375 0.2512838 0.71550895859375 0.37952518749999997 0.8178637828124999 0.37952518749999997 0.8178637828124999 0.2512838
7 0.61510375078125 0.10571249583333332 0.61510375078125 0.14557130555555556 0.6784662609375001 0.14557130555555556 0.6784662609375001 0.10571249583333332
7 0.9738330382812499 0.043324793055555554 0.9738330382812499 0.08145061111111111 0.9982032343749999 0.08145061111111111 0.9982032343749999 0.043324793055555554
7 0.9767574617187501 0.013863933333333333 0.9767574617187501 0.04159180138888889 0.9982032343749999 0.04159180138888889 0.9982032343749999 0.013863933333333333
6 0.549791625 0.1784981472222222 0.549791625 0.2010270402777778 0.5566152796875 0.2010270402777778 0.5566152796875 0.1784981472222222
6 0.47960546015625 0.17503216388888887 0.47960546015625 0.19756105694444445 0.48545430703125003 0.19756105694444445 0.48545430703125003 0.17503216388888887
0 0.85295686484375 0.3171374861111111 0.85295686484375 0.38472416111111113 0.88610033203125 0.38472416111111113 0.88610033203125 0.3171374861111111