6 0.57234884609375 0.5301558791666667 0.57234884609375 0.5582808597222222 0.58157735390625 0.5582808597222222 0.58157735390625 0.5301558791666667
6 0.48401882812499997 0.49499965277777774 0.48401882812499997 0.5254683819444445 0.4932473375 0.5254683819444445 0.4932473375 0.49499965277777774
6 0.4365579234375 0.5535933625 0.4365579234375 0.5770308458333333 0.44446807421875 0.5770308458333333 0.44446807421875 0.5535933625
2 0.41810090546875 0.5770308458333333 0.41810090546875 0.6262495638888889 0.4576516578125 0.6262495638888889 0.4576516578125 0.5770308458333333
2 0.38777866015625 0.5699996013888889 0.38777866015625 0.6426558 0.41941926328125 0.6426558 0.41941926328125 0.5699996013888889
2 0.48270047031249996 0.5653121041666667 0.48270047031249996 0.6098433236111112 0.5090676390625 0.6098433236111112 0.5090676390625 0.5653121041666667
2 0.5459816765625 0.5442183694444445 0.5459816765625 0.5770308458333333 0.56971212890625 0.5770308458333333 0.56971212890625 0.5442183694444445
2 0.5631203367187501 0.5582808597222222 0.5631203367187501 0.5981245819444444 0.58025899609375 0.5981245819444444 0.58025899609375 0.5582808597222222
2 0.5683937703125 0.5489058652777777 0.5683937703125 0.6145308208333333 0.6092628828125 0.6145308208333333 0.6092628828125 0.5489058652777777
2 0.5855324304687499 0.5629683555555556 0.5855324304687499 0.6239058138888889 0.6092628828125 0.6239058138888889 0.6092628828125 0.5629683555555556
2 0.59344258203125 0.5582808597222222 0.59344258203125 0.6379683041666666 0.625083184375 0.6379683041666666 0.625083184375 0.5582808597222222
2 0.45633330078125 0.5699996013888889 0.45633330078125 0.6262495611111111 0.4932473375 0.6262495611111111 0.4932473375 0.5699996013888889
2 0.50379420546875 0.5559371111111111 0.50379420546875 0.656718288888889 0.57103048828125 0.656718288888889 0.57103048828125 0.5559371111111111
2 0.60794452421875 0.4504684319444444 0.60794452421875 0.6871870194444445 0.75691903203125 0.6871870194444445 0.75691903203125 0.4504684319444444
9 0.039732025 0.36609349027777777 0.039732025 0.8512494041666667 0.4035989625 0.8512494041666667 0.4035989625 0.36609349027777777
2 0 0.5934370847222222 0 0.8090619361111111 0.04896053359375 0.8090619361111111 0.04896053359375 0.5934370847222222
4 0.8096533703125001 0.5512496125 0.8096533703125001 0.6520307930555556 0.83865725546875 0.6520307930555556 0.83865725546875 0.5512496125