7 0.24299675390625 0.3244994597222222 0.24299675390625 0.3453007069444445 0.26171787578125 0.3453007069444445 0.26171787578125 0.3244994597222222
7 0.54487485625 0.4160249472222222 0.54487485625 0.4264255708333333 0.55657555859375 0.4264255708333333 0.55657555859375 0.4160249472222222
2 0.44892910234374994 0.4368261972222222 0.44892910234374994 0.5429125569444444 0.52030338203125 0.5429125569444444 0.52030338203125 0.4368261972222222
2 0.5203033828125 0.4576274430555556 0.5203033828125 0.5595535555555555 0.5788068921875 0.5595535555555555 0.5788068921875 0.4576274430555556
2 0.5366843664062501 0.46386781666666665 0.5366843664062501 0.5907554263888889 0.59635794375 0.5907554263888889 0.59635794375 0.46386781666666665
2 0.56827626015625 0.4493069444444444 0.56827626015625 0.6323579222222222 0.6700723640625 0.6323579222222222 0.6700723640625 0.4493069444444444
2 0.05461545703125 0.40770444861111116 0.05461545703125 0.6448386708333333 0.2078946484375 0.6448386708333333 0.2078946484375 0.40770444861111116
2 0.01834328125 0.5595535555555555 0.01834328125 0.5907554263888889 0.052275315625 0.5907554263888889 0.052275315625 0.5595535555555555
2 0.0007922296875 0.5574734305555555 0.0007922296875 0.5949156763888889 0.028873913281250004 0.5949156763888889 0.028873913281250004 0.5574734305555555
2 0 0.5990759236111111 0 0.8050082749999999 0.031214053125000002 0.8050082749999999 0.031214053125000002 0.5990759236111111
2 0.16577212265625002 0.3557013305555556 0.16577212265625002 0.7794346624999999 0.46531008515625 0.7794346624999999 0.46531008515625 0.3557013305555556
2 0.63146004921875 0.30785846111111115 0.63146004921875 0.8278896472222222 0.9988620812500001 0.8278896472222222 0.9988620812500001 0.30785846111111115