7 0.5575900875 0 0.5575900875 0.05892171805555556 0.5907335546875 0.05892171805555556 0.5907335546875 0
7 0.45815968828125 0.21489097499999998 0.45815968828125 0.22528892499999997 0.4698573828125 0.22528892499999997 0.4698573828125 0.21489097499999998
7 0.44841161015625 0.2599487583333333 0.44841161015625 0.2720797 0.46595815078124997 0.2720797 0.46595815078124997 0.2599487583333333
6 0.0682365484375 0.05892171805555556 0.0682365484375 0.1178434375 0.08188385859375 0.1178434375 0.08188385859375 0.05892171805555556
6 0.34215755468750003 0.15596925555555557 0.34215755468750003 0.1958280638888889 0.35288043984375 0.1958280638888889 0.35288043984375 0.15596925555555557
6 0.052639623437500005 0.062387702777777776 0.052639623437500005 0.11611044583333333 0.06628693359375 0.11611044583333333 0.06628693359375 0.062387702777777776
6 0.333384284375 0.15943524027777778 0.333384284375 0.194095075 0.341182746875 0.194095075 0.341182746875 0.15943524027777778
6 0.47960546015625 0.21315798333333333 0.47960546015625 0.2616817513888889 0.5049504640625 0.2616817513888889 0.5049504640625 0.21315798333333333
4 0.57903586015625 0.31540449444444446 0.57903586015625 0.44191289166666664 0.6004816328125 0.44191289166666664 0.6004816328125 0.31540449444444446
4 0.60633048125 0.3136715027777778 0.60633048125 0.4384469083333334 0.64337317890625 0.4384469083333334 0.64337317890625 0.3136715027777778
4 0.66969298984375 0.3136715027777778 0.66969298984375 0.6030811222222222 0.735005115625 0.6030811222222222 0.735005115625 0.3136715027777778
4 0.054589239062499996 0.33620039444444444 0.054589239062499996 0.41245203055555557 0.06921135625 0.41245203055555557 0.06921135625 0.33620039444444444
4 0.036067890625 0.3795251861111111 0.036067890625 0.4055200625 0.04679077578125 0.4055200625 0.04679077578125 0.3795251861111111
2 0.20081041640625 0.33100141944444444 0.20081041640625 0.4055200638888889 0.25539965468750003 0.4055200638888889 0.25539965468750003 0.33100141944444444
2 0.26807215703125 0.2599487583333333 0.26807215703125 0.7365214819444444 0.571237396875 0.7365214819444444 0.571237396875 0.2599487583333333
2 0.6004816328125 0.31540449444444446 0.6004816328125 0.41245203055555557 0.6843151078124999 0.41245203055555557 0.6843151078124999 0.31540449444444446