4 0.8459332328125001 0.49729510138888894 0.8459332328125001 0.7281175916666668 0.9090974968750001 0.7281175916666668 0.9090974968750001 0.49729510138888894
4 0.7883835703125001 0.4860659 0.7883835703125001 0.6994207458333334 0.8445295835937501 0.6994207458333334 0.8445295835937501 0.4860659
4 0.64170211484375 0.49479972222222224 0.64170211484375 0.7156407013888889 0.69082987421875 0.7156407013888889 0.69082987421875 0.49479972222222224
4 0.38202680859375 0.5359734666666667 0.38202680859375 0.5983579208333333 0.39606331171875003 0.5983579208333333 0.39606331171875003 0.5359734666666667
7 0.41220529062500005 0.33883858055555555 0.41220529062500005 0.3862507694444444 0.43115456874999997 0.3862507694444444 0.43115456874999997 0.33883858055555555
7 0.22902892656249998 0.4873135902777778 0.22902892656249998 0.5010381708333334 0.25499645546875 0.5010381708333334 0.25499645546875 0.4873135902777778
7 0.27885851171875 0.49854279166666665 0.27885851171875 0.5097719972222222 0.29500048984375 0.5097719972222222 0.29500048984375 0.49854279166666665
6 0.2140566921875 0.47969749027777775 0.2140566921875 0.5046512694444444 0.22037311953125 0.5046512694444444 0.22037311953125 0.47969749027777775
6 0.20844209062500002 0.4784498 0.20844209062500002 0.5058989638888889 0.21475851796874998 0.5058989638888889 0.21475851796874998 0.4784498
7 0.25967532734375 0.5171281652777778 0.25967532734375 0.5296050555555555 0.27230817890625 0.5296050555555555 0.27230817890625 0.5171281652777778
4 0.58462037109375 0.4884313138888889 0.58462037109375 0.6331632541666666 0.6147988515625 0.6331632541666666 0.6147988515625 0.4884313138888889
4 0.3719673515625 0.5370911888888888 0.3719673515625 0.5770172444444445 0.38179290390625 0.5770172444444445 0.38179290390625 0.5370911888888888
2 0.28283555625 0.5445773277777778 0.28283555625 0.6680985541666666 0.37547647578125 0.6680985541666666 0.37547647578125 0.5445773277777778
2 0.24634064921875 0.5595495958333333 0.24634064921875 0.6344109430555556 0.28704650625 0.6344109430555556 0.28704650625 0.5595495958333333
1 2.0312499999999997e-8 0.5545588402777778 2.0312499999999997e-8 0.6643554847222223 0.0842190390625 0.6643554847222223 0.0842190390625 0.5545588402777778
2 0.0835172140625 0.5882464458333333 0.0835172140625 0.6219340527777777 0.09053546484375 0.6219340527777777 0.09053546484375 0.5882464458333333
2 0.089131815625 0.5882464458333333 0.089131815625 0.6206863652777778 0.10176466796875001 0.6206863652777778 0.10176466796875001 0.5882464458333333
2 0.0996591921875 0.5857510694444444 0.0996591921875 0.6181909875 0.121415771875 0.6181909875 0.121415771875 0.5857510694444444
2 0.12352124765625001 0.5845033791666667 0.12352124765625001 0.6132002305555555 0.14668147734375 0.6132002305555555 0.14668147734375 0.5845033791666667
2 0.14317235234375 0.5732741777777778 0.14317235234375 0.5932372013888889 0.15510338046875 0.5932372013888889 0.15510338046875 0.5732741777777778
2 0.1558052046875 0.5707787986111111 0.1558052046875 0.5894941361111111 0.16633258281250002 0.5894941361111111 0.16633258281250002 0.5707787986111111
2 0.1901946359375 0.5607972847222222 0.1901946359375 0.5745218652777777 0.19651106406250002 0.5745218652777777 0.19651106406250002 0.5607972847222222
2 0.1670344078125 0.5670357305555556 0.1670344078125 0.6019710277777778 0.1852818625 0.6019710277777778 0.1852818625 0.5670357305555556
2 0.19159828671875 0.5695311069444444 0.19159828671875 0.590741825 0.20703843984375 0.590741825 0.20703843984375 0.5695311069444444
2 0.18528186093750001 0.5707787986111111 0.18528186093750001 0.5919895138888889 0.1908964625 0.5919895138888889 0.1908964625 0.5707787986111111
2 0.20703844140625 0.5583019055555556 0.20703844140625 0.5894941333333333 0.2252858953125 0.5894941333333333 0.2252858953125 0.5583019055555556
2 0.18808916171875 0.5395865694444444 0.18808916171875 0.5595495930555555 0.19580923828125002 0.5595495930555555 0.19580923828125002 0.5395865694444444
6 0.9474776593750001 0.30570821111111113 0.9474776593750001 0.3556157777777778 0.97905979140625 0.3556157777777778 0.97905979140625 0.30570821111111113
4 0.23553623359375 0.5431268541666666 0.23553623359375 0.596148 0.24700715468749998 0.596148 0.24700715468749998 0.5431268541666666