2 0.20470964765625 0.46964075833333335 0.20470964765625 0.5649553027777777 0.29829120078125004 0.5649553027777777 0.29829120078125004 0.46964075833333335
2 0.51664815859375 0.4644417819444444 0.51664815859375 0.5077665763888889 0.54686720078125 0.5077665763888889 0.54686720078125 0.4644417819444444
2 0.42501622109375 0.47483973333333335 0.42501622109375 0.5025676 0.441587953125 0.5025676 0.441587953125 0.47483973333333335
2 0.47960546015625 0.47483973333333335 0.47960546015625 0.4956356333333334 0.4971520015625 0.4956356333333334 0.4971520015625 0.47483973333333335
2 0.28561869921875 0.4731067416666667 0.28561869921875 0.5406934166666667 0.32656062890625004 0.5406934166666667 0.32656062890625004 0.4731067416666667
2 0.31486293515625 0.4731067416666667 0.31486293515625 0.528562475 0.35385524921875 0.528562475 0.35385524921875 0.4731067416666667
2 0.33338428359375 0.4661747736111111 0.33338428359375 0.5164315361111111 0.36847736484375 0.5164315361111111 0.36847736484375 0.4661747736111111
2 0.3616537109375 0.46790776666666667 0.3616537109375 0.5164315333333334 0.3850490984375 0.5164315333333334 0.3850490984375 0.46790776666666667
2 0.38699871484375004 0.47483973333333335 0.38699871484375004 0.5094995666666667 0.39967121640625003 0.5094995666666667 0.39967121640625003 0.47483973333333335
2 0.400646025 0.47483973333333335 0.400646025 0.5094995666666667 0.4133185265625 0.5094995666666667 0.4133185265625 0.47483973333333335
2 0.41136891093749994 0.47483973333333335 0.41136891093749994 0.5008346083333333 0.4240414125 0.5008346083333333 0.4240414125 0.47483973333333335
2 0.51274892734375 0.47483973333333335 0.51274892734375 0.5008346083333333 0.52152219765625 0.5008346083333333 0.52152219765625 0.47483973333333335
2 0.50592527109375 0.476572725 0.50592527109375 0.5008346083333333 0.5146985421875 0.5008346083333333 0.5146985421875 0.476572725
7 0.7077104960937499 0.3171374861111111 0.7077104960937499 0.3708602277777778 0.7359799234375 0.3708602277777778 0.7359799234375 0.3171374861111111
6 0.73110588359375 0.23395388472222223 0.73110588359375 0.3171374875 0.7554760796875 0.3171374875 0.7554760796875 0.23395388472222223
6 0.7379295390625 0.3569962958333333 0.7379295390625 0.4020540805555556 0.7593753125 0.4020540805555556 0.7593753125 0.3569962958333333
6 0.9716779125 0.3473475541666667 0.9716779125 0.41001335 0.99584900546875 0.41001335 0.99584900546875 0.3473475541666667
6 0.9777206859375 0.2041114486111111 0.9777206859375 0.2828913069444444 0.9978632632812501 0.2828913069444444 0.9978632632812501 0.2041114486111111