7 0.17815966328125 0.36609349166666666 0.17815966328125 0.4481246847222222 0.22957564375 0.4481246847222222 0.22957564375 0.36609349166666666
7 0.71209484375 0.34031225972222223 0.71209484375 0.4270309513888889 0.7305518609375 0.4270309513888889 0.7305518609375 0.34031225972222223
7 0.48138211171874995 0.46687467222222223 0.48138211171874995 0.49499965277777774 0.4932473375 0.49499965277777774 0.4932473375 0.46687467222222223
7 0.4998391296875 0.4574996777777778 0.4998391296875 0.4903121555555555 0.5130227140625 0.4903121555555555 0.5130227140625 0.4574996777777778
4 0.27308147421875 0.49968714999999997 0.27308147421875 0.5512496138888889 0.29417520937499997 0.5512496138888889 0.29417520937499997 0.49968714999999997
4 0.22430221015625001 0.49265590277777777 0.22430221015625001 0.5489058652777777 0.23748579374999998 0.5489058652777777 0.23748579374999998 0.49265590277777777
4 0.21375534218749997 0.4973434013888889 0.21375534218749997 0.5653121055555556 0.22957564375 0.5653121055555556 0.22957564375 0.4973434013888889
4 0.12806204140625 0.49265590277777777 0.12806204140625 0.5864058388888889 0.1504741359375 0.5864058388888889 0.1504741359375 0.49265590277777777
4 0.0845562125 0.49265590277777777 0.0845562125 0.5957808319444444 0.10696830703125 0.5957808319444444 0.10696830703125 0.49265590277777777
2 0.32845252890625 0.48796840694444443 0.32845252890625 0.5184371361111111 0.33504432031250003 0.5184371361111111 0.33504432031250003 0.48796840694444443
2 0.361411490625 0.4973434013888889 0.361411490625 0.5278121305555555 0.38646030078125004 0.5278121305555555 0.38646030078125004 0.4973434013888889
2 0.561801978125 0.4973434013888889 0.561801978125 0.5184371361111111 0.580258996875 0.5184371361111111 0.580258996875 0.4973434013888889
2 0.6092628828125 0.4809371625 0.6092628828125 0.5184371361111111 0.6303566179687501 0.5184371361111111 0.6303566179687501 0.4809371625
2 0.67254408828125 0.47156216944444446 0.67254408828125 0.4973434013888889 0.69891125859375 0.4973434013888889 0.69891125859375 0.47156216944444446
4 0.6712257312500001 0.5114058916666667 0.6712257312500001 0.5606246069444445 0.6883643890625 0.5606246069444445 0.6883643890625 0.5114058916666667
2 0.6685890140625 0.49265590277777777 0.6685890140625 0.5559371097222222 0.7094581265625 0.5559371097222222 0.7094581265625 0.49265590277777777
2 0.6870460328125 0.49265590277777777 0.6870460328125 0.5629683555555556 0.7463721640625 0.5629683555555556 0.7463721640625 0.49265590277777777
4 0.43523956484375 0.49265590277777777 0.43523956484375 0.5348433736111111 0.44446807499999996 0.5348433736111111 0.44446807499999996 0.49265590277777777
2 0.4115091125 0.47156216944444446 0.4115091125 0.5371871236111111 0.44314971640625 0.5371871236111111 0.44314971640625 0.47156216944444446
2 0.71209484375 0.4739059166666667 0.71209484375 0.49499965277777774 0.7516455976562499 0.49499965277777774 0.7516455976562499 0.4739059166666667
2 0.74637216328125 0.4903121555555555 0.74637216328125 0.5442183680555556 0.76219246484375 0.5442183680555556 0.76219246484375 0.4903121555555555
2 0.75691903125 0.47156216944444446 0.75691903125 0.5559371097222222 0.8096533703125001 0.5559371097222222 0.8096533703125001 0.47156216944444446
2 0.78328620078125 0.48328090972222226 0.78328620078125 0.5629683555555556 0.8307471054687501 0.5629683555555556 0.8307471054687501 0.48328090972222226
2 0.81229008671875 0.4692184208333333 0.81229008671875 0.5629683555555556 0.8729345773437499 0.5629683555555556 0.8729345773437499 0.4692184208333333
2 0.89139159609375 0.4645309236111111 0.89139159609375 0.4973434013888889 0.96126459375 0.4973434013888889 0.96126459375 0.4645309236111111
2 0.8307471054687501 0.4903121555555555 0.8307471054687501 0.6145308208333333 0.9533544421875 0.6145308208333333 0.9533544421875 0.4903121555555555
2 0.92996668515625 0.48697067499999996 0.92996668515625 0.5418746208333333 0.98260630859375 0.5418746208333333 0.98260630859375 0.48697067499999996
2 0.38777866015625 0.4973434013888889 0.38777866015625 0.5301558791666667 0.40887239609375003 0.5301558791666667 0.40887239609375003 0.4973434013888889
7 0.61585467578125 0 0.61585467578125 0.037968716666666666 0.6910011078125 0.037968716666666666 0.6910011078125 0
7 0.5855324304687499 0.15515613611111112 0.5855324304687499 0.19499985833333333 0.602671090625 0.19499985833333333 0.602671090625 0.15515613611111112
2 0.98065669296875 0.48350469166666665 0.98065669296875 0.5302954680555556 0.9991780421875 0.5302954680555556 0.9991780421875 0.48350469166666665