6 0.5027523296874999 0.23713422083333333 0.5027523296874999 0.2870572152777778 0.51445303125 0.2870572152777778 0.51445303125 0.23713422083333333
6 0.69815404765625 0.3577814555555555 0.69815404765625 0.39522370138888885 0.7063445390624999 0.39522370138888885 0.7063445390624999 0.3577814555555555
6 0.12130945546875001 0.25377521666666664 0.12130945546875001 0.33281995833333333 0.14237071875 0.33281995833333333 0.14237071875 0.25377521666666664
6 0.267568228125 0.24753484444444446 0.267568228125 0.2974578375 0.27926892890625 0.2974578375 0.27926892890625 0.24753484444444446
6 0.15524149140625002 0.24129446944444446 0.15524149140625002 0.2953777125 0.16928233359375 0.2953777125 0.16928233359375 0.24129446944444446
6 0.69113362734375 0.3577814555555555 0.69113362734375 0.4035441986111111 0.69932411875 0.4035441986111111 0.69932411875 0.3577814555555555
6 0.6536913828124999 0.35362120555555554 0.6536913828124999 0.3869032 0.66071180390625 0.3869032 0.66071180390625 0.35362120555555554
6 0.69581390703125 0.413944825 0.69581390703125 0.4326659458333333 0.70751461015625 0.4326659458333333 0.70751461015625 0.413944825
6 0.6689022953125 0.42850569861111115 0.6689022953125 0.45138707083333335 0.6794329257812499 0.45138707083333335 0.6794329257812499 0.42850569861111115
6 0.5027523296874999 0.4035441986111111 0.5027523296874999 0.4285056958333333 0.50743261015625 0.4285056958333333 0.50743261015625 0.4035441986111111
6 0.38457524296875 0.39522370138888885 0.38457524296875 0.41810507222222226 0.39042559374999997 0.41810507222222226 0.39042559374999997 0.39522370138888885
6 0.4196773484375 0.393143575 0.4196773484375 0.41810507222222226 0.42669776953125 0.41810507222222226 0.42669776953125 0.393143575
7 0.10492847421875 0.33698020833333336 0.10492847421875 0.39522370138888885 0.13418022890625 0.39522370138888885 0.13418022890625 0.33698020833333336
7 0.46062980546875 0.45346719305555555 0.46062980546875 0.4701081916666666 0.4711604359375 0.4701081916666666 0.4711604359375 0.45346719305555555
7 0.6525213117187499 0.3203392097222222 0.6525213117187499 0.33698020833333336 0.66422201328125 0.33698020833333336 0.66422201328125 0.3203392097222222
2 0.39744601640625 0.4659479416666667 0.39744601640625 0.4929895638888889 0.4114868578125 0.4929895638888889 0.4114868578125 0.4659479416666667
2 0.41382699765625003 0.45346719305555555 0.41382699765625003 0.48674918749999996 0.43254811953125005 0.48674918749999996 0.43254811953125005 0.45346719305555555
2 0.4372284015625 0.4680280666666667 0.4372284015625 0.4825889402777778 0.44892910234374994 0.4825889402777778 0.44892910234374994 0.4680280666666667
2 0.29681998125 0.3827429527777778 0.29681998125 0.5741144291666667 0.4044664375 0.5741144291666667 0.4044664375 0.3827429527777778
2 0.6876234171875 0.44098644444444446 0.6876234171875 0.6115566722222222 0.84792303046875 0.6115566722222222 0.84792303046875 0.44098644444444446
2 0 0.4014640736111111 0 0.6989219125 0.3319220859375 0.6989219125 0.3319220859375 0.4014640736111111
2 0.46648015625 0.40770444861111116 0.46648015625 0.7530051555555556 0.7215554515625 0.7530051555555556 0.7215554515625 0.40770444861111116