7 0.30633870859375 0.3349431055555555 0.30633870859375 0.35539764583333333 0.31784438828125 0.35539764583333333 0.31784438828125 0.3349431055555555
7 0.66847996640625 0.25568175972222223 0.66847996640625 0.3298294708333333 0.7073116335937499 0.3298294708333333 0.7073116335937499 0.25568175972222223
7 0.70874984296875 0.26079539583333333 0.70874984296875 0.3298294708333333 0.7432668796875 0.3298294708333333 0.7432668796875 0.26079539583333333
7 0.52465897578125 0.30426129444444444 0.52465897578125 0.3349431055555555 0.53760286484375 0.3349431055555555 0.53760286484375 0.30426129444444444
7 0.52322076640625 0.34005674027777777 0.52322076640625 0.3681817347222222 0.53904107578125 0.3681817347222222 0.53904107578125 0.34005674027777777
7 0.52322076640625 0.3707385527777778 0.52322076640625 0.38607945972222224 0.54335570546875 0.38607945972222224 0.54335570546875 0.3707385527777778
7 0.112180371875 0.19176131944444444 0.112180371875 0.3579544625 0.16107950859375 0.3579544625 0.16107950859375 0.19176131944444444
4 0.257439571875 0.38863627500000003 0.257439571875 0.42443172222222225 0.2703834609375 0.42443172222222225 0.2703834609375 0.38863627500000003
4 0.20710222578124998 0.39886354583333333 0.20710222578124998 0.4576703486111111 0.22004611562499998 0.4576703486111111 0.22004611562499998 0.39886354583333333
4 0.47691041171875004 0.38863627500000003 0.47691041171875004 0.432102175 0.48985430078125003 0.432102175 0.48985430078125003 0.38863627500000003
3 0.230113584375 0.4065339986111111 0.230113584375 0.44488626249999996 0.2560013625 0.44488626249999996 0.2560013625 0.4065339986111111
2 0.067595865625 0.4090908166666667 0.067595865625 0.4678976194444444 0.17258518828125 0.4678976194444444 0.17258518828125 0.4090908166666667
2 0.47317105703125 0.39630672777777776 0.47317105703125 0.42443172222222225 0.49762062578125 0.42443172222222225 0.49762062578125 0.39630672777777776
2 0.49474420546875003 0.40397718055555554 0.49474420546875003 0.4499998972222222 0.53213766328125 0.4499998972222222 0.53213766328125 0.40397718055555554
2 0.51027687734375 0.4065339986111111 0.51027687734375 0.4678976194444444 0.5551490218749999 0.4678976194444444 0.5551490218749999 0.4065339986111111
2 0.39176838984375 0.4090908166666667 0.39176838984375 0.42443172222222225 0.40615048906249995 0.42443172222222225 0.40615048906249995 0.4090908166666667
2 0.38313913046875003 0.41420445138888895 0.38313913046875003 0.432102175 0.39608301953125 0.432102175 0.39608301953125 0.41420445138888895
2 0.3630041921875 0.40397718055555554 0.3630041921875 0.44232944444444444 0.3888919703125 0.44232944444444444 0.3888919703125 0.40397718055555554
2 0.32704894453125 0.4065339986111111 0.32704894453125 0.432102175 0.35006030234374996 0.432102175 0.35006030234374996 0.4065339986111111
2 0.43060005703125004 0.4090908166666667 0.43060005703125004 0.42698853888888894 0.44210573671875003 0.42698853888888894 0.44210573671875003 0.4090908166666667
2 0.4334764765625 0.4090908166666667 0.4334764765625 0.42698853888888894 0.4492967859375 0.42698853888888894 0.4492967859375 0.4090908166666667
2 0.44210573671875003 0.4090908166666667 0.44210573671875003 0.432102175 0.46080246484375 0.432102175 0.46080246484375 0.4090908166666667
2 0.34862207968750003 0.4096021763888889 0.34862207968750003 0.4510226319444444 0.3796874140625 0.4510226319444444 0.3796874140625 0.4096021763888889
2 0.40701340156250004 0.4049999125 0.40701340156250004 0.44846581388888884 0.43577760000000004 0.44846581388888884 0.43577760000000004 0.4049999125
2 0.2444956828125 0.39732945972222217 0.2444956828125 0.48937489444444443 0.32647364765625003 0.48937489444444443 0.32647364765625003 0.39732945972222217
9 0.35523784531249997 0.3784090055555555 0.35523784531249997 0.4142044527777778 0.38400204375 0.4142044527777778 0.38400204375 0.3784090055555555
7 0.49877119765625 0.37329536944444447 0.49877119765625 0.3886362763888889 0.51459150703125 0.3886362763888889 0.51459150703125 0.37329536944444447
7 0.4930183578125 0.3323862875 0.4930183578125 0.3579544638888889 0.51171508671875 0.3579544638888889 0.51171508671875 0.3323862875