2 0.35141758359374997 0.5061856486111111 0.35141758359374997 0.5329897791666667 0.3630155234375 0.5329897791666667 0.3630155234375 0.5061856486111111
2 0.34561861484375 0.5082475069444444 0.34561861484375 0.5391753458333334 0.3583763484375 0.5391753458333334 0.3583763484375 0.5082475069444444
2 0.3340206734375 0.5082475069444444 0.3340206734375 0.5371134888888889 0.349097996875 0.5371134888888889 0.349097996875 0.5082475069444444
2 0.33054129140625 0.5103093638888889 0.33054129140625 0.5350516333333333 0.34445882031249997 0.5350516333333333 0.34445882031249997 0.5103093638888889
2 0.31546396953125 0.5061856486111111 0.31546396953125 0.5371134888888889 0.3351804671875 0.5371134888888889 0.3351804671875 0.5061856486111111
2 0.294587678125 0.5082475069444444 0.294587678125 0.5474227694444445 0.32242273359375 0.5474227694444445 0.32242273359375 0.5082475069444444
2 0.26675262109375 0.5041237930555555 0.26675262109375 0.5536083375 0.299226853125 0.5536083375 0.299226853125 0.5041237930555555
2 0.24471653515625 0.514433075 0.24471653515625 0.5556701930555555 0.28298973828124996 0.5556701930555555 0.28298973828124996 0.514433075
2 0.19020621796874998 0.5123712180555556 0.19020621796874998 0.5701031861111111 0.24819591953125003 0.5701031861111111 0.24819591953125003 0.5123712180555556
2 0.47899492421875 0.5061856486111111 0.47899492421875 0.5309279222222222 0.4952320390625 0.5309279222222222 0.4952320390625 0.5061856486111111
2 0.4929124515625 0.5020619375 0.4929124515625 0.5329897777777778 0.50682998046875 0.5329897777777778 0.50682998046875 0.5020619375
2 0.5010310101562501 0.5061856486111111 0.5010310101562501 0.5350516333333333 0.521907303125 0.5350516333333333 0.521907303125 0.5061856486111111
2 0.51494853828125 0.5103093638888889 0.51494853828125 0.5412372027777778 0.53350524296875 0.5412372027777778 0.53350524296875 0.5103093638888889
2 0.523067096875 0.5082475069444444 0.523067096875 0.5515464805555556 0.5497423578125 0.5515464805555556 0.5497423578125 0.5082475069444444
2 0.536984625 0.5103093638888889 0.536984625 0.5536083375 0.5590207109375 0.5536083375 0.5590207109375 0.5103093638888889
2 0.5509021515625 0.5103093638888889 0.5509021515625 0.5597939069444444 0.56713926796875 0.5597939069444444 0.56713926796875 0.5103093638888889
2 0.56365988671875 0.4958763722222222 0.56365988671875 0.5762887541666667 0.6181702046875001 0.5762887541666667 0.6181702046875001 0.4958763722222222
2 0.8588274609375001 0.5474227722222221 0.8588274609375001 0.5886598902777778 0.87854395859375 0.5886598902777778 0.87854395859375 0.5474227722222221
2 0.86926560703125 0.4917526583333333 0.86926560703125 0.6092784527777777 0.9980027421875001 0.6092784527777777 0.9980027421875001 0.4917526583333333
4 0.08118558046874999 0.5041237930555555 0.08118558046874999 0.5989691694444444 0.10438145937500001 0.5989691694444444 0.10438145937500001 0.5041237930555555
6 0.08002578671875 0.38247429027777774 0.08002578671875 0.4402062583333333 0.09742269609375001 0.4402062583333333 0.09742269609375001 0.38247429027777774
6 0.47783513046875 0.1824742583333333 0.47783513046875 0.256701075 0.4987114234375 0.256701075 0.4987114234375 0.1824742583333333
6 0.67384031796875 0.3474227388888889 0.67384031796875 0.40927841944444443 0.68775784453125 0.40927841944444443 0.68775784453125 0.3474227388888889
6 0.6599227890625 0.3618557291666667 0.6599227890625 0.4154639861111111 0.6726805234375 0.4154639861111111 0.6726805234375 0.3618557291666667
6 0.67963928671875 0.4319588347222222 0.67963928671875 0.4546392513888889 0.69355681484375 0.4546392513888889 0.69355681484375 0.4319588347222222
6 0.66340217109375 0.47525781111111115 0.66340217109375 0.49381451388888886 0.6738403171875 0.49381451388888886 0.6738403171875 0.47525781111111115
6 0.37461346484375 0.3659794416666667 0.37461346484375 0.4175258416666667 0.38505161015625 0.4175258416666667 0.38505161015625 0.3659794416666667
7 0.51494853828125 0.2175258097222222 0.51494853828125 0.24226808194444444 0.56945885703125 0.24226808194444444 0.56945885703125 0.2175258097222222
7 0.6547037171875 0.30618561666666666 0.6547037171875 0.33711345555555555 0.6929769203125 0.33711345555555555 0.6929769203125 0.30618561666666666
7 0.67673980234375 0.4134021291666667 0.67673980234375 0.42783512083333336 0.7022552695312501 0.42783512083333336 0.7022552695312501 0.4134021291666667