7 0.42786783906250003 0.39522370277777774 0.42786783906250003 0.41810507361111116 0.4582896640625 0.41810507361111116 0.4582896640625 0.39522370277777774
2 0.51570842578125 0.4144648541666667 0.51570842578125 0.441506475 0.5402799 0.441506475 0.5402799 0.4144648541666667
2 0.5320894093749999 0.40614435694444445 0.5320894093749999 0.4727083458333333 0.57421193359375 0.4727083458333333 0.57421193359375 0.40614435694444445
2 0.55549081171875 0.41030460277777775 0.55549081171875 0.4955897180555555 0.59059291640625 0.4955897180555555 0.59059291640625 0.41030460277777775
2 0.56602144296875 0.39782385694444444 0.56602144296875 0.5205512152777778 0.6139943203125 0.5205512152777778 0.6139943203125 0.39782385694444444
2 0.59205550546875 0.3777506486111111 0.59205550546875 0.5637138027777778 0.70399222265625 0.5637138027777778 0.70399222265625 0.3777506486111111
2 0.49786485625 0.42850569722222226 0.49786485625 0.4451466944444445 0.511905696875 0.4451466944444445 0.511905696875 0.42850569722222226
2 0.42970826874999996 0.42330538472222223 0.42970826874999996 0.4565873819444444 0.44842939140625004 0.4565873819444444 0.44842939140625004 0.42330538472222223
2 0.6426610390625 0.3567413930555556 0.6426610390625 0.6937216 0.9340085109375 0.6937216 0.9340085109375 0.3567413930555556
2 0.437898759375 0.41082463611111114 0.437898759375 0.5189911236111111 0.50576282890625 0.5189911236111111 0.50576282890625 0.41082463611111114
7 0.0877552625 0.3030048375 0.0877552625 0.35916820694444446 0.10179610546875 0.35916820694444446 0.10179610546875 0.3030048375
7 0.53706220703125 0.379830775 0.53706220703125 0.3902314 0.54876290859375 0.3902314 0.54876290859375 0.379830775
7 0.59234802109375 0.37754264027777773 0.59234802109375 0.3941836402777778 0.61574942578125 0.3941836402777778 0.61574942578125 0.37754264027777773