6 0.6375243312500001 0.39165613194444443 0.6375243312500001 0.4141850236111111 0.64532279375 0.4141850236111111 0.64532279375 0.39165613194444443
2 0.6384991390625 0.4141850208333333 0.6384991390625 0.46790776805555556 0.6667685664062499 0.46790776805555556 0.6667685664062499 0.4141850208333333
2 0.627776253125 0.43324793194444444 0.627776253125 0.4731067416666667 0.64044875546875 0.4731067416666667 0.64044875546875 0.43324793194444444
2 0.65702048828125 0.42631596527777776 0.65702048828125 0.4800387069444444 0.6862647234375 0.4800387069444444 0.6862647234375 0.42631596527777776
2 0.66871818125 0.4401798986111111 0.66871818125 0.4956356333333334 0.69503799296875 0.4956356333333334 0.69503799296875 0.4401798986111111
2 0.68041587578125 0.43671391666666665 0.68041587578125 0.5181645277777778 0.698937225 0.5181645277777778 0.698937225 0.43671391666666665
2 0.6882143390625 0.3985880972222222 0.6882143390625 0.5424264111111111 0.7622997359375 0.5424264111111111 0.7622997359375 0.3985880972222222
2 0.72038299765625 0.4228499805555555 0.72038299765625 0.5944161652777779 0.8315110906250001 0.5944161652777779 0.8315110906250001 0.4228499805555555
1 0.5946327859375 0.42631596527777776 0.5946327859375 0.4817717013888889 0.6297258679687501 0.4817717013888889 0.6297258679687501 0.42631596527777776
2 0.55953970390625 0.44537887361111117 0.55953970390625 0.47830571666666666 0.5848847078125 0.47830571666666666 0.5848847078125 0.44537887361111117
2 0.5848847078125 0.4471118638888889 0.5848847078125 0.47657272361111114 0.597557209375 0.47657272361111114 0.597557209375 0.4471118638888889
2 0.551741240625 0.4505778486111111 0.551741240625 0.47483973472222224 0.56148931875 0.47483973472222224 0.56148931875 0.4505778486111111
2 0.54589239296875 0.4592428055555555 0.54589239296875 0.47483973194444445 0.5546656640625 0.47483973194444445 0.5546656640625 0.4592428055555555
2 0.53516950703125 0.4557768236111111 0.53516950703125 0.48003870972222223 0.5478420093749999 0.48003870972222223 0.5478420093749999 0.4557768236111111
2 0.51664815859375 0.4557768236111111 0.51664815859375 0.48697067638888886 0.5380939312499999 0.48697067638888886 0.5380939312499999 0.4557768236111111
2 0.5088496945312501 0.4609758 0.5088496945312501 0.4887036666666667 0.5234718132812499 0.4887036666666667 0.5234718132812499 0.4609758
2 0.48837873046875 0.4557768236111111 0.48837873046875 0.497368625 0.51469854453125 0.497368625 0.51469854453125 0.4557768236111111
2 0.41624295 0.4609758 0.41624295 0.5285624763888889 0.49227796328125006 0.5285624763888889 0.49227796328125006 0.4609758
2 0.39479717734375 0.4679077652777778 0.39479717734375 0.53376145 0.42794064453124997 0.53376145 0.42794064453124997 0.4679077652777778
2 0.35190563203125 0.4696407597222222 0.35190563203125 0.5406934180555556 0.39967121875 0.5406934180555556 0.39967121875 0.4696407597222222
2 0.27879504375 0.4609758 0.27879504375 0.5649553041666666 0.35385524921875 0.5649553041666666 0.35385524921875 0.4609758
2 0.12282578828124999 0.41245203055555557 0.12282578828124999 0.6030811194444444 0.28171946718749996 0.6030811194444444 0.28171946718749996 0.41245203055555557
2 0.0009748078125000001 0.4731067416666667 0.0009748078125000001 0.6672018125 0.12672501953124998 0.6672018125 0.12672501953124998 0.4731067416666667
2 0.7895943546875 0.2582157666666667 0.7895943546875 0.7902442263888889 0.99917804140625 0.7902442263888889 0.99917804140625 0.2582157666666667