2 0.25247523203125 0.4315149402777778 0.25247523203125 0.5025675986111111 0.30706447109375 0.5025675986111111 0.30706447109375 0.4315149402777778
2 0.49325277031250003 0.45750981527777773 0.49325277031250003 0.5008346083333333 0.52834585234375 0.5008346083333333 0.52834585234375 0.45750981527777773
2 0.41136891093749994 0.4384469069444445 0.41136891093749994 0.46097579861111115 0.42209179687500004 0.46097579861111115 0.42209179687500004 0.4384469069444445
2 0.74377838671875 0.5060335833333334 0.74377838671875 0.7781132847222223 0.9972284265625 0.7781132847222223 0.9972284265625 0.5060335833333334
2 0.30608966328125 0.4471118652777778 0.30608966328125 0.5008346083333333 0.3246110125 0.5008346083333333 0.3246110125 0.4471118652777778
2 0.3090140875 0.4228499805555555 0.3090140875 0.48523768333333334 0.33825832265625 0.48523768333333334 0.33825832265625 0.4228499805555555
2 0.33825832265625 0.4471118652777778 0.33825832265625 0.48350469166666665 0.34898120859375 0.48350469166666665 0.34898120859375 0.4471118652777778
2 0.34995601640624996 0.44537887361111117 0.34995601640624996 0.47830571666666666 0.364578134375 0.47830571666666666 0.364578134375 0.44537887361111117
2 0.360678903125 0.43671391527777775 0.360678903125 0.476572725 0.3733514046875 0.476572725 0.3733514046875 0.43671391527777775
2 0.372376596875 0.44191289027777775 0.372376596875 0.46790776666666667 0.38407429140625 0.46790776666666667 0.38407429140625 0.44191289027777775
9 0.38114986796875 0.42804895694444445 0.38114986796875 0.4661747722222222 0.39382236953125 0.4661747722222222 0.39382236953125 0.42804895694444445
2 0.47765584453125004 0.4505778486111111 0.47765584453125004 0.4887036666666667 0.5088496953125 0.4887036666666667 0.5088496953125 0.4505778486111111
2 0.46595814999999996 0.4557768236111111 0.46595814999999996 0.476572725 0.48155507578125 0.476572725 0.48155507578125 0.4557768236111111
2 0.4669329578125 0.4471118652777778 0.4669329578125 0.4731067416666667 0.47765584453125004 0.4731067416666667 0.47765584453125004 0.4471118652777778
2 0.45133603281249995 0.4488448569444444 0.45133603281249995 0.46790776666666667 0.4649833421875 0.46790776666666667 0.4649833421875 0.4488448569444444
2 0.44256276171875 0.4523108402777778 0.44256276171875 0.46790776666666667 0.4532856484375 0.46790776666666667 0.4532856484375 0.4523108402777778
2 0.43768872265625003 0.44364588194444443 0.43768872265625003 0.4557768236111111 0.450361225 0.4557768236111111 0.450361225 0.44364588194444443
2 0.42989026015625004 0.4471118652777778 0.42989026015625004 0.45750981527777773 0.43963833828125 0.45750981527777773 0.43963833828125 0.4471118652777778
9 0.597557209375 0.32406945277777777 0.597557209375 0.6308089888888889 0.826637053125 0.6308089888888889 0.826637053125 0.32406945277777777
7 0.0370426984375 0.15596925555555557 0.0370426984375 0.1906290902777778 0.048740392187499995 0.1906290902777778 0.048740392187499995 0.15596925555555557
7 0.0107228859375 0.18889609861111112 0.0107228859375 0.2079590069444444 0.046790776562500004 0.2079590069444444 0.046790776562500004 0.18889609861111112
7 0.025345003906250003 0.23915285833333333 0.025345003906250003 0.26168175000000005 0.07116097265625 0.26168175000000005 0.07116097265625 0.23915285833333333
7 0.177415028125 0.3431323611111111 0.177415028125 0.3569962972222222 0.20373483984375002 0.3569962972222222 0.20373483984375002 0.3431323611111111
7 0.58780913125 0.3431323611111111 0.58780913125 0.3587292875 0.60243124765625 0.3587292875 0.60243124765625 0.3431323611111111
7 0.57708624453125 0.3639282625 0.57708624453125 0.38299117083333334 0.597557209375 0.38299117083333334 0.597557209375 0.3639282625
7 0.60828009609375 0.3691272375 0.60828009609375 0.39165613055555554 0.61705336640625 0.39165613055555554 0.61705336640625 0.3691272375
7 0.9133949515625 0.27381269305555556 0.9133949515625 0.3171374861111111 0.9533620734375001 0.3171374861111111 0.9533620734375001 0.27381269305555556
2 0.8558812890624999 0.47137375 0.8558812890624999 0.5198975180555555 0.9075461046875001 0.5198975180555555 0.9075461046875001 0.47137375
2 0.816888975 0.48350469166666665 0.816888975 0.5233635013888889 0.8519820570312501 0.5233635013888889 0.8519820570312501 0.48350469166666665
2 0.0009748078125000001 0.46097579861111115 0.0009748078125000001 0.497368625 0.01949615703125 0.497368625 0.01949615703125 0.46097579861111115
9 0.39674679296875 0.4297819486111111 0.39674679296875 0.45924280694444447 0.4094192953125 0.45924280694444447 0.4094192953125 0.4297819486111111