2 0.48523467421875 0.5174404263888889 0.48523467421875 0.5299735861111111 0.5023558632812499 0.5299735861111111 0.5023558632812499 0.5174404263888889
2 0.35732930859375 0.5120690736111111 0.35732930859375 0.5407162958333334 0.3905645609375 0.5407162958333334 0.3905645609375 0.5120690736111111
2 0.32006553984375 0.5120690736111111 0.32006553984375 0.5478780986111111 0.351286534375 0.5478780986111111 0.351286534375 0.5120690736111111
2 0.35531505078125003 0.5263926861111111 0.35531505078125003 0.5514590041666666 0.3734433703125 0.5514590041666666 0.3734433703125 0.5263926861111111
2 0.25057364843749996 0.5192308791666667 0.25057364843749996 0.6051725430555556 0.35531504921875 0.6051725430555556 0.35531504921875 0.5192308791666667
2 0.52451269765625 0.5192308791666667 0.52451269765625 0.5317640388888889 0.5345839875 0.5317640388888889 0.5345839875 0.5192308791666667
2 0.5466695335937499 0.5174404263888889 0.5466695335937499 0.5335544888888889 0.56379072421875 0.5335544888888889 0.56379072421875 0.5174404263888889
2 0.6493966773437501 0.49416456111111107 0.6493966773437501 0.5281831361111111 0.69169608984375 0.5281831361111111 0.69169608984375 0.49416456111111107
2 0.883050571875 0.4440319263888889 0.883050571875 0.5765253208333333 0.9998775203125 0.5765253208333333 0.9998775203125 0.4440319263888889
2 0.58191904296875 0.5102786208333333 0.58191904296875 0.5407162930555556 0.61414716640625 0.5407162930555556 0.61414716640625 0.5102786208333333
4 0.5869546859375 0.49416456111111107 0.5869546859375 0.5675730638888888 0.60306874921875 0.5675730638888888 0.60306874921875 0.49416456111111107
7 0.63328261640625 0.4368701194444445 0.63328261640625 0.4708886944444444 0.649396678125 0.4708886944444444 0.649396678125 0.4368701194444445
7 0.7219099546875001 0.43149876388888886 0.7219099546875001 0.45298418055555556 0.732988371875 0.45298418055555556 0.732988371875 0.43149876388888886
7 0.86592938125 0.30437672222222223 0.86592938125 0.33302394444444444 0.89110760390625 0.33302394444444444 0.89110760390625 0.30437672222222223