6 0.40853423828124996 0.20236131666666668 0.40853423828124996 0.23839826527777777 0.415551046875 0.23839826527777777 0.415551046875 0.20236131666666668
6 0.567581915625 0.2439424111111111 0.567581915625 0.27027710555555556 0.57771730546875 0.27027710555555556 0.57771730546875 0.2439424111111111
6 0.41866962890625 0.20790546527777778 0.41866962890625 0.23562619444444444 0.42646608203124997 0.23562619444444444 0.42646608203124997 0.20790546527777778
6 0.579276596875 0.32571856250000003 0.579276596875 0.34928118194444446 0.59175092421875 0.34928118194444446 0.59175092421875 0.32571856250000003
6 0.15203086953125 0.18711491944444447 0.15203086953125 0.23424015555555552 0.16294590703125 0.23424015555555552 0.16294590703125 0.18711491944444447
6 0.13877689765625 0.17741266111111112 0.13877689765625 0.2314680847222222 0.14969193671875 0.2314680847222222 0.14969193671875 0.17741266111111112
6 0.44985544765625 0.32017441666666663 0.44985544765625 0.33264874305555553 0.45531296484375006 0.33264874305555553 0.45531296484375006 0.32017441666666663
6 0.67361370390625 0.2702771013888889 0.67361370390625 0.3049280097222222 0.6993420046875001 0.3049280097222222 0.6993420046875001 0.2702771013888889
7 0.643207528125 0.2439424111111111 0.643207528125 0.27304917916666666 0.6829694492187499 0.27304917916666666 0.6829694492187499 0.2439424111111111
7 0.57381908203125 0.2785933222222222 0.57381908203125 0.29383972222222227 0.5901916375 0.29383972222222227 0.5901916375 0.2785933222222222
7 0.32043429687499997 0.2134496097222222 0.32043429687499997 0.23424015555555552 0.33446791249999996 0.23424015555555552 0.33446791249999996 0.2134496097222222
7 0.31887500546875003 0.2841374638888889 0.31887500546875003 0.2966117930555556 0.34070507734375 0.2966117930555556 0.34070507734375 0.2841374638888889
7 0.32667145937500003 0.30076990555555555 0.32667145937500003 0.32017441666666663 0.335247559375 0.32017441666666663 0.335247559375 0.30076990555555555
7 0.212063571875 0.23839826527777777 0.212063571875 0.27582124722222223 0.23155470937499997 0.27582124722222223 0.23155470937499997 0.23839826527777777
7 0.1972503078125 0.09009236666666667 0.1972503078125 0.15662211527777778 0.2268768375 0.15662211527777778 0.2268768375 0.09009236666666667
7 0.20660605703125 0.21483564583333334 0.20660605703125 0.23562619444444444 0.24246974843750002 0.23562619444444444 0.24246974843750002 0.21483564583333334
7 0.0693884484375 0.3354208166666667 0.0693884484375 0.3492811791666667 0.0904388765625 0.3492811791666667 0.0904388765625 0.3354208166666667
6 0.06626986562500001 0.3631415430555555 0.06626986562500001 0.3811600125 0.07718490234375 0.3811600125 0.07718490234375 0.3631415430555555
6 0.08108313046875 0.3617555055555555 0.08108313046875 0.385318125 0.0927778125 0.385318125 0.0927778125 0.3617555055555555
2 0.44112342109374997 0.3514988361111111 0.44112342109374997 0.36951730694444446 0.48790214921875 0.36951730694444446 0.48790214921875 0.3514988361111111
2 0.5089525765625 0.37090334305555556 0.5089525765625 0.4027821833333333 0.53468087734375 0.4027821833333333 0.53468087734375 0.37090334305555556
2 0.52064726015625 0.3861497458333334 0.52064726015625 0.43743309305555556 0.55261272578125 0.43743309305555556 0.55261272578125 0.3861497458333334
4 0.56118881484375 0.3631415430555555 0.56118881484375 0.4033366 0.57054456015625 0.4033366 0.57054456015625 0.3631415430555555
4 0.7755913234375 0.32987666527777776 0.7755913234375 0.494815 0.8106753718749999 0.494815 0.8106753718749999 0.32987666527777776
4 0.10821478359375 0.40749470694444445 0.10821478359375 0.4366014708333333 0.1191298203125 0.4366014708333333 0.1191298203125 0.40749470694444445
2 0.00149962890625 0.4130388583333333 0.00149962890625 0.5169915902777777 0.131604146875 0.5169915902777777 0.131604146875 0.4130388583333333
2 0.23061912578125 0.38254605416666665 0.23061912578125 0.44630372777777777 0.27895714531250004 0.44630372777777777 0.27895714531250004 0.38254605416666665
2 0.26882175703125 0.36591361527777777 0.26882175703125 0.46432220138888886 0.35536240625 0.46432220138888886 0.35536240625 0.36591361527777777
2 0.27661821015625 0.3936343444444444 0.27661821015625 0.4962010416666667 0.3686163765625 0.4962010416666667 0.3686163765625 0.3936343444444444
2 0.3842092875 0.36452758333333335 0.3842092875 0.615400175 0.53779944921875 0.615400175 0.53779944921875 0.36452758333333335
2 0.587696759375 0.39224830833333335 0.587696759375 0.5765911499999999 0.76467628671875 0.5765911499999999 0.76467628671875 0.39224830833333335
7 0.73037188515625 0.3243325236111111 0.73037188515625 0.33680685 0.74830373515625 0.33680685 0.74830373515625 0.3243325236111111
7 0.73037188515625 0.25364466666666663 0.73037188515625 0.2675050305555556 0.74518515078125 0.2675050305555556 0.74518515078125 0.25364466666666663
6 0.5011561109375 0.3229464902777778 0.5011561109375 0.3354208166666667 0.50895256640625 0.3354208166666667 0.50895256640625 0.3229464902777778
6 0.4879021359375 0.3409649652777778 0.4879021359375 0.35205325416666666 0.49413929921875 0.35205325416666666 0.49413929921875 0.3409649652777778
2 0.83865725625 0.4584371875 0.83865725625 0.9670305875 0.99949698984375 0.9670305875 0.99949698984375 0.4584371875
4 0.5960792984375 0.3623435013888889 0.5960792984375 0.4068747208333333 0.60530780625 0.4068747208333333 0.60530780625 0.3623435013888889