2 0.7179024234375 0.5338982041666667 0.7179024234375 0.5705083666666667 0.77367571796875 0.5705083666666667 0.77367571796875 0.5338982041666667
2 0.6235168484375 0.5598304041666667 0.6235168484375 0.5766100597222222 0.6501164187499999 0.5766100597222222 0.6501164187499999 0.5598304041666667
2 0.55744694609375 0.5399998972222223 0.55744694609375 0.5735592152777778 0.59605922734375 0.5735592152777778 0.59605922734375 0.5399998972222223
2 0.443326190625 0.5354236277777779 0.443326190625 0.5857625958333333 0.48279652421875 0.5857625958333333 0.48279652421875 0.5354236277777779
2 0.40070966953125 0.5461015902777778 0.40070966953125 0.5933897166666666 0.45390881484375 0.5933897166666666 0.45390881484375 0.5461015902777778
2 0.31233044921875003 0.5476270138888889 0.31233044921875003 0.6071185291666666 0.37325204765625003 0.6071185291666666 0.37325204765625003 0.5476270138888889
2 0.21966097578125 0.5522032833333334 0.21966097578125 0.6269490333333333 0.31747875390625 0.6269490333333333 0.31747875390625 0.5522032833333334
2 0.76766936328125 0.5338982041666667 0.76766936328125 0.5705083666666667 0.78139817421875 0.5705083666666667 0.78139817421875 0.5338982041666667
2 0.7805401234375 0.48355922916666666 0.7805401234375 0.5903388680555556 0.86119688828125 0.5903388680555556 0.86119688828125 0.48355922916666666
2 0.79169478203125 0.4942371944444444 0.79169478203125 0.6315253055555555 0.8569066328125 0.6315253055555555 0.8569066328125 0.4942371944444444
2 0.82687486171875 0.4850846569444444 0.82687486171875 0.6940676666666666 0.9264087421875 0.6940676666666666 0.9264087421875 0.4850846569444444
2 0.8702779070312501 0.38471178611111106 0.8702779070312501 0.7039829166666667 0.9987709953125 0.7039829166666667 0.9987709953125 0.38471178611111106
2 0.00034322109375 0.5326778597222221 0.00034322109375 0.6714913930555555 0.073277528125 0.6714913930555555 0.073277528125 0.5326778597222221