2 0 0.4199690375 0 0.47218831666666666 0.029626529687499997 0.47218831666666666 0.029626529687499997 0.4199690375
2 0.0085761 0.418583 0.0085761 0.4615501291666667 0.04210085703125 0.4615501291666667 0.04210085703125 0.418583
2 0.033524757031250005 0.41165281666666664 0.033524757031250005 0.44630373055555556 0.0647105765625 0.44630373055555556 0.0647105765625 0.41165281666666664
2 0.03118581875 0.4130388569444444 0.03118581875 0.47818256805555553 0.13643796015625 0.47818256805555553 0.13643796015625 0.4130388569444444
2 0.09745568671875 0.40333659861111115 0.09745568671875 0.4366014736111111 0.13331937968750002 0.4366014736111111 0.13331937968750002 0.40333659861111115
2 0.18867420859375 0.3991784902777778 0.18867420859375 0.44214561944444447 0.219860028125 0.44214561944444447 0.219860028125 0.3991784902777778
2 0.22141931874999998 0.3853181263888889 0.22141931874999998 0.43798751111111106 0.30094315859375 0.43798751111111106 0.30094315859375 0.3853181263888889
2 0.2830113125 0.38254605416666665 0.2830113125 0.421355075 0.32277323203125 0.421355075 0.32277323203125 0.38254605416666665
2 0.31419713203125 0.3853181263888889 0.31419713203125 0.4199690375 0.34382366171875 0.4199690375 0.34382366171875 0.3853181263888889
2 0.341484725 0.38254605416666665 0.341484725 0.4144248916666667 0.36643338124999997 0.4144248916666667 0.36643338124999997 0.38254605416666665
2 0.3609758625 0.3742298333333333 0.3609758625 0.40888074583333334 0.39528026328125 0.40888074583333334 0.39528026328125 0.3742298333333333
2 0.37578912578125 0.3797739805555556 0.37578912578125 0.39502038055555555 0.39683955390625003 0.39502038055555555 0.39683955390625003 0.3797739805555556
2 0.6447668195312499 0.3368068486111111 0.6447668195312499 0.3756158708333333 0.65802079296875 0.3756158708333333 0.65802079296875 0.3368068486111111
2 0.69700306796875 0.3437370347222222 0.69700306796875 0.3770019097222222 0.7102570390625 0.3770019097222222 0.7102570390625 0.3437370347222222
2 0.65802079453125 0.32849063333333334 0.65802079453125 0.3880901986111111 0.6931048414062501 0.3880901986111111 0.6931048414062501 0.32849063333333334
2 0.6237163906250001 0.34512306805555554 0.6237163906250001 0.36868568749999997 0.63619071953125 0.36868568749999997 0.63619071953125 0.34512306805555554
2 0.59720844609375 0.35205325416666666 0.59720844609375 0.3770019097222222 0.6151402921875 0.3770019097222222 0.6151402921875 0.35205325416666666
4 0.9129648679687501 0.2938397236111111 0.9129648679687501 0.3672996513888889 0.9277781328125 0.3672996513888889 0.9277781328125 0.2938397236111111
4 0.886456921875 0.27582124722222223 0.886456921875 0.3756158708333333 0.90672770390625 0.3756158708333333 0.90672770390625 0.27582124722222223
2 0.824864928125 0.324332525 0.824864928125 0.35205325277777777 0.8661861390625001 0.35205325277777777 0.8661861390625001 0.324332525
2 0.8482542929687501 0.3215604513888889 0.8482542929687501 0.3589834361111111 0.886456921875 0.3589834361111111 0.886456921875 0.3215604513888889
2 0.86930472109375 0.31740234166666664 0.86930472109375 0.35066721666666667 0.8958126671875 0.35066721666666667 0.8958126671875 0.31740234166666664
2 0.9386931695312499 0.3215604513888889 0.9386931695312499 0.36452758194444446 0.95818430703125 0.36452758194444446 0.95818430703125 0.3215604513888889
2 0.91452415859375 0.3090861236111111 0.91452415859375 0.35759739583333333 0.9394728140625 0.35759739583333333 0.9394728140625 0.3090861236111111
7 0.768730453125 0.23146808194444443 0.768730453125 0.2841374638888889 0.79913662734375 0.2841374638888889 0.79913662734375 0.23146808194444443
7 0.71259597734375 0.3077000861111111 0.71259597734375 0.33264874305555553 0.72662959765625 0.33264874305555553 0.72662959765625 0.3077000861111111
7 0.69544377578125 0.30076990416666666 0.69544377578125 0.3160163055555556 0.7032402304687501 0.3160163055555556 0.7032402304687501 0.30076990416666666
2 0.9918416609375 0.3036982125 0.9918416609375 0.3349000833333333 0.9988620812500001 0.3349000833333333 0.9988620812500001 0.3036982125