2 0.7280136039062499 0.37840751111111115 0.7280136039062499 0.7467594875 0.99936934296875 0.7467594875 0.99936934296875 0.37840751111111115
2 0.61442283125 0.4197132361111111 0.61442283125 0.6066939347222222 0.77429132734375 0.6066939347222222 0.77429132734375 0.4197132361111111
2 0.573403940625 0.4141038138888889 0.573403940625 0.5562091486111111 0.6522864226562499 0.5562091486111111 0.6522864226562499 0.4141038138888889
2 0.54710977890625 0.4384113069444444 0.54710977890625 0.5113337791666667 0.58076630390625 0.5113337791666667 0.58076630390625 0.4384113069444444
2 0.49872852265625 0.4384113069444444 0.49872852265625 0.47580744583333334 0.52502268359375 0.47580744583333334 0.52502268359375 0.4384113069444444
2 0.44298490390625 0.43280188611111114 0.44298490390625 0.5300318472222222 0.505039121875 0.5300318472222222 0.505039121875 0.43280188611111114
2 0.40196601093749995 0.4384113069444444 0.40196601093749995 0.5057243597222222 0.43877783593749997 0.5057243597222222 0.43877783593749997 0.4384113069444444
2 0.33675649375 0.42532265694444443 0.33675649375 0.5300318486111111 0.4082766109375 0.5300318486111111 0.4082766109375 0.42532265694444443
2 0.3251870640625 0.4440207277777778 0.3251870640625 0.5487299180555555 0.37882715078125 0.5487299180555555 0.37882715078125 0.4440207277777778
2 0.22737278593750002 0.45149995694444445 0.22737278593750002 0.5786468319444444 0.33360119374999997 0.5786468319444444 0.33360119374999997 0.45149995694444445
2 0.04436542578125 0.4645886027777778 0.04436542578125 0.6590485305555556 0.26313284453125 0.6590485305555556 0.26313284453125 0.4645886027777778
2 0.00019123671875 0.5019847458333333 0.00019123671875 0.733840811111111 0.09064314921875 0.733840811111111 0.09064314921875 0.5019847458333333
2 0.519763853125 0.42158304305555555 0.519763853125 0.4533697625 0.5344885828125 0.4533697625 0.5344885828125 0.42158304305555555
7 0.82372435 0.1178434375 0.82372435 0.15943523888888889 0.84125917109375 0.15943523888888889 0.84125917109375 0.1178434375