6 0.27357482499999997 0.003552631944444444 0.27357482499999997 0.1083552625 0.29455755546875 0.1083552625 0.29455755546875 0.003552631944444444
6 0.582320715625 0.2948684222222222 0.582320715625 0.34105263333333335 0.59331166875 0.34105263333333335 0.59331166875 0.2948684222222222
6 0.7182088734375001 0.4511842125 0.7182088734375001 0.47427631805555553 0.73219736015625 0.47427631805555553 0.73219736015625 0.4511842125
6 0.5943108460937501 0.29842105416666664 0.5943108460937501 0.34282894722222224 0.6082993328125 0.34282894722222224 0.6082993328125 0.29842105416666664
6 0.10071709375 0.21848684305555557 0.10071709375 0.2966447388888889 0.12469735703125 0.2966447388888889 0.12469735703125 0.21848684305555557
6 0.080733540625 0.21671052638888888 0.080733540625 0.29664473750000003 0.0967203828125 0.29664473750000003 0.0967203828125 0.21671052638888888
6 0.29355837734375 0.01953947361111111 0.29355837734375 0.12611842083333333 0.30854604218750004 0.12611842083333333 0.30854604218750004 0.01953947361111111
6 0.31653946328125004 0.30907894722222223 0.31653946328125004 0.3730263166666667 0.33752219375000003 0.3730263166666667 0.33752219375000003 0.30907894722222223
6 0.272575646875 0.30907894722222223 0.272575646875 0.3694736847222222 0.29156002187499996 0.3694736847222222 0.29156002187499996 0.30907894722222223
6 0.50838156953125 0.45651315972222223 0.50838156953125 0.47072368750000004 0.514376634375 0.47072368750000004 0.514376634375 0.45651315972222223
6 0.514376634375 0.45473684583333335 0.514376634375 0.47250000277777776 0.51937252265625 0.47250000277777776 0.51937252265625 0.45473684583333335
7 0.3285295953125 0.44585526666666664 0.3285295953125 0.45828947638888884 0.34851314765625 0.45828947638888884 0.34851314765625 0.44585526666666664
7 0.71221380703125 0.4121052666666667 0.71221380703125 0.4245394763888889 0.7282006492187499 0.4245394763888889 0.7282006492187499 0.4121052666666667
7 0.696226965625 0.429868425 0.696226965625 0.44585526666666664 0.72120640625 0.44585526666666664 0.72120640625 0.429868425
7 0.5963092023437501 0.46184210833333333 0.5963092023437501 0.47427631805555553 0.6112968671875 0.47427631805555553 0.6112968671875 0.46184210833333333
7 0.52736594453125 0.49203947638888884 0.52736594453125 0.5080263180555555 0.5343601875 0.5080263180555555 0.5343601875 0.49203947638888884
7 0.46941364140625 0.47072368750000004 0.46941364140625 0.4902631611111111 0.47740706250000003 0.4902631611111111 0.47740706250000003 0.47072368750000004
2 0.40846380546875 0.5133552666666666 0.40846380546875 0.5400000027777778 0.43044571328125 0.5400000027777778 0.43044571328125 0.5133552666666666
2 0.44443420078124996 0.5080263180555555 0.44443420078124996 0.5364473708333333 0.45642433281250006 0.5364473708333333 0.45642433281250006 0.5080263180555555
2 0.5643355171875 0.5133552666666666 0.5643355171875 0.5417763180555556 0.5833198921875 0.5417763180555556 0.5833198921875 0.5133552666666666
2 0.580322359375 0.5151315819444444 0.580322359375 0.5435526347222221 0.592312490625 0.5435526347222221 0.592312490625 0.5151315819444444
2 0.5873166039062501 0.5133552666666666 0.5873166039062501 0.5488815819444445 0.6023042671875001 0.5488815819444445 0.6023042671875001 0.5133552666666666
2 0.13069242265625 0.5009210555555555 0.13069242265625 0.6714473722222223 0.29056084375 0.6714473722222223 0.29056084375 0.5009210555555555
2 0 0.5257894763888888 0 0.6927631611111111 0.11670393593749999 0.6927631611111111 0.11670393593749999 0.5257894763888888
2 0.8321151234374999 0.4867105291666667 0.8321151234374999 0.7069736875 0.9989777890625 0.7069736875 0.9989777890625 0.4867105291666667
2 0.32353370703125 0.5151315819444444 0.32353370703125 0.5719736888888889 0.3684967 0.5719736888888889 0.3684967 0.5151315819444444
2 0.387481075 0.51157895 0.387481075 0.5400000013888889 0.4044670953125 0.5400000013888889 0.4044670953125 0.51157895
2 0.4294465359375 0.5133552666666666 0.4294465359375 0.5417763180555556 0.44443420078124996 0.5417763180555556 0.44443420078124996 0.5133552666666666
2 0.44743173359375 0.5062500027777778 0.44743173359375 0.5506578972222222 0.47840623984375 0.5506578972222222 0.47840623984375 0.5062500027777778
2 0.483402128125 0.49381579166666667 0.483402128125 0.5701973708333333 0.53036347734375 0.5701973708333333 0.53036347734375 0.49381579166666667
2 0.5963092023437501 0.5062500027777778 0.5963092023437501 0.5630921097222222 0.63627630703125 0.5630921097222222 0.63627630703125 0.5062500027777778
6 0.47473142109375 0.44537887361111117 0.47473142109375 0.4627087902777778 0.47960546015625 0.4627087902777778 0.47960546015625 0.44537887361111117