2 0.32288394765625 0.4685670777777778 0.32288394765625 0.48132298749999997 0.33364674609375 0.48132298749999997 0.33364674609375 0.4685670777777778
2 0.45682099296875 0.4677166652777777 0.45682099296875 0.4825985597222222 0.466387925 0.4825985597222222 0.466387925 0.4677166652777777
2 0.4424705953125 0.4634646958333334 0.4424705953125 0.48897651388888885 0.458016859375 0.48897651388888885 0.458016859375 0.4634646958333334
2 0.365935140625 0.45921272638888894 0.365935140625 0.4932284833333333 0.38506900546875 0.4932284833333333 0.38506900546875 0.45921272638888894
2 0.313317015625 0.4677166652777777 0.313317015625 0.4825985597222222 0.32527568046875 0.4825985597222222 0.32527568046875 0.4677166652777777
2 0.29896661796875 0.4634646958333334 0.29896661796875 0.4762206041666666 0.313317015625 0.4762206041666666 0.313317015625 0.4634646958333334
2 0.29537901875 0.47196863472222217 0.29537901875 0.48897651388888885 0.31212114921875 0.48897651388888885 0.31212114921875 0.47196863472222217
2 0.2846162203125 0.46984265 0.2846162203125 0.4847245444444444 0.29657488593750003 0.4847245444444444 0.29657488593750003 0.46984265
2 0.27026582265625 0.47196863472222217 0.27026582265625 0.48685052777777776 0.2858120875 0.48685052777777776 0.2858120875 0.47196863472222217
2 0.24634849375 0.47196863472222217 0.24634849375 0.48685052777777776 0.2714616890625 0.48685052777777776 0.2714616890625 0.47196863472222217
2 0.2188435640625 0.4677166652777777 0.2188435640625 0.48897651527777775 0.24754435937500002 0.48897651527777775 0.24754435937500002 0.4677166652777777
2 0.1805758375 0.45921272638888894 0.1805758375 0.4932284833333333 0.21406009843749998 0.4932284833333333 0.21406009843749998 0.45921272638888894
2 0.15546264140625 0.4740946194444444 0.15546264140625 0.49535446944444445 0.19731796796875 0.49535446944444445 0.19731796796875 0.4740946194444444
2 0.14111224375 0.47196863472222217 0.14111224375 0.49535446805555555 0.16742130703125 0.49535446805555555 0.16742130703125 0.47196863472222217
2 0.089689984375 0.46984265 0.089689984375 0.4996064375 0.13034944453125 0.4996064375 0.13034944453125 0.46984265
2 0.029896661718750002 0.4762206041666666 0.029896661718750002 0.5059843916666666 0.09088585234374999 0.5059843916666666 0.09088585234374999 0.4762206041666666
2 0.50585151796875 0.4655906805555555 0.50585151796875 0.47834658888888887 0.51900604921875 0.47834658888888887 0.51900604921875 0.4655906805555555
7 0.46399619140625 0.4464568166666667 0.46399619140625 0.4613387097222222 0.47475898984375 0.4613387097222222 0.47475898984375 0.4464568166666667
7 0.58119110625 0.42519696944444446 0.58119110625 0.45070878611111115 0.595541503125 0.45070878611111115 0.595541503125 0.42519696944444446
7 0.5823869726562501 0.45921272638888894 0.5823869726562501 0.47196863472222217 0.59434563828125 0.47196863472222217 0.59434563828125 0.45921272638888894
7 0.503938125 0.45283477083333334 0.503938125 0.4677166638888889 0.51350505625 0.4677166638888889 0.51350505625 0.45283477083333334
2 0.46447453203125005 0.4549607541666667 0.46447453203125005 0.5102363625 0.5015463921875 0.5102363625 0.5015463921875 0.4549607541666667
2 0.32886328046875 0.4549607541666667 0.32886328046875 0.5144883319444444 0.3695227390625 0.5144883319444444 0.3695227390625 0.4549607541666667
2 0.37071860703125 0.4315749222222222 0.37071860703125 0.5676379541666666 0.45442926015624996 0.5676379541666666 0.45442926015624996 0.4315749222222222