7 0.17977037109375 0.4288774597222222 0.17977037109375 0.5115305027777778 0.27378820703125 0.5115305027777778 0.27378820703125 0.4288774597222222
7 0.27378820703125 0.4343876625 0.27378820703125 0.5152039708333334 0.36057390390625 0.5152039708333334 0.36057390390625 0.4343876625
7 0.158073946875 0.5611223305555556 0.158073946875 0.5886733444444444 0.170471903125 0.5886733444444444 0.170471903125 0.5611223305555556
7 0.24589280390625 0.5556121263888889 0.24589280390625 0.5758162055555556 0.2582907609375 0.5758162055555556 0.2582907609375 0.5556121263888889
7 0.27068871796875 0.5501019236111111 0.27068871796875 0.5776529402777778 0.30065044687500003 0.5776529402777778 0.30065044687500003 0.5501019236111111
7 0.30168360859375 0.5482651916666667 0.30168360859375 0.5776529402777778 0.3285458484375 0.5776529402777778 0.3285458484375 0.5482651916666667
7 0.27895402265625 0.5794896722222223 0.27895402265625 0.5941835472222222 0.29445146796875 0.5941835472222222 0.29445146796875 0.5794896722222223
7 0.2603570875 0.5739794708333333 0.2603570875 0.5905100791666666 0.27585453359375 0.5905100791666666 0.27585453359375 0.5739794708333333
7 0.62764655078125 0.4307141944444444 0.62764655078125 0.5243876444444444 0.680337865625 0.5243876444444444 0.680337865625 0.4307141944444444
7 0.7020342898437499 0.570306 0.7020342898437499 0.5905100791666666 0.71443224609375 0.5905100791666666 0.71443224609375 0.570306
2 0.29858412031250003 0.5978570138888889 0.29858412031250003 0.6180610930555556 0.313048403125 0.6180610930555556 0.313048403125 0.5978570138888889
2 0.283086675 0.5960202819444445 0.283086675 0.6070406861111112 0.29341830468749996 0.6070406861111112 0.29341830468749996 0.5960202819444445
2 0.1146810984375 0.5960202819444445 0.1146810984375 0.6217345625 0.15600762031249998 0.6217345625 0.15600762031249998 0.5960202819444445
2 0.2448596421875 0.5960202819444445 0.2448596421875 0.6088774208333334 0.25519127265625 0.6088774208333334 0.25519127265625 0.5960202819444445
2 0.23039535859375002 0.59969375 0.23039535859375002 0.6162243583333333 0.2448596421875 0.6162243583333333 0.2448596421875 0.59969375
2 0.26862239140625 0.6015304847222223 0.26862239140625 0.6198978277777778 0.28618616328125 0.6198978277777778 0.28618616328125 0.6015304847222223
2 0.55170906640625 0.5298978472222222 0.55170906640625 0.6658161833333334 0.64985955625 0.6658161833333334 0.64985955625 0.5298978472222222