7 0.57763665703125 0.5251815083333333 0.57763665703125 0.6594187708333333 0.6471387617187501 0.6594187708333333 0.6471387617187501 0.5251815083333333
6 0.426665703125 0.5285592222222222 0.426665703125 0.5483897263888888 0.4386784125 0.5483897263888888 0.4386784125 0.5285592222222222
6 0.262778021875 0.525508375 0.262778021875 0.5377117625 0.27564878203125 0.5377117625 0.27564878203125 0.525508375
2 0.278222934375 0.563643961111111 0.278222934375 0.595677851388889 0.28937759375 0.595677851388889 0.28937759375 0.563643961111111
2 0.28508733984375 0.5544914208333332 0.28508733984375 0.5987287 0.3116869109375 0.5987287 0.3116869109375 0.5544914208333332
2 0.3039644546875 0.5666948083333333 0.3039644546875 0.6078812388888889 0.3219835203125 0.6078812388888889 0.3219835203125 0.5666948083333333
2 0.3194093671875 0.5468643027777778 0.3194093671875 0.6094066652777778 0.36574410546874997 0.6094066652777778 0.36574410546874997 0.5468643027777778
2 0.34000258359375 0.5712710777777777 0.34000258359375 0.6261863222222223 0.37947291640624997 0.6261863222222223 0.37947291640624997 0.5712710777777777
2 0.37260851015625 0.5727965013888888 0.37260851015625 0.6353388638888889 0.425807653125 0.6353388638888889 0.425807653125 0.5727965013888888
9 0.23875260312500002 0.5346609152777777 0.23875260312500002 0.6033049722222222 0.2816551375 0.6033049722222222 0.2816551375 0.5346609152777777
7 0.927843915625 0.3652299472222222 0.927843915625 0.4415011166666667 0.9767528046875 0.4415011166666667 0.9767528046875 0.3652299472222222