6 0.32407981328125 0.20250005416666667 0.32407981328125 0.25352369027777777 0.336038478125 0.25352369027777777 0.336038478125 0.20250005416666667
6 0.30375008359375 0.20462604027777778 0.30375008359375 0.25564967916666664 0.31212114921875 0.25564967916666664 0.31212114921875 0.20462604027777778
6 0.31212114921875 0.20037407083333333 0.31212114921875 0.25990164583333336 0.32527568046875 0.25990164583333336 0.32527568046875 0.20037407083333333
6 0.07773132109375 0.37683081111111105 0.07773132109375 0.4044686152777778 0.09088585234374999 0.4044686152777778 0.09088585234374999 0.37683081111111105
2 0.16981303828125 0.47675209861111106 0.16981303828125 0.5469095986111111 0.24754435937500002 0.5469095986111111 0.24754435937500002 0.47675209861111106
2 0.07892718671875 0.4725001319444444 0.07892718671875 0.5384056611111111 0.16742130546875 0.5384056611111111 0.16742130546875 0.4725001319444444
4 0.40420286796875005 0.4448623277777778 0.40420286796875005 0.5043899027777777 0.41974913125 0.5043899027777777 0.41974913125 0.4448623277777778
4 0.39702766796875 0.44911429722222224 0.39702766796875 0.5107678597222223 0.40659460078125004 0.5107678597222223 0.40659460078125004 0.44911429722222224
4 0.38626487109375 0.4576182375 0.38626487109375 0.5065158888888889 0.39941940234375 0.5065158888888889 0.39941940234375 0.4576182375
4 0.3683268734375 0.44911429722222224 0.3683268734375 0.5086418736111111 0.3814814046875 0.5086418736111111 0.3814814046875 0.44911429722222224
6 0.49389285312500003 0.4087205861111111 0.49389285312500003 0.42998043333333336 0.50704738515625 0.42998043333333336 0.50704738515625 0.4087205861111111
6 0.6266340328125 0.2301378583333333 0.6266340328125 0.27053157083333335 0.638592696875 0.27053157083333335 0.638592696875 0.2301378583333333
6 0.638592696875 0.2237599041666667 0.638592696875 0.27478354027777774 0.65174722890625 0.27478354027777774 0.65174722890625 0.2237599041666667
6 0.86610629296875 0.0005314958333333333 0.86610629296875 0.12383861666666666 0.89719882265625 0.12383861666666666 0.89719882265625 0.0005314958333333333
6 0.87447735859375 0.15785437500000002 0.87447735859375 0.23226384444444445 0.8995905546875 0.23226384444444445 0.8995905546875 0.15785437500000002
2 0.86610629296875 0.4576182375 0.86610629296875 0.47675209861111106 0.879260825 0.47675209861111106 0.879260825 0.4576182375
2 0.82036440078125 0.4554922541666667 0.82036440078125 0.4788780875 0.83830239765625 0.4788780875 0.83830239765625 0.4554922541666667
2 0.8538486609374999 0.44911429722222224 0.8538486609374999 0.47462611527777776 0.8717866578125 0.47462611527777776 0.8717866578125 0.44911429722222224
2 0.8036222703125 0.4448623277777778 0.8036222703125 0.4958859625 0.8227561343750001 0.4958859625 0.8227561343750001 0.4448623277777778
2 0.44725406015624997 0.4512402819444445 0.44725406015624997 0.5426576305555556 0.48313005468750003 0.5426576305555556 0.48313005468750003 0.4512402819444445
2 0.45921272578125 0.4427363430555556 0.45921272578125 0.6000592208333333 0.5752117734375 0.6000592208333333 0.5752117734375 0.4427363430555556
2 0.21346216562500003 0.4602757166666666 0.21346216562500003 0.564448975 0.347399209375 0.564448975 0.347399209375 0.4602757166666666
2 0.8389003304687501 0.45602375 0.8389003304687501 0.4857875375 0.8676011257812499 0.4857875375 0.8676011257812499 0.45602375
2 0.56743864140625 0.3348426125 0.56743864140625 0.7366537458333334 0.8197664671875 0.7366537458333334 0.8197664671875 0.3348426125