2 0.30077226328125 0.43941206250000003 0.30077226328125 0.4870591541666667 0.32459580859375003 0.4870591541666667 0.32459580859375003 0.43941206250000003
2 0.16080893359374998 0.4341179430555555 0.16080893359374998 0.5161768208333334 0.20547808046875 0.5161768208333334 0.20547808046875 0.4341179430555555
2 0.5738496703125 0.4235297013888889 0.5738496703125 0.45529442777777773 0.5932063015625 0.45529442777777773 0.5932063015625 0.4235297013888889
2 0.59469527265625 0.41823557916666665 0.59469527265625 0.4526473680555556 0.615540875 0.4526473680555556 0.615540875 0.41823557916666665
2 0.6736107671875 0.4102943972222222 0.6736107671875 0.4526473680555556 0.7212578578125 0.4526473680555556 0.7212578578125 0.4102943972222222
2 0.7242358015625 0.4023532138888889 0.7242358015625 0.45529442777777773 0.78230569453125 0.45529442777777773 0.78230569453125 0.4023532138888889
2 0.32608478125 0.4447061847222222 0.32608478125 0.4632356083333333 0.34097449765625 0.4632356083333333 0.34097449765625 0.4447061847222222
2 0.40734008828125 0.4363868222222222 0.40734008828125 0.4602103680555556 0.41776288984375 0.4602103680555556 0.41776288984375 0.4363868222222222
2 0.3864944859375 0.4416809444444445 0.3864944859375 0.4575633097222222 0.39840625859375 0.4575633097222222 0.39840625859375 0.4416809444444445
2 0.040202234375 0.4261767625 0.040202234375 0.5876474611111111 0.1801655640625 0.5876474611111111 0.1801655640625 0.4261767625
2 0 0.46852973194444447 0 0.5247504611111111 0.053602978125 0.5247504611111111 0.053602978125 0.46852973194444447
2 0.256103115625 0.43676500416666664 0.256103115625 0.5002944583333334 0.30375020625000004 0.5002944583333334 0.30375020625000004 0.43676500416666664
9 0.360331128125 0.4341179430555555 0.360331128125 0.4579414888888889 0.37522084453125004 0.4579414888888889 0.37522084453125004 0.4341179430555555
7 0.34246346796875 0.4155885194444444 0.34246346796875 0.4235297013888889 0.3543752421875 0.4235297013888889 0.3543752421875 0.4155885194444444
7 0.5077393171875 0.37323554861111113 0.5077393171875 0.39441203333333336 0.5211400617187499 0.39441203333333336 0.5211400617187499 0.37323554861111113
2 0.21191845546875002 0.4574747611111111 0.21191845546875002 0.4776574708333334 0.22579406875000002 0.4776574708333334 0.22579406875000002 0.4574747611111111
2 0.22705548828125002 0.45523223749999997 0.22705548828125002 0.4776574708333334 0.24093110078125002 0.4776574708333334 0.24093110078125002 0.45523223749999997
2 0.34411521015625 0.4440196208333333 0.34411521015625 0.4574747611111111 0.3592522421875 0.4574747611111111 0.3592522421875 0.4440196208333333
2 0.3958334046875 0.44177709722222225 0.3958334046875 0.4507471902777778 0.40592475937500005 0.4507471902777778 0.40592475937500005 0.44177709722222225