2 0 0.41602495 0 0.5761945527777778 0.0733365796875 0.5761945527777778 0.0733365796875 0.41602495
2 0.69347376796875 0.5533131805555556 0.69347376796875 0.9963797513888889 0.9988620812500001 0.9963797513888889 0.9988620812500001 0.5533131805555556
4 0.30033019140625 0.4805088152777778 0.30033019140625 0.5553933055555555 0.322561525 0.5553933055555555 0.322561525 0.4805088152777778
4 0.35181327890624997 0.4825889402777778 0.35181327890624997 0.5200311847222222 0.36819426171875 0.5200311847222222 0.36819426171875 0.4825889402777778
4 0.6642220140624999 0.5096305611111112 0.6642220140624999 0.5657939291666666 0.67358257578125 0.5657939291666666 0.67358257578125 0.5096305611111112
2 0.06748622890625 0.46386781666666665 0.06748622890625 0.5553933055555555 0.17981296484375 0.5553933055555555 0.17981296484375 0.46386781666666665
2 0.17279254375 0.4825889402777778 0.17279254375 0.5616336805555556 0.24767703515625 0.5616336805555556 0.24767703515625 0.4825889402777778
2 0.24416682265624998 0.4929895638888889 0.24416682265624998 0.5491529319444445 0.3061805421875 0.5491529319444445 0.3061805421875 0.4929895638888889
2 0.3190513140625 0.4950696875 0.3190513140625 0.5408324319444445 0.35883369921875 0.5408324319444445 0.35883369921875 0.4950696875
2 0.35883369921875 0.5013100625 0.35883369921875 0.5366721833333333 0.403296365625 0.5366721833333333 0.403296365625 0.5013100625
2 0.39978615624999997 0.5013100625 0.39978615624999997 0.5470728069444445 0.43605833046875003 0.5470728069444445 0.43605833046875003 0.5013100625
2 0.4629699453125 0.5117106875 0.4629699453125 0.5429125583333333 0.49807205000000004 0.5429125583333333 0.49807205000000004 0.5117106875
2 0.49222169921875 0.5200311847222222 0.49222169921875 0.5449926805555555 0.51445303125 0.5449926805555555 0.51445303125 0.5200311847222222
2 0.51211289296875 0.4992299375 0.51211289296875 0.6406784208333333 0.62560969921875 0.6406784208333333 0.62560969921875 0.4992299375
2 0.60688857578125 0.5158709361111111 0.60688857578125 0.5470728069444445 0.62326955703125 0.5470728069444445 0.62326955703125 0.5158709361111111
2 0.6326301187500001 0.5200311847222222 0.6326301187500001 0.5533131805555556 0.650181171875 0.5533131805555556 0.650181171875 0.5200311847222222
2 0.51679317265625 0.5200311847222222 0.51679317265625 0.5366721833333333 0.52615373359375 0.5366721833333333 0.52615373359375 0.5200311847222222
7 0.40446643671875 0.4451466944444445 0.40446643671875 0.4784286902777778 0.42084741875000004 0.4784286902777778 0.42084741875000004 0.4451466944444445
7 0.7051744695312501 0.2350540972222222 0.7051744695312501 0.36194170555555555 0.774208609375 0.36194170555555555 0.774208609375 0.2350540972222222
7 0.71921531171875 0.36194170555555555 0.71921531171875 0.4035442 0.7636779781249999 0.4035442 0.7636779781249999 0.36194170555555555