2 0.3440432953125 0.3278570736111111 0.3440432953125 0.34622441527777775 0.3554080890625 0.34622441527777775 0.3554080890625 0.3278570736111111
2 0.32338003359375 0.34255094861111113 0.32338003359375 0.35540808888888886 0.33164533828125 0.35540808888888886 0.33164533828125 0.34255094861111113
2 0.39983409609375 0.3186734 0.39983409609375 0.33887747777777777 0.40913256562500006 0.33887747777777777 0.40913256562500006 0.3186734
2 0.40913256562500006 0.3186734 0.40913256562500006 0.34255094583333334 0.4235968484375 0.34255094583333334 0.4235968484375 0.3186734
2 0.30065044531249996 0.3315305416666667 0.30065044531249996 0.36826522916666665 0.32441319609375 0.36826522916666665 0.32441319609375 0.3315305416666667
2 0.29135197890625003 0.35173461944444445 0.29135197890625003 0.3756121638888889 0.303749934375 0.3756121638888889 0.303749934375 0.35173461944444445
2 0.160140271875 0.3737754291666667 0.160140271875 0.46193867499999997 0.235561175 0.46193867499999997 0.235561175 0.3737754291666667
2 0.3833034890625 0.32969380694444445 0.3833034890625 0.3498978833333333 0.39156879375 0.3498978833333333 0.39156879375 0.32969380694444445
2 0.36057390390625 0.3278570736111111 0.36057390390625 0.36642849027777774 0.38640297890625 0.36642849027777774 0.38640297890625 0.3278570736111111
2 0.33198972109375 0.33306115555555554 0.33198972109375 0.35510196527777776 0.3474871671875 0.35510196527777776 0.3474871671875 0.33306115555555554
2 0.41051011171875 0.3146938125 0.41051011171875 0.3459182972222222 0.43530602500000004 0.3459182972222222 0.43530602500000004 0.3146938125
6 0.33818869765625 0.19530608333333335 0.33818869765625 0.22653056527777776 0.348520328125 0.22653056527777776 0.348520328125 0.19530608333333335
7 0.64196012109375 0.059387734722222224 0.64196012109375 0.14020404166666667 0.6874192953125 0.14020404166666667 0.6874192953125 0.059387734722222224
6 0.97670494921875 0.009795906944444445 0.97670494921875 0.07959180972222223 0.9963350453125001 0.07959180972222223 0.9963350453125001 0.009795906944444445
7 0.6739881750000001 0.15306118333333335 0.6739881750000001 0.17877546111111112 0.7029167390625 0.17877546111111112 0.7029167390625 0.15306118333333335
7 0.510726928125 0.20081629166666665 0.510726928125 0.2246938375 0.52002539609375 0.2246938375 0.52002539609375 0.20081629166666665
6 0.12216530625 0.13459213750000001 0.12216530625 0.23655587500000003 0.154283884375 0.23655587500000003 0.154283884375 0.13459213750000001