4 0.966155221875 0.42005429583333337 0.966155221875 0.4977522 0.98391040703125 0.4977522 0.98391040703125 0.42005429583333337
4 0.9538631703125 0.4224823541666667 0.9538631703125 0.5026083194444445 0.97298413984375 0.5026083194444445 0.97298413984375 0.4224823541666667
4 0.92108436640625 0.427338475 0.92108436640625 0.5026083194444445 0.94157111796875 0.5026083194444445 0.94157111796875 0.427338475
4 0.8787450789062501 0.42005429583333337 0.8787450789062501 0.5098924986111111 0.9074265304687501 0.5098924986111111 0.9074265304687501 0.42005429583333337
4 0.8063585546875001 0.4346226527777778 0.8063585546875001 0.4807557861111111 0.8159190390625 0.4807557861111111 0.8159190390625 0.4346226527777778
4 0.8104559054687501 0.4370507125 0.8104559054687501 0.5098924986111111 0.8282110914062499 0.5098924986111111 0.8282110914062499 0.4370507125
4 0.709387928125 0.4419068291666666 0.709387928125 0.4758996638888889 0.71894841171875 0.4758996638888889 0.71894841171875 0.4419068291666666
4 0.7107537109375001 0.4394787708333333 0.7107537109375001 0.5244608527777778 0.73124046484375 0.5244608527777778 0.73124046484375 0.4394787708333333
4 0.72850889765625 0.4394787708333333 0.72850889765625 0.5123205541666667 0.7408009484375 0.5123205541666667 0.7408009484375 0.4394787708333333
4 0.735337815625 0.43219459444444447 0.735337815625 0.5244608555555555 0.753093 0.5244608555555555 0.753093 0.43219459444444447
4 0.74899565 0.4394787708333333 0.74899565 0.5244608527777778 0.762653484375 0.5244608527777778 0.762653484375 0.4394787708333333
4 0.7571903507812501 0.43219459444444447 0.7571903507812501 0.5220327972222222 0.7804086703124999 0.5220327972222222 0.7804086703124999 0.43219459444444447
4 0.68753539375 0.4394787708333333 0.68753539375 0.4807557833333333 0.701193228125 0.4807557833333333 0.701193228125 0.4394787708333333
6 0.15160196640625 0.2015289402777778 0.15160196640625 0.26951460833333335 0.16799136640625 0.26951460833333335 0.16799136640625 0.2015289402777778
6 0.704471140625 0.3812053444444444 0.704471140625 0.4079139972222222 0.726323675 0.4079139972222222 0.726323675 0.3812053444444444
6 0.1652598015625 0.21852535555555555 0.1652598015625 0.2743707263888889 0.1775518515625 0.2743707263888889 0.1775518515625 0.21852535555555555
6 0.13794413125 0.2112411777777778 0.13794413125 0.2598023666666667 0.15296774921875 0.2598023666666667 0.15296774921875 0.2112411777777778
6 0.70255901171875 0.2719426652777778 0.70255901171875 0.32050385416666666 0.7134852796875 0.32050385416666666 0.7134852796875 0.2719426652777778
6 0.6957300937500001 0.2767987819444444 0.6957300937500001 0.32050385416666666 0.70529057734375 0.32050385416666666 0.70529057734375 0.2767987819444444
7 0.11609159453125 0.3035074402777778 0.11609159453125 0.32293191805555554 0.13794413046875 0.32293191805555554 0.13794413046875 0.3035074402777778
7 0.120188946875 0.3544966888888889 0.120188946875 0.3982017597222222 0.146138834375 0.3982017597222222 0.146138834375 0.3544966888888889
7 0.1106284625 0.33021609444444444 0.1106284625 0.34721250972222223 0.12838364765625002 0.34721250972222223 0.12838364765625002 0.33021609444444444
7 0.69163274296875 0.32293191527777776 0.69163274296875 0.33992833055555555 0.71621684609375 0.33992833055555555 0.71621684609375 0.32293191527777776
7 0.69299852734375 0.3933456375 0.69299852734375 0.4273384722222222 0.70529057890625 0.4273384722222222 0.70529057890625 0.3933456375
2 0.33734851718750003 0.4686154847222222 0.33734851718750003 0.5220327916666666 0.37012732265625 0.5220327916666666 0.37012732265625 0.4686154847222222
2 0.3236906828125 0.4540471277777778 0.3236906828125 0.4709402402777778 0.35510370234375 0.4709402402777778 0.35510370234375 0.4540471277777778
2 0.35783527109375 0.4564751861111111 0.35783527109375 0.47832772222222225 0.3783220234375 0.47832772222222225 0.3783220234375 0.4564751861111111
2 0.35920105390625 0.45890324722222225 0.35920105390625 0.5268889138888889 0.41929552656249997 0.5268889138888889 0.41929552656249997 0.45890324722222225
4 0.00546313359375 0.46133130694444446 0.00546313359375 0.5123205541666667 0.0259498875 0.5123205541666667 0.0259498875 0.46133130694444446
9 0.38105358828125 0.43219459444444447 0.38105358828125 0.5050363777777778 0.43431914453125 0.5050363777777778 0.43431914453125 0.43219459444444447
2 0 0.32293191527777776 0 0.7915474 0.37832202187499997 0.7915474 0.37832202187499997 0.32293191527777776
2 0.36557471796874996 0.24280595 0.36557471796874996 0.9348029083333333 0.75618879140625 0.9348029083333333 0.75618879140625 0.24280595
2 0.00046802734375 0.4563793666666667 0.00046802734375 0.5167029847222222 0.012168728906249999 0.5167029847222222 0.012168728906249999 0.4563793666666667