7 0.32338003359375 0.45596929305555556 0.32338003359375 0.4633162291666667 0.33577798984374996 0.4633162291666667 0.33577798984374996 0.45596929305555556
7 0.33887747890625 0.4522958222222222 0.33887747890625 0.45964276111111113 0.34920910859375 0.45964276111111113 0.34920910859375 0.4522958222222222
7 0.34301013203125 0.4357652125 0.34301013203125 0.44678561944444445 0.35747441484375 0.44678561944444445 0.35747441484375 0.4357652125
7 0.54576837734375 0.4633162291666667 0.54576837734375 0.46698969861111106 0.5550668453125 0.46698969861111106 0.5550668453125 0.4633162291666667
7 0.52613828125 0.4486223541666667 0.52613828125 0.45596929305555556 0.5375030749999999 0.45596929305555556 0.5375030749999999 0.4486223541666667
7 0.57702156015625 0.4284182763888889 0.57702156015625 0.43576521527777773 0.5883863546875 0.43576521527777773 0.5883863546875 0.4284182763888889
7 0.8141324796875 0.2869897347222222 0.8141324796875 0.3531121708333333 0.8347957414062501 0.3531121708333333 0.8347957414062501 0.2869897347222222
6 0.46905602265625 0.44678561944444445 0.46905602265625 0.4614794930555556 0.47318867578125 0.4614794930555556 0.47318867578125 0.44678561944444445
6 0.51864785 0.4431121513888889 0.51864785 0.457806025 0.52278050234375 0.457806025 0.52278050234375 0.4431121513888889
4 0.70926643046875 0.4486223541666667 0.70926643046875 0.5239284583333333 0.72683020390625 0.5239284583333333 0.72683020390625 0.4486223541666667
4 0.39518486640625 0.4871937736111111 0.39518486640625 0.5220917236111111 0.40345017031249997 0.5220917236111111 0.40345017031249997 0.4871937736111111
2 0.3733162578125 0.48306112222222225 0.3733162578125 0.5326529527777778 0.39294635546875 0.5326529527777778 0.39294635546875 0.48306112222222225
2 0.33198973671875 0.46836724583333333 0.33198973671875 0.5418366166666667 0.37744890937500003 0.5418366166666667 0.37744890937500003 0.46836724583333333
2 0.30306117109374997 0.49408152638888886 0.30306117109374997 0.5528570222222222 0.35058667187500003 0.5528570222222222 0.35058667187500003 0.49408152638888886
2 0.22350761640625 0.4793876513888889 0.22350761640625 0.5748978361111111 0.3082269875 0.5748978361111111 0.3082269875 0.4793876513888889
2 0.48765295859375 0.4867345902777778 0.48765295859375 0.49591826666666666 0.49695142578124996 0.49591826666666666 0.49695142578124996 0.4867345902777778
2 0.49591826250000004 0.4867345902777778 0.49591826250000004 0.49591826666666666 0.5041835671875 0.49591826666666666 0.5041835671875 0.4867345902777778
2 0.4049999140625 0.48857132499999995 0.4049999140625 0.5106121347222222 0.4173978703125 0.5106121347222222 0.4173978703125 0.48857132499999995
2 0.503150403125 0.4867345902777778 0.503150403125 0.49591826666666666 0.5124488742187501 0.49591826666666666 0.5124488742187501 0.4867345902777778
2 0.48455346875 0.4959182638888889 0.48455346875 0.5106121375 0.49798458828125 0.5106121375 0.49798458828125 0.4959182638888889
2 0.4752550015625 0.4848978569444445 0.4752550015625 0.5124488708333333 0.4886861234375 0.5124488708333333 0.4886861234375 0.4848978569444445
2 0.09298467421875 0.5051019319444444 0.09298467421875 0.6263263972222223 0.23246168437499998 0.6263263972222223 0.23246168437499998 0.5051019319444444
2 0.416020340625 0.49408152638888886 0.416020340625 0.5179590763888889 0.44391574296874997 0.5179590763888889 0.44391574296874997 0.49408152638888886
2 0.45528053671875 0.4867345902777778 0.45528053671875 0.5161223388888889 0.47387747109375 0.5161223388888889 0.47387747109375 0.4867345902777778
2 0.5038392 0.49408152638888886 0.5038392 0.5051019319444444 0.5131376695312501 0.5051019319444444 0.5131376695312501 0.49408152638888886
2 0.549642740625 0.4793876513888889 0.549642740625 0.5106121375 0.57340549140625 0.5106121375 0.57340549140625 0.4793876513888889
2 0.63091825625 0.4573468416666666 0.63091825625 0.5510202958333333 0.696007528125 0.5510202958333333 0.696007528125 0.4573468416666666
2 0.7514539640625 0.44693869861111113 0.7514539640625 0.6948978277777778 0.9994130960937501 0.6948978277777778 0.9994130960937501 0.44693869861111113
2 0.51692592109375 0.48918358888888885 0.51692592109375 0.5093876666666667 0.5262243890625 0.5093876666666667 0.5262243890625 0.48918358888888885
2 0.5262243875 0.4873468541666666 0.5262243875 0.5075509361111111 0.5355228578125 0.5075509361111111 0.5355228578125 0.4873468541666666
2 0.53655601875 0.4855101180555556 0.53655601875 0.5130611347222223 0.549987140625 0.5130611347222223 0.549987140625 0.4855101180555556
2 0.5809820304687501 0.4744897152777777 0.5809820304687501 0.5222448055555555 0.5985458015625 0.5222448055555555 0.5985458015625 0.4744897152777777
2 0.5913136609375 0.46897950972222224 0.5913136609375 0.5314284763888889 0.6192090625 0.5314284763888889 0.6192090625 0.46897950972222224
2 0.6047447796875 0.47081624722222226 0.6047447796875 0.5424488847222222 0.63883916015625 0.5424488847222222 0.63883916015625 0.47081624722222226