6 0.43743995703125 0.43875000277777776 0.43743995703125 0.4636184263888889 0.44343502187499995 0.4636184263888889 0.44343502187499995 0.43875000277777776
6 0.5833198921875 0.43697368750000004 0.5833198921875 0.4618421097222222 0.592312490625 0.4618421097222222 0.592312490625 0.43697368750000004
2 0.497390615625 0.5169078972222222 0.497390615625 0.5435526347222221 0.504384859375 0.5435526347222221 0.504384859375 0.5169078972222222
2 0.48040459531249996 0.5222368458333334 0.48040459531249996 0.5471052680555556 0.48839801640624997 0.5471052680555556 0.48839801640624997 0.5222368458333334
2 0.5283651218750001 0.5222368458333334 0.5283651218750001 0.5417763180555556 0.5363585429687501 0.5417763180555556 0.5363585429687501 0.5222368458333334
2 0.5323618328124999 0.5222368458333334 0.5323618328124999 0.5488815805555555 0.55234538359375 0.5488815805555555 0.55234538359375 0.5222368458333334
2 0.54135443125 0.5240131611111111 0.54135443125 0.5506578972222222 0.5673330492187499 0.5506578972222222 0.5673330492187499 0.5240131611111111
2 0.55634209609375 0.531118425 0.55634209609375 0.5559868458333332 0.56833222734375 0.5559868458333332 0.56833222734375 0.531118425
2 0.56033880625 0.5275657916666667 0.56033880625 0.5755263180555555 0.58431906953125 0.5755263180555555 0.58431906953125 0.5275657916666667
2 0.6792409453125 0.49381579166666667 0.6792409453125 0.6714473722222223 0.80313897265625 0.6714473722222223 0.80313897265625 0.49381579166666667
2 0.7951455515625 0.5293421083333334 0.7951455515625 0.6519078972222222 0.91704522265625 0.6519078972222222 0.91704522265625 0.5293421083333334
1 0.3015517984375 0.49559210833333334 0.3015517984375 0.5222368416666667 0.35650656875000003 0.5222368416666667 0.35650656875000003 0.49559210833333334
9 0.26458222578125 0.48493421249999996 0.26458222578125 0.5311184222222222 0.3005526203125 0.5311184222222222 0.3005526203125 0.48493421249999996
2 0.24359949531249997 0.5240131611111111 0.24359949531249997 0.5542105305555556 0.26558140390624996 0.5542105305555556 0.26558140390624996 0.5240131611111111
2 0.1836488375 0.5098026347222222 0.1836488375 0.564868425 0.2406019625 0.564868425 0.2406019625 0.5098026347222222
2 0.0707417640625 0.5186842138888889 0.0707417640625 0.5755263194444444 0.125696534375 0.5755263194444444 0.125696534375 0.5186842138888889
2 0.42045393750000004 0.5009210555555555 0.42045393750000004 0.6288157930555556 0.48540048437500005 0.6288157930555556 0.48540048437500005 0.5009210555555555
2 0.497390615625 0.5222368458333334 0.497390615625 0.5790789513888889 0.5323618328124999 0.5790789513888889 0.5323618328124999 0.5222368458333334
2 0.55634209609375 0.5133552666666666 0.55634209609375 0.7229605319444444 0.7182088734375001 0.7229605319444444 0.7182088734375001 0.5133552666666666
2 0.88806907109375 0.5701973708333333 0.88806907109375 0.6821052666666667 0.99997696640625 0.6821052666666667 0.99997696640625 0.5701973708333333
2 0.0147878171875 0.4867105291666667 0.0147878171875 0.6057236875 0.080733540625 0.6057236875 0.080733540625 0.4867105291666667