7 0.74323501015625 0.3222319722222222 0.74323501015625 0.3942863486111111 0.79294233359375 0.3942863486111111 0.79294233359375 0.3222319722222222
7 0.7592943 0.39836489583333334 0.7592943 0.42555522500000004 0.7799419578125 0.42555522500000004 0.7799419578125 0.39836489583333334
2 0.45828067109375 0.594251626388889 0.45828067109375 0.6078467930555556 0.4666926796875 0.6078467930555556 0.4666926796875 0.594251626388889
2 0.4751046875 0.5915325916666666 0.4751046875 0.6105658152777778 0.4888697921875 0.6105658152777778 0.4888697921875 0.5915325916666666
2 0.48886979375 0.5956111402777777 0.48886979375 0.6146443722222222 0.5079879929687501 0.6146443722222222 0.5079879929687501 0.5956111402777777
2 0.46363376640625004 0.6064872722222222 0.46363376640625004 0.6595084152777778 0.49039924921875 0.6595084152777778 0.49039924921875 0.6064872722222222
2 0.46516322343749994 0.6132848555555556 0.46516322343749994 0.6635869694444445 0.49192870468749994 0.6635869694444445 0.49192870468749994 0.6132848555555556
2 0.481987240625 0.6146443722222222 0.481987240625 0.6839797138888889 0.5362829312499999 0.6839797138888889 0.5362829312499999 0.6146443722222222
2 0.5240472828125 0.6092063083333333 0.5240472828125 0.7111700444444444 0.609696825 0.7111700444444444 0.609696825 0.6092063083333333
2 0.3774280546875 0.5669377055555556 0.3774280546875 0.7287201722222223 0.46766596250000003 0.7287201722222223 0.46766596250000003 0.5669377055555556
2 0.59753068828125 0.5125570458333333 0.59753068828125 0.872828925 0.91795174140625 0.872828925 0.91795174140625 0.5125570458333333