6 0.45794516484375 0.5418748097222222 0.45794516484375 0.5624998027777778 0.46532797421875005 0.5624998027777778 0.46532797421875005 0.5418748097222222
6 0.49485921484375 0.5193748180555555 0.49485921484375 0.5381248111111111 0.50224202421875 0.5381248111111111 0.50224202421875 0.5193748180555555
6 0.5243904546875 0.49687482638888886 0.5243904546875 0.5156248194444444 0.5317732640624999 0.5156248194444444 0.5317732640624999 0.49687482638888886
7 0.55771857421875 0.5381248111111111 0.55771857421875 0.5587498041666668 0.564046696875 0.5587498041666668 0.564046696875 0.5381248111111111
7 0.57881231640625 0.45749984027777774 0.57881231640625 0.5081248222222222 0.58830450078125 0.5081248222222222 0.58830450078125 0.45749984027777774
2 0.51405450078125 0.5681248013888889 0.51405450078125 0.6037497888888889 0.53725761796875 0.6037497888888889 0.53725761796875 0.5681248013888889
2 0.5013982554687499 0.5756247986111112 0.5013982554687499 0.5924997930555556 0.5193279359375 0.5924997930555556 0.5193279359375 0.5756247986111112
2 0.51827325 0.5756247986111112 0.51827325 0.6131247847222222 0.54253105390625 0.6131247847222222 0.54253105390625 0.5756247986111112
2 0.6744724203125 0.5374998069444444 0.6744724203125 0.8974996805555555 0.99773402578125 0.8974996805555555 0.99773402578125 0.5374998069444444
2 0.57227324375 0.5624998027777778 0.57227324375 0.7143747500000001 0.6813278859375 0.7143747500000001 0.6813278859375 0.5624998027777778
2 0.52417950390625 0.5774997972222222 0.52417950390625 0.6224997819444444 0.5553982484375 0.6224997819444444 0.5553982484375 0.5774997972222222
2 0.5279763843749999 0.5849997958333334 0.5279763843749999 0.6412497736111111 0.5659451210937501 0.6412497736111111 0.5659451210937501 0.5849997958333334
2 0.91783848203125 0.6758786694444444 0.91783848203125 0.9965035555555556 0.9969400171875 0.9965035555555556 0.9969400171875 0.6758786694444444
6 0.45650138671875 0.2084121625 0.45650138671875 0.25051992638888887 0.47588052890625 0.25051992638888887 0.47588052890625 0.2084121625