7 0.33240947578125 0.3985880972222222 0.33240947578125 0.42458297083333335 0.37140178828125003 0.42458297083333335 0.37140178828125003 0.3985880972222222
7 0.48058026796875 0.4488448569444444 0.48058026796875 0.4627087902777778 0.48935353828125 0.4627087902777778 0.48935353828125 0.4488448569444444
7 0.20958368671875 0.3985880972222222 0.20958368671875 0.4211169888888889 0.2203065734375 0.4211169888888889 0.2203065734375 0.3985880972222222
6 0.738904346875 0.41245203055555557 0.738904346875 0.4315149402777778 0.75352646484375 0.4315149402777778 0.75352646484375 0.41245203055555557
6 0.7964180101562499 0.4211169888888889 0.7964180101562499 0.43324793333333333 0.80519128046875 0.43324793333333333 0.80519128046875 0.4211169888888889
6 0.5078748875 0.4228499805555555 0.5078748875 0.4401798986111111 0.5127489265625 0.4401798986111111 0.5127489265625 0.4228499805555555
2 0.4152681421875 0.4471118652777778 0.4152681421875 0.4731067416666667 0.42891545234375006 0.4731067416666667 0.42891545234375006 0.4471118652777778
2 0.42501622109375 0.4471118652777778 0.42501622109375 0.46790776666666667 0.43768872265625003 0.46790776666666667 0.43768872265625003 0.4471118652777778
2 0.44256276171875 0.4471118652777778 0.44256276171875 0.47137375 0.4630337265625 0.47137375 0.4630337265625 0.4471118652777778
2 0.38114986796875 0.4401798986111111 0.38114986796875 0.48523768333333334 0.41916737265625 0.48523768333333334 0.41916737265625 0.4401798986111111
2 0.360678903125 0.45924280694444447 0.360678903125 0.47830571666666666 0.37822544453125 0.47830571666666666 0.37822544453125 0.45924280694444447
2 0.28171946718749996 0.45750981527777773 0.28171946718749996 0.47483973333333335 0.29731639296875 0.47483973333333335 0.29731639296875 0.45750981527777773