7 0.12166960390624999 0.357982725 0.12166960390624999 0.3814473847222222 0.145427571875 0.3814473847222222 0.145427571875 0.357982725
7 0.11639005625000001 0.3736258319444445 0.11639005625000001 0.41899084305555556 0.1903037359375 0.41899084305555556 0.1903037359375 0.3736258319444445
2 0.1639059921875 0.475306025 0.1639059921875 0.5269282791666666 0.194703359375 0.5269282791666666 0.194703359375 0.475306025
2 0.027517654687499997 0.48312757777777776 0.027517654687499997 0.5300568999999999 0.06271464609375 0.5300568999999999 0.06271464609375 0.48312757777777776
9 0 0.4283767069444444 0 0.46592016388888885 0.0539153984375 0.46592016388888885 0.0539153984375 0.4283767069444444
2 0.038076753125 0.46904878194444444 0.038076753125 0.5394427638888889 0.152466971875 0.5394427638888889 0.152466971875 0.46904878194444444
2 0.37772771015625 0.4862562013888889 0.37772771015625 0.5253639680555556 0.39180650625 0.5253639680555556 0.39180650625 0.4862562013888889
2 0.39092658125 0.47687033749999996 0.39092658125 0.5394427652777778 0.42084402265625 0.5394427652777778 0.42084402265625 0.47687033749999996
2 0.40676522734375 0.48469188888888887 0.40676522734375 0.5691646666666667 0.45604101406249997 0.5691646666666667 0.45604101406249997 0.48469188888888887
9 0.41292470156250005 0.45027705416666663 0.41292470156250005 0.5018993083333333 0.46132056328125 0.5018993083333333 0.46132056328125 0.45027705416666663
2 0.5264349953125 0.4784346458333333 0.5264349953125 0.5535215611111112 0.5607520609375001 0.5535215611111112 0.5607520609375001 0.4784346458333333
2 0.44372206640625 0.4721774055555556 0.44372206640625 0.6223512319444444 0.55107288828125 0.6223512319444444 0.55107288828125 0.4721774055555556
2 0.5589922109375001 0.45966291805555554 0.5589922109375001 0.6098367444444445 0.68834115078125 0.6098367444444445 0.68834115078125 0.45966291805555554
2 0.73673701484375 0.47999895694444444 0.73673701484375 0.9977857958333333 0.99949698984375 0.9977857958333333 0.99949698984375 0.47999895694444444
2 0.7499358859374999 0.41586221944444446 0.7499358859374999 0.6645876194444444 0.99949698984375 0.6645876194444444 0.99949698984375 0.41586221944444446
2 0.17710486328125 0.39552618055555555 0.17710486328125 0.7255957361111112 0.38916673203125 0.7255957361111112 0.38916673203125 0.39552618055555555