2 0.17943649687500002 0.3460492625 0.17943649687500002 0.47109656111111115 0.28925163359375 0.47109656111111115 0.28925163359375 0.3460492625
2 0.429929846875 0.3320133402777778 0.429929846875 0.43281677638888894 0.49596247812499994 0.43281677638888894 0.49596247812499994 0.3320133402777778
2 0.48376079609374995 0.35370521944444444 0.48376079609374995 0.37922507916666665 0.49380923984375 0.37922507916666665 0.49380923984375 0.35370521944444444
7 0.49309149453125 0.35115323333333337 0.49309149453125 0.4021929472222222 0.5045754296875 0.4021929472222222 0.5045754296875 0.35115323333333337
7 0.6596235015625 0.2724244777777778 0.6596235015625 0.49202285833333337 0.7127217671875 0.49202285833333337 0.7127217671875 0.2724244777777778
7 0.14069315234375 0.07655957222222222 0.14069315234375 0.1025898263888889 0.15747347734375 0.1025898263888889 0.15747347734375 0.07655957222222222
6 0.14211370546875 0.10590740694444443 0.14211370546875 0.17353503194444445 0.16163639999999999 0.17353503194444445 0.16163639999999999 0.10590740694444443
6 0.393468359375 0.2084972361111111 0.393468359375 0.24677702361111112 0.40423455078125 0.24677702361111112 0.40423455078125 0.2084972361111111
6 0.45174934140625 0.03496220138888889 0.45174934140625 0.11407375972222221 0.47256397734375 0.11407375972222221 0.47256397734375 0.03496220138888889
7 0.22494159921875 0.20084127777777777 0.22494159921875 0.21742918611111112 0.23355454921875 0.21742918611111112 0.23355454921875 0.20084127777777777
6 0.22565934531249998 0.2169187875 0.22565934531249998 0.2564745666666667 0.23283680546875002 0.2564745666666667 0.23283680546875002 0.2169187875
6 0.24503848671875 0.27816644583333333 0.24503848671875 0.30496229305555556 0.25724016875 0.30496229305555556 0.25724016875 0.27816644583333333
6 0.22221416249999998 0.27918724305555553 0.22221416249999998 0.3136390513888889 0.23513358984375002 0.3136390513888889 0.23513358984375002 0.27918724305555553
7 0.06746812265624999 0.26132334305555555 0.06746812265624999 0.3161910361111111 0.08900050312499999 0.3161910361111111 0.08900050312499999 0.26132334305555555
7 0.08254078828125 0.3279301666666667 0.08254078828125 0.3460492625 0.09976669218749999 0.3460492625 0.09976669218749999 0.3279301666666667
7 0.11627485 0.33584131944444445 0.11627485 0.4095937138888889 0.13278300781250002 0.4095937138888889 0.13278300781250002 0.33584131944444445
6 0.47615268437499997 0.32818536111111113 0.47615268437499997 0.34094529027777776 0.48333014375000005 0.34094529027777776 0.48333014375000005 0.32818536111111113
7 0.39260705625000003 0.1891021486111111 0.39260705625000003 0.20696604583333336 0.40409099140625004 0.20696604583333336 0.40409099140625004 0.1891021486111111
6 0.6097252171875 0.2737004708333333 0.6097252171875 0.29539234861111113 0.619055915625 0.29539234861111113 0.619055915625 0.2737004708333333
5 0.06244390078124999 0.3562572041666666 0.06244390078124999 0.4379845513888889 0.08900050312499999 0.4379845513888889 0.08900050312499999 0.3562572041666666
3 0.059174157031249994 0.3899088597222222 0.059174157031249994 0.442769525 0.09474247109375 0.442769525 0.09474247109375 0.3899088597222222
2 0.71257820859375 0.3261437861111111 0.71257820859375 0.3810114763888889 0.7506187453125001 0.3810114763888889 0.7506187453125001 0.3261437861111111
4 0.747030015625 0.31083186944444446 0.747030015625 0.38483945833333333 0.76497366640625 0.38483945833333333 0.76497366640625 0.31083186944444446
4 0.876861303125 0.30793960555555555 0.876861303125 0.37301524166666666 0.8912162226562501 0.37301524166666666 0.8912162226562501 0.30793960555555555
2 0.8460789625 0.32869577083333334 0.8460789625 0.37590750833333336 0.87005173984375 0.37590750833333336 0.87005173984375 0.32869577083333334
2 0.8953163625 0.30955587777777777 0.8953163625 0.3656995666666667 0.988623340625 0.3656995666666667 0.988623340625 0.30955587777777777
4 0.5561095828125 0.33328933194444443 0.5561095828125 0.4034689388888889 0.56974675703125 0.4034689388888889 0.56974675703125 0.33328933194444443
2 0.58496298046875 0.3363517277777778 0.58496298046875 0.39377140833333335 0.63305196171875 0.39377140833333335 0.63305196171875 0.3363517277777778
2 0.5576886328125 0.3389037138888889 0.5576886328125 0.40397935 0.58496298046875 0.40397935 0.58496298046875 0.3389037138888889
7 0.5383094914062501 0.26872410555555554 0.5383094914062501 0.2865880027777778 0.55051117265625 0.2865880027777778 0.55051117265625 0.26872410555555554
7 0.56185155078125 0.2036484680555556 0.56185155078125 0.24448024166666668 0.58338393125 0.24448024166666668 0.58338393125 0.2036484680555556
7 0.5381659328125 0.24320424722222223 0.5381659328125 0.291691975 0.5625692984375 0.291691975 0.5625692984375 0.24320424722222223
2 0.19235592578125 0.32716458333333337 0.19235592578125 0.3463044791666667 0.2306835671875 0.3463044791666667 0.2306835671875 0.32716458333333337
2 0.265580034375 0.30598309305555554 0.265580034375 0.5484696319444444 0.46291474609375005 0.5484696319444444 0.46291474609375005 0.30598309305555554
7 0.2306835671875 0.2164083986111111 0.2306835671875 0.24575623333333335 0.24503848671875 0.24575623333333335 0.24503848671875 0.2164083986111111
7 0.44872174609375 0 0.44872174609375 0.032497943055555555 0.47097187109374994 0.032497943055555555 0.47097187109374994 0