7 0.14907465078124998 0.2174348486111111 0.14907465078124998 0.3082157277777778 0.20672783046875 0.3082157277777778 0.20672783046875 0.2174348486111111
7 0.117777209375 0.1486170847222222 0.117777209375 0.20864960833333335 0.13507316328125002 0.20864960833333335 0.13507316328125002 0.1486170847222222
7 0.147427415625 0.1369034236111111 0.147427415625 0.2291485125 0.20178612734375 0.2291485125 0.20178612734375 0.1369034236111111
7 0.23061271796875 0.4048534375 0.23061271796875 0.4722069930555556 0.2643810125 0.4722069930555556 0.2643810125 0.4048534375
7 0.23637803515625003 0.3433567125 0.23637803515625003 0.3902113597222222 0.25367398984375 0.3902113597222222 0.25367398984375 0.3433567125
7 0.10707018984375001 0.16179495277777778 0.10707018984375001 0.22622009305555554 0.1424857140625 0.22622009305555554 0.1424857140625 0.16179495277777778
7 0.10295210625 0.21889905694444448 0.10295210625 0.2803957736111111 0.13919124765625 0.2803957736111111 0.13919124765625 0.21889905694444448
7 0.9059785359375001 0.2393979638888889 0.9059785359375001 0.30235889722222226 0.93480512578125 0.30235889722222226 0.93480512578125 0.2393979638888889
7 0.70419240703125 0.3433567125 0.70419240703125 0.36531982638888894 0.7190175109375 0.36531982638888894 0.7190175109375 0.3433567125
7 0.53040925234375 0.28771682083333333 0.53040925234375 0.34774934166666666 0.55758860859375 0.34774934166666666 0.55758860859375 0.28771682083333333
6 0.78984856015625 0.28185998749999996 0.78984856015625 0.32725042916666663 0.8038500429687501 0.32725042916666663 0.8038500429687501 0.28185998749999996
6 0.5048771289062499 0.14276025416666668 0.5048771289062499 0.20864960277777778 0.52134946640625 0.20864960277777778 0.52134946640625 0.14276025416666668
7 0.50817159765625 0.12226134722222223 0.50817159765625 0.14422446249999998 0.518878615625 0.14422446249999998 0.518878615625 0.12226134722222223
6 0.11860082734374999 0.04612254166666667 0.11860082734374999 0.20864960833333335 0.17213592265625 0.20864960833333335 0.17213592265625 0.04612254166666667
6 0.186961025 0.051979375 0.186961025 0.19107910694444444 0.23308356875 0.19107910694444444 0.23308356875 0.051979375
6 0.16719422109374998 0.0007321027777777777 0.16719422109374998 0.05490778888888889 0.21743484609375 0.05490778888888889 0.21743484609375 0.0007321027777777777
6 0.77419983984375 0.18815069583333333 0.77419983984375 0.2730747430555555 0.79561387890625 0.2730747430555555 0.79561387890625 0.18815069583333333
6 0.73054814609375 0.13397500972222223 0.73054814609375 0.2159706347222222 0.7486677171875 0.2159706347222222 0.7486677171875 0.13397500972222223
7 0.73466623046875 0.11347609861111112 0.73466623046875 0.13690342222222224 0.7445496281249999 0.13690342222222224 0.7445496281249999 0.11347609861111112
6 0.93031268359375 0.09000301944444443 0.93031268359375 0.1924975625 0.9822005460937501 0.1924975625 0.9822005460937501 0.09000301944444443
6 0.9780824609375 0.08121777222222222 0.9780824609375 0.18517652361111112 0.99867288203125 0.18517652361111112 0.99867288203125 0.08121777222222222
4 0.8830819984374999 0.37483717916666665 0.8830819984374999 0.5124727069444445 0.9316753906249999 0.5124727069444445 0.9316753906249999 0.37483717916666665
4 0.80895648046875 0.36458772638888887 0.80895648046875 0.5036874583333333 0.83448860234375 0.5036874583333333 0.83448860234375 0.36458772638888887
6 0.666717840625 0.3096799361111111 0.666717840625 0.3550703708333333 0.679895709375 0.3550703708333333 0.679895709375 0.3096799361111111
2 0.18449017421875 0.40595159444444445 0.18449017421875 0.48941143611111115 0.24626143906250003 0.48941143611111115 0.24626143906250003 0.40595159444444445
2 0.19272634296875 0.39277372638888886 0.19272634296875 0.41180842777777776 0.2256710171875 0.41180842777777776 0.2256710171875 0.39277372638888886
2 0.3545670546875 0.40448738611111107 0.3545670546875 0.4205936777777778 0.37021577421875 0.4205936777777778 0.37021577421875 0.40448738611111107
2 0.35786152109375 0.41034421805555554 0.35786152109375 0.44548519861111113 0.37433385859375 0.44548519861111113 0.37433385859375 0.41034421805555554
2 0.33480025 0.39863055555555554 0.33480025 0.44109258055555556 0.35950875625 0.44109258055555556 0.35950875625 0.39863055555555554
2 0.28373600546875 0.37081060694444445 0.28373600546875 0.4337715416666667 0.31750429609375 0.4337715416666667 0.31750429609375 0.37081060694444445
2 0.47625644453125 0.4074158041666667 0.47625644453125 0.4528062375 0.5182609031250001 0.4528062375 0.5182609031250001 0.4074158041666667
2 0.513319203125 0.39423793194444445 0.513319203125 0.5201597972222223 0.5948572710937501 0.5201597972222223 0.5948572710937501 0.39423793194444445
2 0.73466623046875 0.37813164583333336 0.73466623046875 0.46159149027777774 0.82032238359375 0.46159149027777774 0.82032238359375 0.37813164583333336
2 0.765963671875 0.3722748166666667 0.765963671875 0.4645199055555556 0.923274490625 0.4645199055555556 0.923274490625 0.3722748166666667
2 0 0.41071027083333334 0 0.5102763972222222 0.074125515625 0.5102763972222222 0.074125515625 0.41071027083333334
2 0.359096946875 0.3755692833333333 0.359096946875 0.5878794041666666 0.49087564296875 0.5878794041666666 0.49087564296875 0.3755692833333333
2 0.5580004171875 0.3887471541666666 0.5580004171875 0.6054498986111111 0.7531976109375 0.6054498986111111 0.7531976109375 0.3887471541666666
2 0.2989729171875 0.3997287111111111 0.2989729171875 0.4612254361111111 0.34427184453125 0.4612254361111111 0.34427184453125 0.3997287111111111