2 0.0046778718750000005 0.7581619263888888 0.0046778718750000005 0.7941988722222222 0.0498973125 0.7941988722222222 0.0498973125 0.7581619263888888
2 0.79445875390625 0.7900407625 0.79445875390625 0.8205335666666667 0.848878 0.8205335666666667 0.848878 0.7900407625
7 0.38514487109375 0.7540038138888889 0.38514487109375 0.7678641805555556 0.40229707187499997 0.7678641805555556 0.40229707187499997 0.7540038138888889
7 0.3609758625 0.7775664361111112 0.3609758625 0.7900407597222222 0.36877231718750003 0.7900407597222222 0.36877231718750003 0.7775664361111112
2 0.06159199375 0.7928128388888889 0.06159199375 0.8052871666666668 0.08108313125 0.8052871666666668 0.08108313125 0.7928128388888889
2 0.08351721484374999 0.7983569833333334 0.08351721484374999 0.8109022541666666 0.0997946234375 0.8109022541666666 0.0997946234375 0.7983569833333334
2 0.10135391328125001 0.7997430194444445 0.10135391328125001 0.8094452722222223 0.11382824140625 0.8094452722222223 0.11382824140625 0.7997430194444445
2 0.1185061140625 0.7997430194444445 0.1185061140625 0.8122456402777778 0.14527780546875 0.8122456402777778 0.14527780546875 0.7997430194444445
2 0.15125122578125 0.8025150916666667 0.15125122578125 0.8136033819444445 0.1629459078125 0.8136033819444445 0.1629459078125 0.8025150916666667
2 0.18399633515625 0.8039011263888889 0.18399633515625 0.8205335652777778 0.20738569921875 0.8205335652777778 0.20738569921875 0.8039011263888889
2 0.21284321875 0.7983569833333334 0.21284321875 0.8163754583333334 0.24714761796875 0.8163754583333334 0.24714761796875 0.7983569833333334
2 0.0007796453125 0.8371660013888889 0.0007796453125 0.997946226388889 0.02884688515625 0.997946226388889 0.02884688515625 0.8371660013888889