7 0.2848728265625 0.3859321319444444 0.2848728265625 0.42254229444444447 0.30117578984375004 0.42254229444444447 0.30117578984375004 0.3859321319444444
7 0.6936481953125 0.39966094027777777 0.6936481953125 0.4362710986111111 0.7116672601562499 0.4362710986111111 0.7116672601562499 0.39966094027777777
7 0.6739130296875 0.41338975 0.6739130296875 0.42406771527777776 0.69193209453125 0.42406771527777776 0.69193209453125 0.41338975
7 0.39590458125 0.37738977500000004 0.39590458125 0.40027112361111106 0.40534313906249997 0.40027112361111106 0.40534313906249997 0.37738977500000004
7 0.39418847890625003 0.40789824027777777 0.39418847890625003 0.42925416666666666 0.4044850875 0.42925416666666666 0.4044850875 0.40789824027777777
7 0.38131771875 0.4307795916666667 0.38131771875 0.43993213472222226 0.3950465296875 0.43993213472222226 0.3950465296875 0.4307795916666667
7 0.39001130546875 0.44450840416666665 0.39001130546875 0.4562877347222222 0.4044850875 0.4562877347222222 0.4044850875 0.44450840416666665
6 0.2925084796875 0.3092900111111111 0.2925084796875 0.35007550833333334 0.30627358359375 0.35007550833333334 0.30627358359375 0.3092900111111111
6 0.47833739609375003 0.3665596444444444 0.47833739609375003 0.3951094902777778 0.48521994843750005 0.3951094902777778 0.48521994843750005 0.3665596444444444
6 0.6790785078125 0.42773788888888886 0.6790785078125 0.4542484583333334 0.6859610609375 0.4542484583333334 0.6859610609375 0.42773788888888886
6 0.48665381171875 0.3645203708333333 0.48665381171875 0.3930702166666667 0.49468345625000004 0.3930702166666667 0.49468345625000004 0.3645203708333333
6 0.68682138046875 0.4644448375 0.68682138046875 0.4807590361111111 0.69714520859375 0.4807590361111111 0.69714520859375 0.4644448375
6 0.38398907265625 0.46036628472222224 0.38398907265625 0.47260193472222223 0.39316581093749997 0.47260193472222223 0.39316581093749997 0.46036628472222224
7 0.42643147890625005 0.44609136250000003 0.42643147890625005 0.4664841111111111 0.4344611234375 0.4664841111111111 0.4344611234375 0.44609136250000003
7 0.49745562187500003 0.4255286777777778 0.49745562187500003 0.44388215138888887 0.5330154742187501 0.44388215138888887 0.5330154742187501 0.4255286777777778
6 0.71310893046875 0.15090633472222223 0.71310893046875 0.21208457916666668 0.73031531328125 0.21208457916666668 0.73031531328125 0.15090633472222223
6 0.79455246796875 0.26442596805555557 0.79455246796875 0.31948638611111113 0.80717048046875 0.31948638611111113 0.80717048046875 0.26442596805555557
2 0 0.43946371944444446 0 0.5903700569444444 0.14912196953125 0.5903700569444444 0.14912196953125 0.43946371944444446
4 0.023515387500000002 0.4425226305555555 0.023515387500000002 0.74841385 0.07513453125 0.74841385 0.07513453125 0.4425226305555555
2 0.8190237421875001 0.48602718194444444 0.8190237421875001 0.5431268763888889 0.926850396875 0.5431268763888889 0.926850396875 0.48602718194444444
2 0.7765813335937499 0.5026812402777778 0.7765813335937499 0.5495845611111111 0.8442597671875 0.5495845611111111 0.8442597671875 0.5026812402777778
2 0.24375706640625 0.48432776527777777 0.24375706640625 0.5516238347222222 0.34240698515625 0.5516238347222222 0.34240698515625 0.48432776527777777
2 0.184968596875 0.4965634138888889 0.184968596875 0.5312310861111111 0.24691156875 0.5312310861111111 0.24691156875 0.4965634138888889
2 0.1585854796875 0.5006419638888889 0.1585854796875 0.5353096305555556 0.2216755421875 0.5353096305555556 0.2216755421875 0.5006419638888889
2 0.14023200625 0.5026812402777778 0.14023200625 0.5618202083333333 0.16202675546875 0.5618202083333333 0.16202675546875 0.5026812402777778
2 0.40492350234375 0.48330812638888887 0.40492350234375 0.5587612944444444 0.45998392343749994 0.5587612944444444 0.45998392343749994 0.48330812638888887
2 0.66913705546875 0.4894259527777778 0.66913705546875 0.5608005694444445 0.7769637109375 0.5608005694444445 0.7769637109375 0.4894259527777778
2 0.4437160828125 0.43939999166666666 0.4437160828125 0.6718773194444444 0.56760202578125 0.6718773194444444 0.56760202578125 0.43939999166666666
4 0.31957986015625 0.4812688527777778 0.31957986015625 0.5567220208333333 0.3356391484375 0.5567220208333333 0.3356391484375 0.4812688527777778
4 0.379228646875 0.4894259527777778 0.379228646875 0.5506041944444444 0.39069956796875 0.5506041944444444 0.39069956796875 0.4894259527777778
4 0.6538424828125 0.5016616013888888 0.6538424828125 0.5546827472222222 0.6664604953125 0.5546827472222222 0.6664604953125 0.5016616013888888
5 0.5712518531249999 0.49554377777777775 0.5712518531249999 0.5444863708333334 0.58386986796875 0.5444863708333334 0.58386986796875 0.49554377777777775
0 0.5738328109374999 0.5184856180555555 0.5738328109374999 0.5511140138888889 0.5841566390625 0.5511140138888889 0.5841566390625 0.5184856180555555