2 0.2480326625 0.016874981944444443 0.2480326625 0.10593741805555555 0.3007670015625 0.10593741805555555 0.3007670015625 0.016874981944444443
2 0.11487845703124999 0.033281218055555555 0.11487845703124999 0.08484368333333334 0.17156787109375 0.08484368333333334 0.17156787109375 0.033281218055555555
2 0.5288430164062501 0.0074999875 0.5288430164062501 0.10359367222222222 0.5908058640625 0.10359367222222222 0.5908058640625 0.0074999875
2 0.366684925 0.014531231944444443 0.366684925 0.07312494305555556 0.4049173203125 0.07312494305555556 0.4049173203125 0.014531231944444443
2 0.34822790703125 0 0.34822790703125 0.033281218055555555 0.3772317921875 0.033281218055555555 0.3772317921875 0
2 0.3231790953125 0 0.3231790953125 0.021562477777777776 0.34559118906249997 0.021562477777777776 0.34559118906249997 0
2 0.308677153125 0.005156238888888889 0.308677153125 0.019218730555555556 0.32713417109375 0.019218730555555556 0.32713417109375 0.005156238888888889
2 0.28758341640624996 0.0028124916666666666 0.28758341640624996 0.019218727777777778 0.309995509375 0.019218727777777778 0.309995509375 0.0028124916666666666
2 0.26648968125 0 0.26648968125 0.021562477777777776 0.28758341718749997 0.021562477777777776 0.28758341718749997 0
2 0.57234884609375 0 0.57234884609375 0.15984363194444443 0.7147315601562501 0.15984363194444443 0.7147315601562501 0
2 0.80833501171875 0.00046874444444444446 0.80833501171875 0.37312473611111113 0.9994969906250001 0.37312473611111113 0.9994969906250001 0.00046874444444444446
2 0.1781596640625 0.030937473611111113 0.1781596640625 0.13874989861111112 0.261216246875 0.13874989861111112 0.261216246875 0.030937473611111113
2 0.39437045234375 0.00046874444444444446 0.39437045234375 0.1364061486111111 0.48138211171874995 0.1364061486111111 0.48138211171874995 0.00046874444444444446