7 0.57832616171875 0.03813558611111111 0.57832616171875 0.06864405416666666 0.60320963203125 0.06864405416666666 0.60320963203125 0.03813558611111111
7 0.54743633671875 0.06406778472222222 0.54743633671875 0.11135591111111111 0.57060370546875 0.11135591111111111 0.57060370546875 0.06406778472222222
7 0.21880292421875 0.39966094166666666 0.21880292421875 0.4332202638888889 0.24197028828125 0.4332202638888889 0.24197028828125 0.39966094166666666
7 0.92211848671875 0.3508473916666667 0.92211848671875 0.39050839583333335 0.947860003125 0.39050839583333335 0.947860003125 0.3508473916666667
7 0.2722880859375 0.3640677347222222 0.2722880859375 0.38542366388888893 0.28344274609375 0.38542366388888893 0.28344274609375 0.3640677347222222
6 0.5202647406249999 0.0015254236111111113 0.5202647406249999 0.10220337083333333 0.54858041328125 0.10220337083333333 0.54858041328125 0.0015254236111111113
6 0.6412498867187499 0.021355927777777776 0.6412498867187499 0.12508471527777779 0.669565559375 0.12508471527777779 0.669565559375 0.021355927777777776
6 0.9615888179687501 0.28322029305555557 0.9615888179687501 0.3503389291666667 0.97789178125 0.3503389291666667 0.97789178125 0.28322029305555557
6 0.9581566148437499 0.3645762013888889 0.9581566148437499 0.40118635694444443 0.97960788203125 0.40118635694444443 0.97960788203125 0.3645762013888889
7 0.4564829640625 0.3777965472222222 0.4564829640625 0.3915253527777778 0.46334736953125005 0.3915253527777778 0.46334736953125005 0.3777965472222222
2 0.4707838265625 0.4215253472222222 0.4707838265625 0.4322033069444444 0.4827965359375 0.4322033069444444 0.4827965359375 0.4215253472222222
2 0.48193848515625 0.4184745013888889 0.48193848515625 0.43067788888888886 0.49137704296875 0.43067788888888886 0.49137704296875 0.4184745013888889
2 0.56545540078125 0.4388134819444445 0.56545540078125 0.46932195138888894 0.59891938046875 0.46932195138888894 0.59891938046875 0.4388134819444445
2 0.531705425 0.4271185625 0.531705425 0.4499999138888889 0.5454342359375 0.4499999138888889 0.5454342359375 0.4271185625
6 0.5663134515625 0.4194914458333333 0.5663134515625 0.4332202652777778 0.5731778601562499 0.4332202652777778 0.5731778601562499 0.4194914458333333
6 0.55172658984375 0.4194914458333333 0.55172658984375 0.43169483611111115 0.5620231984374999 0.43169483611111115 0.5620231984374999 0.4194914458333333
6 0.5465782859375 0.4281355194444444 0.5465782859375 0.44949145 0.5671714984375 0.44949145 0.5671714984375 0.4281355194444444
6 0.56717150234375 0.4342372138888889 0.56717150234375 0.44796602777777783 0.57918421171875 0.44796602777777783 0.57918421171875 0.4342372138888889
6 0.5560168437499999 0.447966025 0.5560168437499999 0.4586439861111111 0.56545540078125 0.4586439861111111 0.56545540078125 0.447966025
2 0.5817583640625 0.4418643305555555 0.5817583640625 0.46932195555555556 0.60578378359375 0.46932195555555556 0.60578378359375 0.4418643305555555
2 0.7882625796875 0.4571185652777778 0.7882625796875 0.5440677027777778 0.934989246875 0.5440677027777778 0.934989246875 0.4571185652777778
2 0.4230189875 0.4098304388888889 0.4230189875 0.4449151708333334 0.44447025859375 0.4449151708333334 0.44447025859375 0.4098304388888889
2 0.36724569296875 0.40677959166666666 0.36724569296875 0.46627110555555557 0.4092901734375 0.46627110555555557 0.4092901734375 0.40677959166666666
2 0.35265883124999997 0.4144067069444445 0.35265883124999997 0.45406771805555557 0.37325205078125 0.45406771805555557 0.37325205078125 0.4144067069444445
2 0.24282834375 0.40830501527777774 0.24282834375 0.4723728013888889 0.31404655 0.4723728013888889 0.31404655 0.40830501527777774
2 0.175900390625 0.4189829791666667 0.175900390625 0.525762623611111 0.24025418984375002 0.525762623611111 0.24025418984375002 0.4189829791666667
2 0.4441842421875 0.41593213194444445 0.4441842421875 0.4342372208333333 0.45362280000000005 0.4342372208333333 0.45362280000000005 0.41593213194444445
2 0.46477745859375 0.4174575555555555 0.46477745859375 0.4357626375 0.47249991484375 0.4357626375 0.47249991484375 0.4174575555555555
2 0.5231249046875 0.43118636666666665 0.5231249046875 0.44644060416666664 0.53256346328125 0.44644060416666664 0.53256346328125 0.43118636666666665
2 0.51540244921875 0.42508467222222224 0.51540244921875 0.4357626305555556 0.52398295546875 0.4357626305555556 0.52398295546875 0.42508467222222224
2 0.48022237109375 0.4205084027777778 0.48022237109375 0.45406772500000003 0.5256990546875 0.45406772500000003 0.5256990546875 0.4205084027777778
2 0.29688553671875 0.4164405986111111 0.29688553671875 0.4942371944444444 0.35952323984375 0.4942371944444444 0.35952323984375 0.4164405986111111
2 0.3818325546875 0.4210168694444444 0.3818325546875 0.4896609236111111 0.43760584921875 0.4896609236111111 0.43760584921875 0.4210168694444444
2 0.4487605078125 0.4194914458333333 0.4487605078125 0.4515253444444445 0.4710698265625 0.4515253444444445 0.4710698265625 0.4194914458333333
2 0.43989400156249997 0.4520338277777778 0.43989400156249997 0.6610168458333333 0.57718211015625 0.6610168458333333 0.57718211015625 0.4520338277777778
2 0 0.33610164722222224 0 0.8328811972222222 0.207648265625 0.8328811972222222 0.207648265625 0.33610164722222224
9 0.6012075304687501 0.3711863861111111 0.6012075304687501 0.5130507666666666 0.7101799703125 0.5130507666666666 0.7101799703125 0.3711863861111111
4 0.7565147046875 0.43983044027777773 0.7565147046875 0.5191524569444445 0.771101559375 0.5191524569444445 0.771101559375 0.43983044027777773
4 0.7959850359375 0.4444067111111111 0.7959850359375 0.4962711069444445 0.8088558000000001 0.4962711069444445 0.8088558000000001 0.4444067111111111
2 0.9212604359375 0.5135592333333333 0.9212604359375 0.8267795055555556 0.9984849984374999 0.8267795055555556 0.9984849984374999 0.5135592333333333