6 0.36265808203125 0.5417719305555555 0.36265808203125 0.5873415333333333 0.38639224843750003 0.5873415333333333 0.38639224843750003 0.5417719305555555
6 0.49266198359375 0.5296200305555555 0.49266198359375 0.5768773958333333 0.504054384375 0.5768773958333333 0.504054384375 0.5296200305555555
6 0.58873789140625 0.6089449013888889 0.58873789140625 0.6443879250000001 0.609623959375 0.6443879250000001 0.609623959375 0.6089449013888889
6 0.64285179296875 0.6511389750000001 0.64285179296875 0.6747676597222222 0.6551935609374999 0.6747676597222222 0.6551935609374999 0.6511389750000001
6 0.616269525 0.6545145027777778 0.616269525 0.6730798958333334 0.62481382578125 0.6730798958333334 0.62481382578125 0.6545145027777778
6 0.39588591640625 0.6435199430555556 0.39588591640625 0.6553342847222222 0.40443021640625 0.6553342847222222 0.40443021640625 0.6435199430555556
2 0.47753145156250004 0.6590714625 0.47753145156250004 0.6852317916666667 0.49367068515624996 0.6852317916666667 0.49367068515624996 0.6590714625
2 0.4623415859375 0.6632908708333334 0.4623415859375 0.6835440277777778 0.47563271875 0.6835440277777778 0.47563271875 0.6632908708333334
2 0.6174048234375 0.7122359986111112 0.6174048234375 0.7493667833333333 0.6537972234375 0.7493667833333333 0.6537972234375 0.7122359986111112
7 0.40443021484374997 0.6087198638888889 0.40443021484374997 0.6289730208333333 0.42056945 0.6289730208333333 0.42056945 0.6087198638888889
6 0.44240488515625 0.5884667097222223 0.44240488515625 0.6306607847222222 0.45379728515625006 0.6306607847222222 0.45379728515625006 0.5884667097222223
6 0.4746833515625 0.6188464444444445 0.4746833515625 0.6458506541666666 0.48417701796875 0.6458506541666666 0.48417701796875 0.6188464444444445
2 0.28196191015625 0.6661038083333334 0.28196191015625 0.6846692 0.305696078125 0.6846692 0.305696078125 0.6661038083333334
2 0.31329101328125 0.6661038083333334 0.31329101328125 0.6863569638888889 0.337974546875 0.6863569638888889 0.337974546875 0.6661038083333334
2 0.349366946875 0.672854861111111 0.349366946875 0.6914202527777777 0.36645554765625 0.6914202527777777 0.36645554765625 0.672854861111111