2 0.35064320859375 0.5553933055555555 0.35064320859375 0.5720343041666667 0.36351398046875 0.5720343041666667 0.36351398046875 0.5553933055555555
2 0.35883370000000003 0.5533131805555556 0.35883370000000003 0.5720343027777778 0.3728745421875 0.5720343027777778 0.3728745421875 0.5533131805555556
2 0.3705344015625 0.5533131805555556 0.3705344015625 0.5741144291666667 0.38574531328125 0.5741144291666667 0.38574531328125 0.5533131805555556
2 0.38808545390625004 0.5387523083333333 0.38808545390625004 0.5907554263888889 0.42084741875000004 0.5907554263888889 0.42084741875000004 0.5387523083333333
2 0.40212629609375006 0.5387523083333333 0.40212629609375006 0.607396425 0.46296994453125 0.607396425 0.46296994453125 0.5387523083333333
2 0.4313780515625 0.5533131805555556 0.4313780515625 0.6198771722222222 0.468820296875 0.6198771722222222 0.468820296875 0.5533131805555556
2 0.45945973437500004 0.5408324333333334 0.45945973437500004 0.6323579194444444 0.52615373359375 0.6323579194444444 0.52615373359375 0.5408324333333334
2 0.49105162890625 0.5512330569444445 0.49105162890625 0.6698001666666666 0.58465724296875 0.6698001666666666 0.58465724296875 0.5512330569444445
2 0.5530653476562499 0.5470728069444445 0.5530653476562499 0.7134827875 0.7180452414062499 0.7134827875 0.7180452414062499 0.5470728069444445
2 0.28745941953125 0.5574734305555555 0.28745941953125 0.5782746777777779 0.30618054375 0.5782746777777779 0.30618054375 0.5574734305555555
2 0.2681980484375 0.5616336805555556 0.2681980484375 0.5738190805555555 0.27926892890625 0.5738190805555555 0.27926892890625 0.5616336805555556
2 0.1681122640625 0.5283516847222222 0.1681122640625 0.590755425 0.20087422734375 0.590755425 0.20087422734375 0.5283516847222222
2 0.16343198203125 0.5325119333333334 0.16343198203125 0.5969958013888889 0.17981296328125002 0.5969958013888889 0.17981296328125002 0.5325119333333334
1 0.08854749140625 0.48649878611111114 0.08854749140625 0.6032361749999999 0.16460205234375 0.6032361749999999 0.16460205234375 0.48649878611111114
2 0.005472509375 0.5408324333333334 0.005472509375 0.6240374222222222 0.0943978421875 0.6240374222222222 0.0943978421875 0.5408324333333334
2 0 0.5574734305555555 0 0.6469187958333333 0.0066425796875 0.6469187958333333 0.0066425796875 0.5574734305555555
2 0.7063445390624999 0.4347460708333334 0.7063445390624999 0.792527525 0.9988620812500001 0.792527525 0.9988620812500001 0.4347460708333334
2 0.323552878125 0.5387523083333333 0.323552878125 0.5782746791666666 0.34596292812499996 0.5782746791666666 0.34596292812499996 0.5387523083333333
7 0.45594952343750006 0.4825889402777778 0.45594952343750006 0.5158709361111111 0.4617998734375 0.5158709361111111 0.4617998734375 0.4825889402777778
7 0.39978615703125 0.5158709361111111 0.39978615703125 0.5366721833333333 0.41031678828124996 0.5366721833333333 0.41031678828124996 0.5158709361111111
2 0.42084741875000004 0.5200311847222222 0.42084741875000004 0.5449926819444444 0.4477590328125 0.5449926819444444 0.4477590328125 0.5200311847222222