6 0.4734718921875 0.32203770416666666 0.4734718921875 0.3668244027777777 0.48186939921875 0.3668244027777777 0.48186939921875 0.32203770416666666
6 0.58383911796875 0.3390992986111111 0.58383911796875 0.3753552 0.59103698046875 0.3753552 0.59103698046875 0.3390992986111111
6 0.38829718515625 0.4393362 0.38829718515625 0.4649285986111111 0.3942954046875 0.4649285986111111 0.3942954046875 0.4393362
6 0.34271072187499996 0.3156396013888889 0.34271072187499996 0.3540282 0.35350751640625 0.3540282 0.35350751640625 0.3156396013888889
6 0.02360548359375 0.2623221027777778 0.02360548359375 0.3177723041666667 0.038001209375 0.3177723041666667 0.038001209375 0.2623221027777778
6 0.24913850937499998 0.2985780013888889 0.24913850937499998 0.3348339013888889 0.26473387812500004 0.3348339013888889 0.26473387812500004 0.2985780013888889
7 0.3547071609375 0.3689571013888889 0.3547071609375 0.38175330277777775 0.3739014609375 0.38175330277777775 0.3739014609375 0.3689571013888889
7 0.66421524921875 0.39881490277777776 0.66421524921875 0.4137438013888889 0.68101026015625 0.4137438013888889 0.68101026015625 0.39881490277777776
7 0.611430925 0.4350708013888889 0.611430925 0.4563978027777778 0.6210280734375 0.4563978027777778 0.6210280734375 0.4350708013888889
2 0.3942954046875 0.4649286013888889 0.3942954046875 0.4947864 0.4062918421875 0.4947864 0.4062918421875 0.4649286013888889
2 0.37630074765625 0.4777248013888889 0.37630074765625 0.4990518013888889 0.390696471875 0.4990518013888889 0.390696471875 0.4777248013888889
2 0.36910288671874997 0.4606632 0.36910288671874997 0.47559210138888885 0.37870003515625 0.47559210138888885 0.37870003515625 0.4606632
2 0.358306090625 0.4777248013888889 0.358306090625 0.5011845 0.37270181484375 0.5011845 0.37270181484375 0.4777248013888889
2 0.34391036484375 0.4734594 0.34391036484375 0.4969191 0.357106446875 0.4969191 0.357106446875 0.4734594
2 0.31871784765625 0.4734594 0.31871784765625 0.5075826027777778 0.34750929765625 0.5075826027777778 0.34750929765625 0.4734594
2 0.21194955390625 0.4777248013888889 0.21194955390625 0.5097153013888889 0.2371420734375 0.5097153013888889 0.2371420734375 0.4777248013888889
2 0.178359528125 0.4777248013888889 0.178359528125 0.5182461027777778 0.21314919687499997 0.5182461027777778 0.21314919687499997 0.4777248013888889
2 0.061994083593750006 0.4308054013888889 0.061994083593750006 0.5417058 0.1627641578125 0.5417058 0.1627641578125 0.4308054013888889
2 0 0.4649286013888889 0 0.5417058027777778 0.034402279687499995 0.5417058027777778 0.034402279687499995 0.4649286013888889
2 0.5586465992187499 0.4649286013888889 0.5586465992187499 0.5118480013888889 0.582639475 0.5118480013888889 0.582639475 0.4649286013888889
2 0.57064303515625 0.4691940013888889 0.57064303515625 0.5331749986111112 0.62222771640625 0.5331749986111112 0.62222771640625 0.4691940013888889
2 0.3930957609375 0.3924168027777778 0.3930957609375 0.6568716027777778 0.5658444617187499 0.6568716027777778 0.5658444617187499 0.3924168027777778
2 0.7529888859375 0.4734594 0.7529888859375 0.5502366013888889 0.79377677421875 0.5502366013888889 0.79377677421875 0.4734594
9 0.7829799804687501 0.3646917027777778 0.7829799804687501 0.6184830013888889 1 0.6184830013888889 1 0.3646917027777778