7 0.1033296328125 0.2547497819444444 0.1033296328125 0.298074575 0.12769982890625 0.298074575 0.12769982890625 0.2547497819444444
7 0.61997778984375 0.14557130416666667 0.61997778984375 0.1854301138888889 0.7233074226562499 0.1854301138888889 0.7233074226562499 0.14557130416666667
7 0.85393167265625 0.23222089166666665 0.85393167265625 0.2547497819444444 0.8958484101562499 0.2547497819444444 0.8958484101562499 0.23222089166666665
7 0.85198205625 0.2599487583333333 0.85198205625 0.2963415847222222 0.87830186796875 0.2963415847222222 0.87830186796875 0.2599487583333333
7 0.02144577265625 0.33966637777777775 0.02144577265625 0.3569962958333333 0.05556404609375 0.3569962958333333 0.05556404609375 0.33966637777777775
6 0.19301195234375 0.23222089166666665 0.19301195234375 0.28594363333333334 0.20860887890625 0.28594363333333334 0.20860887890625 0.23222089166666665
6 0.5585648953125 0.1490372888888889 0.5585648953125 0.21835695833333332 0.5731870125 0.21835695833333332 0.5731870125 0.1490372888888889
6 0.17351579609375 0.23222089166666665 0.17351579609375 0.2928756 0.19106233749999998 0.2928756 0.19106233749999998 0.23222089166666665
6 0.00974807890625 0.3985880986111111 0.00974807890625 0.43324793333333333 0.0370426984375 0.43324793333333333 0.0370426984375 0.3985880986111111
6 0.5341946984375 0.15077028055555555 0.5341946984375 0.21835695555555554 0.5566152789062501 0.21835695555555554 0.5566152789062501 0.15077028055555555
6 0.87732706171875 0.3136715027777778 0.87732706171875 0.36739424444444446 0.9211934140625001 0.36739424444444446 0.9211934140625001 0.3136715027777778
1 0.3431323609375 0.22528892499999997 0.3431323609375 0.6360079625 0.6462976015625 0.6360079625 0.6462976015625 0.22528892499999997
2 0.11112809531250001 0.4817717 0.11112809531250001 0.9982032361111111 0.48837873125 0.9982032361111111 0.48837873125 0.4817717
2 0.67164260546875 0.46790776666666667 0.67164260546875 0.9288835652777777 0.9982032343749999 0.9288835652777777 0.9982032343749999 0.46790776666666667
2 0.92314303046875 0.44537887361111117 0.92314303046875 0.4817717 0.99917804296875 0.4817717 0.99917804296875 0.44537887361111117
2 0.6726174140625 0.4523108402777778 0.6726174140625 0.5614893208333334 0.80519128125 0.5614893208333334 0.80519128125 0.4523108402777778
4 0.00221937734375 0.4540438305555556 0.00221937734375 0.6966626736111111 0.048656015625 0.6966626736111111 0.048656015625 0.4540438305555556
2 0.20470964765625 0.46964075833333335 0.20470964765625 0.5025676 0.26709735 0.5025676 0.26709735 0.46964075833333335
2 0.24370196093750002 0.4644417819444444 0.24370196093750002 0.476572725 0.27392100390624996 0.476572725 0.27392100390624996 0.4644417819444444
2 0.2748958125 0.4540438305555556 0.2748958125 0.47830571527777777 0.3021904328125 0.47830571527777777 0.3021904328125 0.4540438305555556
2 0.30121562343749997 0.4540438305555556 0.30121562343749997 0.476572725 0.30998889531249996 0.476572725 0.30998889531249996 0.4540438305555556
2 0.3090140875 0.45924280694444447 0.3090140875 0.476572725 0.31973697421875 0.476572725 0.31973697421875 0.45924280694444447
1 0.3255858203125 0.4471118638888889 0.3255858203125 0.47483973333333335 0.33728351484374997 0.47483973333333335 0.33728351484374997 0.4471118638888889