7 0.71648376640625 0.4800387083333333 0.71648376640625 0.5250964930555556 0.7330555000000001 0.5250964930555556 0.7330555000000001 0.4800387083333333
7 0.5907335546875 0.40032108888888884 0.5907335546875 0.48350469166666665 0.6911387625 0.48350469166666665 0.6911387625 0.40032108888888884
7 0.49325277031250003 0.4020540805555556 0.49325277031250003 0.48523768333333334 0.5858595156249999 0.48523768333333334 0.5858595156249999 0.4020540805555556
7 0.543942778125 0.6775997652777778 0.543942778125 0.6966626736111111 0.56148931953125 0.6966626736111111 0.56148931953125 0.6775997652777778
7 0.52834585234375 0.6758667736111111 0.52834585234375 0.7001286569444444 0.5390687390625 0.7001286569444444 0.5390687390625 0.6758667736111111
7 0.448411609375 0.6689348055555555 0.448411609375 0.6914636986111111 0.47473142109375 0.6914636986111111 0.47473142109375 0.6689348055555555
7 0.9046216812500001 0.6931966902777777 0.9046216812500001 0.7070606236111111 0.92996668515625 0.7070606236111111 0.92996668515625 0.6931966902777777
2 0.56051451171875 0.7157255833333332 0.56051451171875 0.7434534486111111 0.5712373976562499 0.7434534486111111 0.5712373976562499 0.7157255833333332
2 0.56831297421875 0.7157255833333332 0.56831297421875 0.7711813180555556 0.5897587468750001 0.7711813180555556 0.5897587468750001 0.7157255833333332
2 0.9241178382812499 0.7295895166666666 0.9241178382812499 0.830103036111111 0.9982032343749999 0.830103036111111 0.9982032343749999 0.7295895166666666
2 0.85295686484375 0.7035946402777777 0.85295686484375 0.8734278319444444 0.9455636101562501 0.8734278319444444 0.9455636101562501 0.7035946402777777
2 0.62972586875 0.7001286569444444 0.62972586875 0.7815792680555556 0.66286933515625 0.7815792680555556 0.66286933515625 0.7001286569444444
2 0.43573910703124996 0.7261235333333333 0.43573910703124996 0.7521184097222222 0.4571848796875 0.7521184097222222 0.4571848796875 0.7261235333333333
2 0.4152681421875 0.7243905416666667 0.4152681421875 0.7486524250000001 0.43768872265625003 0.7486524250000001 0.43768872265625003 0.7243905416666667
2 0.364578134375 0.7295895166666666 0.364578134375 0.7590503763888888 0.400646025 0.7590503763888888 0.400646025 0.7295895166666666
2 0.28171946718749996 0.7261235333333333 0.28171946718749996 0.7781132847222223 0.33630870703125 0.7781132847222223 0.33630870703125 0.7261235333333333
2 0 0.7105266083333334 0 0.8335690208333334 0.15304483203125002 0.8335690208333334 0.15304483203125002 0.7105266083333334
2 0.48642911484375 0.7035946402777777 0.48642911484375 0.8491659458333334 0.58098547578125 0.8491659458333334 0.58098547578125 0.7035946402777777
2 0.57903586015625 0.7105266083333334 0.57903586015625 0.7971761944444444 0.6414235625 0.7971761944444444 0.6414235625 0.7105266083333334
9 0.6462976015625 0.5822852194444444 0.6462976015625 0.9115536472222222 0.866604175 0.9115536472222222 0.866604175 0.5822852194444444
6 0.364578134375 0.5337614513888889 0.364578134375 0.5701542777777777 0.38212467578125 0.5701542777777777 0.38212467578125 0.5337614513888889
6 0.30414004765625 0.5441594013888889 0.30414004765625 0.5701542777777777 0.3216865890625 0.5701542777777777 0.3216865890625 0.5441594013888889
6 0.42891545234375006 0.5441594013888889 0.42891545234375006 0.5666882944444445 0.44158795390625 0.5666882944444445 0.44158795390625 0.5441594013888889
2 0.3197369734375 0.3847241625 0.3197369734375 0.4020540805555556 0.35775447968749996 0.4020540805555556 0.35775447968749996 0.3847241625
2 0.37042698125 0.37952518749999997 0.37042698125 0.40032108888888884 0.4055200640625 0.40032108888888884 0.4055200640625 0.37952518749999997
2 0.23395388281249999 0.3899231388888889 0.23395388281249999 0.40378707222222227 0.28366908281250003 0.40378707222222227 0.28366908281250003 0.3899231388888889
6 0.09748078437499999 0.3067395361111111 0.09748078437499999 0.33273441111111113 0.10722886328125 0.33273441111111113 0.10722886328125 0.3067395361111111
6 0.10820367109375 0.3067395361111111 0.10820367109375 0.33100141944444444 0.11892655703124999 0.33100141944444444 0.11892655703124999 0.3067395361111111
6 0.84028436328125 0.3431323611111111 0.84028436328125 0.3691272375 0.8480828257812499 0.3691272375 0.8480828257812499 0.3431323611111111
6 0.8519820570312501 0.34139936944444443 0.8519820570312501 0.36739424583333335 0.8617301359375 0.36739424583333335 0.8617301359375 0.34139936944444443