2 0.5698826125 0.6499997680555556 0.5698826125 0.7624997277777779 0.6110154109375 0.7624997277777779 0.6110154109375 0.6499997680555556
2 0.58781229375 0.6312497736111111 0.58781229375 0.8637496930555555 0.7185934984375 0.8637496930555555 0.7185934984375 0.6312497736111111
2 0.37371080624999997 0.5824997916666667 0.37371080624999997 0.9574996597222223 0.5920310421874999 0.9574996597222223 0.5920310421874999 0.5824997916666667
2 0.2186717984375 0.6518747666666667 0.2186717984375 0.8131247097222223 0.3568358125 0.8131247097222223 0.3568358125 0.6518747666666667
4 0.240468665625 0.6649997625 0.240468665625 0.7024997486111111 0.25312491171875 0.7024997486111111 0.25312491171875 0.6649997625
4 0.22042961015625 0.6612497638888889 0.22042961015625 0.7193747430555555 0.23308585625 0.7193747430555555 0.23308585625 0.6612497638888889
4 0.215156175 0.6593747638888888 0.215156175 0.7287497402777777 0.223593671875 0.7287497402777777 0.223593671875 0.6593747638888888
4 0.20249992890625 0.6649997625 0.20249992890625 0.7324997388888889 0.21621086171875 0.7324997388888889 0.21621086171875 0.6649997625
4 0.17718743828125 0.6593747638888888 0.17718743828125 0.7287497402777777 0.187734309375 0.7287497402777777 0.187734309375 0.6593747638888888
4 0.16664056640625 0.6668747611111111 0.16664056640625 0.7381247361111111 0.1771874390625 0.7381247361111111 0.1771874390625 0.6668747611111111
4 0.35648425 0.6724997597222223 0.35648425 0.7174997444444445 0.36914049609375 0.7174997444444445 0.36914049609375 0.6724997597222223
2 0 0.6874997541666666 0 0.8037497138888889 0.01160155859375 0.8037497138888889 0.01160155859375 0.6874997541666666
6 0.23203116875 0.6349997722222223 0.23203116875 0.6537497680555556 0.24679678828124998 0.6537497680555556 0.24679678828124998 0.6349997722222223
7 0.2510155375 0.5749997944444444 0.2510155375 0.5899997888888889 0.2731639671875 0.5899997888888889 0.2731639671875 0.5749997944444444
7 0.37863267968750003 0.5899997888888889 0.37863267968750003 0.6068747805555555 0.40289048515625003 0.6068747805555555 0.40289048515625003 0.5899997888888889
6 0.41343735546874993 0.5881247888888889 0.41343735546874993 0.6087497819444445 0.42187485234375 0.6087497819444445 0.42187485234375 0.5881247888888889
6 0.3575389375 0.6443747694444445 0.3575389375 0.6649997625 0.36703112187500003 0.6649997625 0.36703112187500003 0.6443747694444445
7 0.25417959843750004 0.5587498041666668 0.25417959843750004 0.5699998 0.2721092796875 0.5699998 0.2721092796875 0.5587498041666668
7 0.651796646875 0.5543748013888888 0.651796646875 0.5712497930555556 0.686601321875 0.5712497930555556 0.686601321875 0.5543748013888888
7 0.72492162421875 0.5131248152777778 0.72492162421875 0.5543748013888888 0.74285130546875 0.5543748013888888 0.74285130546875 0.5131248152777778
7 0.7354684953125 0.5337498083333334 0.7354684953125 0.5712497944444445 0.75023411484375 0.5712497944444445 0.75023411484375 0.5337498083333334
7 0.85851532421875 0.19062492777777776 0.85851532421875 0.33874987638888887 0.9239059265625 0.33874987638888887 0.9239059265625 0.19062492777777776
4 0.66269508359375 0.6593747638888888 0.66269508359375 0.6799997569444445 0.6742966406249999 0.6799997569444445 0.6742966406249999 0.6593747638888888
4 0.76675754375 0.6481247680555555 0.76675754375 0.7174997444444445 0.784687225 0.7174997444444445 0.784687225 0.6481247680555555
4 0.7804684765625 0.6406247708333334 0.7804684765625 0.7212497430555556 0.795234096875 0.7212497430555556 0.795234096875 0.6406247708333334
4 0.7867966 0.6499997680555556 0.7867966 0.7437497347222223 0.8015622195312501 0.7437497347222223 0.8015622195312501 0.6499997680555556
4 0.8015622195312501 0.6537497666666667 0.8015622195312501 0.7268747402777779 0.8163278390625001 0.7268747402777779 0.8163278390625001 0.6537497666666667
4 0.812109090625 0.6574997652777778 0.812109090625 0.7324997388888889 0.8300387718750001 0.7324997388888889 0.8300387718750001 0.6574997652777778
4 0.84585907890625 0.6574997652777778 0.84585907890625 0.7381247347222222 0.86484344765625 0.7381247347222222 0.86484344765625 0.6574997652777778
6 0.6285935296875 0.5562498 0.6285935296875 0.5862497902777778 0.64546852421875 0.5862497902777778 0.64546852421875 0.5562498
7 0.35015612734375 0.5824997916666667 0.35015612734375 0.6087497819444445 0.3607029984375 0.6087497819444445 0.3607029984375 0.5824997916666667