7 0.23826100703125 0.12661014583333333 0.23826100703125 0.17999996527777778 0.31548556953125 0.17999996527777778 0.31548556953125 0.12661014583333333
7 0.3789813203125 0.26084740833333336 0.3789813203125 0.2715253722222222 0.4004325875 0.2715253722222222 0.4004325875 0.26084740833333336
7 0.350665646875 0.27457621944444444 0.350665646875 0.28525418333333336 0.35924615390625003 0.28525418333333336 0.35924615390625003 0.27457621944444444
7 0.1833457640625 0.20288131944444443 0.1833457640625 0.23033894027777777 0.200506778125 0.23033894027777777 0.200506778125 0.20288131944444443
7 0.18506186484375 0.2349152097222222 0.18506186484375 0.268474525 0.19879067578125 0.268474525 0.19879067578125 0.2349152097222222
7 0.18506186484375 0.268474525 0.18506186484375 0.2806779138888889 0.2022228796875 0.2806779138888889 0.2022228796875 0.268474525
7 0.08896018828124999 0.1494914972222222 0.08896018828124999 0.1922033513888889 0.11298560625000001 0.1922033513888889 0.11298560625000001 0.1494914972222222
7 0.0941084921875 0.1952542 0.0941084921875 0.21203385833333332 0.11555976015625 0.21203385833333332 0.11555976015625 0.1952542
6 0.40815504296875 0.2562711375 0.40815504296875 0.2761016416666667 0.41244529609375 0.2761016416666667 0.41244529609375 0.2562711375
6 0.4115872453125 0.25932198472222223 0.4115872453125 0.2761016416666667 0.41673555 0.2761016416666667 0.41673555 0.25932198472222223
6 0.40472283984375 0.25932198472222223 0.40472283984375 0.27457621944444444 0.40987114375000006 0.27457621944444444 0.40987114375000006 0.25932198472222223
6 0.35238174765624997 0.2959321472222222 0.35238174765624997 0.30966095555555556 0.36182030546875 0.30966095555555556 0.36182030546875 0.2959321472222222
6 0.5711846726562501 0.28677960694444443 0.5711846726562501 0.30203384027777774 0.5763329765625 0.30203384027777774 0.5763329765625 0.28677960694444443
7 0.54372705078125 0.2776270652777778 0.54372705078125 0.2959321472222222 0.55144950703125 0.2959321472222222 0.55144950703125 0.2776270652777778
7 0.5291401890625 0.25932198472222223 0.5291401890625 0.2776270652777778 0.53428849375 0.2776270652777778 0.53428849375 0.25932198472222223
2 0.5085469726562499 0.32491519305555555 0.5085469726562499 0.3386440013888889 0.51970163203125 0.3386440013888889 0.51970163203125 0.32491519305555555
2 0.52141773359375 0.3233897694444444 0.52141773359375 0.33864400694444446 0.53514654375 0.33864400694444446 0.53514654375 0.3233897694444444
2 0.33436268359375 0.3142372291666667 0.33436268359375 0.3752541652777778 0.390135978125 0.3752541652777778 0.390135978125 0.3142372291666667
2 0.44590927265625 0.2959321472222222 0.44590927265625 0.3981355180555556 0.5102630742187501 0.3981355180555556 0.5102630742187501 0.2959321472222222
7 0.22796439921874997 0.12508472222222222 0.22796439921874997 0.19677962361111112 0.31291141640625 0.19677962361111112 0.31291141640625 0.12508472222222222
7 0.32835632890625 0.2806779111111111 0.32835632890625 0.2989829972222222 0.3335046328125 0.2989829972222222 0.3335046328125 0.2806779111111111
2 0.37840035234374997 0.3100423138888889 0.37840035234374997 0.3436016333333333 0.39985161953125 0.3436016333333333 0.39985161953125 0.3100423138888889
2 0.41787068359374996 0.29783892638888887 0.41787068359374996 0.3329236638888889 0.442754153125 0.3329236638888889 0.442754153125 0.29783892638888887
7 0.606641834375 0.28411011527777774 0.606641834375 0.29631350416666663 0.6109320874999999 0.29631350416666663 0.6109320874999999 0.28411011527777774