6 0.836111834375 0 0.836111834375 0.07993420972222222 0.8680855187500001 0.07993420972222222 0.8680855187500001 0
6 0.3235337046875 0.24513158055555556 0.3235337046875 0.28598684305555555 0.33152712578125 0.28598684305555555 0.33152712578125 0.24513158055555556
6 0.22561429843749997 0.2131578958333333 0.22561429843749997 0.2664473708333333 0.23660525234375 0.2664473708333333 0.23660525234375 0.2131578958333333
6 0.33252630546875 0.3659210541666667 0.33252630546875 0.3748026333333333 0.341518903125 0.3748026333333333 0.341518903125 0.3659210541666667
7 0.8421069007812501 0.13144736805555557 0.8421069007812501 0.16875 0.8760789398437501 0.16875 0.8760789398437501 0.13144736805555557
7 0.84510443359375 0.18473684305555554 0.84510443359375 0.2202631611111111 0.9400263085937499 0.2202631611111111 0.9400263085937499 0.18473684305555554
7 0.34896278984375 0.35615131805555555 0.34896278984375 0.3703618430555556 0.36295127734375 0.3703618430555556 0.36295127734375 0.35615131805555555
7 0.33697265859375 0.35615131805555555 0.33697265859375 0.36680921111111114 0.34896278984375 0.36680921111111114 0.34896278984375 0.35615131805555555
4 0.6257349953125 0.4094407916666667 0.6257349953125 0.45740131805555556 0.6377251265625 0.45740131805555556 0.6377251265625 0.4094407916666667
4 0.5058336789062501 0.40233552777777776 0.5058336789062501 0.4307565805555556 0.51482627734375 0.4307565805555556 0.51482627734375 0.40233552777777776
4 0.4808542375 0.40766447638888886 0.4808542375 0.4449671055555555 0.49484272578125 0.4449671055555555 0.49484272578125 0.40766447638888886
2 0.33340267421875003 0.4050000041666667 0.33340267421875003 0.43697368611111115 0.34938951640625 0.43697368611111115 0.34938951640625 0.4050000041666667
2 0.30142898984375 0.4014473708333333 0.30142898984375 0.4476315819444444 0.33540102968749996 0.4476315819444444 0.33540102968749996 0.4014473708333333
7 0.10159346250000001 0.3339473708333333 0.10159346250000001 0.35526315833333333 0.12957043671875 0.35526315833333333 0.12957043671875 0.3339473708333333
2 0.19851369296875002 0.39434210694444444 0.19851369296875002 0.46717105694444444 0.24947175390625 0.46717105694444444 0.24947175390625 0.39434210694444444
2 0.24047915390625 0.4138815805555555 0.24047915390625 0.49559210972222223 0.30442652265625003 0.49559210972222223 0.30442652265625003 0.4138815805555555
2 0.35238705078125 0.4014473708333333 0.35238705078125 0.47427631805555553 0.39735004375 0.47427631805555553 0.39735004375 0.4014473708333333
2 0 0.3446052638888889 0 0.7407236861111112 0.21150300312499998 0.7407236861111112 0.21150300312499998 0.3446052638888889