7 0.31132286328125003 0.09536015694444444 0.31132286328125003 0.11218842083333333 0.33656525625 0.11218842083333333 0.33656525625 0.09536015694444444
7 0.37089252968749997 0.13649590833333333 0.37089252968749997 0.1773305236111111 0.41439597421874996 0.1773305236111111 0.41439597421874996 0.13649590833333333
7 0.32499582656250003 0.12714687638888889 0.32499582656250003 0.17763166666666666 0.3512899875 0.17763166666666666 0.3512899875 0.12714687638888889
6 0.2271815484375 0.10657899861111111 0.2271815484375 0.15332417083333333 0.25452747656249997 0.15332417083333333 0.25452747656249997 0.10657899861111111
6 0.11569430703125001 0.0037396152777777777 0.11569430703125001 0.06731305138888889 0.14829906640624999 0.06731305138888889 0.14829906640624999 0.0037396152777777777
6 0.74780593125 0.05235459305555556 0.74780593125 0.10844880277777778 0.76568596015625 0.10844880277777778 0.76568596015625 0.05235459305555556
6 0.46109441171875 0.20567876805555557 0.46109441171875 0.22437683888888887 0.46635324375 0.22437683888888887 0.46635324375 0.20567876805555557
6 0.52462109765625 0 0.52462109765625 0.029916909722222225 0.539345828125 0.029916909722222225 0.539345828125 0
6 0.735184734375 0.05235459305555556 0.735184734375 0.09722996388888888 0.7488576984375 0.09722996388888888 0.7488576984375 0.05235459305555556
2 0.40913714062500006 0.2412051013888889 0.40913714062500006 0.2580333625 0.42175833828125003 0.2580333625 0.42175833828125003 0.2412051013888889
2 0.41755127265625 0.24307490694444445 0.41755127265625 0.2580333625 0.42596540312500003 0.2580333625 0.42596540312500003 0.24307490694444445
2 0.43122423593750003 0.2412051013888889 0.43122423593750003 0.2636427847222222 0.4438454328125 0.2636427847222222 0.4438454328125 0.2412051013888889
2 0.43648306796874997 0.24681452222222222 0.43648306796874997 0.26551259166666663 0.45015603359374995 0.26551259166666663 0.45015603359374995 0.24681452222222222
2 0.43753483437499996 0.24868432916666666 0.43753483437499996 0.26551259166666663 0.4554148640625 0.26551259166666663 0.4554148640625 0.24868432916666666
2 0.43648306796874997 0.26177297777777775 0.43648306796874997 0.29542950277777774 0.460673696875 0.29542950277777774 0.460673696875 0.26177297777777775
2 0.51852084921875 0.2673824 0.51852084921875 0.30851815416666667 0.54691854375 0.30851815416666667 0.54691854375 0.2673824
2 0.53324557734375 0.26551259166666663 0.53324557734375 0.31599738055555554 0.5711091703125 0.31599738055555554 0.5711091703125 0.26551259166666663
2 0.475398425 0.26177297777777775 0.475398425 0.2898200833333333 0.49117492265624996 0.2898200833333333 0.49117492265624996 0.26177297777777775
2 0.460673696875 0.2505541375 0.460673696875 0.26177297777777775 0.47539842656250003 0.26177297777777775 0.47539842656250003 0.2505541375
2 0.460673696875 0.2599031722222222 0.460673696875 0.29916911944444446 0.48381255703125003 0.29916911944444446 0.48381255703125003 0.2599031722222222
2 0.60371392890625 0.26177297777777775 0.60371392890625 0.3197369944444444 0.6436810546875 0.3197369944444444 0.6436810546875 0.26177297777777775
2 0.42217905390625 0.26177297777777775 0.42217905390625 0.29168988749999997 0.44216261640625004 0.29168988749999997 0.44216261640625004 0.26177297777777775
2 0.54839102578125 0.2673824 0.54839102578125 0.35526332777777775 0.61780761015625 0.35526332777777775 0.61780761015625 0.2673824
2 0.482129740625 0.2505541375 0.482129740625 0.3141275736111111 0.52630393046875 0.3141275736111111 0.52630393046875 0.2505541375
2 0.43585201796875 0.26551259166666663 0.43585201796875 0.3069915513888889 0.47064094921875005 0.3069915513888889 0.47064094921875005 0.26551259166666663
2 0.6096038296875 0.2505541375 0.6096038296875 0.4599725194444444 0.78945588984375 0.4599725194444444 0.78945588984375 0.2505541375
2 0.68427924609375 0.22811645277777776 0.68427924609375 0.2580333625 0.748436996875 0.2580333625 0.748436996875 0.22811645277777776
7 0.37089252968749997 0.17542374305555555 0.37089252968749997 0.21165255972222224 0.41379507578124997 0.21165255972222224 0.41379507578124997 0.17542374305555555