2 0.9683196984375 0.45046184027777775 0.9683196984375 0.7068785791666667 0.99950551796875 0.7068785791666667 0.99950551796875 0.45046184027777775
2 0.00077964609375 0.4560059833333333 0.00077964609375 0.5031312208333334 0.03196546484375 0.5031312208333334 0.03196546484375 0.4560059833333333
1 0.39528026328125 0.4366014736111111 0.39528026328125 0.47679653055555554 0.42724572890625 0.47679653055555554 0.42724572890625 0.4366014736111111
6 0.10369284999999999 0.3714577625 0.10369284999999999 0.39224830694444446 0.11148930625 0.39224830694444446 0.11148930625 0.3714577625
6 0.21128392734374998 0.40888074583333334 0.21128392734374998 0.43382940138888887 0.21830073671875 0.43382940138888887 0.21830073671875 0.40888074583333334
6 0.42178821015625 0.39640641805555554 0.42178821015625 0.41719696388888894 0.42724572812500006 0.41719696388888894 0.42724572812500006 0.39640641805555554
6 0.45843154765625 0.4019505638888889 0.45843154765625 0.4241271444444444 0.46310942265625005 0.4241271444444444 0.46310942265625005 0.4019505638888889
2 0.8396781921875001 0.4324433638888889 0.8396781921875001 0.5959956611111111 0.9223206140625001 0.5959956611111111 0.9223206140625001 0.4324433638888889
2 0.5566668796875 0.4490758 0.5566668796875 0.5128334805555556 0.6050049 0.5128334805555556 0.6050049 0.4490758
4 0.6050049 0.4435316569444444 0.6050049 0.5045172597222223 0.61669958203125 0.5045172597222223 0.61669958203125 0.4435316569444444
2 0.5301589328125 0.43798751111111106 0.5301589328125 0.4962010375 0.5745987257812499 0.4962010375 0.5745987257812499 0.43798751111111106
2 0.5184642515625 0.4407595819444445 0.5184642515625 0.4962010388888889 0.544972196875 0.4962010388888889 0.544972196875 0.4407595819444445
2 0.49975275859375 0.44630372916666666 0.49975275859375 0.49065689305555554 0.524701415625 0.49065689305555554 0.524701415625 0.44630372916666666
2 0.491956303125 0.4490758 0.491956303125 0.48649878750000003 0.50832886015625 0.48649878750000003 0.50832886015625 0.4490758
2 0.44127934687500003 0.4490758 0.44127934687500003 0.4823406763888889 0.46285765546875 0.4823406763888889 0.46285765546875 0.4490758
2 0.30484138671875 0.45877805833333335 0.30484138671875 0.4795686027777778 0.32277323281250003 0.4795686027777778 0.32277323281250003 0.45877805833333335
2 0.31965465000000004 0.45461994722222226 0.31965465000000004 0.47679653055555554 0.33368826953125 0.47679653055555554 0.33368826953125 0.45461994722222226
2 0.261960884375 0.46016409305555556 0.261960884375 0.47402445972222224 0.27287592109375003 0.47402445972222224 0.27287592109375003 0.46016409305555556
2 0.09667603984374999 0.46016409305555556 0.09667603984374999 0.4781825652777778 0.11694682265625 0.4781825652777778 0.11694682265625 0.46016409305555556
2 0.080303484375 0.4712523847222222 0.080303484375 0.49065689444444444 0.099794621875 0.49065689444444444 0.099794621875 0.4712523847222222
2 0.06549022109375 0.46293616666666665 0.06549022109375 0.4781825652777778 0.08264242187500001 0.4781825652777778 0.08264242187500001 0.46293616666666665
2 0.02338936484375 0.4657082388888889 0.02338936484375 0.4920429305555556 0.050676957031250004 0.4920429305555556 0.050676957031250004 0.4657082388888889
2 0.047558375 0.4670942763888889 0.047558375 0.49065689305555554 0.06626986640625 0.49065689305555554 0.06626986640625 0.4670942763888889
2 0.1473529984375 0.4449176930555555 0.1473529984375 0.5086753680555556 0.2050467640625 0.5086753680555556 0.2050467640625 0.4449176930555555
2 0.1130485953125 0.4615501291666667 0.1130485953125 0.47679653194444443 0.1286415046875 0.47679653194444443 0.1286415046875 0.4615501291666667
2 0.12786186093750002 0.46016409305555556 0.12786186093750002 0.4754104958333333 0.1411158328125 0.4754104958333333 0.1411158328125 0.46016409305555556
2 0.2066060546875 0.46293616666666665 0.2066060546875 0.47679653055555554 0.21908038359374998 0.47679653055555554 0.21908038359374998 0.46293616666666665
2 0.2159618015625 0.4657082388888889 0.2159618015625 0.4781825652777778 0.23077506484375002 0.4781825652777778 0.23077506484375002 0.4657082388888889
2 0.62215710078125 0.34235099583333334 0.62215710078125 0.6708416291666667 0.866965784375 0.6708416291666667 0.866965784375 0.34235099583333334
6 0.29236705859375 0.39224830972222224 0.29236705859375 0.4116528194444445 0.30094315859375 0.4116528194444445 0.30094315859375 0.39224830972222224
7 0.30718032265625 0.28552350555555556 0.30718032265625 0.30354197777777775 0.3313493328125 0.30354197777777775 0.3313493328125 0.28552350555555556
7 0.3251121703125 0.3589834347222222 0.3251121703125 0.37838794444444446 0.33602720703125 0.37838794444444446 0.33602720703125 0.3589834347222222
7 0.38982274453125 0.39502038055555555 0.38982274453125 0.40888074722222223 0.40775459296875 0.40888074722222223 0.40775459296875 0.39502038055555555
7 0.0418490921875 0.4324433638888889 0.0418490921875 0.4476897638888889 0.04964554765625 0.4476897638888889 0.04964554765625 0.4324433638888889
7 0.01768008203125 0.4158109277777778 0.01768008203125 0.4310573277777777 0.02313760078125 0.4310573277777777 0.02313760078125 0.4158109277777778
7 0.07537384765625 0.37838794444444446 0.07537384765625 0.3936343444444444 0.09798356796874999 0.3936343444444444 0.09798356796874999 0.37838794444444446
7 0.09486498593750001 0.4130388569444444 0.09486498593750001 0.4268992208333333 0.10110215 0.4268992208333333 0.10110215 0.4130388569444444
6 0.06601810234375 0.4324433638888889 0.06601810234375 0.4435316569444444 0.07459420312500001 0.4435316569444444 0.07459420312500001 0.4324433638888889
6 0.21493038984375 0.43382940138888887 0.21493038984375 0.44630372916666666 0.22272684609375 0.44630372916666666 0.22272684609375 0.43382940138888887
2 0.35838516015625 0.46016409305555556 0.35838516015625 0.4712523847222222 0.36852055156249997 0.4712523847222222 0.36852055156249997 0.46016409305555556
2 0.34902941484375 0.4573920208333333 0.34902941484375 0.46848031250000005 0.3583851609375 0.46848031250000005 0.3583851609375 0.4573920208333333
2 0.33967366875 0.4573920208333333 0.33967366875 0.46848031250000005 0.34902941484375 0.46848031250000005 0.34902941484375 0.4573920208333333