2 0 0.3652912444444445 0 0.5315624013888889 0.06887807578125 0.5315624013888889 0.06887807578125 0.3652912444444445
2 0.056007315625 0.3866471722222222 0.056007315625 0.4919013930555555 0.13923823203125002 0.4919013930555555 0.13923823203125002 0.3866471722222222
2 0.12550942109375002 0.3881725958333333 0.12550942109375002 0.4629183416666666 0.20101788125 0.4629183416666666 0.20101788125 0.3881725958333333
2 0.17098610703125 0.3713929375 0.17098610703125 0.44613868333333334 0.23276575625 0.44613868333333334 0.23276575625 0.3713929375
2 0.2250433 0.3729183611111111 0.2250433 0.43088445277777776 0.26451363046875 0.43088445277777776 0.26451363046875 0.3729183611111111
2 0.25679117578125 0.37749463194444444 0.25679117578125 0.4217319111111111 0.28424879765625 0.4217319111111111 0.28424879765625 0.37749463194444444
2 0.28167464531249997 0.38512174861111115 0.28167464531249997 0.4141047944444445 0.30140981093749997 0.4141047944444445 0.30140981093749997 0.38512174861111115
2 0.298835659375 0.38512174861111115 0.298835659375 0.4141047944444445 0.31599667187499997 0.4141047944444445 0.31599667187499997 0.38512174861111115
2 0.41553055234374997 0.35308785694444444 0.41553055234374997 0.40647767361111115 0.45156868125000005 0.40647767361111115 0.45156868125000005 0.35308785694444444
2 0.42239495781249997 0.37596920833333336 0.42239495781249997 0.4263081847222222 0.46014918828124995 0.4263081847222222 0.46014918828124995 0.37596920833333336
2 0.45156868125000005 0.37749463194444444 0.45156868125000005 0.4476641097222222 0.47216189765624994 0.4476641097222222 0.47216189765624994 0.37749463194444444
2 0.46358139062500003 0.35308785694444444 0.46358139062500003 0.47512173472222224 0.52707714140625 0.47512173472222224 0.52707714140625 0.35308785694444444
2 0.49189706328125 0.3561387041666667 0.49189706328125 0.5025793541666667 0.5948631484375 0.5025793541666667 0.5948631484375 0.3561387041666667
2 0.5262190906249999 0.36986751388888894 0.5262190906249999 0.5605454444444444 0.67981016328125 0.5605454444444444 0.67981016328125 0.36986751388888894
2 0.39751148828125 0.3729183611111111 0.39751148828125 0.40800309999999995 0.41381445078125 0.40800309999999995 0.41381445078125 0.3729183611111111
2 0.37434411953125 0.39885055972222216 0.37434411953125 0.4110539472222222 0.39150513359375 0.4110539472222222 0.39150513359375 0.39885055972222216
2 0.6068758546875 0.3637658208333333 0.6068758546875 0.7237657527777779 0.998146965625 0.7237657527777779 0.998146965625 0.3637658208333333
5 0.40523394375 0.3546132805555556 0.40523394375 0.42173190972222224 0.42411105937500004 0.42173190972222224 0.42411105937500004 0.3546132805555556
0 0.40780809609375 0.3896980194444445 0.40780809609375 0.43851156944444447 0.42840131406250004 0.43851156944444447 0.42840131406250004 0.3896980194444445