2 0.0465444171875 0.39899263472222224 0.0465444171875 0.4857055263888889 0.14696559609374998 0.4857055263888889 0.14696559609374998 0.39899263472222224
2 0.26077626796875003 0.3972923819444445 0.26077626796875003 0.43639819444444444 0.29233721015624997 0.43639819444444444 0.29233721015624997 0.3972923819444445
2 0.31242144609375 0.3972923819444445 0.31242144609375 0.4244964263888889 0.33250568203125 0.4244964263888889 0.33250568203125 0.3972923819444445
2 0.47500811796875003 0.38028985694444445 0.47500811796875003 0.4517004708333333 0.52474051171875 0.4517004708333333 0.52474051171875 0.38028985694444445
2 0.36661701484375003 0.3649875777777778 0.36661701484375003 0.48513879861111114 0.43866521406250003 0.48513879861111114 0.43866521406250003 0.3649875777777778
4 0.43483964609375 0.38142336527777776 0.43483964609375 0.43243095 0.44344717578125004 0.43243095 0.44344717578125004 0.38142336527777776
4 0.61272859296875 0.38482387083333336 0.61272859296875 0.4256299375 0.62037973046875 0.4256299375 0.62037973046875 0.38482387083333336
2 0.128794146875 0.38992462916666665 0.128794146875 0.4715367611111111 0.182352109375 0.4715367611111111 0.182352109375 0.38992462916666665
2 0.18235210859375 0.4018263986111111 0.18235210859375 0.4528339819444444 0.23591007109375 0.4528339819444444 0.23591007109375 0.4018263986111111
2 0.38000650625 0.3627205958333334 0.38000650625 0.37462236388888887 0.38861403671875 0.37462236388888887 0.38861403671875 0.3627205958333334
2 0.3752245453125 0.36612110277777776 0.3752245453125 0.379723125 0.38191928984375 0.379723125 0.38191928984375 0.36612110277777776
2 0.36470423125 0.36612110277777776 0.36470423125 0.3814233777777778 0.37618093828125 0.3814233777777778 0.37618093828125 0.36612110277777776
2 0.3599222703125 0.36952160694444447 0.3599222703125 0.38822438888888894 0.36661701484375003 0.38822438888888894 0.36661701484375003 0.36952160694444447
2 0.35418391640625 0.37802287083333336 0.35418391640625 0.39332514722222217 0.36374783828125 0.39332514722222217 0.36374783828125 0.37802287083333336
2 0.3407944265625 0.379723125 0.3407944265625 0.4018264111111111 0.3560967015625 0.4018264111111111 0.3560967015625 0.379723125
2 0.4297389 0.3593200916666667 0.4297389 0.379723125 0.4421719984375 0.379723125 0.4421719984375 0.3593200916666667
2 0.42878250859374994 0.37802287083333336 0.42878250859374994 0.39672565 0.443128390625 0.39672565 0.443128390625 0.37802287083333336
2 0.4402592140625 0.3899246416666667 0.4402592140625 0.410327675 0.450779528125 0.410327675 0.450779528125 0.3899246416666667
2 0.44695395859375 0.39162489305555553 0.44695395859375 0.4137281791666667 0.46608180234374996 0.4137281791666667 0.46608180234374996 0.39162489305555553
2 0.450779528125 0.39672565277777777 0.450779528125 0.42733020416666667 0.47373294140625 0.42733020416666667 0.47373294140625 0.39672565277777777
2 0.573197728125 0.39672565277777777 0.573197728125 0.41882893888888884 0.58276165 0.41882893888888884 0.58276165 0.39672565277777777
4 0.567459375 0.39502539861111113 0.567459375 0.42392969444444445 0.57224133671875 0.42392969444444445 0.57224133671875 0.39502539861111113
7 0.49668635234374997 0.3043452486111111 0.49668635234374997 0.32644853472222224 0.50911945078125 0.32644853472222224 0.50911945078125 0.3043452486111111
7 0.49764274531249997 0.3281487861111111 0.49764274531249997 0.3468515652777778 0.508163059375 0.3468515652777778 0.508163059375 0.3281487861111111
7 0.32644854453125 0.351952325 0.32644854453125 0.36385409444444444 0.3340996828125 0.36385409444444444 0.3340996828125 0.351952325