6 0.52025799921875 0.25663488888888886 0.52025799921875 0.2800945888888889 0.5274558625 0.2800945888888889 0.5274558625 0.25663488888888886
6 0.45307794765625 0.3504736902777778 0.45307794765625 0.3718006902777778 0.46267509687499997 0.3718006902777778 0.46267509687499997 0.3504736902777778
6 0.53105479296875 0.2609002888888889 0.53105479296875 0.2907580888888889 0.53705301171875 0.2907580888888889 0.53705301171875 0.2609002888888889
6 0.88494969921875 0.30142158888888887 0.88494969921875 0.32914669027777776 0.9017447117187499 0.32914669027777776 0.9017447117187499 0.30142158888888887
6 0.38709754140624997 0.23317518888888888 0.38709754140624997 0.2694310875 0.39309576015625003 0.2694310875 0.39309576015625003 0.23317518888888888
6 0.35710644765625 0.3398101902777778 0.35710644765625 0.3599053291666667 0.3680849953125 0.3599053291666667 0.3680849953125 0.3398101902777778
6 0.343910365625 0.3312793902777778 0.343910365625 0.35900449027777775 0.354707159375 0.35900449027777775 0.354707159375 0.3312793902777778
6 0.6594166734375 0.2609002888888889 0.6594166734375 0.3035542902777778 0.6690138234375 0.3035542902777778 0.6690138234375 0.2609002888888889
7 0.333113571875 0.2907580888888889 0.333113571875 0.3120850902777778 0.35830609140625 0.3120850902777778 0.35830609140625 0.2907580888888889
7 0.7541885296874999 0.3206158902777778 0.7541885296874999 0.3312793902777778 0.77098354375 0.3312793902777778 0.77098354375 0.3206158902777778
2 0.42668578515625005 0.4016584902777778 0.42668578515625005 0.5189569902777778 0.48186939765625 0.5189569902777778 0.48186939765625 0.4016584902777778
2 0.7289960109375 0.37606609027777776 0.7289960109375 0.48270109027777774 0.80097463515625 0.48270109027777774 0.80097463515625 0.37606609027777776
2 0.7493899546875 0.3909949902777778 0.7493899546875 0.5189569902777778 0.8489603851562499 0.5189569902777778 0.8489603851562499 0.3909949902777778
4 0.7949764164062499 0.3632698902777778 0.7949764164062499 0.38886229027777774 0.8105717851562501 0.38886229027777774 0.8105717851562501 0.3632698902777778
4 0.8189692921875 0.3611371902777778 0.8189692921875 0.3867295902777778 0.8321653734375 0.3867295902777778 0.8321653734375 0.3611371902777778
4 0.8321653734375 0.35900449027777775 0.8321653734375 0.38459689027777777 0.8441618109375 0.38459689027777777 0.8441618109375 0.35900449027777775
4 0.8441618109375 0.3568717902777778 0.8441618109375 0.38459689027777777 0.85615824921875 0.38459689027777777 0.85615824921875 0.3568717902777778
4 0.50826156015625 0.38459689027777777 0.50826156015625 0.43578169027777774 0.51905835625 0.43578169027777774 0.51905835625 0.38459689027777777
4 0.49026690390625005 0.3739333902777778 0.49026690390625005 0.4379143902777778 0.50346298515625 0.4379143902777778 0.50346298515625 0.3739333902777778
4 0.41948792265624996 0.38033149027777774 0.41948792265624996 0.40592388888888886 0.431484359375 0.40592388888888886 0.431484359375 0.38033149027777774
4 0.43868222265625 0.3781987902777778 0.43868222265625 0.40379119027777777 0.45067866015625 0.40379119027777777 0.45067866015625 0.3781987902777778
4 0.45427759140625 0.38033149027777774 0.45427759140625 0.41445469027777776 0.4674736734375 0.41445469027777776 0.4674736734375 0.38033149027777774
4 0.46867331640625 0.37606609027777776 0.46867331640625 0.43151629027777777 0.47947011093749997 0.43151629027777777 0.47947011093749997 0.37606609027777776
4 0.52505657421875 0.38886229027777774 0.52505657421875 0.4379143902777778 0.5358533679687499 0.4379143902777778 0.5358533679687499 0.38886229027777774
2 0.30432212187499996 0.37606609027777776 0.30432212187499996 0.5701417902777778 0.45547723515625 0.5701417902777778 0.45547723515625 0.37606609027777776
2 0 0.5338858902777778 0 0.8537908916666666 0.09918303984375 0.8537908916666666 0.09918303984375 0.5338858902777778
2 0.95572868046875 0.5061607902777777 0.95572868046875 0.6895729888888888 1 0.6895729888888888 1 0.5061607902777777
2 0.8093721421875 0.3462082902777778 0.8093721421875 0.6149284902777777 1 0.6149284902777777 1 0.3462082902777778
2 0.50586227265625 0.34834099027777776 0.50586227265625 0.7322269902777778 0.7541885296874999 0.7322269902777778 0.7541885296874999 0.34834099027777776
7 0.323516421875 0.23317518888888888 0.323516421875 0.2459713888888889 0.34031143515625 0.2459713888888889 0.34031143515625 0.23317518888888888
7 0.327115353125 0.24810408888888888 0.327115353125 0.25663488888888886 0.34271072187499996 0.25663488888888886 0.34271072187499996 0.24810408888888888