6 0.1504741359375 0.2770310527777778 0.1504741359375 0.31453102638888886 0.161021003125 0.31453102638888886 0.161021003125 0.2770310527777778
6 0.2823099828125 0.26765605694444444 0.2823099828125 0.30515603333333335 0.2902201328125 0.30515603333333335 0.2902201328125 0.26765605694444444
6 0.3231790953125 0.316874775 0.3231790953125 0.34734350416666665 0.32977088671875 0.34734350416666665 0.32977088671875 0.316874775
6 0.379868509375 0.29578104027777774 0.379868509375 0.3285935166666667 0.38646030078125004 0.3285935166666667 0.38646030078125004 0.29578104027777774
6 0.44578643281249997 0.30046853749999997 0.44578643281249997 0.32859351805555553 0.45501494296875 0.32859351805555553 0.45501494296875 0.30046853749999997
6 0.7635108234375 0.29109354444444446 0.7635108234375 0.3332810138888889 0.77405769140625 0.3332810138888889 0.77405769140625 0.29109354444444446
6 0.14915577734375002 0.3496872527777778 0.14915577734375002 0.3707809861111111 0.15574756953125 0.3707809861111111 0.15574756953125 0.3496872527777778
6 0.112241740625 0.2817185486111111 0.112241740625 0.3239060236111111 0.12147025 0.3239060236111111 0.12147025 0.2817185486111111
6 0.22430221015625001 0.30515603333333335 0.22430221015625001 0.3309372666666667 0.23353071953125001 0.3309372666666667 0.23353071953125001 0.30515603333333335
6 0.21902877578125 0.30515603333333335 0.21902877578125 0.3309372666666667 0.22430221015625001 0.3309372666666667 0.22430221015625001 0.30515603333333335
6 0.29285685 0.26765605694444444 0.29285685 0.29578104027777774 0.29944864296875 0.29578104027777774 0.29944864296875 0.26765605694444444
6 0.5143410734375 0.30515603333333335 0.5143410734375 0.33796851111111115 0.522251225 0.33796851111111115 0.522251225 0.30515603333333335
6 0.5459816765625 0.34734350416666665 0.5459816765625 0.37781223333333336 0.55257346796875 0.37781223333333336 0.55257346796875 0.34734350416666665
6 0.6118996 0.3356247625 0.6118996 0.3614059958333333 0.61980975078125 0.3614059958333333 0.61980975078125 0.3356247625
7 0.1452007015625 0.3309372666666667 0.1452007015625 0.35203100277777777 0.157065928125 0.35203100277777777 0.157065928125 0.3309372666666667
7 0.13333547578125 0.3192185236111111 0.13333547578125 0.33328101250000003 0.1504741359375 0.33328101250000003 0.1504741359375 0.3192185236111111
7 0.602671090625 0.30515603333333335 0.602671090625 0.3215622736111111 0.61980975078125 0.3215622736111111 0.61980975078125 0.30515603333333335
7 0.6000343734375 0.2699998069444444 0.6000343734375 0.28640604722222224 0.6118996 0.28640604722222224 0.6118996 0.2699998069444444
7 0.66199722109375 0.28640604583333334 0.66199722109375 0.33796851111111115 0.6896827484375 0.33796851111111115 0.6896827484375 0.28640604583333334
7 0.89930174609375 0.30515603333333335 0.89930174609375 0.34499975555555557 0.91512204765625 0.34499975555555557 0.91512204765625 0.30515603333333335
7 0.89930174609375 0.27937480138888887 0.89930174609375 0.2981247875 0.91512204765625 0.2981247875 0.91512204765625 0.27937480138888887
7 0.41810090468750005 0.33796851111111115 0.41810090468750005 0.3637497430555555 0.44183135703125 0.3637497430555555 0.44183135703125 0.33796851111111115
7 0.44842315 0.34734350416666665 0.44842315 0.3707809861111111 0.4655618078125 0.3707809861111111 0.4655618078125 0.34734350416666665
7 0.46688016875000005 0.34734350416666665 0.46688016875000005 0.36843724027777774 0.48138211171874995 0.36843724027777774 0.48138211171874995 0.34734350416666665
4 0.10828666484375 0.39187472500000003 0.10828666484375 0.4293746986111111 0.11619681562499999 0.4293746986111111 0.11619681562499999 0.39187472500000003
4 0.09773979687499999 0.3942184722222223 0.09773979687499999 0.43171844722222225 0.10828666484375 0.43171844722222225 0.10828666484375 0.3942184722222223
4 0.76219246484375 0.3637497430555555 0.76219246484375 0.4082809625 0.7727393328125001 0.4082809625 0.7727393328125001 0.3637497430555555
4 0.7516455976562499 0.36609349166666666 0.7516455976562499 0.4106247111111111 0.76219246484375 0.4106247111111111 0.76219246484375 0.36609349166666666
2 0.10696830703125 0.3965622208333333 0.10696830703125 0.42703094722222223 0.13465383515625 0.42703094722222223 0.13465383515625 0.3965622208333333
2 0.079282778125 0.39187472500000003 0.079282778125 0.4293746986111111 0.09905815546874999 0.4293746986111111 0.09905815546874999 0.39187472500000003
2 0.134653834375 0.3965622208333333 0.134653834375 0.4246872013888889 0.161021003125 0.4246872013888889 0.161021003125 0.3965622208333333
2 0.1597026453125 0.40124971805555554 0.1597026453125 0.43171844722222225 0.18870653125 0.43171844722222225 0.18870653125 0.40124971805555554
2 0.40359896093750003 0.37781223333333336 0.40359896093750003 0.4340621944444445 0.42864777187499997 0.4340621944444445 0.42864777187499997 0.37781223333333336
2 0.43392120624999997 0.38953097500000006 0.43392120624999997 0.42703095 0.45369658359375 0.42703095 0.45369658359375 0.38953097500000006
2 0.44578643281249997 0.3824997319444445 0.44578643281249997 0.44343718749999994 0.47215360312500004 0.44343718749999994 0.47215360312500004 0.3824997319444445
2 0.46028837578125004 0.3707809888888889 0.46028837578125004 0.4692184222222222 0.52488793984375 0.4692184222222222 0.52488793984375 0.3707809888888889
2 0.77537605 0.3848434777777778 0.77537605 0.41999970416666665 0.8294287468749999 0.41999970416666665 0.8294287468749999 0.3848434777777778
4 0.6593605046875 0.3614059958333333 0.6593605046875 0.3942184722222223 0.6685890140625 0.3942184722222223 0.6685890140625 0.3614059958333333
4 0.6527687125 0.3567184972222222 0.6527687125 0.38953097500000006 0.66199722265625 0.38953097500000006 0.66199722265625 0.3567184972222222
9 0.1807963796875 0.3707809888888889 0.1807963796875 0.5207808861111112 0.27439983125 0.5207808861111112 0.27439983125 0.3707809888888889
2 0.2506693796875 0.34734350416666665 0.2506693796875 0.6028120791666667 0.42996613124999994 0.6028120791666667 0.42996613124999994 0.34734350416666665
2 0.51170435625 0.34031225972222223 0.51170435625 0.5723433513888889 0.67254408828125 0.5723433513888889 0.67254408828125 0.34031225972222223
2 0.78328620078125 0.3848434777777778 0.78328620078125 0.628593311111111 0.9994969906250001 0.628593311111111 0.9994969906250001 0.3848434777777778