7 0.24760119296875 0.3552633041666667 0.24760119296875 0.3656612541666666 0.27392100468749997 0.3656612541666666 0.27392100468749997 0.3552633041666667
7 0.45718488046875 0.3639282625 0.45718488046875 0.37605920416666666 0.47668103671875006 0.37605920416666666 0.47668103671875006 0.3639282625
7 0.9874803476562499 0.0034659833333333333 0.9874803476562499 0.14557130416666667 0.9991780421875 0.14557130416666667 0.9991780421875 0.0034659833333333333
7 0.6414235625 0.3968551069444445 0.6414235625 0.4141850236111111 0.654096065625 0.4141850236111111 0.654096065625 0.3968551069444445
7 0.77789666015625 0.37086022916666667 0.77789666015625 0.3899231388888889 0.78959435546875 0.3899231388888889 0.78959435546875 0.37086022916666667
7 0.8071408953124999 0.37779219444444445 0.8071408953124999 0.40032108888888884 0.8168889742187501 0.40032108888888884 0.8168889742187501 0.37779219444444445
7 0.89097437109375 0.33966637777777775 0.89097437109375 0.3604622791666667 0.9026720656249999 0.3604622791666667 0.9026720656249999 0.33966637777777775
6 0.29146754609375003 0.3535303125 0.29146754609375003 0.37605920416666666 0.29634158515625 0.37605920416666666 0.29634158515625 0.3535303125
6 0.43671391484375005 0.3639282625 0.43671391484375005 0.37952518749999997 0.44158795390625 0.37952518749999997 0.44158795390625 0.3639282625
6 0.28659350781250004 0.3552633041666667 0.28659350781250004 0.37605920416666666 0.29146754609375003 0.37605920416666666 0.29146754609375003 0.3552633041666667
6 0.42891545234375006 0.36219527083333336 0.42891545234375006 0.37952518749999997 0.43476429921875 0.37952518749999997 0.43476429921875 0.36219527083333336
6 0.51957258203125 0.3535303125 0.51957258203125 0.39165613194444443 0.52737104453125 0.39165613194444443 0.52737104453125 0.3535303125
6 0.52834585234375 0.3985880972222222 0.52834585234375 0.4124520291666667 0.53614431484375 0.4124520291666667 0.53614431484375 0.3985880972222222
6 0.5868343242187499 0.3847241625 0.5868343242187499 0.4089860472222222 0.5946327859375 0.4089860472222222 0.5946327859375 0.3847241625
2 0.0009748078125000001 0.3448653541666667 0.0009748078125000001 0.7867782430555555 0.23785311406249998 0.7867782430555555 0.23785311406249998 0.3448653541666667
2 0.15109521718750002 0.4055200638888889 0.15109521718750002 0.4817717 0.20860887890625 0.4817717 0.20860887890625 0.4055200638888889
2 0.49163241953125 0.4130463416666667 0.49163241953125 0.5078145513888889 0.5519801 0.5078145513888889 0.5519801 0.4130463416666667
2 0.3407632203125 0.44537887361111117 0.3407632203125 0.4774172013888889 0.37093706015625 0.4774172013888889 0.37093706015625 0.44537887361111117
2 0.21055849453125003 0.4627087902777778 0.21055849453125003 0.4817717 0.22323099765625 0.4817717 0.22323099765625 0.4627087902777778
2 0.2251806125 0.4505778486111111 0.2251806125 0.46964075833333335 0.24760119296875 0.46964075833333335 0.24760119296875 0.4505778486111111
2 0.24857600078125 0.4523108402777778 0.24857600078125 0.4661747736111111 0.26319811875 0.4661747736111111 0.26319811875 0.4523108402777778
2 0.2641729265625 0.45404383333333337 0.2641729265625 0.46790776666666667 0.27489581171875 0.46790776666666667 0.27489581171875 0.45404383333333337
2 0.276845428125 0.45404383333333337 0.276845428125 0.46790776666666667 0.28464388984375 0.46790776666666667 0.28464388984375 0.45404383333333337
2 0.376275828125 0.4488448583333333 0.376275828125 0.46790776666666667 0.3918727546875 0.46790776666666667 0.3918727546875 0.4488448583333333
2 0.39187275390625 0.4523108402777778 0.39187275390625 0.4661747736111111 0.40552006328125 0.4661747736111111 0.40552006328125 0.4523108402777778
2 0.4152681421875 0.44537887361111117 0.4152681421875 0.46097579861111115 0.42696583671875 0.46097579861111115 0.42696583671875 0.44537887361111117
2 0.43768872265625003 0.44191289027777775 0.43768872265625003 0.45924280833333336 0.44841160859375 0.45924280833333336 0.44841160859375 0.44191289027777775
2 0.44646199375 0.44537887361111117 0.44646199375 0.4592428055555555 0.45718487890625 0.4592428055555555 0.45718487890625 0.44537887361111117
2 0.45815968749999997 0.44537887361111117 0.45815968749999997 0.46097579861111115 0.46595814921875 0.46097579861111115 0.46595814921875 0.44537887361111117
2 0.579035859375 0.4401798986111111 0.579035859375 0.4592428055555555 0.5946327859375 0.4592428055555555 0.5946327859375 0.4401798986111111
2 0.551741240625 0.4297819486111111 0.551741240625 0.4401798986111111 0.56636335859375 0.4401798986111111 0.56636335859375 0.4297819486111111
2 0.69796241796875 0.42804895555555555 0.69796241796875 0.4592428055555555 0.7398791546875 0.4592428055555555 0.7398791546875 0.42804895555555555
2 0.8859039281250001 0.40947018333333335 0.8859039281250001 0.49910161666666664 0.9991780421875 0.49910161666666664 0.9991780421875 0.40947018333333335
2 0.80616608828125 0.4211169888888889 0.80616608828125 0.48697067499999996 0.8909743718750001 0.48697067499999996 0.8909743718750001 0.4211169888888889
2 0.7798462765624999 0.41938399722222225 0.7798462765624999 0.4817717 0.82078820703125 0.4817717 0.82078820703125 0.41938399722222225