6 0.8381635921875 0.3547390902777778 0.8381635921875 0.46563949027777773 0.8585575375 0.46563949027777773 0.8585575375 0.3547390902777778
6 0.8189692921875 0.3632698902777778 0.8189692921875 0.4549759902777778 0.8441618109375 0.4549759902777778 0.8441618109375 0.3632698902777778
6 0.6042330609375 0.2225116888888889 0.6042330609375 0.2609002888888889 0.6690138234375 0.2609002888888889 0.6690138234375 0.2225116888888889
2 0.08598695859375 0.6703786902777777 0.08598695859375 0.7172980916666666 0.13637199687499998 0.7172980916666666 0.13637199687499998 0.6703786902777777
2 0.36190502265625 0.6319900902777777 0.36190502265625 0.6511843902777777 0.37510110390625 0.6511843902777777 0.37510110390625 0.6319900902777777
2 0.37390146015625 0.6405208902777778 0.37390146015625 0.6639805902777778 0.38949682890625004 0.6639805902777778 0.38949682890625004 0.6405208902777778
2 0.3987734609375 0.648288875 0.3987734609375 0.7194307902777778 0.457876521875 0.7194307902777778 0.457876521875 0.648288875
7 0.65941667265625 0.2182462888888889 0.65941667265625 0.2864926875 0.69540598515625 0.2864926875 0.69540598515625 0.2182462888888889
7 0.7361938734375 0.2310424888888889 0.7361938734375 0.2864926888888889 0.7625860375 0.2864926888888889 0.7625860375 0.2310424888888889
7 0.8069728546875 0.4784356902777778 0.8069728546875 0.5594782888888888 0.84776074140625 0.5594782888888888 0.84776074140625 0.4784356902777778
7 0.7205985046875 0.3227485902777778 0.7205985046875 0.36753529166666665 0.74099244921875 0.36753529166666665 0.74099244921875 0.3227485902777778
4 0.8489603859375 0.5893360930555556 0.8489603859375 0.6682459916666666 0.87535255 0.6682459916666666 0.87535255 0.5893360930555556