7 0.328693684375 0.40768210416666667 0.328693684375 0.45238408888888887 0.356855934375 0.45238408888888887 0.356855934375 0.40768210416666667
7 0.23515478046875 0.3343708486111111 0.23515478046875 0.4201986569444444 0.27840395078125 0.4201986569444444 0.27840395078125 0.3343708486111111
7 0.33472845234375004 0.46132448611111115 0.33472845234375004 0.49529799444444444 0.35182696171875 0.49529799444444444 0.35182696171875 0.46132448611111115
7 0.42122679296875 0.43629137500000004 0.42122679296875 0.4649006444444444 0.43530791718749995 0.4649006444444444 0.43530791718749995 0.43629137500000004
7 0.4765455 0.4148344222222222 0.4765455 0.4470198513888889 0.49263821484375 0.4470198513888889 0.49263821484375 0.4148344222222222
7 0.47553970546875 0.4756291208333333 0.47553970546875 0.4899337569444444 0.48358606249999997 0.4899337569444444 0.48358606249999997 0.4756291208333333
7 0.5368931796874999 0.45417216805555555 0.5368931796874999 0.47026488333333333 0.5509743031250001 0.47026488333333333 0.5509743031250001 0.45417216805555555
6 0.54091635859375 0.4041059458333333 0.54091635859375 0.43450329583333336 0.54996851171875 0.43450329583333336 0.54996851171875 0.4041059458333333
6 0.569078609375 0.25569535416666667 0.569078609375 0.30218541944444444 0.583159734375 0.30218541944444444 0.583159734375 0.25569535416666667
6 0.5560032781250001 0.25927151388888886 0.5560032781250001 0.3039734986111111 0.569078609375 0.3039734986111111 0.569078609375 0.25927151388888886
6 0.3548443453125 0.44165561249999996 0.3548443453125 0.46311256527777783 0.36590808671874997 0.46311256527777783 0.36590808671874997 0.44165561249999996
6 0.43027894531250005 0.47920528055555556 0.43027894531250005 0.4988741541666667 0.43832530234375 0.4988741541666667 0.43832530234375 0.47920528055555556
7 0.33975742578125 0.5256953444444444 0.33975742578125 0.5525165361111112 0.34679798984375 0.5525165361111112 0.34679798984375 0.5256953444444444
2 0.37294864921875004 0.4917218361111111 0.37294864921875004 0.69019865 0.51878887578125 0.69019865 0.51878887578125 0.4917218361111111