6 0.35093082421875 0.37779219583333334 0.35093082421875 0.3985880972222222 0.35483005703125003 0.3985880972222222 0.35483005703125003 0.37779219583333334
6 0.38212467578125 0.3725932208333333 0.38212467578125 0.3985880972222222 0.38797352265625 0.3985880972222222 0.38797352265625 0.3725932208333333
6 0.34410716953125 0.37779219583333334 0.34410716953125 0.3985880972222222 0.34800640078125 0.3985880972222222 0.34800640078125 0.37779219583333334
1 0.456210071875 0.3171374861111111 0.456210071875 0.6238770208333334 0.631675484375 0.6238770208333334 0.631675484375 0.3171374861111111
2 0.43768872265625003 0.4627087902777778 0.43768872265625003 0.5632223111111111 0.46688016796875004 0.5632223111111111 0.46688016796875004 0.4627087902777778
2 0.41136891015625 0.4679077652777778 0.41136891015625 0.5250964916666667 0.44938641640625 0.5250964916666667 0.44938641640625 0.4679077652777778
2 0.37530102109375 0.4696407597222222 0.37530102109375 0.49043665833333333 0.386998715625 0.49043665833333333 0.386998715625 0.4696407597222222
1 0.32948505156249996 0.4644417819444444 0.32948505156249996 0.48697067361111107 0.34800640078125 0.48697067361111107 0.34800640078125 0.4644417819444444
2 0.31291331875 0.4731067416666667 0.31291331875 0.48523768333333334 0.32461101171875 0.48523768333333334 0.32461101171875 0.4731067416666667
2 0.28756831484375 0.4731067416666667 0.28756831484375 0.4887036666666667 0.30511485546875 0.4887036666666667 0.30511485546875 0.4731067416666667
2 0.27684542734375 0.47137375 0.27684542734375 0.4887036666666667 0.28464388984375 0.4887036666666667 0.28464388984375 0.47137375
2 0.25539965468750003 0.4679077652777778 0.25539965468750003 0.48350469166666665 0.26709734921875 0.48350469166666665 0.26709734921875 0.4679077652777778
2 0.36457813359375 0.47483973472222224 0.36457813359375 0.48523768472222223 0.37530101953125 0.48523768472222223 0.37530101953125 0.47483973472222224
2 0.627776253125 0.43671391666666665 0.627776253125 0.5060335847222223 0.67651664453125 0.5060335847222223 0.67651664453125 0.43671391666666665
4 0.67651664453125 0.42631596527777776 0.67651664453125 0.6030811222222222 0.71063491953125 0.6030811222222222 0.71063491953125 0.42631596527777776
2 0.93679033984375 0.4696407597222222 0.93679033984375 0.5632223125 0.99949698984375 0.5632223125 0.99949698984375 0.4696407597222222
2 0.87537744453125 0.42631596527777776 0.87537744453125 0.5198975194444444 0.99949698984375 0.5198975194444444 0.99949698984375 0.42631596527777776
2 0.8100653203125001 0.4419128888888889 0.8100653203125001 0.5302954680555556 0.9241178375000001 0.5302954680555556 0.9241178375000001 0.4419128888888889
2 0.77399742890625 0.4228499805555555 0.77399742890625 0.5077665777777778 0.93581553203125 0.5077665777777778 0.93581553203125 0.4228499805555555
2 0.73110588515625 0.43324793194444444 0.73110588515625 0.48350469166666665 0.83735993984375 0.48350469166666665 0.83735993984375 0.43324793194444444
7 0.08285866796875 0.19582806527777777 0.08285866796875 0.2478178152777778 0.10917847890625001 0.2478178152777778 0.10917847890625001 0.19582806527777777
7 0.13647309921875 0.1577022458333333 0.13647309921875 0.25994875694444447 0.24760119375 0.25994875694444447 0.24760119375 0.1577022458333333
7 0.05263962421875 0.19756105833333334 0.05263962421875 0.23568687638888888 0.08188386015625 0.23568687638888888 0.08188386015625 0.19756105833333334