2 0.0001812703125 0.5199323444444445 0.0001812703125 0.6622296180555556 0.0295540375 0.6622296180555556 0.0295540375 0.5199323444444445
2 0.0001812703125 0.4998647791666667 0.0001812703125 0.5819593625 0.04186822421875 0.5819593625 0.04186822421875 0.4998647791666667
2 0.03058021875 0.5053377527777778 0.03058021875 0.5947296319444444 0.0952297015625 0.5947296319444444 0.0952297015625 0.5053377527777778
2 0.10138679453124999 0.4998647791666667 0.10138679453124999 0.5162836958333333 0.12498898671875 0.5162836958333333 0.12498898671875 0.4998647791666667
2 0.15782681875 0.5089864027777777 0.15782681875 0.5418242347222222 0.18450755859375 0.5418242347222222 0.18450755859375 0.5089864027777777
2 0.1650100953125 0.5144593736111112 0.1650100953125 0.5929053055555555 0.21426684453124997 0.5929053055555555 0.21426684453124997 0.5144593736111112
2 0.376403640625 0.49256748333333333 0.376403640625 0.5691890930555555 0.41950329531249997 0.5691890930555555 0.41950329531249997 0.49256748333333333
2 0.41539856640624995 0.510810725 0.41539856640624995 0.5436485569444445 0.4348960296875 0.5436485569444445 0.4348960296875 0.510810725
2 0.42771275312499996 0.49621613333333336 0.42771275312499996 0.5418242319444444 0.45028876249999994 0.5418242319444444 0.45028876249999994 0.49621613333333336
2 0.20195265624999997 0.44878370972222226 0.20195265624999997 0.700540423611111 0.382560734375 0.700540423611111 0.382560734375 0.44878370972222226
2 0.45234112812499994 0.5071620777777778 0.45234112812499994 0.5527701763888889 0.48312659609375 0.5527701763888889 0.48312659609375 0.5071620777777778
9 0.47594331953125 0.48891883750000004 0.47594331953125 0.5272296402777777 0.4932473375 0.5272296402777777 0.4932473375 0.48891883750000004
4 0.8053478265624999 0.45425668055555557 0.8053478265624999 0.6220944902777777 0.84331656875 0.6220944902777777 0.84331656875 0.45425668055555557
7 0.32919925625 0.36851345138888886 0.32919925625 0.4049999319444444 0.35382763125 0.4049999319444444 0.35382763125 0.36851345138888886
7 0.32919925625 0.41047290416666665 0.32919925625 0.44148641111111114 0.35690617734374996 0.44148641111111114 0.35690617734374996 0.41047290416666665
7 0.6093470140624999 0.39222966249999996 0.6093470140624999 0.4396620888888889 0.61858265390625 0.4396620888888889 0.61858265390625 0.39222966249999996
7 0.6001113734375 0.36486480416666667 0.6001113734375 0.39587831249999994 0.61242556015625 0.39587831249999994 0.61242556015625 0.36486480416666667
7 0.5990851914062499 0.39040534027777773 0.5990851914062499 0.42506749722222226 0.6031899203125 0.42506749722222226 0.6031899203125 0.39040534027777773
7 0.58061391015625 0.41765595555555557 0.58061391015625 0.4504684333333333 0.591901915625 0.4504684333333333 0.591901915625 0.41765595555555557
2 0.04236874140625 0.5114058916666667 0.04236874140625 0.6262495625 0.1702495125 0.6262495625 0.1702495125 0.5114058916666667