2 0.4957225046875 0.4221348430555556 0.4957225046875 0.4383548027777778 0.50414440625 0.4383548027777778 0.50414440625 0.4221348430555556
2 0.4873473796875 0.4194730902777778 0.4873473796875 0.43818842777777783 0.49717293281249997 0.43818842777777783 0.49717293281249997 0.4194730902777778
2 0.478223653125 0.42072078055555556 0.478223653125 0.44068380277777774 0.48945285546874995 0.44068380277777774 0.48945285546874995 0.42072078055555556
2 0.47260905078125 0.42072078055555556 0.47260905078125 0.44193149444444446 0.48173277734375003 0.44193149444444446 0.48173277734375003 0.42072078055555556
2 0.46488897500000004 0.426959225 0.46488897500000004 0.44193149444444446 0.47331087656250004 0.44193149444444446 0.47331087656250004 0.426959225
2 0.45927437343750005 0.4307022930555556 0.45927437343750005 0.4456745583333333 0.466292625 0.4456745583333333 0.466292625 0.4307022930555556
2 0.45015064687499995 0.4257115347222223 0.45015064687499995 0.44692224861111113 0.45997619843750004 0.44692224861111113 0.45997619843750004 0.4257115347222223
2 0.44313239531250004 0.4307022930555556 0.44313239531250004 0.4444268722222222 0.45085247187500005 0.4444268722222222 0.45085247187500005 0.4307022930555556
2 0.43190319296875 0.43194998194444445 0.43190319296875 0.45316069722222224 0.44383421953125 0.45316069722222224 0.44383421953125 0.43194998194444445
2 0.41856851484375 0.4257115347222223 0.41856851484375 0.4569037625 0.43471049375000004 0.4569037625 0.43471049375000004 0.4257115347222223
2 0.39681193515625 0.426959225 0.39681193515625 0.46314221111111115 0.421375815625 0.46314221111111115 0.421375815625 0.426959225
2 0.5350714898437501 0.4169777111111111 0.5350714898437501 0.42820691250000004 0.5392824421875 0.42820691250000004 0.5392824421875 0.4169777111111111
2 0.53858061640625 0.4182254 0.53858061640625 0.43194998333333334 0.5448970421875 0.43194998333333334 0.5448970421875 0.4182254
2 0.54208974140625 0.42072078055555556 0.54208974140625 0.43818842916666667 0.54910799296875 0.43818842916666667 0.54910799296875 0.42072078055555556
2 0.5463006921875 0.42196846805555555 0.5463006921875 0.44193149444444446 0.55612624453125 0.44193149444444446 0.55612624453125 0.42196846805555555
2 0.5512134671875 0.41448233333333334 0.5512134671875 0.4481699402777778 0.5659517953125001 0.4481699402777778 0.5659517953125001 0.41448233333333334
2 0.55682806953125 0.41448233333333334 0.55682806953125 0.46189451805555554 0.57577734765625 0.46189451805555554 0.57577734765625 0.41448233333333334
2 0.56454814609375 0.4257115347222223 0.56454814609375 0.4693806555555555 0.5884102 0.4693806555555555 0.5884102 0.4257115347222223
2 0.3111892671875 0.41323464583333336 0.3111892671875 0.4856006152777778 0.36733527890625 0.4856006152777778 0.36733527890625 0.41323464583333336
9 0.59163862265625 0.4235514777777778 0.59163862265625 0.5046512722222222 0.6512937601562501 0.5046512722222222 0.6512937601562501 0.4235514777777778
9 0.51036725703125 0.3955174625 0.51036725703125 0.4516634722222222 0.5356329625 0.4516634722222222 0.5356329625 0.3955174625
4 0.90675809296875 0.4235514777777778 0.90675809296875 0.5545588388888889 0.92149641953125 0.5545588388888889 0.92149641953125 0.4235514777777778
4 0.8660522343749999 0.4073315194444444 0.8660522343749999 0.5670357305555556 0.8934234140624999 0.5670357305555556 0.8934234140624999 0.4073315194444444
7 0.8772814359375 0.020547881944444443 0.8772814359375 0.07544620416666667 0.8983361914062501 0.07544620416666667 0.8983361914062501 0.020547881944444443
7 0.9144781703125 0.04799704166666667 0.9144781703125 0.07669389166666667 0.95588585390625 0.07669389166666667 0.95588585390625 0.04799704166666667
6 0.92079459609375 0.23515041527777777 0.92079459609375 0.2925441180555556 0.9453584765624999 0.2925441180555556 0.9453584765624999 0.23515041527777777
6 0.95728950390625 0.23889348333333335 0.95728950390625 0.29753487361111114 0.9776424328125 0.29753487361111114 0.9776424328125 0.23889348333333335
7 0.8962307171875 0.12535376944444446 0.8962307171875 0.1677751986111111 0.91798729609375 0.1677751986111111 0.91798729609375 0.12535376944444446
2 0.36565373515625 0.4282852555555556 0.36565373515625 0.45877805694444446 0.40385636328125 0.45877805694444446 0.40385636328125 0.4282852555555556