6 0.02572830078125 0.3340347791666667 0.02572830078125 0.37007172777777775 0.03508404765625 0.37007172777777775 0.03508404765625 0.3340347791666667
6 0.017152200781249998 0.418583 0.017152200781249998 0.4393735486111111 0.0327451109375 0.4393735486111111 0.0327451109375 0.418583
6 0.28457060390625 0.32987666944444444 0.28457060390625 0.367031 0.29938386796875 0.367031 0.29938386796875 0.32987666944444444
6 0.43192360234375 0.38116001805555555 0.43192360234375 0.4033366 0.43894041171875 0.4033366 0.43894041171875 0.38116001805555555
6 0.44595722109375 0.38116001805555555 0.44595722109375 0.4019505652777778 0.45219438359374997 0.4019505652777778 0.45219438359374997 0.38116001805555555
6 0.8303224468750001 0.3797739805555556 0.8303224468750001 0.40472263611111114 0.8451357109375 0.40472263611111114 0.8451357109375 0.3797739805555556
6 0.66425795703125 0.2744352125 0.66425795703125 0.31324423194444445 0.67283405859375 0.31324423194444445 0.67283405859375 0.2744352125
6 0.43894041093749997 0.29383972222222227 0.43894041093749997 0.3257185611111111 0.44595722109375 0.3257185611111111 0.44595722109375 0.29383972222222227
6 0.60266596328125 0.3880901986111111 0.60266596328125 0.4074947097222222 0.6096827734375 0.4074947097222222 0.6096827734375 0.3880901986111111
7 0.2697573390625 0.29383972222222227 0.2697573390625 0.31601630416666665 0.30016351328125 0.31601630416666665 0.30016351328125 0.29383972222222227
7 0.037422984375 0.3770019083333333 0.037422984375 0.38670416111111106 0.049117666406249996 0.38670416111111106 0.049117666406249996 0.3770019083333333
7 0.014033618749999999 0.38670416111111106 0.014033618749999999 0.3936343444444444 0.034304401562499996 0.3936343444444444 0.034304401562499996 0.38670416111111106
7 0.8131702453124999 0.3077000847222222 0.8131702453124999 0.3257185583333333 0.83422067421875 0.3257185583333333 0.83422067421875 0.3077000847222222
7 0.43270324609375 0.36036947222222226 0.43270324609375 0.3770019097222222 0.4521943828125 0.3770019097222222 0.4521943828125 0.36036947222222226
7 0.9729975718749999 0.2536446652777778 0.9729975718749999 0.27304917638888887 0.99950551796875 0.27304917638888887 0.99950551796875 0.2536446652777778
7 0.9893701273437501 0.20097528333333334 0.9893701273437501 0.2245379013888889 0.99872587265625 0.2245379013888889 0.99872587265625 0.20097528333333334
4 0.8700843656249999 0.42274110972222223 0.8700843656249999 0.48927085833333334 0.88489763046875 0.48927085833333334 0.88489763046875 0.42274110972222223
4 0.85293216484375 0.4352154388888889 0.85293216484375 0.49065689583333333 0.86696578359375 0.49065689583333333 0.86696578359375 0.4352154388888889
4 0.835779965625 0.4296712916666667 0.835779965625 0.4975870763888889 0.8490339382812501 0.4975870763888889 0.8490339382812501 0.4296712916666667
4 0.793679109375 0.4241271458333334 0.793679109375 0.5017451861111111 0.81005166484375 0.5017451861111111 0.81005166484375 0.4241271458333334
4 0.7734083257812501 0.4144248930555555 0.7734083257812501 0.5128334777777778 0.79134017265625 0.5128334777777778 0.79134017265625 0.4144248930555555
4 0.91452415859375 0.4144248930555555 0.91452415859375 0.48649878611111114 0.926218840625 0.48649878611111114 0.926218840625 0.4144248930555555
4 0.925439196875 0.41719696250000005 0.925439196875 0.4823406763888889 0.9355745875 0.4823406763888889 0.9355745875 0.41719696250000005
4 0.96052324296875 0.41165281666666664 0.96052324296875 0.5029684069444444 0.9800143804687499 0.5029684069444444 0.9800143804687499 0.41165281666666664
4 0.9885904804687501 0.4033366 0.9885904804687501 0.5017451861111111 0.99686027265625 0.5017451861111111 0.99686027265625 0.4033366
4 0.6463261109375 0.4435316569444444 0.6463261109375 0.48511274861111114 0.6603597296875 0.48511274861111114 0.6603597296875 0.4435316569444444
2 0.10291320468750001 0.47402445972222224 0.10291320468750001 0.5017451875 0.1465733515625 0.5017451875 0.1465733515625 0.47402445972222224
2 0.1504715796875 0.4352154388888889 0.1504715796875 0.4823406763888889 0.21050428203125 0.4823406763888889 0.21050428203125 0.4352154388888889
2 0.2276564828125 0.43798751111111106 0.2276564828125 0.5100614041666667 0.27755379453125 0.5100614041666667 0.27755379453125 0.43798751111111106
2 0.28758341640624996 0.4532339111111111 0.28758341640624996 0.5017451861111111 0.30562103203125 0.5017451861111111 0.30562103203125 0.4532339111111111
2 0.31029890390625 0.4490758013888889 0.31029890390625 0.5072893319444444 0.36097586171875 0.5072893319444444 0.36097586171875 0.4490758013888889
2 0.353959053125 0.45046183749999996 0.353959053125 0.4920429291666667 0.3882634546875 0.4920429291666667 0.3882634546875 0.45046183749999996
2 0.3859245171875 0.45461994722222226 0.3859245171875 0.4934289680555556 0.41633068984375 0.4934289680555556 0.41633068984375 0.45461994722222226
2 0.33836614140625 0.43382940138888887 0.33836614140625 0.4490758013888889 0.38592451796875 0.4490758013888889 0.38592451796875 0.43382940138888887
2 0.40931388203125 0.4490758013888889 0.40931388203125 0.4920429291666667 0.43894041093749997 0.4920429291666667 0.43894041093749997 0.4490758013888889
2 0.71649420390625 0.4435316569444444 0.71649420390625 0.5029684069444444 0.76405258046875 0.5029684069444444 0.76405258046875 0.4435316569444444
2 0.69778271328125 0.4490758013888889 0.69778271328125 0.48927085833333334 0.71727385078125 0.48927085833333334 0.71727385078125 0.4490758013888889
2 0.671274765625 0.4407595847222222 0.671274765625 0.4781825694444444 0.6985623578125 0.4781825694444444 0.6985623578125 0.4407595847222222
2 0.5901916359375 0.4490758013888889 0.5901916359375 0.46986635 0.6050049 0.46986635 0.6050049 0.4490758013888889
2 0.5629040437499999 0.45461994722222226 0.5629040437499999 0.4712523861111111 0.5769376625 0.4712523861111111 0.5769376625 0.45461994722222226
2 0.6151402906250001 0.4532339111111111 0.6151402906250001 0.47263842083333335 0.63463142890625 0.47263842083333335 0.63463142890625 0.4532339111111111
7 0.6798508671875 0.4019505638888889 0.6798508671875 0.42274110972222223 0.6899862578125 0.42274110972222223 0.6899862578125 0.4019505638888889
7 0.76327293359375 0.35621136249999996 0.76327293359375 0.38670416388888895 0.773408325 0.38670416388888895 0.773408325 0.35621136249999996
2 0.44595722109375 0.451847875 0.44595722109375 0.4823406763888889 0.4584315484375 0.4823406763888889 0.4584315484375 0.451847875
2 0.462329775 0.451847875 0.462329775 0.47679653055555554 0.47636339375 0.47679653055555554 0.47636339375 0.451847875
2 0.47402445859375 0.45461994722222226 0.47402445859375 0.47263842083333335 0.4903970125 0.47263842083333335 0.4903970125 0.45461994722222226
2 0.49507488593750004 0.4532339111111111 0.49507488593750004 0.46848031250000005 0.51222708671875 0.46848031250000005 0.51222708671875 0.4532339111111111
2 0.5130067320312499 0.451847875 0.5130067320312499 0.46432220277777775 0.51846425078125 0.46432220277777775 0.51846425078125 0.451847875
6 0.567581915625 0.3977924541666667 0.567581915625 0.41303885555555553 0.5745987257812499 0.41303885555555553 0.5745987257812499 0.3977924541666667
4 0.6743933484375 0.4435316569444444 0.6743933484375 0.4962010416666667 0.6845287390625 0.4962010416666667 0.6845287390625 0.4435316569444444
4 0.665037603125 0.4421456180555556 0.665037603125 0.49481500277777773 0.6743933492187499 0.49481500277777773 0.6743933492187499 0.4421456180555556