7 0.06335777265625 0.3692503305555555 0.06335777265625 0.44923824166666665 0.08355880234375 0.44923824166666665 0.08355880234375 0.3692503305555555
7 0.1151458671875 0.3953688319444444 0.1151458671875 0.46229749444444446 0.1353468953125 0.46229749444444446 0.1353468953125 0.3953688319444444
7 0.36306759140625 0.3986336458333334 0.36306759140625 0.4149577083333333 0.37133164921875 0.4149577083333333 0.37133164921875 0.3986336458333334
7 0.4686638796875 0.3741475486111111 0.4686638796875 0.3904716111111111 0.49804719296875 0.3904716111111111 0.49804719296875 0.3741475486111111
6 0.13819340234375 0.35096737083333335 0.13819340234375 0.38035068333333333 0.1492121453125 0.38035068333333333 0.1492121453125 0.35096737083333335
6 0.4292718640625 0.3591294027777778 0.4292718640625 0.39177753055555553 0.43569946406250004 0.39177753055555553 0.43569946406250004 0.3591294027777778
6 0.42376249218749995 0.35749699444444444 0.42376249218749995 0.39014512361111114 0.4292718640625 0.39014512361111114 0.4292718640625 0.35749699444444444
6 0.52706320859375 0.37382105972222224 0.52706320859375 0.3983071541666667 0.535327265625 0.3983071541666667 0.535327265625 0.37382105972222224
6 0.36453674921875 0.42932287777777783 0.36453674921875 0.453808975 0.370046121875 0.453808975 0.370046121875 0.42932287777777783
6 0.0863134859375 0.38524790416666665 0.0863134859375 0.4146312194444444 0.10284160078125 0.4146312194444444 0.10284160078125 0.38524790416666665
6 0.03672914296875 0.4358525013888889 0.03672914296875 0.453808975 0.053257256249999996 0.453808975 0.053257256249999996 0.4358525013888889
6 0.05876662890624999 0.30362758472222223 0.05876662890624999 0.3623942125 0.0734582859375 0.3623942125 0.0734582859375 0.30362758472222223
6 0.074376515625 0.3068923986111111 0.074376515625 0.36402662083333337 0.08998640078125 0.36402662083333337 0.08998640078125 0.3068923986111111
5 0.7407044109375 0.4744861291666667 0.7407044109375 0.5397823833333334 0.76090543984375 0.5397823833333334 0.76090543984375 0.4744861291666667
5 0.6755101812500001 0.4565296611111111 0.6755101812500001 0.5430471986111112 0.69479298125 0.5430471986111112 0.69479298125 0.4565296611111111
5 0.64337218125 0.46305928472222224 0.64337218125 0.525090725 0.65990029609375 0.525090725 0.65990029609375 0.46305928472222224
5 0.6277622953125 0.46632409444444445 0.6277622953125 0.5152962861111111 0.6406174953125 0.5152962861111111 0.6406174953125 0.46632409444444445
0 0.6259258398437499 0.48210403333333335 0.6259258398437499 0.5376058527777777 0.63969926796875 0.5376058527777777 0.63969926796875 0.48210403333333335
0 0.64429040859375 0.4788392194444444 0.64429040859375 0.5457678819444445 0.66449143671875 0.5457678819444445 0.66449143671875 0.4788392194444444
0 0.6755101812500001 0.4935308777777778 0.6755101812500001 0.5571947263888889 0.693874753125 0.5571947263888889 0.693874753125 0.4935308777777778
0 0.7416226390625 0.4984280958333333 0.7416226390625 0.5555623194444445 0.763660125 0.5555623194444445 0.763660125 0.4984280958333333
2 0.02387394296875 0.49339482638888893 0.02387394296875 0.5276753597222222 0.061521315624999996 0.5276753597222222 0.061521315624999996 0.49339482638888893
2 0.06243954296875 0.48523279583333334 0.06243954296875 0.5244105472222222 0.11661502890625 0.5244105472222222 0.11661502890625 0.48523279583333334
2 0.10284160078125 0.47707076388888886 0.10284160078125 0.5733827416666667 0.18364571640625 0.5733827416666667 0.18364571640625 0.47707076388888886
2 0.38565600703124997 0.47380595000000003 0.38565600703124997 0.4950272347222222 0.39667474999999996 0.4950272347222222 0.39667474999999996 0.47380595000000003
2 0.37463726249999996 0.48360039027777774 0.37463726249999996 0.5080864847222222 0.39116537578125 0.5080864847222222 0.39116537578125 0.48360039027777774
2 0.35719091953125004 0.48360039027777774 0.35719091953125004 0.514616111111111 0.37922840703125 0.514616111111111 0.37922840703125 0.48360039027777774
2 0.3296440625 0.46564391944444444 0.3296440625 0.5325725819444445 0.36453674765625 0.5325725819444445 0.36453674765625 0.46564391944444444
2 0.38749246249999997 0.46727632500000005 0.38749246249999997 0.5407346097222222 0.43524034843750004 0.5407346097222222 0.43524034843750004 0.46727632500000005
2 0.0004591140625 0.4946191319444444 0.0004591140625 0.5403265097222222 0.03076065859375 0.5403265097222222 0.03076065859375 0.4946191319444444
2 0.17079051640625 0.4067956638888889 0.17079051640625 0.6255381180555556 0.3480086328125 0.6255381180555556 0.3480086328125 0.4067956638888889
2 0.429180034375 0.40516325555555555 0.429180034375 0.6385973680555556 0.58160597890625 0.6385973680555556 0.58160597890625 0.40516325555555555
2 0.90129235703125 0.4471262958333333 0.90129235703125 0.5973076819444445 0.9986245874999999 0.5973076819444445 0.9986245874999999 0.4471262958333333