6 0.38703504765624996 0.4381175055555556 0.38703504765624996 0.4658426041666667 0.39543255390625 0.4658426041666667 0.39543255390625 0.4381175055555556
6 0.5381901609375 0.45731180416666667 0.5381901609375 0.47863880277777776 0.54658766640625 0.47863880277777776 0.54658766640625 0.45731180416666667
6 0.39663219765625 0.4387268583333333 0.39663219765625 0.4643192597222222 0.40143077343750005 0.4643192597222222 0.40143077343750005 0.4387268583333333
6 0.381036828125 0.43232875555555556 0.381036828125 0.4643192569444444 0.38703504765624996 0.4643192569444444 0.38703504765624996 0.43232875555555556
6 0.53099229765625 0.45365575972222216 0.53099229765625 0.47924815833333334 0.535790871875 0.47924815833333334 0.535790871875 0.45365575972222216
6 0.54658766796875 0.4472576569444444 0.54658766796875 0.4749827569444445 0.55138624375 0.4749827569444445 0.55138624375 0.4472576569444444
6 0.28026675390625 0.5069732611111112 0.28026675390625 0.5219021597222222 0.2898639046875 0.5219021597222222 0.2898639046875 0.5069732611111112
6 0.6317623734375 0.5283002597222223 0.6317623734375 0.5410964611111111 0.6413595234375 0.5410964611111111 0.6413595234375 0.5283002597222223
7 0.6257641546875 0.4914350055555556 0.6257641546875 0.4978331041666667 0.6401598804687499 0.4978331041666667 0.6401598804687499 0.4914350055555556
6 0.6185662921875 0.5020985027777778 0.6185662921875 0.5148947041666666 0.63656094921875 0.5148947041666666 0.63656094921875 0.5020985027777778
7 0.8021117859375 0.4061270041666667 0.8021117859375 0.4807715041666667 0.83810109921875 0.4807715041666667 0.83810109921875 0.4061270041666667
7 0.2790671109375 0.4658426041666667 0.2790671109375 0.47863880555555555 0.29346283515625 0.47863880555555555 0.29346283515625 0.4658426041666667
4 0.13271057265625 0.5319563055555555 0.13271057265625 0.6172643041666667 0.15310451640625 0.6172643041666667 0.15310451640625 0.5319563055555555
4 0.231081359375 0.5426198041666667 0.231081359375 0.5831411041666666 0.24187815390625 0.5831411041666666 0.24187815390625 0.5426198041666667
4 0.6569548921874999 0.5596814041666667 0.6569548921874999 0.6108662055555556 0.6725502609375 0.6108662055555556 0.6725502609375 0.5596814041666667
4 0.6185662921875 0.5618141041666667 0.6185662921875 0.6023354041666666 0.6281634421875 0.6023354041666666 0.6281634421875 0.5618141041666667
2 0.46834092109375 0.5587674 0.46834092109375 0.571563601388889 0.47793807109374997 0.571563601388889 0.47793807109374997 0.5587674
2 0.450346265625 0.5587674 0.450346265625 0.5736962999999999 0.46474199140624994 0.5736962999999999 0.46474199140624994 0.5587674
2 0.43235160859375005 0.5566347013888889 0.43235160859375005 0.5758290027777778 0.44314840234375 0.5758290027777778 0.44314840234375 0.5566347013888889
2 0.42035517109375 0.5609001013888889 0.42035517109375 0.575829 0.43235160859375005 0.575829 0.43235160859375005 0.5609001013888889
2 0.398761584375 0.5545020013888889 0.398761584375 0.5822271 0.41675623984375 0.5822271 0.41675623984375 0.5545020013888889
2 0.3891644328125 0.5566347013888889 0.3891644328125 0.5843598013888889 0.40356015859375 0.5843598013888889 0.40356015859375 0.5566347013888889
2 0.50073130234375 0.5566347013888889 0.50073130234375 0.5736963013888888 0.51032845234375 0.5736963013888888 0.51032845234375 0.5566347013888889
2 0.518725959375 0.5587674 0.518725959375 0.5800944 0.52952275390625 0.5800944 0.52952275390625 0.5587674
2 0.52832310859375 0.5609001013888889 0.52832310859375 0.575829 0.537920259375 0.575829 0.537920259375 0.5609001013888889
2 0.5391199023437501 0.5609001013888889 0.5391199023437501 0.5822271 0.549916696875 0.5822271 0.549916696875 0.5609001013888889
2 0.549916696875 0.5630328 0.549916696875 0.5886252013888889 0.565512065625 0.5886252013888889 0.565512065625 0.5630328
2 0.5643124226562499 0.5609001013888889 0.5643124226562499 0.6014214013888889 0.59310387265625 0.6014214013888889 0.59310387265625 0.5609001013888889
2 0.234680290625 0.5502366111111111 0.234680290625 0.6206157097222222 0.294662478125 0.6206157097222222 0.294662478125 0.5502366111111111
2 0.19749133359374998 0.5587674097222223 0.19749133359374998 0.5928906125 0.23587993515625 0.5928906125 0.23587993515625 0.5587674097222223
7 0.20828812968750002 0.47224070555555553 0.20828812968750002 0.5212928041666667 0.2286820734375 0.5212928041666667 0.2286820734375 0.47224070555555553
2 0.7397803710937499 0.5703449027777777 0.7397803710937499 0.6279278027777778 0.85249682578125 0.6279278027777778 0.85249682578125 0.5703449027777777
2 0.282666040625 0.5212928041666667 0.282666040625 0.6599183055555555 0.39303326640625 0.6599183055555555 0.39303326640625 0.5212928041666667
2 0 0.5447525041666667 0 0.6705818027777778 0.1183148453125 0.6705818027777778 0.1183148453125 0.5447525041666667
2 0.8439306906249999 0.5732808555555556 0.8439306906249999 0.6295308166666667 0.91248533046875 0.6295308166666667 0.91248533046875 0.5732808555555556