6 0.13983866015625 0.3774259694444444 0.13983866015625 0.43731505 0.16019159140625 0.43731505 0.16019159140625 0.3774259694444444
6 0.12229303203125 0.45977345416666665 0.12229303203125 0.5259009791666667 0.13843501015624998 0.5259009791666667 0.13843501015624998 0.45977345416666665
6 0.483031159375 0.5683224097222223 0.483031159375 0.6194776666666666 0.4928567109375 0.6194776666666666 0.4928567109375 0.5683224097222223
6 0.6655056984375001 0.5670747208333333 0.6655056984375001 0.5857900555555555 0.67392759921875 0.5857900555555555 0.67392759921875 0.5670747208333333
6 0.78200867265625 0.5021948847222222 0.78200867265625 0.5683224097222223 0.7974488265625 0.5683224097222223 0.7974488265625 0.5021948847222222
6 0.79815065078125 0.48722261527777777 0.79815065078125 0.5708177888888889 0.81218715390625 0.5708177888888889 0.81218715390625 0.48722261527777777
6 0.8060436828125 0.15533730138888888 0.8060436828125 0.3100662666666667 0.8714913796875001 0.3100662666666667 0.8714913796875001 0.15533730138888888
6 0.7942906125 0.3549675638888889 0.7942906125 0.42608584583333337 0.81534536796875 0.42608584583333337 0.81534536796875 0.3549675638888889
6 0.8293818703125 0.016843804166666667 0.8293818703125 0.27511545833333334 0.92693556640625 0.27511545833333334 0.92693556640625 0.016843804166666667
6 0.80341433984375 0.2389324736111111 0.80341433984375 0.2826015916666667 0.8293818703125 0.2826015916666667 0.8293818703125 0.2389324736111111
6 0.15738429062499998 0.5545978291666667 0.15738429062499998 0.5695700986111111 0.16580619140625 0.5695700986111111 0.16580619140625 0.5545978291666667
6 0.11176565546874999 0.5246532902777777 0.11176565546874999 0.5421209361111111 0.11808208125 0.5421209361111111 0.11808208125 0.5246532902777777
7 0.12650398359374998 0.44105811666666667 0.12650398359374998 0.45727807499999995 0.13913683593749998 0.45727807499999995 0.13913683593749998 0.44105811666666667
7 0.7848159734375 0.47474572361111106 0.7848159734375 0.4972041291666666 0.79534335 0.4972041291666666 0.79534335 0.47474572361111106
7 0.864122215625 0.3088030652777778 0.864122215625 0.4360673597222222 0.9202682273437499 0.4360673597222222 0.9202682273437499 0.3088030652777778
7 0.81780175546875 0.39239823888888886 0.81780175546875 0.47100265694444443 0.864122215625 0.47100265694444443 0.864122215625 0.39239823888888886
7 0.79534335078125 0.5870377472222222 0.79534335078125 0.6169822875 0.8093798539062499 0.6169822875 0.8093798539062499 0.5870377472222222
6 0.2872219421875 0.5396255597222221 0.2872219421875 0.5783039222222223 0.29424019375 0.5783039222222223 0.29424019375 0.5396255597222221
7 0.15106786328125 0.353719875 0.15106786328125 0.3774259694444444 0.15878793984375 0.3774259694444444 0.15878793984375 0.353719875
2 0.00017545625 0.5907808152777778 0.00017545625 0.6856051902777778 0.052812343750000004 0.6856051902777778 0.052812343750000004 0.5907808152777778
2 0.08439447343749999 0.6244684222222222 0.08439447343749999 0.6968343930555555 0.17563174374999999 0.6968343930555555 0.17563174374999999 0.6244684222222222
7 0.10825652968749999 0.5920285055555555 0.10825652968749999 0.6144869097222222 0.11878390703125 0.6144869097222222 0.11878390703125 0.5920285055555555
6 0.283712815625 0.5807993013888889 0.283712815625 0.607000773611111 0.29494201875 0.607000773611111 0.29494201875 0.5807993013888889
4 0.62164162578125 0.6531652736111111 0.62164162578125 0.7043205291666667 0.63427447890625 0.7043205291666667 0.63427447890625 0.6531652736111111
3 0.7184934968750001 0.6282114888888889 0.7184934968750001 0.7667049847222223 0.777446809375 0.7667049847222223 0.777446809375 0.6282114888888889
5 0.7262135734374999 0.5932761930555556 0.7262135734374999 0.7754388083333332 0.7732358578125 0.7754388083333332 0.7732358578125 0.5932761930555556
2 0.4219723703125 0.6494222055555555 0.4219723703125 0.6881005694444444 0.44793990078125 0.6881005694444444 0.44793990078125 0.6494222055555555
2 0.367230009375 0.6519175833333333 0.367230009375 0.6706329194444445 0.3812665125 0.6706329194444445 0.3812665125 0.6519175833333333
2 0.396706665625 0.6544129611111111 0.396706665625 0.6718806097222222 0.41355046953125 0.6718806097222222 0.41355046953125 0.6544129611111111
2 0.40933951874999996 0.6531652736111111 0.40933951874999996 0.6756236791666667 0.4275869734375 0.6756236791666667 0.4275869734375 0.6531652736111111
2 0.41635776953125003 0.6643944749999999 0.41635776953125003 0.6793667444444444 0.426885146875 0.6793667444444444 0.426885146875 0.6643944749999999
2 0.44372895078125 0.6581560291666667 0.44372895078125 0.6806144333333334 0.45425632812499994 0.6806144333333334 0.45425632812499994 0.6581560291666667
2 0.3461752546875 0.6469268263888889 0.3461752546875 0.6718806097222222 0.3686336609375 0.6718806097222222 0.3686336609375 0.6469268263888889
2 0.338455178125 0.6431837611111111 0.338455178125 0.6793667458333333 0.36021175781250003 0.6793667458333333 0.36021175781250003 0.6431837611111111
2 0.321611375 0.6406883805555555 0.321611375 0.6806144333333334 0.35600080625 0.6806144333333334 0.35600080625 0.6406883805555555
2 0.26897448828125003 0.6332022458333333 0.26897448828125003 0.6868528805555555 0.3468770796875 0.6868528805555555 0.3468770796875 0.6332022458333333
2 0.22756680468749999 0.6244684222222222 0.22756680468749999 0.6506698944444445 0.250025209375 0.6506698944444445 0.250025209375 0.6244684222222222
2 0.3789848203125 0.6520323555555556 0.3789848203125 0.6788282055555556 0.39836396171875 0.6788282055555556 0.39836396171875 0.6520323555555556