7 0.14376887421875 0.48625375555555556 0.14376887421875 0.5025679541666667 0.17588745234375 0.5025679541666667 0.17588745234375 0.48625375555555556
7 0.79327792890625 0.3947129805555556 0.79327792890625 0.48716010555555556 0.8345732445312499 0.48716010555555556 0.8345732445312499 0.3947129805555556
6 0.34387271640625 0.46812687361111116 0.34387271640625 0.4912386555555555 0.35075526953125 0.4912386555555555 0.35075526953125 0.46812687361111116
6 0.49962233515625 0.46812687361111116 0.49962233515625 0.4939576875 0.50803434375 0.4939576875 0.50803434375 0.46812687361111116
6 0.195005653125 0.4839878847222222 0.195005653125 0.5057401513888888 0.2011234765625 0.5057401513888888 0.2011234765625 0.4839878847222222
2 0.01605928828125 0.6212990527777777 0.01605928828125 0.6430513194444445 0.0535309625 0.6430513194444445 0.0535309625 0.6212990527777777
2 0 0.5900301777777778 0 0.6743201999999999 0.01835347421875 0.6743201999999999 0.01835347421875 0.5900301777777778
2 0.21616313203124998 0.5882175152777778 0.21616313203124998 0.6208459111111111 0.258223175 0.6208459111111111 0.258223175 0.5882175152777778
2 0.383128753125 0.5759818666666667 0.383128753125 0.5977341319444445 0.39459967421875 0.5977341319444445 0.39459967421875 0.5759818666666667
2 0.37089310546875 0.5732628333333333 0.37089310546875 0.5977341305555556 0.3838934828125 0.5977341305555556 0.3838934828125 0.5732628333333333
2 0.4468560984375 0.5814199333333333 0.4468560984375 0.5922960625 0.4567975625 0.5922960625 0.4567975625 0.5814199333333333
2 0.45985647578125005 0.5773413805555555 0.45985647578125005 0.5936555805555556 0.463680115625 0.5936555805555556 0.463680115625 0.5773413805555555
2 0.47438630859375 0.5773413805555555 0.47438630859375 0.5990936472222222 0.4835630453125 0.5990936472222222 0.4835630453125 0.5773413805555555
2 0.48050413281250004 0.5773413805555555 0.48050413281250004 0.6031721972222222 0.48891614140625006 0.6031721972222222 0.48891614140625006 0.5773413805555555
2 0.48815141406249996 0.5746223513888888 0.48815141406249996 0.6045317125 0.49732814921874996 0.6045317125 0.49732814921874996 0.5746223513888888
2 0.6721959562500001 0.5555891166666667 0.6721959562500001 0.5746223513888888 0.7173149117187501 0.5746223513888888 0.7173149117187501 0.5555891166666667
2 0.71960909453125 0.5406344347222223 0.71960909453125 0.6045317125 0.76472805 0.6045317125 0.76472805 0.5406344347222223
2 0.29900866796875 0.5854984833333333 0.29900866796875 0.6099697819444445 0.31659741328125 0.6099697819444445 0.31659741328125 0.5854984833333333
2 0.25465443984374997 0.5759818666666667 0.25465443984374997 0.6262839791666667 0.29594975546875 0.6262839791666667 0.29594975546875 0.5759818666666667
2 0.32883306171875 0.5787008986111111 0.32883306171875 0.6045317125 0.35483381718749996 0.6045317125 0.35483381718749996 0.5787008986111111
2 0.356363271875 0.5787008986111111 0.356363271875 0.6058912263888889 0.37089310546875 0.6058912263888889 0.37089310546875 0.5787008986111111
2 0.6459403070312499 0.5700906138888888 0.6459403070312499 0.6842900027777777 0.75606114765625 0.6842900027777777 0.75606114765625 0.5700906138888888
9 0.85700525078125 0.3598187166666667 0.85700525078125 0.7867069069444445 0.99924466875 0.7867069069444445 0.99924466875 0.3598187166666667
2 0.39196884921874997 0.5778441861111111 0.39196884921874997 0.5982215624999999 0.40486390781250003 0.5982215624999999 0.40486390781250003 0.5778441861111111
9 0.49512931875 0.455579925 0.49512931875 0.6822782416666667 0.6326766125 0.6822782416666667 0.6326766125 0.455579925
4 0.8246697093750001 0.5472781208333334 0.8246697093750001 0.6644480374999999 0.8561909640625001 0.6644480374999999 0.8561909640625001 0.5472781208333334