2 0.48155507578125 0.29287560138888885 0.48155507578125 0.3102055194444444 0.49227796250000005 0.3102055194444444 0.49227796250000005 0.29287560138888885
2 0.49617719375 0.28940961805555554 0.49617719375 0.3067395361111111 0.505925271875 0.3067395361111111 0.505925271875 0.28940961805555554
2 0.49910161718749996 0.29287560138888885 0.49910161718749996 0.31540449444444446 0.50982450390625 0.31540449444444446 0.50982450390625 0.29287560138888885
2 0.5088496953125 0.28594363472222223 0.5088496953125 0.31193851111111115 0.52152219765625 0.31193851111111115 0.52152219765625 0.28594363472222223
2 0.51664815859375 0.28421064305555555 0.51664815859375 0.32580244444444445 0.5410183546875 0.32580244444444445 0.5410183546875 0.28421064305555555
2 0.5244466210937501 0.29287560138888885 0.5244466210937501 0.32580244444444445 0.5400435460937499 0.32580244444444445 0.5400435460937499 0.29287560138888885
2 0.53614431484375 0.27034670972222224 0.53614431484375 0.3465983458333333 0.5819602859375 0.3465983458333333 0.5819602859375 0.27034670972222224
2 0.53029546875 0.2980745763888889 0.53029546875 0.33446740277777776 0.5419931625000001 0.33446740277777776 0.5419931625000001 0.2980745763888889
2 0.549791625 0.27381269305555556 0.549791625 0.3552633041666667 0.5848847078125 0.3552633041666667 0.5848847078125 0.27381269305555556
2 0.56636335859375 0.28074465972222223 0.56636335859375 0.3639282611111111 0.62192740546875 0.3639282611111111 0.62192740546875 0.28074465972222223
2 0.5839099 0.28940961805555554 0.5839099 0.3881901472222223 0.65409606484375 0.3881901472222223 0.65409606484375 0.28940961805555554
2 0.6229022132812501 0.2876766263888889 0.6229022132812501 0.42631596388888887 0.7340303078125 0.42631596388888887 0.7340303078125 0.2876766263888889
2 0.4649833421875 0.2876766263888889 0.4649833421875 0.31540449305555557 0.47570622890625 0.31540449305555557 0.47570622890625 0.2876766263888889
2 0.45815968828125 0.28594363472222223 0.45815968828125 0.3171374861111111 0.46985738203125005 0.3171374861111111 0.46985738203125005 0.28594363472222223
2 0.45426045625 0.2876766263888889 0.45426045625 0.32060346944444446 0.46985738125000004 0.32060346944444446 0.46985738125000004 0.2876766263888889
2 0.45231084062500004 0.2876766263888889 0.45231084062500004 0.32060346944444446 0.46595814921875 0.32060346944444446 0.46595814921875 0.2876766263888889
2 0.44646199375 0.28940961805555554 0.44646199375 0.32580244444444445 0.46010930234374997 0.32580244444444445 0.46010930234374997 0.28940961805555554
2 0.43281468359374997 0.28074465972222223 0.43281468359374997 0.3344674013888889 0.45426045703125 0.3344674013888889 0.45426045703125 0.28074465972222223
2 0.41039410312499996 0.2876766263888889 0.41039410312499996 0.33966637777777775 0.44256276171875 0.33966637777777775 0.44256276171875 0.2876766263888889
2 0.40454525703125005 0.2876766263888889 0.40454525703125005 0.3517973194444445 0.42696583671875 0.3517973194444445 0.42696583671875 0.2876766263888889
2 0.38309948359375 0.27727867638888887 0.38309948359375 0.36739424444444446 0.41916737421874994 0.36739424444444446 0.41916737421874994 0.27727867638888887
2 0.34605678515625 0.2599487583333333 0.34605678515625 0.3864571583333333 0.39772160078124996 0.3864571583333333 0.39772160078124996 0.2599487583333333
2 0.284643890625 0.23222089166666665 0.284643890625 0.4193839986111111 0.3675025578125 0.4193839986111111 0.3675025578125 0.23222089166666665
5 0.5049504640625 0.2876766263888889 0.5049504640625 0.3344674013888889 0.52054738984375 0.3344674013888889 0.52054738984375 0.2876766263888889
3 0.5069000796875 0.3067395361111111 0.5069000796875 0.34313235694444444 0.52152219765625 0.34313235694444444 0.52152219765625 0.3067395361111111
3 0.6969876109375 0.21835695694444443 0.6969876109375 0.5181645263888889 0.99625361953125 0.5181645263888889 0.99625361953125 0.21835695694444443
9 0 0.0017329930555555555 0 0.5597563291666667 0.31193851015625 0.5597563291666667 0.31193851015625 0.0017329930555555555
2 0.9592109203125 0.4297819486111111 0.9592109203125 0.6637358291666666 0.9991780421875 0.6637358291666666 0.9991780421875 0.4297819486111111