6 0.323516421875 0.31421779027777774 0.323516421875 0.35687178888888893 0.33071428515625 0.35687178888888893 0.33071428515625 0.31421779027777774
6 0.5562473101562501 0.2225116888888889 0.5562473101562501 0.2651656875 0.56344517265625 0.2651656875 0.56344517265625 0.2225116888888889
6 0.56824374765625 0.2267770888888889 0.56824374765625 0.26729838888888885 0.58024018515625 0.26729838888888885 0.58024018515625 0.2267770888888889
6 0.08358767109375001 0.1286728888888889 0.08358767109375001 0.2203789916666667 0.109979834375 0.2203789916666667 0.109979834375 0.1286728888888889
6 0.43388364765625004 0.40592389027777775 0.43388364765625004 0.42298549027777776 0.44108151015625 0.42298549027777776 0.44108151015625 0.40592389027777775
6 0.7229977921875 0.3696679902777778 0.7229977921875 0.38886229027777774 0.7361938734375 0.38886229027777774 0.7361938734375 0.3696679902777778
7 0.40269291015625 0.3547390902777778 0.40269291015625 0.3867295888888889 0.41229005937499996 0.3867295888888889 0.41229005937499996 0.3547390902777778
7 0.59343626640625 0.24383868888888888 0.59343626640625 0.26729838888888885 0.65461809921875 0.26729838888888885 0.65461809921875 0.24383868888888888
7 0.7122009984375001 0.3504736902777778 0.7122009984375001 0.35900449166666665 0.7253970796875 0.35900449166666665 0.7253970796875 0.3504736902777778
2 0.49626512265624995 0.44431249027777775 0.49626512265624995 0.4613740888888889 0.508261559375 0.4613740888888889 0.508261559375 0.44431249027777775
2 0.51905835546875 0.4400470902777778 0.51905835546875 0.4784356902777778 0.5394522984375001 0.4784356902777778 0.5394522984375001 0.4400470902777778
2 0.5370530101562501 0.43578169027777774 0.5370530101562501 0.5040280902777777 0.58383911640625 0.5040280902777777 0.58383911640625 0.43578169027777774
2 0.47947011015624996 0.44857789027777784 0.47947011015624996 0.48056839027777776 0.503462984375 0.48056839027777776 0.503462984375 0.44857789027777784
2 0.42548614140624996 0.45710869027777784 0.42548614140624996 0.4763029916666667 0.435083290625 0.4763029916666667 0.435083290625 0.45710869027777784
2 0.41229006015624997 0.45284329027777775 0.41229006015624997 0.4763029916666667 0.42548614218749997 0.4763029916666667 0.42548614218749997 0.45284329027777775
2 0.3858978984375 0.45710869027777784 0.3858978984375 0.48696649027777783 0.4074914859375 0.48696649027777783 0.4074914859375 0.45710869027777784
2 0.33911179062499996 0.44217979027777776 0.33911179062499996 0.4784356902777778 0.36190502265625 0.4784356902777778 0.36190502265625 0.44217979027777776
2 0.328314996875 0.4549759902777778 0.328314996875 0.48909919027777776 0.35230787109375 0.48909919027777776 0.35230787109375 0.4549759902777778
2 0.30072319062499997 0.45284329027777775 0.30072319062499997 0.48696649027777783 0.32591571015625 0.48696649027777783 0.32591571015625 0.45284329027777775
2 0.261134946875 0.45710869027777784 0.261134946875 0.49549729166666673 0.29112604296875 0.49549729166666673 0.29112604296875 0.45710869027777784
2 0.22394599140625 0.45284329027777775 0.22394599140625 0.5040280902777777 0.25633637187499997 0.5040280902777777 0.25633637187499997 0.45284329027777775
2 0.181958459375 0.45071059027777777 0.181958459375 0.5082934888888889 0.231143853125 0.5082934888888889 0.231143853125 0.45071059027777777
2 0.94853081796875 0.44431249027777775 0.94853081796875 0.5168242888888889 1 0.5168242888888889 1 0.44431249027777775
7 0.318717846875 0.36753529027777776 0.318717846875 0.3952603902777778 0.330714284375 0.3952603902777778 0.330714284375 0.36753529027777776
9 0.58143982890625 0.3248812916666667 0.58143982890625 0.5808052916666666 0.7265967234375 0.5808052916666666 0.7265967234375 0.3248812916666667