1 0.3600322421875 0.4004518069444445 0.3600322421875 0.47810174305555553 0.39934252265625003 0.47810174305555553 0.39934252265625003 0.4004518069444445
1 0.32446579921874996 0.3441556055555556 0.32446579921874996 0.5094390375 0.36315210625 0.5094390375 0.36315210625 0.3441556055555556
1 0.1220971578125 0.1308956027777778 0.1220971578125 0.5990137833333333 0.33175198203125 0.5990137833333333 0.33175198203125 0.1308956027777778
9 0.44114869296875003 0.43262106805555556 0.44114869296875003 0.4758831736111111 0.45550006484375 0.4758831736111111 0.45550006484375 0.43262106805555556
9 0.46673157343750005 0.37604754166666665 0.46673157343750005 0.48253888333333333 0.5029219890625 0.48253888333333333 0.5029219890625 0.37604754166666665
1 0.45425211953125 0.39157752777777777 0.45425211953125 0.4758831708333333 0.47234732734374996 0.4758831708333333 0.47234732734374996 0.39157752777777777
9 0.49902216015625 0.3344493611111111 0.49902216015625 0.5163720652777778 0.59074614609375 0.5163720652777778 0.59074614609375 0.3344493611111111
1 0.00056825546875 0.0015846847222222222 0.00056825546875 0.7508273347222223 0.159681290625 0.7508273347222223 0.159681290625 0.0015846847222222222
2 0.59227265859375 0.17463312083333335 0.59227265859375 0.6952046305555555 0.97066751796875 0.6952046305555555 0.97066751796875 0.17463312083333335
2 0.40558224921874997 0.4536974777777778 0.40558224921874997 0.46700889444444443 0.41306992109375 0.46700889444444443 0.41306992109375 0.4536974777777778
2 0.41369389453125 0.45258819166666664 0.41369389453125 0.4658996083333333 0.41868567656250005 0.4658996083333333 0.41868567656250005 0.45258819166666664
2 0.43054115703124995 0.4492603375 0.43054115703124995 0.4636810402777778 0.441772665625 0.4636810402777778 0.441772665625 0.4492603375
2 0.425549375 0.4514789055555556 0.425549375 0.4614624680555555 0.43178910234375 0.4614624680555555 0.43178910234375 0.4514789055555556
2 0.39934252265625003 0.4536974777777778 0.39934252265625003 0.47366460416666667 0.40932608437500007 0.47366460416666667 0.40932608437500007 0.4536974777777778