2 0.5248766445312499 0.40245319305555555 0.5248766445312499 0.4202833986111111 0.5392044874999999 0.4202833986111111 0.5392044874999999 0.40245319305555555
2 0.5148471531250001 0.40160412916666666 0.5148471531250001 0.41943433472222225 0.52630942890625 0.41943433472222225 0.52630942890625 0.40160412916666666
2 0.50195209453125 0.39905695555555554 0.50195209453125 0.41943433194444446 0.511981584375 0.41943433194444446 0.511981584375 0.39905695555555554
2 0.49048981953125 0.40160412916666666 0.49048981953125 0.429623025 0.5033848796875 0.429623025 0.5033848796875 0.40160412916666666
2 0.47616197734375004 0.39905695555555554 0.47616197734375004 0.4143399875 0.49048982109374994 0.4143399875 0.49048982109374994 0.39905695555555554
2 0.4775947609375 0.40924564444444445 0.4775947609375 0.4347173652777778 0.49335538828125003 0.4347173652777778 0.49335538828125003 0.40924564444444445
2 0.46899805624999996 0.4168871597222222 0.46899805624999996 0.43981171111111106 0.49192260390625 0.43981171111111106 0.49192260390625 0.4168871597222222
2 0.46899805624999996 0.4296230222222222 0.46899805624999996 0.4652834291666667 0.49908652578124996 0.4652834291666667 0.49908652578124996 0.4296230222222222
2 0.44893907421875 0.4117928166666667 0.44893907421875 0.43981171111111106 0.46756527031250006 0.43981171111111106 0.46756527031250006 0.4117928166666667
2 0.44034237109375 0.4168871597222222 0.44034237109375 0.43471736250000004 0.46040135 0.43471736250000004 0.46040135 0.4168871597222222
2 0.43747680000000005 0.4168871597222222 0.43747680000000005 0.4372645361111111 0.45753578046875 0.4372645361111111 0.45753578046875 0.4168871597222222
2 0.43317844765625 0.42452867499999997 0.43317844765625 0.45000039861111113 0.46326691796875 0.45000039861111113 0.46326691796875 0.42452867499999997
2 0.39879162421875003 0.40924564444444445 0.39879162421875003 0.44745322361111106 0.42458174140624994 0.44745322361111106 0.42458174140624994 0.40924564444444445
2 0.43031287890625 0.43301925694444443 0.43031287890625 0.48396269861111113 0.46469970234374997 0.48396269861111113 0.46469970234374997 0.43301925694444443
2 0.46899805624999996 0.43047208472222226 0.46899805624999996 0.46613249305555554 0.4976537421875 0.46613249305555554 0.4976537421875 0.43047208472222226
2 0.5033848796875 0.41773622083333334 0.5033848796875 0.44320794444444445 0.52774221171875 0.44320794444444445 0.52774221171875 0.41773622083333334
2 0.55209954453125 0.41773622083333334 0.55209954453125 0.45339663055555557 0.60081421171875 0.45339663055555557 0.60081421171875 0.41773622083333334
2 0.57788966171875 0.42537774166666664 0.57788966171875 0.45339663750000003 0.61800762265625 0.45339663750000003 0.61800762265625 0.42537774166666664
2 0.17384448984375 0.43047208472222226 0.17384448984375 0.4712268388888889 0.22255915625 0.4712268388888889 0.22255915625 0.43047208472222226
2 0.18244119453125002 0.44320794444444445 0.18244119453125002 0.5017929027777778 0.239752565625 0.5017929027777778 0.239752565625 0.44320794444444445
2 0.09647413671875 0.44320794444444445 0.09647413671875 0.5298117958333334 0.19103789921875 0.5298117958333334 0.19103789921875 0.44320794444444445
2 0.4847586828125 0.43811360138888894 0.4847586828125 0.5400004847222222 0.56642738828125 0.5400004847222222 0.56642738828125 0.43811360138888894
2 0.28560166328125003 0.43301925694444443 0.28560166328125003 0.47632118333333334 0.31998848671875 0.47632118333333334 0.31998848671875 0.43301925694444443
2 0.24261813359375 0.43556642916666666 0.24261813359375 0.4865098722222222 0.2899000171875 0.4865098722222222 0.2899000171875 0.43556642916666666
2 0.3744342921875 0.4151890527777778 0.3744342921875 0.4483022875 0.39592605546875 0.4483022875 0.39592605546875 0.4151890527777778
2 0.0004775875 0.44320794444444445 0.0004775875 0.5629250333333333 0.103638059375 0.5629250333333333 0.103638059375 0.44320794444444445
9 0.643797740625 0.3820758138888889 0.643797740625 0.4406607722222222 0.728332015625 0.4406607722222222 0.728332015625 0.3820758138888889
6 0.643797740625 0.3328304833333333 0.643797740625 0.3583022041666667 0.65382723046875 0.3583022041666667 0.65382723046875 0.3328304833333333
6 0.632335465625 0.3710380625 0.632335465625 0.40415129861111115 0.6394993875 0.40415129861111115 0.6394993875 0.3710380625
6 0.6065453484375001 0.3328304833333333 0.6065453484375001 0.3633965486111111 0.6165748375 0.3633965486111111 0.6165748375 0.3328304833333333
6 0.57502409375 0.37867958055555556 0.57502409375 0.40415130138888894 0.58505358359375 0.40415130138888894 0.58505358359375 0.37867958055555556
6 0.49335538828125003 0.3353776527777778 0.49335538828125003 0.3583022041666667 0.50051931015625 0.3583022041666667 0.50051931015625 0.3353776527777778
6 0.37156872265624996 0.3150002763888889 0.37156872265624996 0.3506606861111111 0.38303099765625 0.3506606861111111 0.38303099765625 0.3150002763888889
6 0.32285405625 0.31754745 0.32285405625 0.35320785833333335 0.33574911484375003 0.35320785833333335 0.33574911484375003 0.31754745
6 0.3085262125 0.34301916805555555 0.3085262125 0.3786795777777778 0.31712291796875 0.3786795777777778 0.31712291796875 0.34301916805555555
6 0.298496721875 0.3837739236111111 0.298496721875 0.4143399888888889 0.307093428125 0.4143399888888889 0.307093428125 0.3837739236111111
6 0.25121483984375004 0.3328304833333333 0.25121483984375004 0.3633965486111111 0.25981154609375 0.3633965486111111 0.25981154609375 0.3328304833333333
6 0.25121483984375004 0.37358523472222216 0.25121483984375004 0.4066984722222222 0.2626771140625 0.4066984722222222 0.2626771140625 0.37358523472222216
6 0.59365028828125 0.36849089166666665 0.59365028828125 0.3990569583333333 0.6065453484375001 0.3990569583333333 0.6065453484375001 0.36849089166666665
6 0.5492339765625001 0.37358523472222216 0.5492339765625001 0.3990569583333333 0.5578306828125 0.3990569583333333 0.5578306828125 0.37358523472222216
6 0.4804603296875 0.3328304833333333 0.4804603296875 0.3608493763888889 0.48905703593750005 0.3608493763888889 0.48905703593750005 0.3328304833333333
7 0.5105488 0.3710380625 0.5105488 0.39650978611111115 0.5306077796875 0.39650978611111115 0.5306077796875 0.3710380625
7 0.3601064484375 0.31754745 0.3601064484375 0.34301917083333333 0.3744342921875 0.34301917083333333 0.3744342921875 0.31754745
7 0.3314507625 0.3863210958333333 0.3314507625 0.40924564444444445 0.35150974140625 0.40924564444444445 0.35150974140625 0.3863210958333333
7 0.4804603296875 0.37358523472222216 0.4804603296875 0.40160412916666666 0.511981584375 0.40160412916666666 0.511981584375 0.37358523472222216
7 0.45610299609375 0.3837739236111111 0.45610299609375 0.4066984722222222 0.46756527109375 0.4066984722222222 0.46756527109375 0.3837739236111111