7 0.44443420078124996 0.3001973680555555 0.44443420078124996 0.30907894722222223 0.4684144640625 0.30907894722222223 0.4684144640625 0.3001973680555555
7 0.50438485859375 0.2948684222222222 0.50438485859375 0.3019736875 0.5243684109375 0.3019736875 0.5243684109375 0.2948684222222222
7 0.48839801640624997 0.3055263180555556 0.48839801640624997 0.3321710541666667 0.5253675890625 0.3321710541666667 0.5253675890625 0.3055263180555556
7 0.4304457140625 0.31085526666666663 0.4304457140625 0.33750000138888886 0.466416109375 0.33750000138888886 0.466416109375 0.31085526666666663
7 0.40546627265625 0.27888158055555556 0.40546627265625 0.29131579166666666 0.42445064765625 0.29131579166666666 0.42445064765625 0.27888158055555556
7 0.38348436484375 0.29131579166666666 0.38348436484375 0.3517105263888889 0.4294465359375 0.3517105263888889 0.4294465359375 0.29131579166666666
2 0.400470384375 0.3819078972222222 0.400470384375 0.41565789722222224 0.42345147109375 0.41565789722222224 0.42345147109375 0.3819078972222222
2 0.34251808203125 0.39434210555555554 0.34251808203125 0.4085526333333333 0.3585049234375 0.4085526333333333 0.3585049234375 0.39434210555555554
2 0.2146233453125 0.4085526333333333 0.2146233453125 0.4351973708333333 0.25459044999999997 0.4351973708333333 0.25459044999999997 0.4085526333333333
2 0.42445064765625 0.3748026333333333 0.42445064765625 0.42809210555555555 0.45042926640625 0.42809210555555555 0.45042926640625 0.3748026333333333
2 0.35250985859375 0.3748026333333333 0.35250985859375 0.4653947388888889 0.40746462812499995 0.4653947388888889 0.40746462812499995 0.3748026333333333
2 0.4993889703125 0.3783552666666667 0.4993889703125 0.3996710555555556 0.5123782796875 0.3996710555555556 0.5123782796875 0.3783552666666667
2 0.50838156953125 0.3783552666666667 0.50838156953125 0.41921053055555557 0.5363585429687501 0.41921053055555557 0.5363585429687501 0.3783552666666667
2 0.44643255625 0.362368425 0.44643255625 0.45828947638888884 0.50438485859375 0.45828947638888884 0.50438485859375 0.362368425
2 0.26857893671875 0.3801315805555555 0.26857893671875 0.47072368750000004 0.33852137187500003 0.47072368750000004 0.33852137187500003 0.3801315805555555