2 0.5768445921875001 0.41394482222222223 0.5768445921875001 0.4264255708333333 0.58737522265625 0.4264255708333333 0.58737522265625 0.41394482222222223
2 0.58737522421875 0.41394482222222223 0.58737522421875 0.43266594444444445 0.59673578515625 0.43266594444444445 0.59673578515625 0.41394482222222223
2 0.5780146625 0.4222653208333333 0.5780146625 0.44098644305555557 0.59088543515625 0.44098644305555557 0.59088543515625 0.4222653208333333
9 0.55929353984375 0.39938395 0.55929353984375 0.43890632222222226 0.57918473359375 0.43890632222222226 0.57918473359375 0.39938395
2 0.55227311875 0.4118646986111111 0.55227311875 0.4222653208333333 0.5616336804687501 0.4222653208333333 0.5616336804687501 0.4118646986111111
2 0.54408262734375 0.41394482222222223 0.54408262734375 0.4243454444444445 0.5546132593750001 0.4243454444444445 0.5546132593750001 0.41394482222222223
2 0.53706220625 0.41810507361111116 0.53706220625 0.4326659458333333 0.5475928382812499 0.4326659458333333 0.5475928382812499 0.41810507361111116
2 0.5546132593750001 0.42018519722222225 0.5546132593750001 0.4451466944444445 0.56982417109375 0.4451466944444445 0.56982417109375 0.42018519722222225
2 0.54408262734375 0.4243454472222222 0.54408262734375 0.44098644583333335 0.5569534 0.44098644583333335 0.5569534 0.4243454472222222
2 0.5487629093749999 0.4347460694444445 0.5487629093749999 0.46594794027777775 0.56514389140625 0.46594794027777775 0.56514389140625 0.4347460694444445
9 0.50781045234375 0.400780975 0.50781045234375 0.43058582222222225 0.52770164609375 0.43058582222222225 0.52770164609375 0.400780975
2 0.49025939921874995 0.42018519722222225 0.49025939921874995 0.4347460722222222 0.50079003046875 0.4347460722222222 0.50079003046875 0.42018519722222225
2 0.48089883828125 0.4222653208333333 0.48089883828125 0.4389063194444444 0.49259953984375004 0.4389063194444444 0.49259953984375004 0.4222653208333333
2 0.46451785546875 0.41810507361111116 0.46451785546875 0.45138707083333335 0.48440904921875 0.45138707083333335 0.48440904921875 0.41810507361111116
2 0.45281715390625 0.4222653208333333 0.45281715390625 0.44722681805555553 0.46919813671875 0.44722681805555553 0.46919813671875 0.4222653208333333
2 0.42707561015625 0.4264255736111111 0.42707561015625 0.44306657083333334 0.4457967328125 0.44306657083333334 0.4457967328125 0.4264255736111111
2 0.38027280390625 0.4222653208333333 0.38027280390625 0.4825889402777778 0.42356539921875 0.4825889402777778 0.42356539921875 0.4222653208333333
2 0.43292596171875 0.44306656944444445 0.43292596171875 0.49714981249999995 0.47738862812500005 0.49714981249999995 0.47738862812500005 0.44306656944444445
2 0.4914294703125 0.4368261958333333 0.4914294703125 0.47426844166666665 0.51834108359375 0.47426844166666665 0.51834108359375 0.4368261958333333
2 0.5171710140625 0.4368261958333333 0.5171710140625 0.5033901875000001 0.5569534 0.5033901875000001 0.5569534 0.4368261958333333
2 0.72310336328125 0.4343300472222222 0.72310336328125 0.4676120388888889 0.7617156796875 0.4676120388888889 0.7617156796875 0.4343300472222222
2 0.6645998546875 0.41134466805555553 0.6645998546875 0.4321459152777778 0.68566111796875 0.4321459152777778 0.68566111796875 0.41134466805555553
2 0.916164940625 0.4542992430555556 0.916164940625 0.6227893486111111 0.99923992265625 0.6227893486111111 0.99923992265625 0.4542992430555556
2 0.17083024453125 0.4355781236111111 0.17083024453125 0.4688601194444445 0.20125206874999998 0.4688601194444445 0.20125206874999998 0.4355781236111111
7 0.0791259765625 0.3857145472222222 0.0791259765625 0.4252369180555556 0.10018723984375 0.4252369180555556 0.10018723984375 0.3857145472222222
7 0.08029604765625001 0.4314772902777778 0.08029604765625001 0.4647592861111111 0.1013573109375 0.4647592861111111 0.1013573109375 0.4314772902777778
7 0.803399409375 0.2733878111111111 0.803399409375 0.3981952944444444 0.87594376015625 0.3981952944444444 0.87594376015625 0.2733878111111111
7 0.84435186640625 0.3981952944444444 0.84435186640625 0.4418779138888889 0.8700934101562501 0.4418779138888889 0.8700934101562501 0.3981952944444444
7 0.6126779734375 0.4085959194444444 0.6126779734375 0.42939716666666666 0.62320860390625 0.42939716666666666 0.62320860390625 0.4085959194444444
2 0 0.43979779166666666 0 0.5146822833333333 0.042853802343750004 0.5146822833333333 0.042853802343750004 0.43979779166666666
6 0.49456569609375 0.38437473611111117 0.49456569609375 0.40312472222222223 0.50115748828125 0.40312472222222223 0.50115748828125 0.38437473611111117
6 0.50888636875 0.3761716166666667 0.50888636875 0.39726535138888885 0.51679651953125 0.39726535138888885 0.51679651953125 0.3761716166666667
6 0.5365718968750001 0.3761716166666667 0.5365718968750001 0.39492160416666666 0.5431636890625 0.39492160416666666 0.5431636890625 0.3761716166666667