7 0.61296557265625 0.03817478333333334 0.61296557265625 0.08155522083333334 0.69202641875 0.08155522083333334 0.69202641875 0.03817478333333334
7 0.70471519765625 0.1214652236111111 0.70471519765625 0.1474934847222222 0.730092753125 0.1474934847222222 0.730092753125 0.1214652236111111
6 0.712523675 0.20996131527777778 0.712523675 0.25854740416666666 0.7330209328125 0.25854740416666666 0.7330209328125 0.20996131527777778
7 0.5758752992187499 0.20475566250000002 0.5758752992187499 0.25854740416666666 0.60320497421875 0.25854740416666666 0.60320497421875 0.20475566250000002
7 0.42165784687499996 0.25334175138888887 0.42165784687499996 0.2758995777777778 0.43532268359375 0.2758995777777778 0.43532268359375 0.25334175138888887
7 0.31917156328125 0.2568121861111111 0.31917156328125 0.2811052305555556 0.33283640078125 0.2811052305555556 0.33283640078125 0.2568121861111111
2 0.09565386406250001 0.2568121861111111 0.09565386406250001 0.43031220694444444 0.26780803984375 0.43031220694444444 0.26780803984375 0.2568121861111111
2 0.45972417890625 0.24640088194444446 0.45972417890625 0.4112465416666667 0.54952168203125 0.4112465416666667 0.54952168203125 0.24640088194444446
2 0.54366532421875 0.3019278402777778 0.54366532421875 0.3869534986111111 0.58856407734375 0.3869534986111111 0.58856407734375 0.3019278402777778
2 0.5690428796875 0.28804609999999997 0.5690428796875 0.4112465402777778 0.65688826484375 0.4112465402777778 0.65688826484375 0.28804609999999997
2 0.3884718125 0.31233914583333333 0.3884718125 0.3574548 0.41384936796874994 0.3574548 0.41384936796874994 0.31233914583333333