2 0.44817493593749996 0.636793025 0.44817493593749996 0.6622647486111112 0.46536834843749997 0.6622647486111112 0.46536834843749997 0.636793025
2 0.41808646484375 0.6266043361111111 0.41808646484375 0.6648119180555555 0.442443796875 0.6648119180555555 0.442443796875 0.6266043361111111
2 0.40375862265625007 0.6291515069444444 0.40375862265625007 0.6699062611111112 0.42238481953124996 0.6699062611111112 0.42238481953124996 0.6291515069444444
2 0.36650622890625 0.6138684777777778 0.36650622890625 0.6648119180555555 0.395161915625 0.6648119180555555 0.395161915625 0.6138684777777778
2 0.59173991875 0.6495288861111111 0.59173991875 0.6851892944444444 0.6103661140625001 0.6851892944444444 0.6103661140625001 0.6495288861111111
2 0.6203956039062499 0.6546232291666667 0.6203956039062499 0.6953779833333333 0.6433201515625 0.6953779833333333 0.6433201515625 0.6546232291666667
2 0.6332906632812499 0.6571704027777778 0.6332906632812499 0.7081138430555556 0.67340862421875 0.7081138430555556 0.67340862421875 0.6571704027777778
2 0.6949003874999999 0.6673590902777777 0.6949003874999999 0.7183025305555556 0.71066101640625 0.7183025305555556 0.71066101640625 0.6673590902777777
2 0.7020643109375 0.6622647458333334 0.7020643109375 0.7386799083333333 0.7550773296875 0.7386799083333333 0.7550773296875 0.6622647458333334
2 0.33326562734375 0.6240571638888889 0.33326562734375 0.6750006041666666 0.36765245078125003 0.6750006041666666 0.36765245078125003 0.6240571638888889
2 0.29744601953125 0.6087741319444445 0.29744601953125 0.677547776388889 0.34042954921875 0.677547776388889 0.34042954921875 0.6087741319444445
2 0.23726907890625 0.5960382708333334 0.23726907890625 0.6826421194444444 0.298878803125 0.6826421194444444 0.298878803125 0.5960382708333334
2 0.147576784375 0.5965477013888889 0.147576784375 0.6907930694444444 0.24930446796875 0.6907930694444444 0.24930446796875 0.5965477013888889
2 0.7161056218749999 0.6653213430555556 0.7161056218749999 0.7672082277777778 0.8092366015625 0.7672082277777778 0.8092366015625 0.6653213430555556
2 0.0010566828125 0.5527363472222222 0.0010566828125 0.7310383930555555 0.045472996875 0.7310383930555555 0.045472996875 0.5527363472222222
2 0.5072056453125 0.6184533930555556 0.5072056453125 0.7330761402777779 0.57597929140625 0.7330761402777779 0.57597929140625 0.6184533930555556