7 0.9055964890625001 0.3032735513888889 0.9055964890625001 0.34313236249999995 0.93289110859375 0.34313236249999995 0.93289110859375 0.3032735513888889
7 0.75840050390625 0.37432621250000003 0.75840050390625 0.40032108888888884 0.77009819921875 0.40032108888888884 0.77009819921875 0.37432621250000003
7 0.6462976015625 0.4419128888888889 0.6462976015625 0.47310674444444445 0.6570204898437499 0.47310674444444445 0.6570204898437499 0.4419128888888889
7 0.59755720859375 0.4627087902777778 0.59755720859375 0.47830571527777777 0.60535567265625 0.47830571527777777 0.60535567265625 0.4627087902777778
2 0.5985320171875 0.48697067499999996 0.5985320171875 0.5025676 0.61022971171875 0.5025676 0.61022971171875 0.48697067499999996
2 0.5839099 0.48523768472222223 0.5839099 0.5077665763888889 0.5965824015625001 0.5077665763888889 0.5965824015625001 0.48523768472222223
2 0.60633048046875 0.48523768472222223 0.60633048046875 0.5112325611111112 0.62192740703125 0.5112325611111112 0.62192740703125 0.48523768472222223
2 0.6190029820312499 0.4817717 0.6190029820312499 0.5146985430555555 0.6336250999999999 0.5146985430555555 0.6336250999999999 0.4817717
2 0.62972586875 0.4817717 0.62972586875 0.5285624763888889 0.65507087265625 0.5285624763888889 0.65507087265625 0.4817717
2 0.6482472171875 0.46964075833333335 0.6482472171875 0.5354944444444444 0.698937225 0.5354944444444444 0.698937225 0.46964075833333335
2 0.50202603984375 0.4297819486111111 0.50202603984375 0.6117460791666667 0.5683129734375 0.6117460791666667 0.5683129734375 0.4297819486111111
2 0.0009748078125000001 0.3015405597222222 0.0009748078125000001 0.8959567222222222 0.5556404726562499 0.8959567222222222 0.5556404726562499 0.3015405597222222
2 0.9426391859375001 0.46790776666666667 0.9426391859375001 0.6620028388888889 0.99917804296875 0.6620028388888889 0.99917804296875 0.46790776666666667
4 0.9075461046875001 0.44364588194444443 0.9075461046875001 0.5510913694444444 0.93386591640625 0.5510913694444444 0.93386591640625 0.44364588194444443