2 0.4518350328125 0.4042512847222222 0.4518350328125 0.4778649430555556 0.50868286953125 0.4778649430555556 0.50868286953125 0.4042512847222222
2 0.7821139484375 0.3705636777777778 0.7821139484375 0.45166346944444447 0.90493335078125 0.45166346944444447 0.90493335078125 0.3705636777777778
2 0.68666572734375 0.3880313277777778 0.68666572734375 0.44168195833333335 0.7849212484375 0.44168195833333335 0.7849212484375 0.3880313277777778
2 0 0.3725599819444444 0 0.8691402652777778 0.1914578921875 0.8691402652777778 0.1914578921875 0.3725599819444444
7 0.24541216796874998 0.3668206111111111 0.24541216796874998 0.39676515277777774 0.264361446875 0.39676515277777774 0.264361446875 0.3668206111111111
7 0.3310348359375 0.37430674583333334 0.3310348359375 0.3942697736111111 0.33945673515624997 0.3942697736111111 0.33945673515624997 0.37430674583333334
7 0.37174069453124997 0.39926053194444444 0.37174069453124997 0.4104897319444445 0.37665346953125 0.4104897319444445 0.37665346953125 0.39926053194444444
7 0.475142934375 0.35184834305555557 0.475142934375 0.3867836361111111 0.48496849140625004 0.3867836361111111 0.48496849140625004 0.35184834305555557
7 0.67937406015625 0.2807300611111111 0.67937406015625 0.30443615972222227 0.6955160375 0.30443615972222227 0.6955160375 0.2807300611111111
6 0.42016662968749996 0.3867836361111111 0.42016662968749996 0.4042512888888889 0.42718488046875003 0.4042512888888889 0.42718488046875003 0.3867836361111111
2 0.38156624687499996 0.41672817638888887 0.38156624687499996 0.43170044722222223 0.38998814843749996 0.43170044722222223 0.38998814843749996 0.41672817638888887
2 0.8859445914062499 0.3618298541666667 0.8859445914062499 0.4017559083333333 0.93507235234375 0.4017559083333333 0.93507235234375 0.3618298541666667
7 0.2863446625 0.24454707638888887 0.2863446625 0.29320695138888886 0.30669759375 0.29320695138888886 0.30669759375 0.24454707638888887