6 0.54425087265625 0.5033172013888889 0.54425087265625 0.5331750000000001 0.55144873515625 0.5331750000000001 0.55144873515625 0.5033172013888889
6 0.42428649687500003 0.5886252013888889 0.42428649687500003 0.6056868013888889 0.431484359375 0.6056868013888889 0.431484359375 0.5886252013888889
6 0.55024909140625 0.5054499013888889 0.55024909140625 0.5353077013888888 0.5586465984375 0.5353077013888888 0.5586465984375 0.5054499013888889
6 0.5394522976562499 0.5054499013888889 0.5394522976562499 0.5374404027777777 0.546650159375 0.5374404027777777 0.546650159375 0.5054499013888889
6 0.64742023671875 0.5800944013888889 0.64742023671875 0.5992887 0.65941667421875 0.5992887 0.65941667421875 0.5800944013888889
2 0.50946120546875 0.6184830013888889 0.50946120546875 0.6462081013888888 0.5226572859374999 0.6462081013888888 0.5226572859374999 0.6184830013888889
2 0.40869112812499997 0.6014214013888889 0.40869112812499997 0.6270138027777777 0.435083290625 0.6270138027777777 0.435083290625 0.6014214013888889
2 0.50106369765625 0.6206157013888889 0.50106369765625 0.6781986041666667 0.52025799921875 0.6781986041666667 0.52025799921875 0.6206157013888889
2 0.52025799921875 0.6227484013888889 0.52025799921875 0.6483408027777778 0.534653725 0.6483408027777778 0.534653725 0.6227484013888889
1 0.52505657421875 0.5417058013888889 0.52505657421875 0.7059237013888888 0.6330245117187501 0.7059237013888888 0.6330245117187501 0.5417058013888889
9 0.56584446015625 0.5907579013888888 0.56584446015625 0.7571085027777777 0.6666145359375 0.7571085027777777 0.6666145359375 0.5907579013888888
2 0.6186287859374999 0.6312792013888889 0.6186287859374999 0.7805682027777777 0.70980171015625 0.7805682027777777 0.70980171015625 0.6312792013888889
2 0.62822593515625 0.6355446013888889 0.62822593515625 0.9042648027777778 0.8105717851562501 0.9042648027777778 0.8105717851562501 0.6355446013888889
2 0.7325949421875 0.6056868013888889 0.7325949421875 0.9959709027777778 0.99891585546875 0.9959709027777778 0.99891585546875 0.6056868013888889
2 0.3870975421875 0.6099522 0.3870975421875 0.8104260027777778 0.5202579984375 0.8104260027777778 0.5202579984375 0.6099522
9 0.29232568515625 0.4883883027777777 0.29232568515625 0.7123218027777778 0.4086911296875 0.7123218027777778 0.4086911296875 0.4883883027777777
2 0.23954135937499998 0.5779617013888889 0.23954135937499998 0.7720374041666667 0.37510110390625 0.7720374041666667 0.37510110390625 0.5779617013888889
2 0.124375559375 0.6227484013888889 0.124375559375 0.8509473041666666 0.33071428359375 0.8509473041666666 0.33071428359375 0.6227484013888889
2 0 0.5672982013888889 0 0.9938382027777777 0.175960240625 0.9938382027777777 0.175960240625 0.5672982013888889