2 0.33035912343749996 0.455579925 0.33035912343749996 0.5167120541666667 0.3618803796875 0.5167120541666667 0.3618803796875 0.455579925
2 0.29740508593750004 0.46067426805555556 0.29740508593750004 0.5218063972222222 0.340388615625 0.5218063972222222 0.340388615625 0.46067426805555556
2 0.2658838296875 0.4657686125 0.2658838296875 0.5269007430555556 0.3174640640625 0.5269007430555556 0.3174640640625 0.4657686125
2 0.1913790453125 0.46067426805555556 0.1913790453125 0.5523724624999999 0.27591331874999997 0.5523724624999999 0.27591331874999997 0.46067426805555556
2 0.10254642031250001 0.48359881805555555 0.10254642031250001 0.5803913569444444 0.20713967421875 0.5803913569444444 0.20713967421875 0.48359881805555555
2 0.429221240625 0.4301082013888889 0.429221240625 0.4581270958333334 0.44784743593750004 0.4581270958333334 0.44784743593750004 0.4301082013888889
2 0.5209194359375 0.4148251736111111 0.5209194359375 0.4402968958333333 0.5409784156249999 0.4402968958333333 0.5409784156249999 0.4148251736111111
2 0.49512931875 0.4173723458333333 0.49512931875 0.48359881805555555 0.5266505734375 0.48359881805555555 0.5266505734375 0.4173723458333333
2 0.57249967109375 0.4250138583333333 0.57249967109375 0.4657686111111111 0.58969308203125 0.4657686111111111 0.58969308203125 0.4250138583333333
2 0.57823080859375 0.4250138583333333 0.57823080859375 0.4785044736111111 0.6083192796875 0.4785044736111111 0.6083192796875 0.4250138583333333
2 0.59542421953125 0.4250138583333333 0.59542421953125 0.48359881666666665 0.6269454750000001 0.48359881666666665 0.6269454750000001 0.4250138583333333
2 0.61118484765625 0.4275610319444445 0.61118484765625 0.4861459847222222 0.63840774921875 0.4861459847222222 0.63840774921875 0.4275610319444445
2 0.6269454750000001 0.4173723458333333 0.6269454750000001 0.5014290250000001 0.65130280703125 0.5014290250000001 0.65130280703125 0.4173723458333333
2 0.63554218203125 0.3791647625 0.63554218203125 0.5116177138888889 0.7186436726562501 0.5116177138888889 0.7186436726562501 0.3791647625
2 0.72437480625 0.3969949680555556 0.72437480625 0.5702026694444444 0.89201056953125 0.5702026694444444 0.89201056953125 0.3969949680555556
2 0.8475942578125 0.3435043513888889 0.8475942578125 0.6185989375 0.9980366101562501 0.6185989375 0.9980366101562501 0.3435043513888889
4 0.68079914765625 0.40479604861111107 0.68079914765625 0.5116177138888889 0.70718139609375 0.5116177138888889 0.70718139609375 0.40479604861111107
2 0.5237850046875 0.4428440666666667 0.5237850046875 0.4734101305555556 0.55244068984375 0.4734101305555556 0.55244068984375 0.4428440666666667
2 0.44068351406249995 0.4071836527777778 0.44068351406249995 0.5269007430555556 0.5108899453125 0.5269007430555556 0.5108899453125 0.4071836527777778
2 0.02231049921875 0.49124033333333333 0.02231049921875 0.6338819736111111 0.11400869375 0.6338819736111111 0.11400869375 0.49124033333333333
2 0.97449772421875 0.47595730555555554 0.97449772421875 0.8067371111111111 0.9974395664062501 0.8067371111111111 0.9974395664062501 0.47595730555555554
0 0.558171828125 0.4402968944444444 0.558171828125 0.5319950888888889 0.581096375 0.5319950888888889 0.581096375 0.4402968944444444
5 0.55100790625 0.40973082638888886 0.55100790625 0.5167120527777778 0.58252916171875 0.5167120527777778 0.58252916171875 0.40973082638888886
7 0.61118484765625 0.34495987499999997 0.61118484765625 0.37807311250000003 0.62694547578125 0.37807311250000003 0.62694547578125 0.34495987499999997
6 0.59030713359375 0.35711353055555556 0.59030713359375 0.38003807916666665 0.60033662421875 0.38003807916666665 0.60033662421875 0.35711353055555556
4 0.36679278203125 0.45084946249999996 0.36679278203125 0.4941513875 0.37682227265625 0.4941513875 0.37682227265625 0.45084946249999996
6 0.432086809375 0.3689760736111111 0.432086809375 0.3995421375 0.44068351406249995 0.3995421375 0.44068351406249995 0.3689760736111111
6 0.5620751171875 0.36299091527777777 0.5620751171875 0.3793051111111111 0.57125185390625 0.3793051111111111 0.57125185390625 0.36299091527777777
6 0.59075241875 0.38542293750000006 0.59075241875 0.4037764111111111 0.60222333984375 0.4037764111111111 0.60222333984375 0.38542293750000006
7 0.406726075 0.3810530625 0.406726075 0.3994065361111111 0.43540337734375 0.3994065361111111 0.43540337734375 0.3810530625