9 0 0.32882861944444447 0 0.6833253041666667 0.1510897765625 0.6833253041666667 0.1510897765625 0.32882861944444447
9 0.15518712734375 0.4696560680555556 0.15518712734375 0.5910590430555556 0.2658155875 0.5910590430555556 0.2658155875 0.4696560680555556
2 0.299960175 0.49393666388888885 0.299960175 0.6663288888888889 0.4201491203125 0.6663288888888889 0.4201491203125 0.49393666388888885
2 0.6195535078125001 0.5230733777777778 0.6195535078125001 0.8023002222222222 0.9104653875000001 0.8023002222222222 0.9104653875000001 0.5230733777777778
9 0.52121709765625 0.4550877125 0.52121709765625 0.6274799375 0.682379546875 0.6274799375 0.682379546875 0.4550877125
2 0.49253564453125 0.5012208430555556 0.49253564453125 0.5934871013888889 0.53487493203125 0.5934871013888889 0.53487493203125 0.5012208430555556
9 0.47478045937499996 0.4720841291666667 0.47478045937499996 0.5764906861111111 0.536240715625 0.5764906861111111 0.536240715625 0.4720841291666667
2 0.46795154140625 0.47936830694444443 0.46795154140625 0.5522100930555556 0.48434094296875 0.5522100930555556 0.48434094296875 0.47936830694444443
2 0.45839105859374996 0.4720841291666667 0.45839105859374996 0.5570662111111111 0.482975159375 0.5570662111111111 0.482975159375 0.4720841291666667
2 0.40239393515625005 0.4890805458333333 0.40239393515625005 0.5497820333333334 0.46112262499999995 0.5497820333333334 0.46112262499999995 0.4890805458333333
9 0.36142043125 0.4720841291666667 0.36142043125 0.49393666388888885 0.39010188515625 0.49393666388888885 0.39010188515625 0.4720841291666667
4 0.275376071875 0.49150860416666664 0.275376071875 0.5255014375 0.28493655625000003 0.5255014375 0.28493655625000003 0.49150860416666664
7 0.2876681234375 0.45265965416666665 0.2876681234375 0.4769402486111111 0.299960175 0.4769402486111111 0.299960175 0.45265965416666665
7 0.32454427734375 0.43323517638888887 0.32454427734375 0.4696560708333334 0.3422994625 0.4696560708333334 0.3422994625 0.43323517638888887
7 0.38327296640625 0.37738980833333335 0.38327296640625 0.394386225 0.40102815156249993 0.394386225 0.40102815156249993 0.37738980833333335
7 0.51985131484375 0.4356632361111111 0.51985131484375 0.46479994999999996 0.53624071484375 0.46479994999999996 0.53624071484375 0.4356632361111111
7 0.51438818046875 0.42109488055555555 0.51438818046875 0.4405193569444445 0.532143365625 0.4405193569444445 0.532143365625 0.42109488055555555
6 0.36005464765625 0.3968142833333333 0.36005464765625 0.41138264027777777 0.37644404921875 0.41138264027777777 0.37644404921875 0.3968142833333333