6 0.47740773984375 0.20854601250000002 0.47740773984375 0.22232152638888888 0.48171258906250003 0.22232152638888888 0.48171258906250003 0.20854601250000002
6 0.47051998125 0.21926030138888888 0.47051998125 0.23150520555555557 0.47482482890625005 0.23150520555555557 0.47482482890625005 0.21926030138888888
6 0.406377734375 0.18405620555555555 0.406377734375 0.1963011083333333 0.412404521875 0.1963011083333333 0.412404521875 0.18405620555555555
2 0.46531502968750005 0.2333706388888889 0.46531502968750005 0.29306454444444446 0.4988928515625 0.29306454444444446 0.4988928515625 0.2333706388888889
1 0.5014757609375 0.20428899444444445 0.5014757609375 0.29153393055555554 0.56604849375 0.29153393055555554 0.56604849375 0.20428899444444445
9 0.23248201796874998 0.14008695694444445 0.23248201796874998 0.3237605083333333 0.34957390703125 0.3237605083333333 0.34957390703125 0.14008695694444445
2 0.511436225 0.24263802361111111 0.511436225 0.32835234583333334 0.55620665234375 0.32835234583333334 0.55620665234375 0.24263802361111111
2 0.52521174140625 0.23192373333333333 0.52521174140625 0.42171973611111113 0.6839157015625 0.42171973611111113 0.6839157015625 0.23192373333333333
2 0.33665936093750004 0.18753595833333334 0.33665936093750004 0.4110054472222222 0.48044131328125 0.4110054472222222 0.48044131328125 0.18753595833333334
2 0.80588788828125 0.3666176722222222 0.80588788828125 0.7661076458333332 0.9978841484375 0.7661076458333332 0.9978841484375 0.3666176722222222
7 0.9427820828125 0.07580121249999999 0.9427820828125 0.10794408472222222 0.97119408515625 0.10794408472222222 0.97119408515625 0.07580121249999999
4 0.0004775875 0.175754875 0.0004775875 0.3591512652777778 0.01910378359375 0.3591512652777778 0.01910378359375 0.175754875
6 0.1351593125 0.09849062916666666 0.1351593125 0.13924538194444444 0.15235272421874999 0.13924538194444444 0.15235272421874999 0.09849062916666666
6 0.91602675859375 0.16981146666666666 0.91602675859375 0.2156605638888889 0.9317873859375 0.2156605638888889 0.9317873859375 0.16981146666666666