7 0.79842842109375 0.28065300138888893 0.79842842109375 0.31922442222222225 0.82219117109375 0.31922442222222225 0.82219117109375 0.28065300138888893
7 0.73230598515625 0.2990203416666667 0.73230598515625 0.330244825 0.76330087734375 0.330244825 0.76330087734375 0.2990203416666667
2 0.70854323671875 0.25163260000000004 0.70854323671875 0.2699999430555555 0.7157753765625 0.2699999430555555 0.7157753765625 0.25163260000000004
2 0.69511211640625 0.25346933194444443 0.69511211640625 0.27551014444444444 0.70957639921875 0.27551014444444444 0.70957639921875 0.25346933194444443
2 0.67444885546875 0.25346933194444443 0.67444885546875 0.2791836125 0.69717844296875 0.2791836125 0.69717844296875 0.25346933194444443
2 0.664117225 0.25530606944444445 0.664117225 0.2791836152777778 0.6785815078125 0.2791836152777778 0.6785815078125 0.25530606944444445
2 0.64552028984375 0.25530606944444445 0.64552028984375 0.28285708333333337 0.6672167140624999 0.28285708333333337 0.6672167140624999 0.25530606944444445
2 0.6382881484375 0.2608162694444444 0.6382881484375 0.2902040194444444 0.65378559453125 0.2902040194444444 0.65378559453125 0.2608162694444444
2 0.58065781171875 0.26038578472222224 0.58065781171875 0.2902040194444444 0.60626009453125 0.2902040194444444 0.60626009453125 0.26038578472222224
2 0.5556351046875 0.2681632097222222 0.5556351046875 0.31959177083333334 0.59799479140625 0.31959177083333334 0.59799479140625 0.2681632097222222
2 0.5969616265625 0.24795912916666668 0.5969616265625 0.3085713625 0.6413876375 0.3085713625 0.6413876375 0.24795912916666668
2 0.4436697328125 0.26186583750000003 0.4436697328125 0.3463556138888889 0.51289165625 0.3463556138888889 0.51289165625 0.26186583750000003
2 0.1533509171875 0.30594745833333337 0.1533509171875 0.4602331402777778 0.31245802734375 0.4602331402777778 0.31245802734375 0.30594745833333337
2 0.3072922109375 0.2508454305555556 0.3072922109375 0.4381923319444444 0.46123350390624995 0.4381923319444444 0.46123350390624995 0.2508454305555556
4 0.23379003671874998 0.2760349263888889 0.23379003671874998 0.31460634722222225 0.25135381015624997 0.31460634722222225 0.25135381015624997 0.2760349263888889