7 0.34559118984375 0.40124971666666664 0.34559118984375 0.4223434541666667 0.36009313203125004 0.4223434541666667 0.36009313203125004 0.40124971666666664
7 0.34822790625 0.3520310013888889 0.34822790625 0.3942184708333333 0.36009313203125004 0.3942184708333333 0.36009313203125004 0.3520310013888889
2 0.20980026640625 0.4504684333333333 0.20980026640625 0.4692184208333333 0.22562056953125 0.4692184208333333 0.22562056953125 0.4504684333333333
2 0.19661668203125 0.4457809361111111 0.19661668203125 0.4645309236111111 0.21111862421875 0.4645309236111111 0.21111862421875 0.4457809361111111
2 0.1821147390625 0.44109344027777775 0.1821147390625 0.46453092222222225 0.19661668203125 0.46453092222222225 0.19661668203125 0.44109344027777775
2 0.161021003125 0.4340621944444445 0.161021003125 0.4645309236111111 0.183433096875 0.4645309236111111 0.183433096875 0.4340621944444445
2 0.14388234453124998 0.4364059430555556 0.14388234453124998 0.4668746736111111 0.17024951328125 0.4668746736111111 0.17024951328125 0.4364059430555556
2 0.10564994765624999 0.42703095 0.10564994765624999 0.47156216944444446 0.14388234296875 0.47156216944444446 0.14388234296875 0.42703095
2 0.0819194953125 0.43171844583333335 0.0819194953125 0.47156216805555556 0.10564994765624999 0.47156216805555556 0.10564994765624999 0.43171844583333335
2 0.0502788921875 0.41999970555555555 0.0502788921875 0.4739059166666667 0.08719292890625 0.4739059166666667 0.08719292890625 0.41999970555555555
2 0.0028179882812500003 0.41531220694444443 0.0028179882812500003 0.4739059152777778 0.05423396796875 0.4739059152777778 0.05423396796875 0.41531220694444443
2 0.2243022109375 0.41765595555555557 0.2243022109375 0.4364059430555556 0.23484907890625 0.4364059430555556 0.23484907890625 0.41765595555555557
2 0.24935102109375 0.42703095 0.24935102109375 0.4457809361111111 0.26121624765624996 0.4457809361111111 0.26121624765624996 0.42703095
2 0.5301613749999999 0.45984342638888887 0.5301613749999999 0.5020308958333334 0.56180197890625 0.5020308958333334 0.56180197890625 0.45984342638888887
2 0.47610867734375006 0.4457809361111111 0.47610867734375006 0.502030898611111 0.5288430164062501 0.502030898611111 0.5288430164062501 0.4457809361111111
2 0.39305209375 0.462187175 0.39305209375 0.48562465972222224 0.41282747109375 0.48562465972222224 0.41282747109375 0.462187175
2 0.32054237890625 0.4645309236111111 0.32054237890625 0.4762496666666667 0.33636268046875 0.4762496666666667 0.33636268046875 0.4645309236111111
2 0.298130284375 0.4551559319444444 0.298130284375 0.4762496666666667 0.32054237890625 0.4762496666666667 0.32054237890625 0.4551559319444444
2 0.40228060234375 0.45281218194444445 0.40228060234375 0.6145308208333333 0.5130227148437501 0.6145308208333333 0.5130227148437501 0.45281218194444445
2 0 0.43171844583333335 0 0.48328090972222226 0.02127500546875 0.48328090972222226 0.02127500546875 0.43171844583333335
4 0.2812608828125 0.42187485277777775 0.2812608828125 0.4556248402777778 0.2886436921875 0.4556248402777778 0.2886436921875 0.42187485277777775