2 0.6548492757812501 0.45485394444444444 0.6548492757812501 0.47981544166666673 0.6782506781250001 0.47981544166666673 0.6782506781250001 0.45485394444444444
2 0.78004678359375 0.44861356944444447 0.78004678359375 0.49229618750000004 0.8455707132812501 0.49229618750000004 0.8455707132812501 0.44861356944444447
2 0.8057883265625 0.43821294583333337 0.8057883265625 0.5359788083333333 0.976618571875 0.5359788083333333 0.976618571875 0.43821294583333337
2 0.61818708359375 0.4590141930555556 0.61818708359375 0.4860558138888889 0.63573813515625 0.4860558138888889 0.63573813515625 0.4590141930555556
2 0.59595575 0.45485394444444444 0.59595575 0.4860558138888889 0.62169729296875 0.4860558138888889 0.62169729296875 0.45485394444444444
2 0.59010539921875 0.46109431805555556 0.59010539921875 0.5130974361111111 0.626377575 0.5130974361111111 0.626377575 0.46109431805555556
2 0.5760645570312499 0.46109431805555556 0.5760645570312499 0.5193378097222222 0.6111666625 0.5193378097222222 0.6111666625 0.46109431805555556
2 0.43214592734375 0.4312792013888889 0.43214592734375 0.6808941708333334 0.5971258203125 0.6808941708333334 0.5971258203125 0.4312792013888889
2 0.339710375 0.4291990694444444 0.339710375 0.48328231388888887 0.39704381328125 0.48328231388888887 0.39704381328125 0.4291990694444444
2 0.29875791953125 0.4520804416666667 0.29875791953125 0.5040835597222222 0.3689621296875 0.5040835597222222 0.3689621296875 0.4520804416666667
2 0.136898209375 0.4375195680555556 0.136898209375 0.5415258055555555 0.173170384375 0.5415258055555555 0.173170384375 0.4375195680555556
2 0.142748559375 0.43335931666666666 0.142748559375 0.5748078000000001 0.23635417265625 0.5748078000000001 0.23635417265625 0.43335931666666666
2 0.10413624453125 0.4493069444444444 0.10413624453125 0.5345920597222222 0.1357281390625 0.5345920597222222 0.1357281390625 0.4493069444444444
2 0.058503508593749996 0.44306656944444445 0.058503508593749996 0.5470728083333334 0.1228573671875 0.5470728083333334 0.1228573671875 0.44306656944444445
2 0 0.4326659458333333 0 0.5720343041666667 0.090095403125 0.5720343041666667 0.090095403125 0.4326659458333333
2 0 0.45346719305555555 0 0.6032361749999999 0.03978238515625 0.6032361749999999 0.03978238515625 0.45346719305555555
7 0.8386477921875001 0.06552392916666666 0.8386477921875001 0.14248854444444445 0.88077031796875 0.14248854444444445 0.88077031796875 0.06552392916666666
7 0.83162737109375 0.15288916805555555 0.83162737109375 0.1840910375 0.85619884375 0.1840910375 0.85619884375 0.15288916805555555
7 0.86204919609375 0.13832829722222223 0.86204919609375 0.1986519138888889 0.89832137109375 0.1986519138888889 0.89832137109375 0.13832829722222223
7 0.9416139664062501 0.2984979 0.9416139664062501 0.3276196472222222 0.9603350890625 0.3276196472222222 0.9603350890625 0.2984979
7 0.74621225 0.1840910375 0.74621225 0.22569353333333333 0.77195379296875 0.22569353333333333 0.77195379296875 0.1840910375
7 0.75323266953125 0.21945316111111113 0.75323266953125 0.24857490833333334 0.7930150546875 0.24857490833333334 0.7930150546875 0.21945316111111113
7 0.7333414765625 0.43370600694444444 0.7333414765625 0.46698800277777774 0.75674287890625 0.46698800277777774 0.75674287890625 0.43370600694444444
7 0.248932428125 0.4066643875 0.248932428125 0.4295457597222222 0.25829298828125 0.4295457597222222 0.25829298828125 0.4066643875
6 0.5139533203125 0.3255395222222222 0.5139533203125 0.34842089305555557 0.5209737414062501 0.34842089305555557 0.5209737414062501 0.3255395222222222
6 0.6368106890624999 0.35674139444444447 0.6368106890624999 0.3796227652777778 0.64266103984375 0.3796227652777778 0.64266103984375 0.35674139444444447
6 0.72924623125 0.4191451333333333 0.72924623125 0.4357861333333333 0.7374367226562499 0.4357861333333333 0.7374367226562499 0.4191451333333333
6 0.041244972656250004 0.3671420180555556 0.041244972656250004 0.3962637625 0.05177560390625 0.3962637625 0.05177560390625 0.3671420180555556
6 0.17697311328125 0.35050101805555556 0.17697311328125 0.3754625152777778 0.183993534375 0.3754625152777778 0.183993534375 0.35050101805555556
6 0.25419774453125 0.37754264027777773 0.25419774453125 0.3983438875 0.26004809453125 0.3983438875 0.26004809453125 0.37754264027777773
6 0.0307143421875 0.39002338888888893 0.0307143421875 0.42330538472222223 0.04007490234375 0.42330538472222223 0.04007490234375 0.39002338888888893
6 0.64383111015625 0.35882151944444446 0.64383111015625 0.38794326388888883 0.6508515312500001 0.38794326388888883 0.6508515312500001 0.35882151944444446
7 0.70935503828125 0.3983438875 0.70935503828125 0.41082463611111114 0.72222581015625 0.41082463611111114 0.72222581015625 0.3983438875
7 0.68946384609375 0.36090164166666666 0.68946384609375 0.3796227638888889 0.6999944765625 0.3796227638888889 0.6999944765625 0.36090164166666666
4 0.87638255546875 0.44389862083333337 0.87638255546875 0.5957477277777777 0.91265473046875 0.5957477277777777 0.91265473046875 0.44389862083333337
4 0.843620590625 0.43765824861111113 0.843620590625 0.6061483513888889 0.8834029765625001 0.6061483513888889 0.8834029765625001 0.43765824861111113
4 0.7476748359375 0.4501389972222222 0.7476748359375 0.5479048597222221 0.76756602890625 0.5479048597222221 0.76756602890625 0.4501389972222222
4 0.7032121703125 0.45429924722222226 0.7032121703125 0.5312638625 0.7172530125 0.5312638625 0.7172530125 0.45429924722222226
4 0.71257273125 0.4459787458333333 0.71257273125 0.5437446083333334 0.7312938531250001 0.5437446083333334 0.7312938531250001 0.4459787458333333
4 0.67396041640625 0.44805887083333334 0.67396041640625 0.5333439861111111 0.69268153828125 0.5333439861111111 0.69268153828125 0.44805887083333334
4 0.6844910484375 0.45221912222222216 0.6844910484375 0.5375042361111111 0.704382240625 0.5375042361111111 0.704382240625 0.45221912222222216