2 0.49160352578125 0.5144153888888888 0.49160352578125 0.5389113625 0.5092100046875 0.5389113625 0.5092100046875 0.5144153888888888
2 0.5138029976562499 0.5062500652777777 0.5138029976562499 0.5525202347222222 0.5459539625 0.5525202347222222 0.5459539625 0.5062500652777777
2 0.35764118515625 0.4722278833333333 0.35764118515625 0.6178428236111111 0.46557655625 0.6178428236111111 0.46557655625 0.4722278833333333
2 0.549118021875 0.51804445 0.549118021875 0.5411795319444445 0.55753851171875 0.5411795319444445 0.55753851171875 0.51804445
2 0.55294551953125 0.5139617861111111 0.55294551953125 0.5439013111111112 0.57131749765625 0.5439013111111112 0.57131749765625 0.5139617861111111
2 0.564428003125 0.5057964638888889 0.564428003125 0.5575101791666667 0.58662747578125 0.5575101791666667 0.58662747578125 0.5057964638888889
2 0.5690209992187499 0.5126008986111111 0.5690209992187499 0.5561492902777777 0.59045497109375 0.5561492902777777 0.59045497109375 0.5126008986111111
2 0.5743794921875 0.5126008986111111 0.5743794921875 0.5683972777777778 0.608061453125 0.5683972777777778 0.608061453125 0.5126008986111111
2 0.600406484375 0.4912803041666666 0.600406484375 0.601512175 0.68614238203125 0.601512175 0.68614238203125 0.4912803041666666
2 0.7369204734375 0.5248488888888889 0.7369204734375 0.7598287347222222 0.9841766804687501 0.7598287347222222 0.9841766804687501 0.5248488888888889
2 0.89844078125 0.5652218597222223 0.89844078125 0.8455646416666667 0.9987211632812499 0.8455646416666667 0.9987211632812499 0.5652218597222223
2 0.3539157546875 0.5089718430555555 0.3539157546875 0.5416331402777778 0.36463274140625 0.5416331402777778 0.36463274140625 0.5089718430555555
2 0.30186181562500003 0.5008065152777778 0.30186181562500003 0.5606855541666667 0.35621225234375 0.5606855541666667 0.35621225234375 0.5008065152777778
2 0.29420682421875 0.5035282902777778 0.29420682421875 0.5266633736111112 0.31640630078125 0.5266633736111112 0.31640630078125 0.5035282902777778
2 0.24904237890625 0.5035282902777778 0.24904237890625 0.5552420111111112 0.30262731640624996 0.5552420111111112 0.30262731640624996 0.5035282902777778
2 0.16381680546875 0.4976311402777778 0.16381680546875 0.5765626041666666 0.21587074453125 0.5765626041666666 0.21587074453125 0.4976311402777778
2 0.044398946875 0.4631553152777778 0.044398946875 0.5938004930555556 0.16687880156249998 0.5938004930555556 0.16687880156249998 0.4631553152777778
2 0 0.4454637791666667 0 0.64143155 0.0773154078125 0.64143155 0.0773154078125 0.4454637791666667
2 0.47552804453124997 0.5198589375 0.47552804453124997 0.5361895847222222 0.48624503125 0.5361895847222222 0.48624503125 0.5198589375
7 0.6199011765625 0.46814522361111116 0.6199011765625 0.4831149763888889 0.629087165625 0.4831149763888889 0.629087165625 0.46814522361111116
7 0.5816262234375 0.4871976430555556 0.5816262234375 0.5035282861111111 0.5885157125 0.5035282861111111 0.5885157125 0.4871976430555556