6 0.46002464375 0.5776608819444444 0.46002464375 0.5963636611111112 0.46385021171874996 0.5963636611111112 0.46385021171874996 0.5776608819444444
6 0.44185319140625 0.5844618916666667 0.44185319140625 0.6014644180555555 0.44567875937499996 0.6014644180555555 0.44567875937499996 0.5844618916666667
7 0.112854278125 0.5649089861111111 0.112854278125 0.5972137875 0.13102572968749998 0.5972137875 0.13102572968749998 0.5649089861111111
7 0.32134777578125 0.5921130291666666 0.32134777578125 0.6244178319444444 0.3347372671875 0.6244178319444444 0.3347372671875 0.5921130291666666
7 0.5193209585937499 0.5955135361111111 0.5193209585937499 0.6210173277777777 0.53366684140625 0.6210173277777777 0.53366684140625 0.5955135361111111
7 0.52219013515625 0.6210173277777777 0.52219013515625 0.6329190972222223 0.5298412734375 0.6329190972222223 0.5298412734375 0.6210173277777777
7 0.2037115359375 0.27926652083333336 0.2037115359375 0.30136980555555554 0.21710102734375 0.30136980555555554 0.21710102734375 0.27926652083333336
7 0.66182339453125 0.1908533763888889 0.66182339453125 0.2367602 0.6694745320312501 0.2367602 0.6694745320312501 0.1908533763888889
6 0.198929575 0.2996695527777778 0.198929575 0.374480675 0.21805741875 0.374480675 0.21805741875 0.2996695527777778
6 0.6350444140625 0.24016070416666666 0.6350444140625 0.37958143194444444 0.67043092421875 0.37958143194444444 0.67043092421875 0.24016070416666666
2 0.01338949140625 0.5955135361111111 0.01338949140625 0.6703246583333333 0.09946478828125001 0.6703246583333333 0.09946478828125001 0.5955135361111111
2 0.42081256328125 0.6176168222222223 0.42081256328125 0.7145312305555556 0.4829780546875 0.7145312305555556 0.4829780546875 0.6176168222222223
2 0.48584723125 0.6448208680555556 0.48584723125 0.6856269347222222 0.51166982109375 0.6856269347222222 0.51166982109375 0.6448208680555556
7 0.47628331015625003 0.588712525 0.47628331015625003 0.6040148 0.48680362343750005 0.6040148 0.48680362343750005 0.588712525
4 0.67712566953125 0.6065651805555555 0.67712566953125 0.7459859069444446 0.70486104296875 0.7459859069444446 0.70486104296875 0.6065651805555555
4 0.52792848828125 0.6354694750000001 0.52792848828125 0.6915778166666667 0.53844880234375 0.6915778166666667 0.53844880234375 0.6354694750000001
4 0.51453899765625 0.632068973611111 0.51453899765625 0.6898775652777778 0.5269720953125 0.6898775652777778 0.5269720953125 0.632068973611111
7 0.38064409140625 0.632068973611111 0.38064409140625 0.6456709958333333 0.38638244453125 0.6456709958333333 0.38638244453125 0.632068973611111
6 0.9592613648437499 0.0017002513888888888 0.9592613648437499 0.09181364861111112 0.9994298374999999 0.09181364861111112 0.9994298374999999 0.0017002513888888888