2 0.37489048125 0.3889833263888889 0.37489048125 0.5096305611111112 0.46849609453124996 0.5096305611111112 0.46849609453124996 0.3889833263888889
2 0.552741146875 0.43765824444444446 0.552741146875 0.4875812388888889 0.59837388359375 0.4875812388888889 0.59837388359375 0.43765824444444446
2 0.655707321875 0.44597874305555557 0.655707321875 0.4771806152777778 0.684959075 0.4771806152777778 0.684959075 0.44597874305555557
2 0.6744284445312501 0.44597874305555557 0.6744284445312501 0.4751004902777778 0.7411224437499999 0.4751004902777778 0.7411224437499999 0.44597874305555557
2 0.8319198882812501 0.43973836944444444 0.8319198882812501 0.4542992430555556 0.84479066015625 0.4542992430555556 0.84479066015625 0.43973836944444444
2 0.84596073046875 0.4314178708333333 0.84596073046875 0.45429924444444447 0.88340297578125 0.45429924444444447 0.88340297578125 0.4314178708333333
2 0.89627374765625 0.4251774958333333 0.89627374765625 0.4480588680555556 0.9196751507812501 0.4480588680555556 0.9196751507812501 0.4251774958333333
2 0.931375853125 0.4230973708333333 0.931375853125 0.45013899305555555 0.97466844921875 0.45013899305555555 0.97466844921875 0.4230973708333333
1 0.4427545515625 0.3286597083333333 0.4427545515625 0.49298956250000003 0.57731261953125 0.49298956250000003 0.57731261953125 0.3286597083333333
6 0.38659118359375 0.14560873194444443 0.38659118359375 0.2121727236111111 0.400632025 0.2121727236111111 0.400632025 0.14560873194444443
6 0.400632025 0.15184910555555556 0.400632025 0.2080124736111111 0.41818307734375004 0.2080124736111111 0.41818307734375004 0.15184910555555556
6 0.33159788515625 0.3661019555555556 0.33159788515625 0.3869032027777778 0.34446865781249997 0.3869032027777778 0.34446865781249997 0.3661019555555556
6 0.8171770046875 0.29953796250000003 0.8171770046875 0.32865971111111114 0.8358981265625 0.32865971111111114 0.8358981265625 0.29953796250000003
6 0.79962595234375 0.3036982125 0.79962595234375 0.3286597083333333 0.8148368640625 0.3286597083333333 0.8148368640625 0.3036982125
7 0.6393263390625 0.35362120555555554 0.6393263390625 0.3869032013888889 0.649856971875 0.3869032013888889 0.649856971875 0.35362120555555554
7 0.22980178125 0.2870572138888889 0.22980178125 0.37234232916666665 0.24618276328125002 0.37234232916666665 0.24618276328125002 0.2870572138888889
2 0.05382322734375 0.4825889402777778 0.05382322734375 0.4992299375 0.0783947015625 0.4992299375 0.0783947015625 0.4825889402777778
2 0.085415121875 0.4805088152777778 0.085415121875 0.4950696875 0.10998659531249999 0.4950696875 0.10998659531249999 0.4805088152777778
2 0.11232673515625 0.4825889402777778 0.11232673515625 0.49714981249999995 0.13806827890625 0.49714981249999995 0.13806827890625 0.4825889402777778
6 0.9824201460937501 0.0612150875 0.9824201460937501 0.15274057638888888 0.998801128125 0.15274057638888888 0.998801128125 0.0612150875