7 0.30121562421875 0.3985880972222222 0.30121562421875 0.4471118652777778 0.32948505234375 0.4471118652777778 0.32948505234375 0.3985880972222222
7 0.3655529421875 0.3881901472222223 0.3655529421875 0.4107190388888889 0.37822544453125 0.4107190388888889 0.37822544453125 0.3881901472222223
7 0.8841507164062501 0.2668807263888889 0.8841507164062501 0.2963415833333333 0.9104705281250001 0.2963415833333333 0.9104705281250001 0.2668807263888889
7 0.9289918773437501 0.2304879 0.9289918773437501 0.2668807263888889 0.93776514765625 0.2668807263888889 0.93776514765625 0.2304879
2 0.8022668570312501 0.33620039444444444 0.8022668570312501 0.3587292875 0.85100724921875 0.3587292875 0.85100724921875 0.33620039444444444
2 0.7817958921875 0.35006432916666663 0.7817958921875 0.39165613055555554 0.8441835945312499 0.39165613055555554 0.8441835945312499 0.35006432916666663
2 0.7681485828125 0.3483313375 0.7681485828125 0.38299116944444445 0.8012920492187501 0.38299116944444445 0.8012920492187501 0.3483313375
2 0.9260674539062499 0.3292684277777778 0.9260674539062499 0.3933891222222222 0.9952788109374999 0.3933891222222222 0.9952788109374999 0.3292684277777778
2 0.47180699765625 0.3933891222222222 0.47180699765625 0.41938399583333336 0.48155507578125 0.41938399583333336 0.48155507578125 0.3933891222222222
2 0.450361225 0.37086022916666667 0.450361225 0.41938399722222225 0.47180699765625 0.41938399722222225 0.47180699765625 0.37086022916666667
2 0.20470964765625 0.3604622791666667 0.20470964765625 0.37605920416666666 0.2251806125 0.37605920416666666 0.2251806125 0.3604622791666667
9 0.42306660546875 0.32233646111111114 0.42306660546875 0.40032108888888884 0.45426045625 0.40032108888888884 0.45426045625 0.32233646111111114
9 0.42209179687500004 0.35006432916666663 0.42209179687500004 0.37605920277777777 0.428915453125 0.37605920277777777 0.428915453125 0.35006432916666663
1 0.25929888671875 0.33966637777777775 0.25929888671875 0.4159180138888888 0.30998889609375 0.4159180138888888 0.30998889609375 0.33966637777777775
7 0.23297907499999998 0.33966637777777775 0.23297907499999998 0.3587292875 0.23980273125 0.3587292875 0.23980273125 0.33966637777777775
2 0.0809090515625 0.3587292875 0.0809090515625 0.37952518749999997 0.09553116796875 0.37952518749999997 0.09553116796875 0.3587292875
4 0.31681254999999997 0.37432621250000003 0.31681254999999997 0.40032108888888884 0.3246110125 0.40032108888888884 0.3246110125 0.37432621250000003
2 0.47668103671875006 0.36739424583333335 0.47668103671875006 0.5164315347222223 0.57221220546875 0.5164315347222223 0.57221220546875 0.36739424583333335
2 0.42599102890624996 0.38299117083333334 0.42599102890624996 0.4384469069444445 0.46595814921875 0.4384469069444445 0.46595814921875 0.38299117083333334
4 0.593657978125 0.37779219583333334 0.593657978125 0.4211169888888889 0.5985320171875 0.4211169888888889 0.5985320171875 0.37779219583333334
4 0.599506825 0.37432621250000003 0.599506825 0.4228499805555555 0.6073052890625 0.4228499805555555 0.6073052890625 0.37432621250000003
7 0.24175234609375 0.37779219583333334 0.24175234609375 0.39165613194444443 0.25832407812499997 0.39165613194444443 0.25832407812499997 0.37779219583333334
2 0.06433731796875 0.3431323611111111 0.06433731796875 0.37086022916666667 0.074085396875 0.37086022916666667 0.074085396875 0.3431323611111111