2 0.27879504375 0.42458297222222224 0.27879504375 0.5216305097222222 0.35483005703125003 0.5216305097222222 0.35483005703125003 0.42458297222222224
2 0.50982450390625 0.42631596527777776 0.50982450390625 0.5736202611111112 0.61997778984375 0.5736202611111112 0.61997778984375 0.42631596527777776
2 0.47668103593750005 0.4679077652777778 0.47668103593750005 0.49910161527777774 0.5078748875 0.49910161527777774 0.5078748875 0.4679077652777778
2 0.10527924765625 0.43324793194444444 0.10527924765625 0.48350469166666665 0.189112721875 0.48350469166666665 0.189112721875 0.43324793194444444
7 0.32948505156249996 0.32580244583333334 0.32948505156249996 0.3725932208333333 0.35385524765625 0.3725932208333333 0.35385524765625 0.32580244583333334
7 0.5341946984375 0.3968551041666667 0.5341946984375 0.4297819472222222 0.56343893515625 0.4297819472222222 0.56343893515625 0.3968551041666667
7 0.5673381656250001 0.3725932208333333 0.5673381656250001 0.4037870736111111 0.5848847078125 0.4037870736111111 0.5848847078125 0.3725932208333333
7 0.45815968671874996 0.42458297222222224 0.45815968671874996 0.43498092222222223 0.46985738125000004 0.43498092222222223 0.46985738125000004 0.42458297222222224
7 0.44841160859375 0.43324793194444444 0.44841160859375 0.4609758 0.46985738125000004 0.4609758 0.46985738125000004 0.43324793194444444
7 0.5176229671875 0.4297819472222222 0.5176229671875 0.4523108402777778 0.52834585234375 0.4523108402777778 0.52834585234375 0.4297819472222222
2 0.46498334140625 0.47483973472222224 0.46498334140625 0.48697067638888886 0.4737566125 0.48697067638888886 0.4737566125 0.47483973472222224