7 0.26196088359375 0.29799783055555557 0.26196088359375 0.3936343430555555 0.29782457734375 0.3936343430555555 0.29782457734375 0.29799783055555557
7 0.6517836296875 0.4268992208333333 0.6517836296875 0.4657082430555555 0.6720544125 0.4657082430555555 0.6720544125 0.4268992208333333
5 0.62917391015625 0.5017451861111111 0.62917391015625 0.6001537763888889 0.66581724765625 0.6001537763888889 0.66581724765625 0.5017451861111111
0 0.628394265625 0.5433262777777779 0.628394265625 0.6375767541666667 0.66815618515625 0.6375767541666667 0.66815618515625 0.5433262777777779
2 0.24767550156249998 0.5257698180555556 0.24767550156249998 0.5867554194444444 0.299132103125 0.5867554194444444 0.299132103125 0.5257698180555556
2 0.19777818984375 0.5285418916666667 0.19777818984375 0.5576486569444444 0.22740471874999998 0.5576486569444444 0.22740471874999998 0.5285418916666667
2 0.366181615625 0.5257698180555556 0.366181615625 0.5950716402777777 0.41919750625 0.5950716402777777 0.41919750625 0.5257698180555556
1 0.41607892578124994 0.3469711222222222 0.41607892578124994 0.6879360833333333 0.63126108125 0.6879360833333333 0.63126108125 0.3469711222222222
1 0.2726404265625 0.5102043111111111 0.2726404265625 0.5346941180555556 0.295025640625 0.5346941180555556 0.295025640625 0.5102043111111111
2 0.29760854999999997 0.5341839138888889 0.29760854999999997 0.5632655569444445 0.31741085468749997 0.5632655569444445 0.31741085468749997 0.5341839138888889
1 0.30105242890625 0.5127553319444444 0.30105242890625 0.5357145263888888 0.33549121953125 0.5357145263888888 0.33549121953125 0.5127553319444444
1 0.33893509921875 0.5234696222222222 0.33893509921875 0.5387757541666667 0.35529352421875 0.5387757541666667 0.35529352421875 0.5234696222222222
2 0.107621221875 0.5410716708333333 0.107621221875 0.5686227041666666 0.15153068046875 0.5686227041666666 0.15153068046875 0.5410716708333333
1 0.8454723187500001 0.04048683333333333 0.8454723187500001 0.7216095888888888 0.9987249117187501 0.7216095888888888 0.9987249117187501 0.04048683333333333