2 0.06081234765625 0.34373703333333333 0.06081234765625 0.38670416111111106 0.13409902109375 0.38670416111111106 0.13409902109375 0.34373703333333333
2 0.7359853421875 0.23562619305555554 0.7359853421875 0.36868568749999997 0.96208253359375 0.36868568749999997 0.96208253359375 0.23562619305555554
2 0.6814101578125 0.27582124583333334 0.6814101578125 0.35482532222222224 0.74222250546875 0.35482532222222224 0.74222250546875 0.27582124583333334
2 0.50988814921875 0.2397843013888889 0.50988814921875 0.4310573277777777 0.690765903125 0.4310573277777777 0.690765903125 0.2397843013888889
2 0.47792268515625 0.30076990277777776 0.47792268515625 0.4061086694444444 0.531718225 0.4061086694444444 0.531718225 0.30076990277777776
2 0.413212109375 0.2952257583333333 0.413212109375 0.3880902 0.48182091328125 0.3880902 0.48182091328125 0.2952257583333333
2 0.3960599078125 0.3243325236111111 0.3960599078125 0.38116001666666666 0.41788998125 0.38116001666666666 0.41788998125 0.3243325236111111
2 0.36175550703125003 0.3506672138888889 0.36175550703125003 0.3839320888888889 0.40073778203125 0.3839320888888889 0.40073778203125 0.3506672138888889
2 0.3453829515625 0.3617555069444444 0.3453829515625 0.3894762361111111 0.368772315625 0.3894762361111111 0.368772315625 0.3617555069444444
2 0.33446791640625 0.3575973972222222 0.33446791640625 0.39502038333333334 0.35395905390625 0.39502038333333334 0.35395905390625 0.3575973972222222
2 0.1910131453125 0.3381928875 0.1910131453125 0.40056452777777773 0.2432493921875 0.40056452777777773 0.2432493921875 0.3381928875
2 0.24558832968750002 0.3229464875 0.24558832968750002 0.40472263472222225 0.3126378421875 0.40472263472222225 0.3126378421875 0.3229464875
2 0.3134174875 0.36591361527777777 0.3134174875 0.3894762361111111 0.3196546515625 0.3894762361111111 0.3196546515625 0.36591361527777777
2 0.0007796468749999999 0.3340347791666667 0.0007796468749999999 0.4033366 0.0280672390625 0.4033366 0.0280672390625 0.3340347791666667