6 0.25704729765625 0.12485655694444445 0.25704729765625 0.19832597916666667 0.27340572343749997 0.19832597916666667 0.27340572343749997 0.12485655694444445
6 0.546333140625 0.19543481944444444 0.546333140625 0.2490062722222222 0.55752574921875 0.2490062722222222 0.55752574921875 0.19543481944444444
6 0.27771057187500003 0.1296184638888889 0.27771057187500003 0.20155727083333336 0.29579093749999996 0.20155727083333336 0.29579093749999996 0.1296184638888889
6 0.5626915664062501 0.19696543055555557 0.5626915664062501 0.25053688472222224 0.57560611328125 0.25053688472222224 0.57560611328125 0.19696543055555557
7 0.67477430078125 0.25346949722222223 0.67477430078125 0.2657144013888889 0.69543757578125 0.2657144013888889 0.69543757578125 0.25346949722222223
7 0.66185975546875 0.32081646666666663 0.66185975546875 0.36520424305555554 0.68166206015625 0.36520424305555554 0.68166206015625 0.32081646666666663
7 0.65841587578125 0.36520424305555554 0.65841587578125 0.3835715986111111 0.686827878125 0.3835715986111111 0.686827878125 0.36520424305555554
6 0.67821818125 0.38510221111111115 0.67821818125 0.41418385694444443 0.6928546671875 0.41418385694444443 0.6928546671875 0.38510221111111115
4 0.27464935859375 0.45076550833333334 0.27464935859375 0.5257655416666667 0.2841200265625 0.5257655416666667 0.2841200265625 0.45076550833333334
4 0.25656899296875 0.4553573472222222 0.25656899296875 0.4737247041666667 0.265178690625 0.4737247041666667 0.265178690625 0.4553573472222222
4 0.22557408046875 0.44770428333333334 0.22557408046875 0.5255104569444444 0.2387756125 0.5255104569444444 0.2387756125 0.44770428333333334
4 0.20232789609375001 0.4492348958333333 0.20232789609375001 0.5181124777777778 0.21438147265625 0.5181124777777778 0.21438147265625 0.4492348958333333
4 0.21466845937499998 0.4469389763888889 0.21466845937499998 0.5311226875 0.22586106640625 0.5311226875 0.22586106640625 0.4469389763888889
4 0.25943888671875 0.46428593888888886 0.25943888671875 0.5331635208333333 0.27579731328125 0.5331635208333333 0.27579731328125 0.46428593888888886
4 0.59849238046875 0.45214306249999997 0.59849238046875 0.5332655486111111 0.61485080625 0.5332655486111111 0.61485080625 0.45214306249999997
4 0.61140692734375 0.4475512222222222 0.61140692734375 0.5393879986111111 0.6243214734375 0.5393879986111111 0.6243214734375 0.4475512222222222
7 0.5700803789062501 0.4001022236111111 0.5700803789062501 0.4368369347222222 0.5864388046875 0.4368369347222222 0.5864388046875 0.4001022236111111
7 0.8490345843749999 0.16438783055555556 0.8490345843749999 0.21030622083333333 0.90930246875 0.21030622083333333 0.90930246875 0.16438783055555556
7 0.87658561640625 0.25163276805555557 0.87658561640625 0.3266328013888889 0.9110244078124999 0.3266328013888889 0.9110244078124999 0.25163276805555557
6 0.8506381367187499 0.2868029402777778 0.8506381367187499 0.3357825541666667 0.8738843210937499 0.3357825541666667 0.8738843210937499 0.2868029402777778
6 0.90880141640625 0.2888022083333333 0.90880141640625 0.32247569305555557 0.9225769335937499 0.32247569305555557 0.9225769335937499 0.2888022083333333
2 0.41634038359375003 0.4648690152777778 0.41634038359375003 0.49242004722222227 0.42925493046875 0.49242004722222227 0.42925493046875 0.4648690152777778
2 0.40686971484375 0.46180778888888885 0.40686971484375 0.49395066111111113 0.42064523203125 0.49395066111111113 0.42064523203125 0.46180778888888885
2 0.39739904765625 0.4587465625 0.39739904765625 0.4985424986111111 0.41117456484375003 0.4985424986111111 0.41117456484375003 0.4587465625
2 0.38362353203125 0.454154725 0.38362353203125 0.501603725 0.4051477765625 0.501603725 0.4051477765625 0.454154725
2 0.3664041375 0.45568533749999995 0.3664041375 0.5077261763888888 0.395677109375 0.5077261763888888 0.395677109375 0.45568533749999995
2 0.3534895890625 0.46027717777777777 0.3534895890625 0.5123180166666667 0.37759674296875 0.5123180166666667 0.37759674296875 0.46027717777777777
2 0.566149125 0.4497815486111111 0.566149125 0.46967951666666663 0.5937001578125 0.46967951666666663 0.5937001578125 0.4497815486111111
2 0.56873203359375 0.4604958416666667 0.56873203359375 0.5263121972222222 0.6066147039062499 0.5263121972222222 0.6066147039062499 0.4604958416666667
2 0.00070443828125 0.4874523861111111 0.00070443828125 0.5566329111111111 0.0424745046875 0.5566329111111111 0.0424745046875 0.4874523861111111
2 0.68649780078125 0.3250001361111111 0.68649780078125 0.7214288875 0.998168859375 0.7214288875 0.998168859375 0.3250001361111111
2 0.28700782734375 0.4244899777777778 0.28700782734375 0.5331634958333333 0.35846831796875 0.5331634958333333 0.35846831796875 0.4244899777777778
2 0.42469015781249997 0.38163281666666665 0.42469015781249997 0.6245199694444444 0.5728497921875 0.6245199694444444 0.5728497921875 0.38163281666666665