2 0 0.3719801638888889 0 0.5783071319444444 0.0790430375 0.5783071319444444 0.0790430375 0.3719801638888889
2 0.06905947500000001 0.407477275 0.06905947500000001 0.5450285888888889 0.1876142859375 0.5450285888888889 0.1876142859375 0.407477275
2 0.16452729531250002 0.39860300138888893 0.16452729531250002 0.5050943388888889 0.23753210078125 0.5050943388888889 0.23753210078125 0.39860300138888893
2 0.225676621875 0.4141329875 0.225676621875 0.48845507083333334 0.27434649218749996 0.48845507083333334 0.27434649218749996 0.4141329875
2 0.25437936328125 0.407477275 0.25437936328125 0.47625293194444446 0.29181772421874996 0.47625293194444446 0.29181772421874996 0.407477275
2 0.28682594375 0.4185701263888889 0.28682594375 0.4695972263888889 0.3117848515625 0.4695972263888889 0.3117848515625 0.4185701263888889
2 0.29244169765625 0.40858656388888887 0.29244169765625 0.4629415194444445 0.32426430546875 0.4629415194444445 0.32426430546875 0.40858656388888887
2 0.39789308203124996 0.41598179444444444 0.39789308203124996 0.4426046277777778 0.41661226328125 0.4426046277777778 0.41661226328125 0.41598179444444444
2 0.36170266562500003 0.4193096486111111 0.36170266562500003 0.4403860597222222 0.37917390234375004 0.4403860597222222 0.37917390234375004 0.4193096486111111
2 0.39414924609375 0.42152821805555557 0.39414924609375 0.4359489194444444 0.39976500000000004 0.4359489194444444 0.39976500000000004 0.42152821805555557
7 0.33799170546875 0.4026703736111111 0.33799170546875 0.42152821805555557 0.34547937734375 0.42152821805555557 0.34547937734375 0.4026703736111111
7 0.4721458328125 0.36384541111111113 0.4721458328125 0.4048889472222222 0.4889930953125 0.4048889472222222 0.4889930953125 0.36384541111111113
7 0.4270053171875 0.4067377597222222 0.4270053171875 0.41672132222222225 0.43199709999999997 0.41672132222222225 0.43199709999999997 0.4067377597222222
7 0.47567518828125 0.4222677486111111 0.47567518828125 0.44001630555555554 0.48191491484375 0.44001630555555554 0.48191491484375 0.4222677486111111