7 0.5654618664062501 0.2619502111111111 0.5654618664062501 0.2880687125 0.57923529609375 0.2880687125 0.57923529609375 0.2619502111111111
2 0.45711089375 0.3092899972222222 0.45711089375 0.3272464652777778 0.47180255078125005 0.3272464652777778 0.47180255078125005 0.3092899972222222
2 0.46812963671874996 0.3109224027777778 0.46812963671874996 0.3288788736111111 0.4782301515625 0.3288788736111111 0.4782301515625 0.3109224027777778
2 0.44609215078125003 0.3109224027777778 0.44609215078125003 0.33377609166666666 0.462620265625 0.33377609166666666 0.462620265625 0.3109224027777778
2 0.41395415078125 0.30112796249999996 0.41395415078125 0.3386733097222222 0.4424192359375 0.3386733097222222 0.4424192359375 0.30112796249999996
2 0.4093630078125 0.3076575888888889 0.4093630078125 0.34030571805555554 0.43231872109375 0.34030571805555554 0.43231872109375 0.3076575888888889
2 0.40249019218750004 0.31233375416666664 0.40249019218750004 0.3466142875 0.419936534375 0.3466142875 0.419936534375 0.31233375416666664
2 0.21149864609375002 0.2960096916666667 0.21149864609375002 0.34824669583333334 0.28771161875 0.34824669583333334 0.28771161875 0.2960096916666667
2 0.15456847421875 0.3139661625 0.15456847421875 0.3498791013888889 0.225272075 0.3498791013888889 0.225272075 0.3139661625
2 0.50548483671875 0.3109734138888889 0.50548483671875 0.32566507083333335 0.514667121875 0.32566507083333335 0.514667121875 0.3109734138888889
2 0.5137488945312499 0.3109734138888889 0.5137488945312499 0.3321946972222222 0.52752232421875 0.3321946972222222 0.52752232421875 0.3109734138888889
2 0.52752232265625 0.3077086 0.52752232265625 0.3354595083333333 0.5412957515625 0.3354595083333333 0.5412957515625 0.3077086
2 0.5385410648437501 0.30934100833333333 0.5385410648437501 0.3387243208333333 0.55323272265625 0.3387243208333333 0.55323272265625 0.30934100833333333
2 0.54588689453125 0.3044437902777778 0.54588689453125 0.3419891375 0.5752702078125 0.3419891375 0.5752702078125 0.3044437902777778
2 0.5901586375 0.2882363277777778 0.5901586375 0.37148905277777783 0.65443463828125 0.37148905277777783 0.65443463828125 0.2882363277777778
2 0.28556908984375 0.29954656944444447 0.28556908984375 0.3860641069444445 0.34709040468749996 0.3860641069444445 0.34709040468749996 0.29954656944444447
2 0.37647372031250004 0.30607619583333334 0.37647372031250004 0.3517835736111111 0.40677526328124997 0.3517835736111111 0.40677526328124997 0.30607619583333334
2 0.6445964671875 0.29954656944444447 0.6445964671875 0.40728539166666666 0.74192869765625 0.40728539166666666 0.74192869765625 0.29954656944444447
2 0.80115444140625 0.24812576944444445 0.80115444140625 0.5321644791666666 0.999491815625 0.5321644791666666 0.999491815625 0.24812576944444445