2 0.0562057234375 0.6569293152777778 0.0562057234375 0.7993703027777778 0.19612210078125 0.7993703027777778 0.19612210078125 0.6569293152777778
4 0 0.6718112111111111 0 0.7759844680555555 0.02870079453125 0.7759844680555555 0.02870079453125 0.6718112111111111
4 0.11360731406249999 0.6590553013888889 0.11360731406249999 0.6973230277777778 0.13274117968750002 0.6973230277777778 0.13274117968750002 0.6590553013888889
4 0.09327758593749999 0.6569293152777778 0.09327758593749999 0.7058269694444445 0.11241144843749999 0.7058269694444445 0.11241144843749999 0.6569293152777778
1 0.1877510359375 0.5123623472222222 0.1877510359375 0.7993703 0.43529539375 0.7993703 0.43529539375 0.5123623472222222
2 0.35995580859375 0.6275907180555556 0.35995580859375 0.8359372333333334 0.4771507234375 0.8359372333333334 0.4771507234375 0.6275907180555556
2 0.42174223984375 0.575433223611111 0.42174223984375 0.9878742833333334 0.8012305359375 0.9878742833333334 0.8012305359375 0.575433223611111
4 0.7689421421875 0.6383269472222222 0.7689421421875 0.7425002069444444 0.7940553382812501 0.7425002069444444 0.7940553382812501 0.6383269472222222
4 0.8084057359375001 0.6447049027777777 0.8084057359375001 0.746752175 0.83471479921875 0.746752175 0.83471479921875 0.6447049027777777
4 0.86969389296875 0.6404529333333333 0.86969389296875 0.8020277819444445 0.9043740203124999 0.8020277819444445 0.9043740203124999 0.6404529333333333
4 0.95685760625 0.6360946583333333 0.95685760625 0.8316852652777779 0.9959176210937499 0.8316852652777779 0.9959176210937499 0.6360946583333333