4 0.8524901632812499 0.42572904027777775 0.8524901632812499 0.6051309069444445 0.8903327445312501 0.6051309069444445 0.8903327445312501 0.42572904027777775
7 0.732655321875 0.2104468 0.732655321875 0.30463277916666665 0.770497903125 0.30463277916666665 0.770497903125 0.2104468
7 0.75409945 0.28893511666666666 0.75409945 0.3337855833333333 0.7818506765625 0.3337855833333333 0.7818506765625 0.28893511666666666
7 0.65444732109375 0.33602810694444446 0.65444732109375 0.3584533402777778 0.67463003046875 0.3584533402777778 0.67463003046875 0.33602810694444446
7 0.64561738359375 0.39881875972222225 0.64561738359375 0.4145164236111111 0.6632772546875 0.4145164236111111 0.6632772546875 0.39881875972222225
6 0.53208964140625 0.3203304430555556 0.53208964140625 0.3606958625 0.5447038359375 0.3606958625 0.5447038359375 0.3203304430555556
6 0.52325970390625 0.3248154902777778 0.52325970390625 0.3606958611111111 0.53587389765625 0.3606958611111111 0.53587389765625 0.3248154902777778
6 0.423607575 0.3719084791666667 0.423607575 0.40330380555555556 0.43496034921875 0.40330380555555556 0.43496034921875 0.3719084791666667
4 0.3113412484375 0.4010612833333333 0.3113412484375 0.4952472638888889 0.345399571875 0.4952472638888889 0.345399571875 0.4010612833333333
4 0.31007983046875 0.4503967972222222 0.31007983046875 0.6925893166666667 0.35801376640625 0.6925893166666667 0.35801376640625 0.4503967972222222
6 0.63931028671875 0.35621081666666665 0.63931028671875 0.3943337125 0.6506630609374999 0.3943337125 0.6506630609374999 0.35621081666666665
6 0.64043450703125 0.4216244986111111 0.64043450703125 0.4407643916666667 0.6576604109375 0.4407643916666667 0.6576604109375 0.4216244986111111
6 0.6569701578125 0.4324566097222222 0.6569701578125 0.45488184444444446 0.6658000937499999 0.45488184444444446 0.6658000937499999 0.4324566097222222
0 0.7288710625 0.5266425902777777 0.7288710625 0.6230710930555555 0.759145128125 0.6230710930555555 0.759145128125 0.5266425902777777
0 0.76419080625 0.5244000666666666 0.76419080625 0.6365262333333332 0.79698771015625 0.6365262333333332 0.79698771015625 0.5244000666666666
9 0.67084577109375 0.39657623611111115 0.67084577109375 0.5154299736111111 0.822216096875 0.5154299736111111 0.822216096875 0.39657623611111115
2 0.7260000671875 0.4504254819444445 0.7260000671875 0.5461249472222223 0.82361352109375 0.5461249472222223 0.82361352109375 0.4504254819444445
9 0.23944034531249997 0.31115648472222224 0.23944034531249997 0.6596883125 0.42598224374999993 0.6596883125 0.42598224374999993 0.31115648472222224
2 0.37567363671875 0.3898486666666666 0.37567363671875 0.8607785666666667 0.6670615132812501 0.8607785666666667 0.6670615132812501 0.3898486666666666
2 0 0.5019748333333334 0 0.8002304375 0.3075569921875 0.8002304375 0.3075569921875 0.5019748333333334
6 0.6325393015625 0.4190725125 0.6325393015625 0.4420403847222222 0.6433054914062499 0.4420403847222222 0.6433054914062499 0.4190725125
7 0.62823282578125 0.3999326194444444 0.62823282578125 0.4152445347222222 0.63971676171875 0.4152445347222222 0.63971676171875 0.3999326194444444