9 0.676940446875 0.13536102083333335 0.676940446875 0.6966580472222222 0.9997764789062501 0.6966580472222222 0.9997764789062501 0.13536102083333335
2 0.64343859609375 0.3790108569444444 0.64343859609375 0.5161766902777778 0.7277008296874999 0.5161766902777778 0.7277008296874999 0.3790108569444444
2 0.5815109265625 0.40066861805555554 0.5815109265625 0.5233959430555556 0.662727540625 0.5233959430555556 0.662727540625 0.40066861805555554
2 0.56932843671875 0.4151071277777778 0.56932843671875 0.4945189236111111 0.6028302890624999 0.4945189236111111 0.6028302890624999 0.4151071277777778
2 0.5277049234375 0.3970589916666667 0.5277049234375 0.48188522916666665 0.577450096875 0.48188522916666665 0.577450096875 0.3970589916666667
2 0.45562517968750005 0.42232638333333333 0.45562517968750005 0.4493985875 0.47085329296875 0.4493985875 0.47085329296875 0.42232638333333333
2 0.42516895000000005 0.42232638333333333 0.42516895000000005 0.45481302777777777 0.44344268828125 0.45481302777777777 0.44344268828125 0.42232638333333333
2 0.38659106015625 0.43135045 0.38659106015625 0.4530082125 0.39877355234375 0.4530082125 0.39877355234375 0.43135045
2 0.3063896546875 0.4530082125 0.3063896546875 0.514371875 0.35207399921875 0.514371875 0.35207399921875 0.4530082125
2 0.322632978125 0.43135045 0.322632978125 0.48188522916666665 0.35918045390625003 0.48188522916666665 0.35918045390625003 0.43135045
2 0.358165246875 0.4421793305555556 0.358165246875 0.48369004722222225 0.36831732265625 0.48369004722222225 0.36831732265625 0.4421793305555556
2 0.3622260765625 0.4421793305555556 0.3622260765625 0.467446725 0.37440856875 0.467446725 0.37440856875 0.4421793305555556
2 0.36628690703125 0.43315526527777776 0.36628690703125 0.46203228194444446 0.38151502187499997 0.46203228194444446 0.38151502187499997 0.43315526527777776
2 0 0.48188522916666665 0 0.5504681472222223 0.0698462734375 0.5504681472222223 0.0698462734375 0.48188522916666665
2 0 0.49993336666666666 0 0.5865644222222223 0.057663782812499995 0.5865644222222223 0.057663782812499995 0.49993336666666666
2 0 0.6894387958333333 0 0.9974993138888889 0.034458590625 0.9974993138888889 0.034458590625 0.6894387958333333
7 0.27288780234375 0.36457234722222226 0.27288780234375 0.37901085416666663 0.28811591718749996 0.37901085416666663 0.28811591718749996 0.36457234722222226
7 0.09246636328124999 0.3098435291666667 0.09246636328124999 0.40593721388888887 0.13729055078125002 0.40593721388888887 0.13729055078125002 0.3098435291666667