7 0.47947011015624996 0.14999989166666666 0.47947011015624996 0.17985769166666665 0.48666797265625006 0.17985769166666665 0.48666797265625006 0.14999989166666666
7 0.6894077671875001 0.15639799166666668 0.6894077671875001 0.18838849166666666 0.6966056296875001 0.18838849166666666 0.6966056296875001 0.15639799166666668
6 0.7901778421875 0.2118481888888889 0.7901778421875 0.2374405888888889 0.8045735671875001 0.2374405888888889 0.8045735671875001 0.2118481888888889
7 0.150767721875 0.24810408888888888 0.150767721875 0.2694310875 0.162764159375 0.2694310875 0.162764159375 0.24810408888888888
7 0.150767721875 0.2182462888888889 0.150767721875 0.2353078875 0.16156451562500002 0.2353078875 0.16156451562500002 0.2182462888888889
7 0.16156451562500002 0.2417059888888889 0.16156451562500002 0.26729838888888885 0.173560953125 0.26729838888888885 0.173560953125 0.2417059888888889
7 0.36910288515625 0.12440748888888889 0.36910288515625 0.16706149166666667 0.39189611640625 0.16706149166666667 0.39189611640625 0.12440748888888889
7 0.77338283125 0.16279609166666667 0.77338283125 0.17772499166666667 0.79737570625 0.17772499166666667 0.79737570625 0.16279609166666667
7 0.7697839 0.1073458888888889 0.7697839 0.15853069027777777 0.79857535 0.15853069027777777 0.79857535 0.1073458888888889
2 0.49746476640625004 0.2609002888888889 0.49746476640625004 0.3078196902777778 0.52625621796875 0.3078196902777778 0.52625621796875 0.2609002888888889
2 0.46267509765625 0.26729838888888885 0.46267509765625 0.3078196902777778 0.49626512343750007 0.3078196902777778 0.49626512343750007 0.26729838888888885
2 0.43868222265625 0.2715637888888889 0.43868222265625 0.3163504902777778 0.46627402890624997 0.3163504902777778 0.46627402890624997 0.2715637888888889
2 0.54665016015625 0.2630329888888889 0.54665016015625 0.30142158888888887 0.56824374765625 0.30142158888888887 0.56824374765625 0.2630329888888889
2 0.58024018515625 0.2736964888888889 0.58024018515625 0.2992888888888889 0.59703519765625 0.2992888888888889 0.59703519765625 0.2736964888888889
2 0.5994344851562501 0.2651656888888889 0.5994344851562501 0.30355429166666664 0.6222277171874999 0.30355429166666664 0.6222277171874999 0.2651656888888889
2 0.52025799921875 0.2715637888888889 0.52025799921875 0.3270139902777778 0.5598462429687501 0.3270139902777778 0.5598462429687501 0.2715637888888889
2 0.251537796875 0.2779618888888889 0.251537796875 0.36753529027777776 0.311519984375 0.36753529027777776 0.311519984375 0.2779618888888889
4 0.201152759375 0.2609002888888889 0.201152759375 0.2928907888888889 0.21794777187499997 0.2928907888888889 0.21794777187499997 0.2609002888888889
4 0.08958588984375 0.2523694888888889 0.08958588984375 0.3547390902777778 0.119576984375 0.3547390902777778 0.119576984375 0.2523694888888889
4 0.06919194609375 0.2523694888888889 0.06919194609375 0.3547390902777778 0.09558410859375 0.3547390902777778 0.09558410859375 0.2523694888888889
4 0 0.2545021888888889 0 0.39120144444444443 0.0256059125 0.39120144444444443 0.0256059125 0.2545021888888889
2 0.10398161484374999 0.2843599875 0.10398161484374999 0.4016584888888889 0.26593352187499997 0.4016584888888889 0.26593352187499997 0.2843599875
2 0.2635342359375 0.2033173888888889 0.2635342359375 0.49123189027777775 0.47707082187500005 0.49123189027777775 0.47707082187500005 0.2033173888888889
2 0.6642152484375 0.2694310888888889 0.6642152484375 0.3078196916666667 0.69060741015625 0.3078196916666667 0.69060741015625 0.2694310888888889
2 0.6822099046875 0.22890978888888888 0.6822099046875 0.3248812916666667 0.7469906671875 0.3248812916666667 0.7469906671875 0.22890978888888888
2 0.7217981484375 0.2715637888888889 0.7217981484375 0.36753529027777776 0.8069728546875 0.36753529027777776 0.8069728546875 0.2715637888888889
4 0.8201689359375001 0.28222728888888887 0.8201689359375001 0.3270139902777778 0.8345646609375 0.3270139902777778 0.8345646609375 0.28222728888888887
4 0.6498195234375 0.2609002888888889 0.6498195234375 0.2950234888888889 0.6582170296875 0.2950234888888889 0.6582170296875 0.2609002888888889
4 0.6426216609375001 0.2523694888888889 0.6426216609375001 0.2928907888888889 0.6522188109375 0.2928907888888889 0.6522188109375 0.2523694888888889
4 0.6318248671875 0.25663488888888886 0.6318248671875 0.2907580888888889 0.6378230859375 0.2907580888888889 0.6378230859375 0.25663488888888886
4 0.9605272554687501 0.2502367888888889 0.9605272554687501 0.2907580888888889 0.97972155625 0.2907580888888889 0.97972155625 0.2502367888888889