7 0.80324166484375 0.26168175000000005 0.80324166484375 0.41938399722222225 0.8714782140624999 0.41938399722222225 0.8714782140624999 0.26168175000000005
7 0.48935353828125 0.4349809236111111 0.48935353828125 0.45924280694444447 0.51274892734375 0.45924280694444447 0.51274892734375 0.4349809236111111
7 0.5030008484375 0.45750981527777773 0.5030008484375 0.4817717013888889 0.51469854296875 0.4817717013888889 0.51469854296875 0.45750981527777773
7 0.48155507578125 0.41765100555555557 0.48155507578125 0.43671391388888886 0.5176229671875 0.43671391388888886 0.5176229671875 0.41765100555555557
7 0.520547390625 0.46790776666666667 0.520547390625 0.4817717 0.5380939312499999 0.4817717 0.5380939312499999 0.46790776666666667
7 0.52834585234375 0.4211169888888889 0.52834585234375 0.46790776805555556 0.53711912421875 0.46790776805555556 0.53711912421875 0.4211169888888889
4 0.4493864171875 0.4505778486111111 0.4493864171875 0.497368625 0.460109303125 0.497368625 0.460109303125 0.4505778486111111
2 0.5488168171875001 0.46097579861111115 0.5488168171875001 0.48350469027777776 0.5897587468750001 0.48350469027777776 0.5897587468750001 0.46097579861111115
2 0.540043546875 0.45924280694444447 0.540043546875 0.48523768333333334 0.56148931953125 0.48523768333333334 0.56148931953125 0.45924280694444447
2 0.65897010390625 0.47483973333333335 0.65897010390625 0.5025675986111111 0.67749145390625 0.5025675986111111 0.67749145390625 0.47483973333333335
2 0.6745670296874999 0.47483973333333335 0.6745670296874999 0.5250964930555556 0.7340303078125 0.5250964930555556 0.7340303078125 0.47483973333333335
1 0.376275828125 0.3985880972222222 0.376275828125 0.5094995680555556 0.44743680234375 0.5094995680555556 0.44743680234375 0.3985880972222222
2 0.282694275 0.44191289027777775 0.282694275 0.5337614513888889 0.3480064015625 0.5337614513888889 0.3480064015625 0.44191289027777775
2 0.11697694140624999 0.4315149402777778 0.11697694140624999 0.5788192361111111 0.2700217734375 0.5788192361111111 0.2700217734375 0.4315149402777778
9 0.25637446328125 0.37432621250000003 0.25637446328125 0.48697067638888886 0.30706447109375 0.48697067638888886 0.30706447109375 0.37432621250000003
2 0.24175234609375 0.4471118652777778 0.24175234609375 0.5025676 0.27489581171875 0.5025676 0.27489581171875 0.4471118652777778
2 0.06238770234375 0.41245203055555557 0.06238770234375 0.5060335819444445 0.133548675 0.5060335819444445 0.133548675 0.41245203055555557
2 0.036067890625 0.4540438319444445 0.036067890625 0.46790776805555556 0.05653885390625 0.46790776805555556 0.05653885390625 0.4540438319444445
2 0 0.4401798986111111 0 0.4696407597222222 0.015596925781250002 0.4696407597222222 0.015596925781250002 0.4401798986111111