2 0.359885365625 0.6737758319444445 0.359885365625 0.6921431861111111 0.37107797265625 0.6921431861111111 0.37107797265625 0.6737758319444445
2 0.34955372812499996 0.6768370569444444 0.34955372812499996 0.6982656388888889 0.36160730546875 0.6982656388888889 0.36160730546875 0.6768370569444444
2 0.34180500078125 0.6798982833333334 0.34180500078125 0.7028574777777779 0.3529976078125 0.7028574777777779 0.3529976078125 0.6798982833333334
2 0.33405627265625004 0.6798982833333334 0.33405627265625004 0.7105105416666666 0.3452488796875 0.7105105416666666 0.3452488796875 0.6798982833333334
2 0.3194197859375 0.6814288958333333 0.3194197859375 0.7151023805555555 0.33836112109375 0.7151023805555555 0.33836112109375 0.6814288958333333
2 0.30994911875 0.6860207347222222 0.30994911875 0.7212248319444444 0.32889045390625 0.7212248319444444 0.32889045390625 0.6860207347222222
2 0.2944516625 0.6860207347222222 0.2944516625 0.7258166708333332 0.31855881640625 0.7258166708333332 0.31855881640625 0.6860207347222222
2 0.2901468140625 0.6906125736111112 0.2901468140625 0.7319391222222222 0.30650523984375 0.7319391222222222 0.30650523984375 0.6906125736111112
2 0.25829093203125 0.6829595083333333 0.25829093203125 0.7441840263888889 0.2944516625 0.7441840263888889 0.2944516625 0.6829595083333333
2 0.217825353125 0.6798982833333334 0.217825353125 0.7717350597222221 0.26345675078125 0.7717350597222221 0.26345675078125 0.6798982833333334
2 0.39862900546875 0.6600003152777778 0.39862900546875 0.6936738 0.41412646171875 0.6936738 0.41412646171875 0.6600003152777778
2 0.40809967265624997 0.6600003152777778 0.40809967265624997 0.7043880902777778 0.42101421953124996 0.7043880902777778 0.42101421953124996 0.6600003152777778
2 0.41757034062500004 0.65234725 0.41757034062500004 0.7105105416666666 0.44081652421874995 0.7105105416666666 0.44081652421874995 0.65234725
2 0.42790197812499997 0.6661227666666666 0.42790197812499997 0.7135717680555556 0.43909458515625 0.7135717680555556 0.43909458515625 0.6661227666666666
2 0.43737264531250003 0.6446941861111112 0.43737264531250003 0.7288778972222223 0.48128210390625004 0.7288778972222223 0.48128210390625004 0.6446941861111112
2 0.144642921875 0.6829595083333333 0.144642921875 0.8084697694444445 0.22643505078124998 0.8084697694444445 0.22643505078124998 0.6829595083333333
2 0.43823361484375 0.6554084763888889 0.43823361484375 0.742653413888889 0.50108440859375 0.742653413888889 0.50108440859375 0.6554084763888889
7 0.006887757812500001 0.6094900888888889 0.006887757812500001 0.649286025 0.02066327421875 0.649286025 0.02066327421875 0.6094900888888889
7 0.49936246874999995 0.5804084430555555 0.49936246874999995 0.6140819263888889 0.5251915625 0.6140819263888889 0.5251915625 0.5804084430555555
7 0.879911109375 0.21306132083333335 0.879911109375 0.35234709861111113 0.9126279609375001 0.35234709861111113 0.9126279609375001 0.21306132083333335
7 0.5053892578125 0.6156125402777778 0.5053892578125 0.65234725 0.52605253203125 0.65234725 0.52605253203125 0.6156125402777778
6 0.14378195234375 0.3348981138888889 0.14378195234375 0.40989814722222223 0.16100134765625002 0.40989814722222223 0.16100134765625002 0.3348981138888889
6 0.4304848875 0.1405102666666667 0.4304848875 0.2507143972222222 0.45287010156249996 0.2507143972222222 0.45287010156249996 0.1405102666666667
6 0.13172837578125002 0.33642872777777777 0.13172837578125002 0.4068369222222222 0.144642921875 0.4068369222222222 0.144642921875 0.33642872777777777
6 0.16014037812499998 0.33642872777777777 0.16014037812499998 0.40836753472222226 0.18080365234375 0.40836753472222226 0.18080365234375 0.33642872777777777
6 0.45114816171875 0.15581639583333334 0.45114816171875 0.24459194583333332 0.47181143593749997 0.24459194583333332 0.47181143593749997 0.15581639583333334
6 0.40465579375000005 0.14510210416666666 0.40465579375000005 0.24918378472222225 0.43134585703125 0.24918378472222225 0.43134585703125 0.14510210416666666
4 0.5028063484375 0.6456125625 0.5028063484375 0.7512248555555555 0.52346962265625 0.7512248555555555 0.52346962265625 0.6456125625
4 0.5131379851562501 0.6333676597222222 0.5131379851562501 0.7527554680555555 0.5398280484375 0.7527554680555555 0.5398280484375 0.6333676597222222
7 0.01070062265625 0.6581635847222223 0.01070062265625 0.6903064555555556 0.018449350781250002 0.6903064555555556 0.018449350781250002 0.6581635847222223
7 0.01070062265625 0.7071431986111111 0.01070062265625 0.7377554569444444 0.018449350781250002 0.7377554569444444 0.018449350781250002 0.7071431986111111