7 0.6754334015625 0.15616957222222222 0.6754334015625 0.17699218194444444 0.7154518546874999 0.17699218194444444 0.7154518546874999 0.15616957222222222
6 0.11517506015625001 0.26028262083333337 0.11517506015625001 0.3053982763888889 0.13860049531250002 0.3053982763888889 0.13860049531250002 0.26028262083333337
6 0.6930024796875001 0.26028262083333337 0.6930024796875001 0.3019278402777778 0.709595496875 0.3019278402777778 0.709595496875 0.26028262083333337
7 0.6539600859375 0.22731348888888891 0.6539600859375 0.25334175 0.6900742992187501 0.25334175 0.6900742992187501 0.22731348888888891
7 0.6676249234375 0.26028262083333337 0.6676249234375 0.29672218888888885 0.68519400078125 0.29672218888888885 0.68519400078125 0.26028262083333337
6 0.67640946171875 0.26201783888888885 0.67640946171875 0.3088687097222222 0.6939785390625001 0.3088687097222222 0.6939785390625001 0.26201783888888885
6 0.5124314109375 0.11452435277777777 0.5124314109375 0.16311044305555555 0.5251201890625 0.16311044305555555 0.5251201890625 0.11452435277777777
6 0.50071869140625 0.11973000555555555 0.50071869140625 0.1648456597222222 0.5114553500000001 0.1648456597222222 0.5114553500000001 0.11973000555555555
4 0.0009760601562500001 0.3505139291666666 0.0009760601562500001 0.4615678486111111 0.03416209453125 0.4615678486111111 0.03416209453125 0.3505139291666666
2 0.0009760601562500001 0.36439566944444446 0.0009760601562500001 0.4268634986111111 0.1005341625 0.4268634986111111 0.1005341625 0.36439566944444446
7 0.022449375 0.25854740416666666 0.022449375 0.2811052305555556 0.05368328984375 0.2811052305555556 0.05368328984375 0.25854740416666666
2 0.154217453125 0.3366321902777778 0.154217453125 0.4060408888888889 0.259631915625 0.4060408888888889 0.259631915625 0.3366321902777778
2 0.13860049531250002 0.3574548 0.13860049531250002 0.49800741527777775 0.25670373515625 0.49800741527777775 0.25670373515625 0.3574548
2 0.7086194359375 0.32795610277777776 0.7086194359375 0.36786610277777776 0.77987180390625 0.36786610277777776 0.77987180390625 0.32795610277777776
2 0.7788957437499999 0.32275045 0.7788957437499999 0.42339306388888887 0.8101296585937501 0.42339306388888887 0.8101296585937501 0.32275045
2 0.64322342734375 0.33836740694444445 0.64322342734375 0.5500639388888889 0.7945127000000001 0.5500639388888889 0.7945127000000001 0.33836740694444445
2 0.243038896875 0.15616957222222222 0.243038896875 0.7287913388888889 0.6529840250000001 0.7287913388888889 0.6529840250000001 0.15616957222222222
2 0.940921675 0.5830330694444444 0.940921675 0.8103465583333334 0.9994852640625 0.8103465583333334 0.9994852640625 0.5830330694444444