6 0.178733728125 0.31809535972222225 0.178733728125 0.3458160888888889 0.18653018125 0.3458160888888889 0.18653018125 0.31809535972222225
6 0.305036296875 0.3430440138888889 0.305036296875 0.3666066347222222 0.31205310625 0.3666066347222222 0.31205310625 0.3430440138888889
6 0.31205310625 0.3430440138888889 0.31205310625 0.3666066347222222 0.31829027109374997 0.3666066347222222 0.31829027109374997 0.3430440138888889
6 0.1857505390625 0.31809535972222225 0.1857505390625 0.3458160888888889 0.19510628359374999 0.3458160888888889 0.19510628359374999 0.31809535972222225
6 0.07437818046875 0.38116001666666666 0.07437818046875 0.4033366013888889 0.08841179921875 0.4033366013888889 0.08841179921875 0.38116001666666666
7 0.12427549140625001 0.3187883763888889 0.12427549140625001 0.339578925 0.16793563515625 0.339578925 0.16793563515625 0.3187883763888889
7 0.07281888984375 0.33126270694444443 0.07281888984375 0.34096496111111113 0.09075073515625 0.34096496111111113 0.09075073515625 0.33126270694444443
7 0.084513571875 0.35482532499999997 0.084513571875 0.36591361527777777 0.1024454171875 0.36591361527777777 0.1024454171875 0.35482532499999997
7 0.390134609375 0.38254605277777776 0.390134609375 0.3936343472222222 0.40182929140625 0.3936343472222222 0.40182929140625 0.38254605277777776
2 0.295485640625 0.4383340208333334 0.295485640625 0.46189664166666666 0.30795996953125 0.46189664166666666 0.30795996953125 0.4383340208333334
9 0.32589181484375 0.42447365555555555 0.32589181484375 0.4521943833333333 0.34460330625 0.4521943833333333 0.34460330625 0.42447365555555555
2 0.30951926015625003 0.42308761944444445 0.30951926015625003 0.4591245638888889 0.32589181328125 0.4591245638888889 0.32589181328125 0.42308761944444445
2 0.2416901015625 0.43521543611111113 0.2416901015625 0.4781825638888889 0.26274053046875 0.4781825638888889 0.26274053046875 0.43521543611111113
2 0.25364466796874996 0.42274110972222223 0.25364466796874996 0.5059032958333334 0.30198268828125 0.5059032958333334 0.30198268828125 0.42274110972222223
2 0.31757560390625 0.44445568750000003 0.31757560390625 0.5026692166666666 0.34252426015625004 0.5026692166666666 0.34252426015625004 0.44445568750000003
2 0.33004993125 0.43198136111111113 0.33004993125 0.5109854361111111 0.3557782328125 0.5109854361111111 0.3557782328125 0.43198136111111113
2 0.33966555625 0.40287459305555556 0.33966555625 0.5331620180555555 0.4340026609375 0.5331620180555555 0.4340026609375 0.40287459305555556
2 0.36695314843750004 0.43429142638888885 0.36695314843750004 0.5576486666666667 0.44179911484375 0.5576486666666667 0.44179911484375 0.43429142638888885
2 0.18516580390624998 0.385318125 0.18516580390624998 0.49342896388888885 0.2210294953125 0.49342896388888885 0.2210294953125 0.385318125
2 0.06471057578125 0.4158109291666667 0.06471057578125 0.5031312236111111 0.0974556875 0.5031312236111111 0.0974556875 0.4158109291666667
2 0.09199816796875 0.35066721666666667 0.09199816796875 0.5197636638888888 0.19413172343750001 0.5197636638888888 0.19413172343750001 0.35066721666666667
2 0.00031185859375 0.37977398194444445 0.00031185859375 0.51560555 0.07203924296875 0.51560555 0.07203924296875 0.37977398194444445
2 0.42210006328125005 0.3534392888888889 0.42210006328125005 0.6320326097222222 0.6575530015625 0.6320326097222222 0.6575530015625 0.3534392888888889
0 0.68842696875 0.48187869166666664 0.68842696875 0.5664269083333333 0.7523578984375 0.5664269083333333 0.7523578984375 0.48187869166666664