2 0.37546861875 0.22537493055555555 0.37546861875 0.26099991805555556 0.38917955078125 0.26099991805555556 0.38917955078125 0.22537493055555555
2 0.330117071875 0.21412493333333332 0.330117071875 0.23099992916666667 0.34066394453125 0.23099992916666667 0.34066394453125 0.21412493333333332
2 0.2984764578125 0.213374925 0.2984764578125 0.2827499013888889 0.309023328125 0.2827499013888889 0.309023328125 0.213374925
2 0.30585926796875 0.21224993333333333 0.30585926796875 0.2628749152777778 0.31640613828125 0.2628749152777778 0.31640613828125 0.21224993333333333
2 0.23308585625 0.21989935694444446 0.23308585625 0.3146248888888889 0.29636708203125 0.3146248888888889 0.29636708203125 0.21989935694444446
2 0.05906247890625001 0.1702499388888889 0.05906247890625001 0.3993748597222222 0.24257803984374998 0.3993748597222222 0.24257803984374998 0.1702499388888889
2 0.32167957578125 0.22312492222222222 0.32167957578125 0.3112498902777778 0.38179674140625003 0.3112498902777778 0.38179674140625003 0.22312492222222222
2 0.41027329296875 0.23587491666666666 0.41027329296875 0.3071248916666667 0.46300765000000005 0.3071248916666667 0.46300765000000005 0.23587491666666666
2 0.5421091851562501 0.18499992916666666 0.5421091851562501 0.5731247930555555 0.8901559382812501 0.5731247930555555 0.8901559382812501 0.18499992916666666
2 0.2805467765625 0.18899993055555556 0.2805467765625 0.28649990000000003 0.2974217703125 0.28649990000000003 0.2974217703125 0.18899993055555556
2 0.23335969374999999 0.18419404861111113 0.23335969374999999 0.2522041597222222 0.296481578125 0.2522041597222222 0.296481578125 0.18419404861111113
2 0.870699471875 0.2890429722222222 0.870699471875 0.321347775 0.90321680625 0.321347775 0.90321680625 0.2890429722222222