7 0.30523917890624996 0.20382366805555555 0.30523917890624996 0.2435295763888889 0.32757375234374997 0.2435295763888889 0.32757375234374997 0.20382366805555555
7 0.30672815078125 0.24352957777777778 0.30672815078125 0.2779413666666667 0.327573753125 0.2779413666666667 0.327573753125 0.24352957777777778
7 0.69286813515625 0.1597059875 0.69286813515625 0.1808824736111111 0.7092468234375 0.1808824736111111 0.7092468234375 0.1597059875
7 0.702794596875 0.18794130416666666 0.702794596875 0.2329413361111111 0.7295960859374999 0.2329413361111111 0.7295960859374999 0.18794130416666666
7 0.69286813515625 0.1747060013888889 0.69286813515625 0.19588248611111111 0.7196696242187499 0.19588248611111111 0.7196696242187499 0.1747060013888889
2 0.4198899921875 0.30264726249999996 0.4198899921875 0.33176492916666667 0.43477970859375 0.33176492916666667 0.43477970859375 0.30264726249999996
2 0.38117673046875 0.3000002013888889 0.38117673046875 0.34235317083333333 0.41691204921875 0.34235317083333333 0.41691204921875 0.3000002013888889
2 0.51816211796875 0.30529432222222225 0.51816211796875 0.34500023055555556 0.5524084640625 0.34500023055555556 0.5524084640625 0.30529432222222225
2 0.62437544140625 0.29735314027777776 0.62437544140625 0.34235317083333333 0.64522104375 0.34235317083333333 0.64522104375 0.29735314027777776
2 0.6437320718749999 0.28941195833333333 0.6437320718749999 0.3582355347222222 0.75391597109375 0.3582355347222222 0.75391597109375 0.28941195833333333
2 0.32161786640625 0.29205901944444446 0.32161786640625 0.3211766861111111 0.36628701406249997 0.3211766861111111 0.36628701406249997 0.29205901944444446
7 0.6119673296875 0.2532354680555555 0.6119673296875 0.29029431805555556 0.63281293203125 0.29029431805555556 0.63281293203125 0.2532354680555555