7 0.3300074109375 0.35553727222222226 0.3300074109375 0.38710204583333335 0.38190718281249997 0.38710204583333335 0.38190718281249997 0.35553727222222226
7 0.6181877250000001 0.3142602625 0.6181877250000001 0.3531092138888889 0.63730869296875 0.3531092138888889 0.63730869296875 0.3142602625
7 0.47204889140625 0.37496174861111115 0.47204889140625 0.39195816527777777 0.48434094296875 0.39195816527777777 0.48434094296875 0.37496174861111115
7 0.2234763015625 0.3118322013888889 0.2234763015625 0.3288286180555556 0.25079197109375 0.3288286180555556 0.25079197109375 0.3118322013888889
7 0.224842084375 0.3264005583333333 0.224842084375 0.3603933916666667 0.2658155875 0.3603933916666667 0.2658155875 0.3264005583333333
2 0.53214336640625 0.3822459263888889 0.53214336640625 0.3968142847222222 0.543069634375 0.3968142847222222 0.543069634375 0.3822459263888889
2 0.5116566140625001 0.3822459263888889 0.5116566140625001 0.3968142847222222 0.53077758203125 0.3968142847222222 0.53077758203125 0.3822459263888889
2 0.36824934921875 0.3992423430555555 0.36824934921875 0.43323517638888887 0.3805414 0.43323517638888887 0.3805414 0.3992423430555555
2 0.32591006093749997 0.40167040138888893 0.32591006093749997 0.42837905694444445 0.3409336796875 0.42837905694444445 0.3409336796875 0.40167040138888893
2 0.30132595859375 0.40167040138888893 0.30132595859375 0.41623875972222224 0.31361801015625 0.41623875972222224 0.31361801015625 0.40167040138888893
2 0.286302340625 0.3968142819444444 0.286302340625 0.41866681805555556 0.29996017421875 0.41866681805555556 0.29996017421875 0.3968142819444444
2 0.2726445046875 0.40167040138888893 0.2726445046875 0.41381069861111114 0.286302340625 0.41381069861111114 0.286302340625 0.40167040138888893
2 0.24259726953125 0.39195816527777777 0.24259726953125 0.4138107013888889 0.25488932109375 0.4138107013888889 0.25488932109375 0.39195816527777777
2 0.25215775390625 0.3968142819444444 0.25215775390625 0.41866681805555556 0.27264450625 0.41866681805555556 0.27264450625 0.3968142819444444
2 0.1770396609375 0.3943862236111111 0.1770396609375 0.41866681805555556 0.19752641328125 0.41866681805555556 0.19752641328125 0.3943862236111111
2 0.22893943437500003 0.3968142819444444 0.22893943437500003 0.42109487916666666 0.23986570234375 0.42109487916666666 0.23986570234375 0.3968142819444444
2 0.3354705453125 0.3943862236111111 0.3354705453125 0.45265965277777775 0.37234669921874997 0.45265965277777775 0.37234669921874997 0.3943862236111111
2 0.38327296718750004 0.4065265236111111 0.38327296718750004 0.43080711666666666 0.3982965859375 0.43080711666666666 0.3982965859375 0.4065265236111111
2 0.42424647109375 0.40409846250000003 0.42424647109375 0.43809129444444445 0.44746479062500005 0.43809129444444445 0.44746479062500005 0.40409846250000003
2 0.45429370625 0.4113826430555555 0.45429370625 0.45265965277777775 0.49116986015624997 0.45265965277777775 0.49116986015624997 0.4113826430555555
2 0.4911698609375 0.3968142819444444 0.4911698609375 0.49393666249999996 0.56082481875 0.49393666249999996 0.56082481875 0.3968142819444444
2 0.0035851609375000004 0.33611279583333337 0.0035851609375000004 0.382245925 0.14289507578125 0.382245925 0.14289507578125 0.33611279583333337
2 0 0.37496174861111115 0 0.6639008305555556 0.23303678515624998 0.6639008305555556 0.23303678515624998 0.37496174861111115