2 0 0.28247765138888886 0 0.6065471041666667 0.24467677031249999 0.6065471041666667 0.24467677031249999 0.28247765138888886
2 0 0.5268294861111111 0 0.6897307069444445 0.01852134921875 0.6897307069444445 0.01852134921875 0.5268294861111111
2 0.41927990078125 0.3649060083333333 0.41927990078125 0.39332705972222226 0.43027085546875005 0.39332705972222226 0.43027085546875005 0.3649060083333333
2 0.40928812421874994 0.37201127083333335 0.40928812421874994 0.395103375 0.42627414453125 0.395103375 0.42627414453125 0.37201127083333335
2 0.39130292734375 0.36845863749999996 0.39130292734375 0.40220863888888886 0.41428401328125003 0.40220863888888886 0.41428401328125003 0.36845863749999996
2 0.377314440625 0.3649060083333333 0.377314440625 0.41286653472222223 0.39729799374999997 0.41286653472222223 0.39729799374999997 0.3649060083333333
2 0.36532430859375 0.3649060083333333 0.36532430859375 0.4253007430555556 0.3873062171875 0.4253007430555556 0.3873062171875 0.3649060083333333
2 0.344341578125 0.36312969305555554 0.344341578125 0.4253007430555556 0.3773144390625 0.4253007430555556 0.3773144390625 0.36312969305555554
2 0.33934568984375 0.3702349527777778 0.33934568984375 0.4377349555555556 0.36832184218749997 0.4377349555555556 0.36832184218749997 0.3702349527777778
2 0.3213604921875 0.35780074444444443 0.3213604921875 0.45727443055555556 0.35733088749999997 0.45727443055555556 0.35733088749999997 0.35780074444444443
2 0.2704024328125 0.34536653333333334 0.2704024328125 0.4714849569444445 0.34434157890625 0.4714849569444445 0.34434157890625 0.34536653333333334
2 0.199460821875 0.33826127083333335 0.199460821875 0.5087875875 0.30837118203124997 0.5087875875 0.30837118203124997 0.33826127083333335
2 0.45125358515625 0.36668232222222225 0.45125358515625 0.39687969027777775 0.46724042656250003 0.39687969027777775 0.46724042656250003 0.36668232222222225
2 0.4642428953125 0.37556390416666663 0.4642428953125 0.40753758611111107 0.47523384921874995 0.40753758611111107 0.47523384921874995 0.37556390416666663
2 0.47723220390625 0.37556390416666663 0.47723220390625 0.4217481125 0.5090676390625 0.4217481125 0.5090676390625 0.37556390416666663
2 0.549347853125 0.3446052652777778 0.549347853125 0.5737500041666667 0.72420393828125 0.5737500041666667 0.72420393828125 0.3446052652777778
7 0.56707541171875 0.2887497944444445 0.56707541171875 0.3098435305555556 0.580258996875 0.3098435305555556 0.580258996875 0.2887497944444445