1 0.358593503125 0.4066403458333333 0.358593503125 0.4394528208333333 0.37573216249999997 0.4394528208333333 0.37573216249999997 0.4066403458333333
2 0.34409156015625003 0.4066403458333333 0.34409156015625003 0.42773408055555556 0.358593503125 0.42773408055555556 0.358593503125 0.4066403458333333
2 0.33090797578125 0.4160153388888889 0.33090797578125 0.45585906111111113 0.3572751453125 0.45585906111111113 0.3572751453125 0.4160153388888889
2 0.3282712578125 0.42070283611111114 0.3282712578125 0.45585906111111113 0.3467282765625 0.45585906111111113 0.3467282765625 0.42070283611111114
2 0.30058573046875 0.4183590875 0.30058573046875 0.47460905000000003 0.3388181265625 0.47460905000000003 0.3388181265625 0.4183590875
2 0.22807601484375 0.42773408055555556 0.22807601484375 0.48398404305555554 0.250488109375 0.48398404305555554 0.250488109375 0.42773408055555556
2 0.04877926328125 0.4042965972222222 0.04877926328125 0.5449215 0.15292958203125 0.5449215 0.15292958203125 0.4042965972222222
2 0.24653303359374998 0.4160153388888889 0.24653303359374998 0.48867153888888887 0.30849588203125 0.48867153888888887 0.30849588203125 0.4160153388888889
2 0.1160155453125 0.4042965972222222 0.1160155453125 0.5589839888888889 0.24257795859375003 0.5589839888888889 0.24257795859375003 0.4042965972222222
2 0.40341769140625 0.4113278416666667 0.40341769140625 0.44179656944444445 0.42582978515625003 0.44179656944444445 0.42582978515625003 0.4113278416666667
2 0.377050521875 0.4160153388888889 0.377050521875 0.47226530000000005 0.41396455859375003 0.47226530000000005 0.41396455859375003 0.4160153388888889
4 0.05273433984375 0.4113278416666667 0.05273433984375 0.4652340541666667 0.07382807421875 0.4652340541666667 0.07382807421875 0.4113278416666667
6 0.39814425781249996 0.3597653763888889 0.39814425781249996 0.3878903569444444 0.40737276796875 0.3878903569444444 0.40737276796875 0.3597653763888889