2 0.13908321796875 0.20471026666666667 0.13908321796875 0.5141560194444444 0.3813690421875 0.5141560194444444 0.3813690421875 0.20471026666666667
2 0.39220814453125 0.22851378472222222 0.39220814453125 0.4348109541666667 0.50633751796875 0.4348109541666667 0.50633751796875 0.22851378472222222
9 0.020518946875 0.047833741666666665 0.020518946875 0.4466283555555555 0.27683184296875 0.4466283555555555 0.27683184296875 0.047833741666666665
2 0.00136285546875 0.2647858152777778 0.00136285546875 0.4257429472222222 0.07659898046875 0.4257429472222222 0.07659898046875 0.2647858152777778
6 0.33920015390625 0.21355158333333332 0.33920015390625 0.24528960972222222 0.35003925390625 0.24528960972222222 0.35003925390625 0.21355158333333332
7 0.50433706953125 0.08727957083333333 0.50433706953125 0.1054155875 0.54004235 0.1054155875 0.54004235 0.08727957083333333
7 0.48457164609375003 0.11136646666666668 0.48457164609375003 0.13516998888888887 0.5215521140625 0.13516998888888887 0.5215521140625 0.11136646666666668
7 0.5929626734375 0.18957803055555555 0.5929626734375 0.20318004027777775 0.59933861640625 0.20318004027777775 0.59933861640625 0.18957803055555555
7 0.5853115421874999 0.2054470416666667 0.5853115421874999 0.2201825513888889 0.6089025296874999 0.2201825513888889 0.6089025296874999 0.2054470416666667
7 0.50146789609375 0.002833754166666667 0.50146789609375 0.04817378888888889 0.5161325625 0.04817378888888889 0.5161325625 0.002833754166666667
7 0.31548165781250004 0.2452896125 0.31548165781250004 0.2690931333333333 0.326320759375 0.2690931333333333 0.326320759375 0.2452896125
6 0.3094882546875 0.2441561097222222 0.3094882546875 0.26909313055555556 0.31458900859375 0.26909313055555556 0.31458900859375 0.2441561097222222
6 0.29711893046875 0.22375308333333332 0.29711893046875 0.24642310277777776 0.30540765468750003 0.24642310277777776 0.30540765468750003 0.22375308333333332