2 0.51247680859375 0.44759377222222224 0.51247680859375 0.5324200097222221 0.5591763601562499 0.5324200097222221 0.5591763601562499 0.44759377222222224
2 0.4982639015625 0.4710563486111111 0.4982639015625 0.5017381805555555 0.5145072234375 0.5017381805555555 0.5145072234375 0.4710563486111111
2 0.48709661640624996 0.4638370944444445 0.48709661640624996 0.4981285513888889 0.509431184375 0.4981285513888889 0.509431184375 0.4638370944444445
2 0.47897495625 0.46925153472222225 0.47897495625 0.49090929861111116 0.49217265546875 0.49090929861111116 0.49217265546875 0.46925153472222225
2 0.47288371015625 0.4674467222222222 0.47288371015625 0.48188522916666665 0.4810053703125 0.48188522916666665 0.4810053703125 0.4674467222222222
2 0.44344268828125 0.46925153472222225 0.44344268828125 0.48188523194444444 0.4596860109375 0.48188523194444444 0.4596860109375 0.46925153472222225
2 0.4596860109375 0.4674467222222222 0.4596860109375 0.48188522916666665 0.46882288125000005 0.48188522916666665 0.46882288125000005 0.4674467222222222
7 0.5043551468749999 0.42593600833333334 0.5043551468749999 0.4385697055555556 0.5216136773437501 0.4385697055555556 0.5216136773437501 0.42593600833333334
7 0.5155224320312499 0.4169119402777778 0.5155224320312499 0.43135045 0.530750546875 0.43135045 0.530750546875 0.4169119402777778
7 0.59166300390625 0.40788787083333333 0.59166300390625 0.4367648902777778 0.6099367421874999 0.4367648902777778 0.6099367421874999 0.40788787083333333
7 0.9449552671875001 0.3808156694444444 0.9449552671875001 0.42562470694444443 0.9599462351562501 0.42562470694444443 0.9599462351562501 0.3808156694444444
2 0 0.4836900444444444 0 0.5306151972222222 0.0312683828125 0.5306151972222222 0.0312683828125 0.4836900444444444
2 0.026192346093750003 0.46564190694444446 0.026192346093750003 0.5306151972222222 0.11045457968750001 0.5306151972222222 0.11045457968750001 0.46564190694444446
2 0.11045457968750001 0.46925153472222225 0.11045457968750001 0.5017381805555555 0.13888039375 0.5017381805555555 0.13888039375 0.46925153472222225
2 0.17948869921875 0.4674467222222222 0.17948869921875 0.4945189236111111 0.220347134375 0.4945189236111111 0.220347134375 0.4674467222222222
2 0.2921767484375 0.4674467222222222 0.2921767484375 0.4945189236111111 0.304359240625 0.4945189236111111 0.304359240625 0.4674467222222222
2 0.304359240625 0.4710563486111111 0.304359240625 0.4945189236111111 0.3206025625 0.4945189236111111 0.3206025625 0.4710563486111111
7 0.55714594453125 0.3934493638888889 0.55714594453125 0.41624971666666666 0.58049572109375 0.41624971666666666 0.58049572109375 0.3934493638888889