7 0.7371436539062499 0.30046853472222224 0.7371436539062499 0.3239060208333333 0.75560067265625 0.3239060208333333 0.75560067265625 0.30046853472222224
7 0.7358252960937499 0.26531231111111114 0.7358252960937499 0.30046853472222224 0.758237390625 0.30046853472222224 0.758237390625 0.26531231111111114
7 0.15179249453125002 0.21140609722222223 0.15179249453125002 0.27468730416666665 0.168931153125 0.27468730416666665 0.168931153125 0.21140609722222223
4 0.11883353359375 0.2817185486111111 0.11883353359375 0.4223434527777778 0.15047413671875 0.4223434527777778 0.15047413671875 0.2817185486111111
4 0.09246636328124999 0.2770310513888889 0.09246636328124999 0.41765595555555557 0.12015189140625 0.41765595555555557 0.12015189140625 0.2770310513888889
2 0.56425742421875 0.32929664861111113 0.56425742421875 0.35507788055555556 0.5734859343750001 0.35507788055555556 0.5734859343750001 0.32929664861111113
2 0.54316368984375 0.32226540277777777 0.54316368984375 0.3644528763888889 0.56689414140625 0.3644528763888889 0.56689414140625 0.32226540277777777
2 0.5128414453125 0.3082029125 0.5128414453125 0.38085911250000004 0.547118765625 0.38085911250000004 0.547118765625 0.3082029125
2 0.47197233203125 0.3058591652777778 0.47197233203125 0.4042965972222222 0.5247066703125001 0.4042965972222222 0.5247066703125001 0.3058591652777778
2 0.4456051625 0.2871091791666667 0.4456051625 0.4230465861111111 0.4825191984375 0.4230465861111111 0.4825191984375 0.2871091791666667
2 0.18457018671875 0.28945292638888886 0.18457018671875 0.3714841180555556 0.29399393828125 0.3714841180555556 0.29399393828125 0.28945292638888886
4 0.24916975 0.2730466861111111 0.24916975 0.29648416944444445 0.262353334375 0.29648416944444445 0.262353334375 0.2730466861111111
4 0.26894512734375 0.2730466861111111 0.26894512734375 0.31085526527777774 0.28344707109375 0.31085526527777774 0.28344707109375 0.2730466861111111
2 0.63676713984375 0.3316403972222222 0.63676713984375 0.3597653777777778 0.65258744140625 0.3597653777777778 0.65258744140625 0.3316403972222222
2 0.5748042921875001 0.3316403972222222 0.5748042921875001 0.3503903847222222 0.5893062351562499 0.3503903847222222 0.5893062351562499 0.3316403972222222
2 0.5906245929687499 0.3316403972222222 0.5906245929687499 0.3527341319444444 0.6038081789062499 0.3527341319444444 0.6038081789062499 0.3316403972222222
2 0.64354020234375 0.3285935166666667 0.64354020234375 0.38953097500000006 0.68177259765625 0.38953097500000006 0.68177259765625 0.3285935166666667
2 0.26648968125 0.26765605833333334 0.26648968125 0.49499965277777774 0.45633330078125 0.49499965277777774 0.45633330078125 0.26765605833333334
2 0.74109873046875 0.34031225833333334 0.74109873046875 0.41765595555555557 0.83470218203125 0.41765595555555557 0.83470218203125 0.34031225833333334
2 0 0.14109364444444444 0 0.7832807027777777 0.09510307968750001 0.7832807027777777 0.09510307968750001 0.14109364444444444