6 0.6712257312500001 0.17109363194444444 0.6712257312500001 0.24609358055555555 0.6857276742187499 0.24609358055555555 0.6857276742187499 0.17109363194444444
6 0.76219246484375 0.3398435166666667 0.76219246484375 0.363281 0.7727393328125001 0.363281 0.7727393328125001 0.3398435166666667
6 0.12674368359375 0.3609372513888889 0.12674368359375 0.3890622319444444 0.13992726796875 0.3890622319444444 0.13992726796875 0.3609372513888889
6 0.1544292109375 0.3656247486111111 0.1544292109375 0.400780975 0.161021003125 0.400780975 0.161021003125 0.3656247486111111
6 0.3864603015625 0.18749987083333333 0.3864603015625 0.24843732916666666 0.398325528125 0.24843732916666666 0.398325528125 0.18749987083333333
6 0.6567237875 0.16874988333333332 0.6567237875 0.24140608611111114 0.665952296875 0.24140608611111114 0.665952296875 0.16874988333333332
6 0.7780127671875 0.3328122708333333 0.7780127671875 0.3656247486111111 0.788559634375 0.3656247486111111 0.788559634375 0.3328122708333333
6 0.44183135703125 0.3773434902777778 0.44183135703125 0.40312472222222223 0.44710479140625 0.40312472222222223 0.44710479140625 0.3773434902777778
6 0.4075540375 0.3890622319444444 0.4075540375 0.41484346527777777 0.41282747109375 0.41484346527777777 0.41282747109375 0.3890622319444444
6 0.36009313203125004 0.3796872388888889 0.36009313203125004 0.400780975 0.36536656640625 0.400780975 0.36536656640625 0.3796872388888889
2 0.47347196093750005 0.4453121944444444 0.47347196093750005 0.4640621805555556 0.48270046874999994 0.4640621805555556 0.48270046874999994 0.4453121944444444
2 0.46028837578125004 0.4382809486111111 0.46028837578125004 0.47343717500000004 0.47083524375 0.47343717500000004 0.47083524375 0.4382809486111111
9 0.48401882812499997 0.41015596805555554 0.48401882812499997 0.48281216805555555 0.5143410734375 0.48281216805555555 0.5143410734375 0.41015596805555554
2 0.49720241328125 0.4406246972222222 0.49720241328125 0.5062496513888889 0.5393898828125 0.5062496513888889 0.5393898828125 0.4406246972222222
2 0.5407082421875 0.4171872125 0.5407082421875 0.4921871611111111 0.56707541171875 0.4921871611111111 0.56707541171875 0.4171872125
2 0.647495278125 0.44765594166666667 0.647495278125 0.5203121416666667 0.6778175234375 0.5203121416666667 0.6778175234375 0.44765594166666667
2 0.63431169375 0.4242184583333334 0.63431169375 0.5015621555555556 0.66990737265625 0.5015621555555556 0.66990737265625 0.4242184583333334
2 0.5459816765625 0.41015596805555554 0.5459816765625 0.5765621041666666 0.66727065546875 0.5765621041666666 0.66727065546875 0.41015596805555554
2 0.38514194296875004 0.44765594166666667 0.38514194296875004 0.4687496777777778 0.39700716953125 0.4687496777777778 0.39700716953125 0.44765594166666667
2 0.3680032828125 0.4453121944444444 0.3680032828125 0.47343717500000004 0.383823584375 0.47343717500000004 0.383823584375 0.4453121944444444
2 0.33504432109375004 0.44999969027777775 0.33504432109375004 0.47343717500000004 0.36009313203125004 0.47343717500000004 0.36009313203125004 0.44999969027777775
2 0.29417520859375 0.44765594166666667 0.29417520859375 0.4781246708333333 0.32449745390625 0.4781246708333333 0.32449745390625 0.44765594166666667
2 0.38118686796875 0.4312497041666667 0.38118686796875 0.5859370972222222 0.4774270359375 0.5859370972222222 0.4774270359375 0.4312497041666667
2 0.1728862296875 0.44296844583333334 0.1728862296875 0.5882808458333333 0.31526894453125 0.5882808458333333 0.31526894453125 0.44296844583333334
2 0.1043315890625 0.4593746847222222 0.1043315890625 0.4945309097222222 0.13729055078125002 0.4945309097222222 0.13729055078125002 0.4593746847222222
2 0.08323785390625 0.4640621805555556 0.08323785390625 0.5085934 0.11356009843749999 0.5085934 0.11356009843749999 0.4640621805555556
2 0.0001812703125 0.44999969027777775 0.0001812703125 0.5414058777777778 0.10696830625 0.5414058777777778 0.10696830625 0.44999969027777775
2 0 0.44999969027777775 0 0.4921871611111111 0.016001571875000002 0.4921871611111111 0.016001571875000002 0.44999969027777775
4 0.06609919375 0.44765594166666667 0.06609919375 0.548437125 0.0819194953125 0.548437125 0.0819194953125 0.44765594166666667
4 0.04500545859375 0.4523434388888889 0.04500545859375 0.5437496263888889 0.06346247656250001 0.5437496263888889 0.06346247656250001 0.4523434388888889
4 0.0225933640625 0.44296844583333334 0.0225933640625 0.5484371236111111 0.038413665624999996 0.5484371236111111 0.038413665624999996 0.44296844583333334
4 0.6857276742187499 0.4171872125 0.6857276742187499 0.48749966527777777 0.69627454140625 0.48749966527777777 0.69627454140625 0.4171872125
4 0.6725440890625001 0.41953096111111116 0.6725440890625001 0.48749966527777777 0.6857276742187499 0.48749966527777777 0.6857276742187499 0.41953096111111116
4 0.7819678421875 0.40781221944444446 0.7819678421875 0.4921871611111111 0.79910650234375 0.4921871611111111 0.79910650234375 0.40781221944444446
4 0.8412939734375 0.40312472222222223 0.8412939734375 0.4921871611111111 0.86106935 0.4921871611111111 0.86106935 0.40312472222222223
4 0.8623877085937499 0.400780975 0.8623877085937499 0.49687465833333333 0.87557129375 0.49687465833333333 0.87557129375 0.400780975
4 0.88084472734375 0.39843722638888884 0.88084472734375 0.47343717500000004 0.89402831171875 0.47343717500000004 0.89402831171875 0.39843722638888884
4 0.94017085859375 0.38671848472222226 0.94017085859375 0.44765594166666667 0.95335444296875 0.44765594166666667 0.95335444296875 0.38671848472222226
4 0.9625829523437501 0.39843722638888884 0.9625829523437501 0.4804684194444444 0.9718114617187499 0.4804684194444444 0.9718114617187499 0.39843722638888884
4 0.9731298203125001 0.3890622319444444 0.9731298203125001 0.47343717500000004 0.9797216125 0.47343717500000004 0.9797216125 0.3890622319444444
4 0.98367668828125 0.3890622319444444 0.98367668828125 0.44999969027777775 0.99422355546875 0.44999969027777775 0.99422355546875 0.3890622319444444
2 0.89666502890625 0.4406246972222222 0.89666502890625 0.6890620263888889 0.99949698984375 0.6890620263888889 0.99949698984375 0.4406246972222222
7 0.1952983234375 0.38203098750000003 0.1952983234375 0.4289059555555556 0.25594281328125 0.4289059555555556 0.25594281328125 0.38203098750000003
7 0.1452007015625 0.43593719999999997 0.1452007015625 0.48281216805555555 0.15574756953125 0.48281216805555555 0.15574756953125 0.43593719999999997
7 0.76746589921875 0.28593730277777774 0.76746589921875 0.3117185361111111 0.77537605 0.3117185361111111 0.77537605 0.28593730277777774