6 0.3004776328125 0.17947609583333335 0.3004776328125 0.23555615416666664 0.31424273671875 0.23555615416666664 0.31424273671875 0.17947609583333335
6 0.288433165625 0.1815153736111111 0.288433165625 0.23249724305555552 0.30219827109374997 0.23249724305555552 0.30219827109374997 0.1815153736111111
6 0.313669190625 0.1866135611111111 0.313669190625 0.23759543055555557 0.32341947421875 0.23759543055555557 0.32341947421875 0.1866135611111111
6 0.47196789843750003 0.2569685388888889 0.47196789843750003 0.3038718583333333 0.48860073281250005 0.3038718583333333 0.48860073281250005 0.2569685388888889
6 0.41736228203125 0.3973187083333334 0.41736228203125 0.41363290694444443 0.42653901875000005 0.41363290694444443 0.42653901875000005 0.3973187083333334
2 0.38925852656250004 0.4105739958333333 0.38925852656250004 0.45441840277777773 0.41220036796875004 0.45441840277777773 0.41220036796875004 0.4105739958333333
2 0.37090505234375 0.4092144736111111 0.37090505234375 0.46019634305555557 0.3984352625 0.46019634305555557 0.3984352625 0.4092144736111111
2 0.35312512578125 0.41737157222222226 0.35312512578125 0.46835344166666665 0.38467015781249997 0.46835344166666665 0.38467015781249997 0.41737157222222226
2 0.32616846328125 0.4255286680555556 0.32616846328125 0.4816087263888889 0.35943413281250003 0.4816087263888889 0.35943413281250003 0.4255286680555556
2 0.12313316484375 0.3962990722222222 0.12313316484375 0.4595165902777778 0.18392904453125 0.4595165902777778 0.18392904453125 0.3962990722222222
2 0.0634843765625 0.4228096430555555 0.0634843765625 0.49112534722222223 0.15869301953124998 0.49112534722222223 0.15869301953124998 0.4228096430555555
2 0 0.40037761944444444 0 0.5084591847222223 0.0703669296875 0.5084591847222223 0.0703669296875 0.40037761944444444
2 0.708902903125 0.37114801388888885 0.708902903125 0.8095920958333332 0.9991171984375 0.8095920958333332 0.9991171984375 0.37114801388888885
2 0.5729725 0.43166421527777776 0.5729725 0.5703349013888889 0.6681811429687501 0.5703349013888889 0.6681811429687501 0.43166421527777776
2 0.6154149078125 0.42554639027777774 0.6154149078125 0.6396702444444444 0.80067027734375 0.6396702444444444 0.80067027734375 0.42554639027777774
6 0.6653134125 0.3225630138888889 0.6653134125 0.3674270597222222 0.68768170703125 0.3674270597222222 0.68768170703125 0.3225630138888889
6 0.56796740546875 0.38240385416666667 0.56796740546875 0.4038162402777778 0.5794383265625 0.4038162402777778 0.5794383265625 0.38240385416666667
7 0.5691144984375 0.299813225 0.5691144984375 0.31510778472222223 0.58345314921875 0.31510778472222223 0.58345314921875 0.299813225
7 0.06668816953125 0.2039673097222222 0.06668816953125 0.2508706305555556 0.11199830625 0.2508706305555556 0.11199830625 0.2039673097222222
2 0.3853509390625 0.4106077777777778 0.3853509390625 0.6157891291666667 0.52174990546875 0.6157891291666667 0.52174990546875 0.4106077777777778