2 0.4624488515625 0.4540438305555556 0.4624488515625 0.46964075833333335 0.47024731328125 0.46964075833333335 0.47024731328125 0.4540438305555556
2 0.44782673359374997 0.4505778486111111 0.44782673359374997 0.45924280694444447 0.4556251953125 0.45924280694444447 0.4556251953125 0.4505778486111111
2 0.4556251953125 0.45924280694444447 0.4556251953125 0.47657272638888887 0.4643984671875 0.47657272638888887 0.4643984671875 0.45924280694444447
2 0.44392750234375 0.46097579861111115 0.44392750234375 0.48177169861111113 0.45660000390625 0.48177169861111113 0.45660000390625 0.46097579861111115
2 0.46927250625 0.46270879305555557 0.46927250625 0.47657272361111114 0.4780457765625 0.47657272361111114 0.4780457765625 0.46270879305555557
2 0.49266789453125004 0.4575098166666666 0.49266789453125004 0.47830571805555555 0.5053403953125 0.47830571805555555 0.5053403953125 0.4575098166666666
2 0.50241597265625 0.45924280694444447 0.50241597265625 0.48697067499999996 0.51118924375 0.48697067499999996 0.51118924375 0.45924280694444447
2 0.5072900125 0.4575098166666666 0.5072900125 0.4887036680555556 0.51801289765625 0.4887036680555556 0.51801289765625 0.4575098166666666
2 0.51508847578125 0.46270879305555557 0.51508847578125 0.49390264027777775 0.52873578359375 0.49390264027777775 0.52873578359375 0.46270879305555557
2 0.52678616796875 0.4575098166666666 0.52678616796875 0.4817717 0.54628232578125 0.4817717 0.54628232578125 0.4575098166666666
2 0.5228869375 0.45924280694444447 0.5228869375 0.5060335847222223 0.5823502171875 0.5060335847222223 0.5823502171875 0.45924280694444447
2 0.5472571335937501 0.4644417819444444 0.5472571335937501 0.5094995694444445 0.5755265609375 0.5094995694444445 0.5755265609375 0.4644417819444444
2 0.558954828125 0.4644417819444444 0.558954828125 0.5146985416666666 0.58040059921875 0.5146985416666666 0.58040059921875 0.4644417819444444
2 0.5716273296875001 0.4557768222222222 0.5716273296875001 0.5302954666666666 0.62816618515625 0.5302954666666666 0.62816618515625 0.4557768222222222
2 0.6437631109375 0.4557768222222222 0.6437631109375 0.4956356319444445 0.69542792734375 0.4956356319444445 0.69542792734375 0.4557768222222222
2 0.68080580859375 0.4661747736111111 0.68080580859375 0.5060335833333334 0.73929427890625 0.5060335833333334 0.73929427890625 0.4661747736111111
2 0.07447531953125 0.4384469055555556 0.07447531953125 0.504300588888889 0.15148513828125001 0.504300588888889 0.15148513828125001 0.4384469055555556
2 0.02378531171875 0.4453788722222223 0.02378531171875 0.5060335833333334 0.12419052109374999 0.5060335833333334 0.12419052109374999 0.4453788722222223
2 0.0171809734375 0.43324793194444444 0.0171809734375 0.4557768222222222 0.050324439062500004 0.4557768222222222 0.050324439062500004 0.43324793194444444
2 0.00158404765625 0.43324793194444444 0.00158404765625 0.46097579861111115 0.040576362500000004 0.46097579861111115 0.040576362500000004 0.43324793194444444
2 0 0.4505778486111111 0 0.5181645263888889 0.027903860156249998 0.5181645263888889 0.027903860156249998 0.4505778486111111
2 0.47534066093750005 0.46171849861111114 0.47534066093750005 0.4911793583333333 0.49678643515625 0.4911793583333333 0.49678643515625 0.46171849861111114