2 0.0007993421875 0.405624325 0.0007993421875 0.5371580347222222 0.12364959687499999 0.5371580347222222 0.12364959687499999 0.405624325
2 0.10960875546875 0.3869032027777778 0.10960875546875 0.4825889416666667 0.22427563203125 0.4825889416666667 0.22427563203125 0.3869032027777778
2 0.21491506953125 0.3827429527777778 0.21491506953125 0.46386781805555555 0.278098859375 0.46386781805555555 0.278098859375 0.3827429527777778
2 0.65018117265625 0.33698020833333336 0.65018117265625 0.5761945513888889 0.879514925 0.5761945513888889 0.879514925 0.33698020833333336
9 0.34011257734375 0.36194170694444444 0.34011257734375 0.4118647 0.39042559453125 0.4118647 0.39042559453125 0.36194170694444444
2 0.3986160859375 0.3453007069444445 0.3986160859375 0.3931435777777778 0.43371819062499994 0.3931435777777778 0.43371819062499994 0.3453007069444445
9 0.268738296875 0.3702622055555556 0.268738296875 0.4035442013888889 0.32724180546875 0.4035442013888889 0.32724180546875 0.3702622055555556
2 0.45711959453124995 0.35362120555555554 0.45711959453124995 0.3806628277777778 0.47233050703124996 0.3806628277777778 0.47233050703124996 0.35362120555555554
2 0.49807205078125005 0.34322058055555554 0.49807205078125005 0.3661019527777778 0.51328296328125 0.3661019527777778 0.51328296328125 0.34322058055555554
2 0.5401945757812501 0.34322058055555554 0.5401945757812501 0.3681820791666667 0.54955513828125 0.3681820791666667 0.54955513828125 0.34322058055555554
2 0.52732380390625 0.3349000819444444 0.52732380390625 0.35362120694444443 0.5366843664062501 0.35362120694444443 0.5366843664062501 0.3349000819444444
2 0.43137805078125 0.3577814541666667 0.43137805078125 0.3910634527777778 0.44190868203125 0.3910634527777778 0.44190868203125 0.3577814541666667
2 0.4395685421875 0.3577814541666667 0.4395685421875 0.38482307777777774 0.45243931406250004 0.38482307777777774 0.45243931406250004 0.3577814541666667
2 0.5986980843749999 0.33906033472222225 0.5986980843749999 0.4451466944444445 0.68411320546875 0.4451466944444445 0.68411320546875 0.33906033472222225
2 0.5823171015625 0.34738083333333336 0.5823171015625 0.4035442013888889 0.61741920625 0.4035442013888889 0.61741920625 0.34738083333333336
9 0.5671061890625 0.3099385861111111 0.5671061890625 0.39522370138888885 0.6103987867187499 0.39522370138888885 0.6103987867187499 0.3099385861111111
2 0.5612558398437499 0.3453007069444445 0.5612558398437499 0.3702622055555556 0.56827626015625 0.3702622055555556 0.56827626015625 0.3453007069444445
2 0.5542354171875 0.34114045694444445 0.5542354171875 0.36194170694444444 0.56593611953125 0.36194170694444444 0.56593611953125 0.34114045694444445
2 0.5097727515625 0.34114045694444445 0.5097727515625 0.36194170694444444 0.52147345390625 0.36194170694444444 0.52147345390625 0.34114045694444445
2 0.51679317265625 0.33906033472222225 0.51679317265625 0.3577814569444444 0.5249836640625001 0.3577814569444444 0.5249836640625001 0.33906033472222225
7 0.44067765937500003 0.32955117916666665 0.44067765937500003 0.35035242777777775 0.45237836015625 0.35035242777777775 0.45237836015625 0.32955117916666665
7 0.8257206101562501 0.12361883055555555 0.8257206101562501 0.19018282083333335 0.8583927093750001 0.19018282083333335 0.8583927093750001 0.12361883055555555
7 0.82412192578125 0.06329521111111111 0.82412192578125 0.12361883055555555 0.85722263828125 0.12361883055555555 0.85722263828125 0.06329521111111111
7 0.09784710078125 0.29834930833333334 0.09784710078125 0.3545126777777778 0.11188794296875 0.3545126777777778 0.11188794296875 0.29834930833333334
7 0.78655283671875 0.0008914722222222222 0.78655283671875 0.04249396666666667 0.8490321468750001 0.04249396666666667 0.8490321468750001 0.0008914722222222222