7 0.10332963203125001 0.3015405597222222 0.10332963203125001 0.3292684277777778 0.11405251718750001 0.3292684277777778 0.11405251718750001 0.3015405597222222
4 0.23297907421875 0.34139936944444443 0.23297907421875 0.3985880972222222 0.24565157656249997 0.3985880972222222 0.24565157656249997 0.34139936944444443
0 0.2748958125 0.37779219583333334 0.2748958125 0.43324793194444444 0.2924423546875 0.43324793194444444 0.2924423546875 0.37779219583333334
6 0.37530102109375 0.298074575 0.37530102109375 0.3292684277777778 0.38894833125 0.3292684277777778 0.38894833125 0.298074575
6 0.87830186796875 0.07278565277777778 0.87830186796875 0.09878052638888889 0.90462168203125 0.09878052638888889 0.90462168203125 0.07278565277777778
4 0.8675789828125 0.43671391666666665 0.8675789828125 0.4973686263888889 0.8773270609375 0.4973686263888889 0.8773270609375 0.43671391666666665
4 0.8568560968750001 0.4419128888888889 0.8568560968750001 0.4921696486111111 0.8675789828125 0.4921696486111111 0.8675789828125 0.4419128888888889
6 0.017546541406249998 0.28421064305555555 0.017546541406249998 0.2998075694444444 0.02144577265625 0.2998075694444444 0.02144577265625 0.28421064305555555
6 0.00487403828125 0.298074575 0.00487403828125 0.31193851111111115 0.00974807734375 0.31193851111111115 0.00974807734375 0.298074575
4 0.1384227140625 0.3431323597222222 0.1384227140625 0.41245203055555557 0.154994446875 0.41245203055555557 0.154994446875 0.3431323597222222
2 0.0009748078125000001 0.32060347083333335 0.0009748078125000001 0.3899231402777778 0.01462211796875 0.3899231402777778 0.01462211796875 0.32060347083333335
2 0.005848846875 0.32060347083333335 0.005848846875 0.3812581805555556 0.024370196093749998 0.3812581805555556 0.024370196093749998 0.32060347083333335
2 0.15012040859375 0.3517973194444445 0.15012040859375 0.41245203055555557 0.20081041640625 0.41245203055555557 0.20081041640625 0.3517973194444445
2 0.13549828984375 0.34139936944444443 0.13549828984375 0.3933891222222222 0.17546541328125 0.3933891222222222 0.17546541328125 0.34139936944444443
2 0.11015328671875 0.33966637777777775 0.11015328671875 0.39165613194444443 0.14329675234375 0.39165613194444443 0.14329675234375 0.33966637777777775
2 0.0984555921875 0.3379333875 0.0984555921875 0.37952518749999997 0.11990136484375 0.37952518749999997 0.11990136484375 0.3379333875
2 0.06921135703125 0.34139936944444443 0.06921135703125 0.3708602277777778 0.0984555921875 0.3708602277777778 0.0984555921875 0.34139936944444443
2 0.05556404609375 0.33966637777777775 0.05556404609375 0.3691272375 0.071160971875 0.3691272375 0.071160971875 0.33966637777777775
2 0.04581596953125 0.3431323597222222 0.04581596953125 0.36739424583333335 0.0594632796875 0.36739424583333335 0.0594632796875 0.3431323597222222
2 0.033143465625 0.33620039444444444 0.033143465625 0.3604622791666667 0.047765584374999996 0.3604622791666667 0.047765584374999996 0.33620039444444444
2 0.02242058046875 0.3379333875 0.02242058046875 0.3517973222222222 0.033143465625 0.3517973222222222 0.033143465625 0.3379333875