2 0 0.30468728888888885 0 0.7382807416666667 0.3098142390625 0.7382807416666667 0.3098142390625 0.30468728888888885
2 0.72404246796875 0.5015621569444444 0.72404246796875 0.5414058819444444 0.8018256171875 0.5414058819444444 0.8018256171875 0.5015621569444444
2 0.6317573734375 0.46171843194444445 0.6317573734375 0.5882808444444444 0.7095405218749999 0.5882808444444444 0.7095405218749999 0.46171843194444445
2 0.50255824453125 0.4710934277777778 0.50255824453125 0.6445308069444444 0.64362259921875 0.6445308069444444 0.64362259921875 0.4710934277777778
2 0.45984343671875 0.4621871930555556 0.45984343671875 0.5676558680555556 0.5468550984375 0.5676558680555556 0.5468550984375 0.4621871930555556
4 0.820546303125 0.46874967500000003 0.820546303125 0.5953120930555555 0.8455951148437499 0.5953120930555555 0.8455951148437499 0.46874967500000003
7 0.7902617375000001 0.39575865000000005 0.7902617375000001 0.42388362222222226 0.8060820382812499 0.42388362222222226 0.8060820382812499 0.39575865000000005
7 0.784988303125 0.4285711236111111 0.784988303125 0.4520086083333333 0.8087187554687499 0.4520086083333333 0.8087187554687499 0.4285711236111111
7 0.78235158515625 0.4520086083333333 0.78235158515625 0.46841485 0.79289845234375 0.46841485 0.79289845234375 0.4520086083333333
7 0.5495125937500001 0.3820581138888889 0.5495125937500001 0.4064354055555555 0.57166102421875 0.4064354055555555 0.57166102421875 0.3820581138888889
7 0.97877025625 0.3801854111111111 0.97877025625 0.4120604027777778 0.9977546257812501 0.4120604027777778 0.9977546257812501 0.3801854111111111
7 0.8908590843749999 0.42749985 0.8908590843749999 0.4462498458333333 0.9098434523437501 0.4462498458333333 0.9098434523437501 0.42749985
6 0.97360724765625 0.41826218333333337 0.97360724765625 0.43356445694444445 0.9812583859374999 0.43356445694444445 0.9812583859374999 0.41826218333333337