6 0.3485411765625 0.33782222083333335 0.3485411765625 0.3749356291666666 0.357819528125 0.3749356291666666 0.357819528125 0.33782222083333335
6 0.5642628617187501 0.31101809166666666 0.5642628617187501 0.35844077916666667 0.575860803125 0.35844077916666667 0.575860803125 0.31101809166666666
6 0.66400514609375 0.42029646111111113 0.66400514609375 0.4450387347222222 0.6814020562499999 0.4450387347222222 0.6814020562499999 0.42029646111111113
6 0.0272782359375 0.35844078194444445 0.0272782359375 0.407925325 0.062072057812500005 0.407925325 0.062072057812500005 0.35844078194444445
6 0.7359123734375 0.18318301944444443 0.7359123734375 0.24091498472222223 0.755628871875 0.24091498472222223 0.755628871875 0.18318301944444443
6 0.967871175 0.3295747972222222 0.967871175 0.3769974833333334 0.9980258195312499 0.3769974833333334 0.9980258195312499 0.3295747972222222
7 0.0609122609375 0.3130799486111111 0.0609122609375 0.33782222222222225 0.08178855390625 0.33782222222222225 0.08178855390625 0.3130799486111111
7 0.049314321875 0.2759665402777778 0.049314321875 0.3130799458333333 0.0933864953125 0.3130799458333333 0.0933864953125 0.2759665402777778
7 0.65008761640625 0.30689438055555557 0.65008761640625 0.35637892083333333 0.668644321875 0.35637892083333333 0.668644321875 0.30689438055555557
6 0.55382471640625 0.3192655166666667 0.55382471640625 0.35431707083333336 0.56310306796875 0.35431707083333336 0.56310306796875 0.3192655166666667
7 0.6494846421875 0.3676976458333333 0.6494846421875 0.38006878055555554 0.67268052265625 0.38006878055555554 0.67268052265625 0.3676976458333333
7 0.8304125085937499 0.15738833055555557 0.8304125085937499 0.22130586944444444 0.86056715234375 0.22130586944444444 0.86056715234375 0.15738833055555557
7 0.5110052453125 0.4156701680555555 0.5110052453125 0.4383505833333333 0.52028359765625 0.4383505833333333 0.52028359765625 0.4156701680555555
7 0.571314534375 0.43422687083333333 0.571314534375 0.45278357638888883 0.577113503125 0.45278357638888883 0.577113503125 0.43422687083333333
7 0.5805928859375 0.43010316111111113 0.5805928859375 0.4465980111111111 0.5863918554687501 0.4465980111111111 0.5863918554687501 0.43010316111111113
2 0.51958771484375 0.46008844027777773 0.51958771484375 0.4807070013888889 0.532345446875 0.4807070013888889 0.532345446875 0.46008844027777773
2 0.56018050546875 0.4561856430555556 0.56018050546875 0.4706186361111111 0.5694588578124999 0.4706186361111111 0.5694588578124999 0.4561856430555556
2 0.5636598859374999 0.4582474986111111 0.5636598859374999 0.48298977083333333 0.57757741484375 0.48298977083333333 0.57757741484375 0.4582474986111111
2 0.5682990625000001 0.4623712097222222 0.5682990625000001 0.4912371930555556 0.58917535703125 0.4912371930555556 0.58917535703125 0.4623712097222222
2 0.56945885703125 0.4644330666666667 0.56945885703125 0.5015464763888889 0.58569597265625 0.5015464763888889 0.58569597265625 0.4644330666666667
2 0.54858256484375 0.4561856430555556 0.54858256484375 0.4768042055555556 0.55670112265625 0.4768042055555556 0.55670112265625 0.4561856430555556
2 0.48305420468750004 0.46082481805555553 0.48305420468750004 0.5556701930555555 0.5688789609375 0.5556701930555555 0.5688789609375 0.46082481805555553
2 0.538724315625 0.4649485305555556 0.538724315625 0.48350523194444445 0.55496143203125 0.48350523194444445 0.55496143203125 0.4649485305555556
2 0.1574275421875 0.4746392541666667 0.1574275421875 0.5241237958333334 0.2130976546875 0.5241237958333334 0.2130976546875 0.4746392541666667
2 0.59149494375 0.4642121513888889 0.59149494375 0.4910162805555556 0.6077320601562499 0.4910162805555556 0.6077320601562499 0.4642121513888889
2 0.5764176234375 0.47864514305555556 0.5764176234375 0.5136966972222222 0.60889185546875 0.5136966972222222 0.60889185546875 0.47864514305555556
4 0.6624018453125 0.4581444055555555 0.6624018453125 0.6437114444444444 0.70415443125 0.6437114444444444 0.70415443125 0.4581444055555555
2 0.1657216734375 0.38816586805555553 0.1657216734375 0.8397123319444445 0.5275774023437501 0.8397123319444445 0.5275774023437501 0.38816586805555553
2 0 0.42321741805555557 0 0.8294030555555556 0.1796392015625 0.8294030555555556 0.1796392015625 0.42321741805555557
5 0.15760311484375 0.4294029861111111 0.15760311484375 0.5799184749999999 0.21907219609375 0.5799184749999999 0.21907219609375 0.4294029861111111
0 0.13556703046875002 0.5428050666666666 0.13556703046875002 0.8067226361111111 0.18659796640624998 0.8067226361111111 0.18659796640624998 0.5428050666666666
2 0.70850526796875 0.4644545388888889 0.70850526796875 0.9943515333333333 0.9984537679687501 0.9943515333333333 0.9984537679687501 0.4644545388888889
7 0.9738330382812499 0.060654708333333335 0.9738330382812499 0.1473042972222222 0.9982032343749999 0.1473042972222222 0.9982032343749999 0.060654708333333335
7 0.99137957890625 0.23222089166666665 0.99137957890625 0.2599487583333333 0.9972284273437501 0.2599487583333333 0.9972284273437501 0.23222089166666665