7 0.03355419375 0.27526983055555554 0.03355419375 0.312712075 0.051105246874999996 0.312712075 0.051105246874999996 0.27526983055555554
2 0.23284396328125 0.3869032013888889 0.23284396328125 0.4097845736111111 0.23752424374999997 0.4097845736111111 0.23752424374999997 0.3869032013888889
2 0.2269936125 0.393143575 0.2269936125 0.4097845736111111 0.2340140328125 0.4097845736111111 0.2340140328125 0.393143575
2 0.2188031203125 0.3869032013888889 0.2188031203125 0.40770445000000005 0.23050382265625 0.40770445000000005 0.23050382265625 0.3869032013888889
2 0.2094425609375 0.39106345138888887 0.2094425609375 0.42018519722222225 0.21646298281249998 0.42018519722222225 0.21646298281249998 0.39106345138888887
2 0.18487108671875002 0.3765025777777778 0.18487108671875002 0.42018519583333336 0.2117827015625 0.42018519583333336 0.2117827015625 0.3765025777777778
2 0.19072143749999998 0.393143575 0.19072143749999998 0.4285056958333333 0.205932346875 0.4285056958333333 0.205932346875 0.393143575
2 0.18019080546875 0.3869032013888889 0.18019080546875 0.4368261958333333 0.20125207031249998 0.4368261958333333 0.20125207031249998 0.3869032013888889
2 0.1661499640625 0.3869032013888889 0.1661499640625 0.4409864402777778 0.19423164843750002 0.4409864402777778 0.19423164843750002 0.3869032013888889
2 0.16732003359375 0.393143575 0.16732003359375 0.4451466930555556 0.18019080703125 0.4451466930555556 0.18019080703125 0.393143575
2 0.14859891171875 0.3806628277777778 0.14859891171875 0.44930694722222225 0.1708302453125 0.44930694722222225 0.1708302453125 0.3806628277777778
2 0.09360561328125 0.3765025777777778 0.09360561328125 0.46594793888888886 0.1661499640625 0.46594793888888886 0.1661499640625 0.3765025777777778
2 0 0.3765025777777778 0 0.5241914347222222 0.10530631484375 0.5241914347222222 0.10530631484375 0.3765025777777778
9 0.292517540625 0.23297397083333335 0.292517540625 0.4805088166666666 0.42707561015625 0.4805088166666666 0.42707561015625 0.23297397083333335
9 0.23518410390625002 0.3806628277777778 0.23518410390625002 0.4118646972222222 0.25156508671875 0.4118646972222222 0.25156508671875 0.3806628277777778
2 0.25507529687499997 0.37234233055555555 0.25507529687499997 0.4118647 0.26794606875000004 0.4118647 0.26794606875000004 0.37234233055555555
9 0.2620957171875 0.3224193361111111 0.2620957171875 0.4389063194444444 0.29953796328125 0.4389063194444444 0.29953796328125 0.3224193361111111
9 0.1813608765625 0.3494609583333333 0.1813608765625 0.41810507361111116 0.22231333203124998 0.41810507361111116 0.22231333203124998 0.3494609583333333