6 0.27751290703125 0.3097291291666667 0.27751290703125 0.36187016944444444 0.28962719921875 0.36187016944444444 0.28962719921875 0.3097291291666667
6 0.65717753125 0.2820797986111111 0.65717753125 0.34215534861111113 0.67311738828125 0.34215534861111113 0.67311738828125 0.2820797986111111
6 0.974699478125 0.4184237708333333 0.974699478125 0.4477328666666667 0.99806084375 0.4477328666666667 0.99806084375 0.4184237708333333
6 0.1731068453125 0.5095086666666667 0.1731068453125 0.5344456861111111 0.18840910703125 0.5344456861111111 0.18840910703125 0.5095086666666667
6 0.26300763828124996 0.31227950555555556 0.26300763828124996 0.35988654583333335 0.27575952265625003 0.35988654583333335 0.27575952265625003 0.31227950555555556
6 0.29042419062499997 0.3168135097222222 0.29042419062499997 0.36102004583333336 0.30062569843750003 0.36102004583333336 0.30062569843750003 0.3168135097222222
6 0.6401446492187499 0.2816749819444444 0.6401446492187499 0.34288403194444445 0.65608450703125 0.34288403194444445 0.65608450703125 0.2816749819444444
6 0.6701115789062501 0.28507548194444443 0.6701115789062501 0.34401753194444445 0.6784003039062501 0.34401753194444445 0.6784003039062501 0.28507548194444443
6 0.61506595390625 0.5119646083333333 0.61506595390625 0.5369016277777777 0.63164340546875 0.5369016277777777 0.63164340546875 0.5119646083333333
6 0.02422858203125 0.3887908180555556 0.02422858203125 0.4488663680555556 0.0694977765625 0.4488663680555556 0.0694977765625 0.3887908180555556
7 0.065672209375 0.3944583236111111 0.065672209375 0.43073035416666666 0.09181357500000001 0.43073035416666666 0.09181357500000001 0.3944583236111111
7 0.0675849921875 0.31794700833333334 0.0675849921875 0.35875304444444445 0.08224966015625 0.35875304444444445 0.08224966015625 0.31794700833333334
7 0.049732353125 0.21026442222222225 0.049732353125 0.2612719638888889 0.0854376328125 0.2612719638888889 0.0854376328125 0.21026442222222225
7 0.022315799218749998 0.26467246666666666 0.022315799218749998 0.29754399305555557 0.08033687890624999 0.29754399305555557 0.08033687890624999 0.26467246666666666
7 0.61476840546875 0.4704028847222222 0.61476840546875 0.4862719 0.63835939296875 0.4862719 0.63835939296875 0.4704028847222222
7 0.9483577359375 0.34345078055555556 0.9483577359375 0.37405530555555555 0.96493518671875 0.37405530555555555 0.96493518671875 0.34345078055555556
2 0.43126878125 0.6120905013888889 0.43126878125 0.6460955291666667 0.44210788359375003 0.6460955291666667 0.44210788359375003 0.6120905013888889
2 0.41469133046874995 0.6075564972222222 0.41469133046874995 0.6460955291666667 0.435094346875 0.6460955291666667 0.435094346875 0.6075564972222222
2 0.39173793671875 0.598488488888889 0.39173793671875 0.6472290291666667 0.4204296796875 0.6472290291666667 0.4204296796875 0.598488488888889
2 0.55419694921875 0.5452139458333333 0.55419694921875 0.6494960319444444 0.60201651953125 0.6494960319444444 0.60201651953125 0.5452139458333333
2 0.34238812421875 0.5909318291666666 0.34238812421875 0.6532743791666666 0.4048723625 0.6532743791666666 0.4048723625 0.5909318291666666
2 0 0.5494677902777778 0 0.8317095236111112 0.19011901953125002 0.8317095236111112 0.19011901953125002 0.5494677902777778
2 0.6903324320312499 0.42732986666666667 0.6903324320312499 0.8007374611111111 0.9976528710937499 0.8007374611111111 0.9976528710937499 0.42732986666666667
9 0.43781473671875004 0.5195212694444444 0.43781473671875004 0.7326194444444444 0.57489750546875 0.7326194444444444 0.57489750546875 0.5195212694444444