2 0.44092146484374994 0.5298117972222223 0.44092146484374994 0.5578306902777778 0.450950953125 0.5578306902777778 0.450950953125 0.5298117972222223
2 0.4523837390625 0.5323589680555555 0.4523837390625 0.5552835180555555 0.46384601171875 0.5552835180555555 0.46384601171875 0.5323589680555555
2 0.4136985609375 0.5221702805555556 0.4136985609375 0.5654722055555556 0.44378703203125003 0.5654722055555556 0.44378703203125003 0.5221702805555556
2 0.359252759375 0.5247174527777777 0.359252759375 0.6164156486111112 0.415131346875 0.6164156486111112 0.415131346875 0.5247174527777777
2 0.30480695703125 0.5476420013888889 0.30480695703125 0.6571703986111112 0.3864756625 0.6571703986111112 0.3864756625 0.5476420013888889
7 0.2575250734375 0.47377400972222217 0.2575250734375 0.5017929055555556 0.2904791109375 0.5017929055555556 0.2904791109375 0.47377400972222217
7 0.1672596625 0.4228305680555556 0.1672596625 0.4432079458333333 0.1959153484375 0.4432079458333333 0.1959153484375 0.4228305680555556
7 0.78622248203125 0.4279249125 0.78622248203125 0.45339663333333335 0.8306387960937499 0.45339663333333335 0.8306387960937499 0.4279249125
2 0.49680005234375 0.5247174527777777 0.49680005234375 0.5552835180555555 0.5096951109375001 0.5552835180555555 0.5096951109375001 0.5247174527777777
2 0.5211573859375 0.5170759388888888 0.5211573859375 0.5450948319444444 0.5526786421875001 0.5450948319444444 0.5526786421875001 0.5170759388888888
2 0.4466526015625 0.5349061402777778 0.4466526015625 0.9144347861111112 0.7532684429687501 0.9144347861111112 0.7532684429687501 0.5349061402777778
2 0.936664834375 0.5578306902777778 0.936664834375 0.6444345416666667 0.998274559375 0.6444345416666667 0.998274559375 0.5578306902777778