2 0.5867901882812501 0.47686859861111114 0.5867901882812501 0.5163909680555555 0.60785145390625 0.5163909680555555 0.60785145390625 0.47686859861111114
2 0.53998738203125 0.4706282236111111 0.53998738203125 0.5351120902777778 0.59732081875 0.5351120902777778 0.59732081875 0.4706282236111111
2 0.46709200703125 0.46089620555555555 0.46709200703125 0.5586620680555556 0.5471540421875 0.5586620680555556 0.5471540421875 0.46089620555555555
1 0.54642276953125 0.409784575 0.54642276953125 0.5158709402777778 0.62832768203125 0.5158709402777778 0.62832768203125 0.409784575
1 0.72450746015625 0.42517751944444443 0.72450746015625 0.5187831333333334 0.78418103828125 0.5187831333333334 0.78418103828125 0.42517751944444443
2 0.6555318117187501 0.4274656361111111 0.6555318117187501 0.4482668819444445 0.7210557414062501 0.4482668819444445 0.7210557414062501 0.4274656361111111
2 0.5853276015625 0.44202650833333335 0.5853276015625 0.6812408569444445 0.76434833671875 0.6812408569444445 0.76434833671875 0.44202650833333335
1 0.79611573515625 0.43308196666666665 0.79611573515625 0.4992299375 0.84057840078125 0.4992299375 0.84057840078125 0.43308196666666665
4 0.0900954046875 0.4604009486111111 0.0900954046875 0.5727276777777778 0.113496809375 0.5727276777777778 0.113496809375 0.4604009486111111
4 0.141578490625 0.4666413222222222 0.141578490625 0.5831283083333333 0.17083024609375 0.5831283083333333 0.17083024609375 0.4666413222222222
4 0.16732003515625 0.4666413222222222 0.16732003515625 0.5706475597222223 0.1848710890625 0.5706475597222223 0.1848710890625 0.4666413222222222
4 0.1778506671875 0.46872144583333336 0.1778506671875 0.5706475597222223 0.197741859375 0.5706475597222223 0.197741859375 0.46872144583333336
4 0.12519750859375 0.47218831666666666 0.12519750859375 0.5753625152777778 0.14508870000000001 0.5753625152777778 0.14508870000000001 0.47218831666666666
4 0.11115666484375 0.47551652777777775 0.11115666484375 0.5774426388888888 0.12519750703125002 0.5774426388888888 0.12519750703125002 0.47551652777777775
4 0.24922494453125 0.4713562791666667 0.24922494453125 0.5649618930555556 0.26209571640624996 0.5649618930555556 0.26209571640624996 0.4713562791666667
4 0.24103445390624997 0.4692761513888889 0.24103445390624997 0.5233593972222222 0.2492249453125 0.5233593972222222 0.2492249453125 0.4692761513888889
4 0.2269936125 0.4713562791666667 0.2269936125 0.5712022680555555 0.24103445625000003 0.5712022680555555 0.24103445625000003 0.4713562791666667
4 0.27964677031249996 0.4692761513888889 0.27964677031249996 0.5876352375 0.29836789296875 0.5876352375 0.29836789296875 0.4692761513888889
4 0.46521990703125005 0.4792607569444444 0.46521990703125005 0.5210712472222222 0.472240328125 0.5210712472222222 0.472240328125 0.4792607569444444
4 0.44532871171875 0.46469988333333334 0.44532871171875 0.527103625 0.45585934296874997 0.527103625 0.45585934296874997 0.46469988333333334
4 0.32791216484375 0.4690681291666667 0.32791216484375 0.5522731180555556 0.3466332875 0.5522731180555556 0.3466332875 0.4690681291666667
4 0.2857896390625 0.40042401250000004 0.2857896390625 0.6313178569444444 0.32674209374999996 0.6313178569444444 0.32674209374999996 0.40042401250000004
4 0.8134912828124999 0.4633477861111111 0.8134912828124999 0.49662978055555557 0.82285184375 0.49662978055555557 0.82285184375 0.4633477861111111
4 0.8053007929687499 0.4633477861111111 0.8053007929687499 0.5153509041666667 0.818171565625 0.5153509041666667 0.818171565625 0.4633477861111111
4 0.84508317890625 0.4633477861111111 0.84508317890625 0.49328672222222225 0.8544437390624999 0.49328672222222225 0.8544437390624999 0.4633477861111111
4 0.86190291796875 0.4579246027777778 0.86190291796875 0.49536684722222224 0.87126347890625 0.49536684722222224 0.87126347890625 0.4579246027777778
4 0.875943759375 0.36402183055555554 0.875943759375 0.7530051569444445 0.9718895132812501 0.7530051569444445 0.9718895132812501 0.36402183055555554
4 0.9773011078125 0.4274656361111111 0.9773011078125 0.5418724958333333 0.9988620812500001 0.5418724958333333 0.9988620812500001 0.4274656361111111
7 0.2726263484375 0.37483848194444447 0.2726263484375 0.39355960277777774 0.30187810078125 0.39355960277777774 0.30187810078125 0.37483848194444447
7 0.51600094453125 0.4226813569444445 0.51600094453125 0.44764285138888893 0.5265315765625 0.44764285138888893 0.5265315765625 0.4226813569444445
7 0.5300417859375 0.41852110833333334 0.5300417859375 0.44764285138888893 0.54057241953125 0.44764285138888893 0.54057241953125 0.41852110833333334
7 0.7977538609375 0.3914794680555555 0.7977538609375 0.40604034305555553 0.8082844921874999 0.40604034305555553 0.8082844921874999 0.3914794680555555
7 0.86234171484375 0.29121746388888886 0.86234171484375 0.32033920694444445 0.88106283828125 0.32033920694444445 0.88106283828125 0.29121746388888886
7 0.81904911640625 0.3702622055555556 0.81904911640625 0.40562432638888885 0.84362058984375 0.40562432638888885 0.84362058984375 0.3702622055555556
6 0.265605928125 0.40007732361111115 0.265605928125 0.43543944305555554 0.28315698203125 0.43543944305555554 0.28315698203125 0.40007732361111115
6 0.71052510859375 0.39002339027777777 0.71052510859375 0.4149848888888889 0.72105573984375 0.4149848888888889 0.72105573984375 0.39002339027777777