2 0 0.4493069430555555 0 0.6073964236111111 0.20321436875 0.6073964236111111 0.20321436875 0.4493069430555555
2 0.19268373671875 0.4929895638888889 0.19268373671875 0.5553933041666667 0.255867525 0.5553933041666667 0.255867525 0.4929895638888889
2 0.27692878828125 0.47426844027777776 0.27692878828125 0.5366721805555555 0.33192208515625 0.5366721805555555 0.33192208515625 0.47426844027777776
9 0.32724180546875 0.4451466944444445 0.32724180546875 0.5221113111111111 0.36936433046875 0.5221113111111111 0.36936433046875 0.4451466944444445
2 0.43254811953125005 0.4784286888888889 0.43254811953125005 0.5179510611111111 0.45360938359374997 0.5179510611111111 0.45360938359374997 0.4784286888888889
2 0.4711604359375 0.48466906388888886 0.4711604359375 0.5158709361111111 0.4957319078125 0.5158709361111111 0.4957319078125 0.48466906388888886
2 0.37939525078125 0.48362900277777776 0.37939525078125 0.502350125 0.39460616328125 0.502350125 0.39460616328125 0.48362900277777776
2 0.3852456015625 0.48986937638888894 0.3852456015625 0.5127507486111111 0.40630686562499996 0.5127507486111111 0.40630686562499996 0.48986937638888894
2 0.40747693671874996 0.4857091263888889 0.40747693671874996 0.502350125 0.42034770703125 0.502350125 0.42034770703125 0.4857091263888889
2 0.46481037265624997 0.4857091263888889 0.46481037265624997 0.5085904986111112 0.47534100468749996 0.5085904986111112 0.47534100468749996 0.4857091263888889
2 0.45896002343750003 0.4857091263888889 0.45896002343750003 0.5106706249999999 0.46949065390625 0.5106706249999999 0.46949065390625 0.4857091263888889
9 0.4566198828125 0.4732283805555555 0.4566198828125 0.494029625 0.46949065546875 0.494029625 0.46949065546875 0.4732283805555555
7 0.38407553125 0.23193390972222222 0.38407553125 0.2839370291666667 0.49172198671875 0.2839370291666667 0.49172198671875 0.23193390972222222