6 0.65486145234375 0.15670271944444444 0.65486145234375 0.22950708611111112 0.6689022945312499 0.22950708611111112 0.6689022945312499 0.15670271944444444
7 0.65369138203125 0.12342072361111112 0.65369138203125 0.14630209583333334 0.6665621539062501 0.14630209583333334 0.6665621539062501 0.12342072361111112
7 0.77654875 0.4312791847222222 0.77654875 0.45416055833333335 0.790589590625 0.45416055833333335 0.790589590625 0.4312791847222222
7 0.774208609375 0.4604009319444445 0.774208609375 0.48744255555555555 0.790589590625 0.48744255555555555 0.790589590625 0.4604009319444445
6 0.84566821328125 0.44410663194444444 0.84566821328125 0.4690681277777778 0.8538587039062501 0.4690681277777778 0.8538587039062501 0.44410663194444444
7 0.8450831781250001 0.42538550972222217 0.8450831781250001 0.4420265069444445 0.85444373984375 0.4420265069444445 0.85444373984375 0.42538550972222217
6 0.96560040546875 0.15496929444444446 0.96560040546875 0.24233453194444443 0.98315145859375 0.24233453194444443 0.98315145859375 0.15496929444444446
7 0.9691106156249999 0.13000779444444444 0.9691106156249999 0.15080904166666667 0.984321528125 0.15080904166666667 0.984321528125 0.13000779444444444
6 0.76200819609375 0.4045842625 0.76200819609375 0.43578613472222216 0.777219109375 0.43578613472222216 0.777219109375 0.4045842625
6 0.78540959921875 0.3962637625 0.78540959921875 0.43162588194444446 0.79711030078125 0.43162588194444446 0.79711030078125 0.3962637625
6 0.04475518359375 0.3276196472222222 0.04475518359375 0.3775426416666666 0.07751714765625 0.3775426416666666 0.07751714765625 0.3276196472222222
6 0.25770795390625 0.0010400625 0.25770795390625 0.08424505138888888 0.2834494984375 0.08424505138888888 0.2834494984375 0.0010400625
6 0.0646463765625 0.3151388986111111 0.0646463765625 0.36090164305555555 0.08453756953125 0.36090164305555555 0.08453756953125 0.3151388986111111
6 0.0038027281250000004 0.31097864861111113 0.0038027281250000004 0.39210351388888887 0.0178435703125 0.39210351388888887 0.0178435703125 0.31097864861111113
6 0.14789686953125 0.40895252499999996 0.14789686953125 0.44223452083333337 0.1595975703125 0.44223452083333337 0.1595975703125 0.40895252499999996
7 0.14789686953125 0.3927275416666666 0.14789686953125 0.40936853888888886 0.15608736015625 0.40936853888888886 0.15608736015625 0.3927275416666666
6 0.47270834765625 0.39480767361111113 0.47270834765625 0.42184929583333336 0.47855869765625 0.42184929583333336 0.47855869765625 0.39480767361111113
7 0.47083623515625 0.38648717361111107 0.47083623515625 0.39480767361111113 0.48136686640625 0.39480767361111113 0.48136686640625 0.38648717361111107
6 0.64283655 0.3095225652777778 0.64283655 0.3552853097222222 0.6545372515625 0.3552853097222222 0.6545372515625 0.3095225652777778
6 0.67630055546875 0.45180309444444444 0.67630055546875 0.4705242166666667 0.68215090625 0.4705242166666667 0.68215090625 0.45180309444444444
6 0.224653471875 0.44972297083333335 0.224653471875 0.4663639680555556 0.23167389374999997 0.4663639680555556 0.23167389374999997 0.44972297083333335
6 0.2422045234375 0.44972297083333335 0.2422045234375 0.4663639680555556 0.2492249453125 0.4663639680555556 0.2492249453125 0.44972297083333335
6 0.22231333203124998 0.3956397222222222 0.22231333203124998 0.4372422180555555 0.23050382265625 0.4372422180555555 0.23050382265625 0.3956397222222222
6 0.21295276953125 0.3935595986111111 0.21295276953125 0.4372422180555555 0.21997319140625 0.4372422180555555 0.21997319140625 0.3935595986111111
2 0.45164708515624996 0.47884472499999997 0.45164708515624996 0.6119727083333333 0.5066403828125 0.6119727083333333 0.5066403828125 0.47884472499999997
2 0.8927635374999999 0.5038062222222222 0.8927635374999999 0.5329279680555555 0.9290357124999999 0.5329279680555555 0.9290357124999999 0.5038062222222222
2 0.8717022742187501 0.5038062222222222 0.8717022742187501 0.5329279680555555 0.8915934664062499 0.5329279680555555 0.8915934664062499 0.5038062222222222
2 0.84128045 0.5038062222222222 0.84128045 0.5350080944444444 0.879892765625 0.5350080944444444 0.879892765625 0.5038062222222222
2 0.8260695374999999 0.5038062222222222 0.8260695374999999 0.5329279680555555 0.8424505203124999 0.5329279680555555 0.8424505203124999 0.5038062222222222
2 0.78628715234375 0.5038062222222222 0.78628715234375 0.5412484666666667 0.8354300984374999 0.5412484666666667 0.8354300984374999 0.5038062222222222
2 0.73363399453125 0.49548572222222226 0.73363399453125 0.5350080916666666 0.7851170820312501 0.5350080916666666 0.7851170820312501 0.49548572222222226
2 0.704382240625 0.4913254736111111 0.704382240625 0.5225273444444445 0.73129385390625 0.5225273444444445 0.73129385390625 0.4913254736111111
2 0.68098083671875 0.5017260986111112 0.68098083671875 0.5391683444444445 0.7277836429687501 0.5391683444444445 0.7277836429687501 0.5017260986111112
7 0.4521151125 0.45929154305555553 0.4521151125 0.47593254027777776 0.47551651640625003 0.47593254027777776 0.47551651640625003 0.45929154305555553
2 0.9337159921874999 0.49673379027777775 0.9337159921874999 0.5320959111111111 0.98402901015625 0.5320959111111111 0.98402901015625 0.49673379027777775
2 0.1701282015625 0.4696921694444444 0.1701282015625 0.621541275 0.26841409609375 0.621541275 0.26841409609375 0.4696921694444444
2 0.2477525828125 0.4143608583333333 0.2477525828125 0.7542380125 0.47345562890625 0.7542380125 0.47345562890625 0.4143608583333333
2 0.47785665625 0.4663639763888889 0.47785665625 0.7014180708333333 0.68612914609375 0.7014180708333333 0.68612914609375 0.4663639763888889