2 0.12339839453125001 0.5085050208333333 0.12339839453125001 0.9746924472222221 0.56355638515625 0.9746924472222221 0.56355638515625 0.5085050208333333
9 0.00085359453125 0.1782889263888889 0.00085359453125 0.9656246638888889 0.19933586796875 0.9656246638888889 0.19933586796875 0.1782889263888889
9 0.383906115625 0.4550877138888889 0.383906115625 0.5813468069444444 0.49799877890625 0.5813468069444444 0.49799877890625 0.4550877138888889
4 0.5458012 0.5619223319444444 0.5458012 0.6663288888888889 0.57994578671875 0.6663288888888889 0.57994578671875 0.5619223319444444
4 0.50482769609375 0.5619223319444444 0.50482769609375 0.6250518791666667 0.5225828828125 0.6250518791666667 0.5225828828125 0.5619223319444444
4 0.52121709765625 0.5497820333333334 0.52121709765625 0.6177677 0.532143365625 0.6177677 0.532143365625 0.5497820333333334
4 0.5130223968750001 0.5570662111111111 0.5130223968750001 0.6153396402777778 0.5198513140625 0.6153396402777778 0.5198513140625 0.5570662111111111
6 0.33683632890625004 0.42664474444444445 0.33683632890625004 0.4606375763888889 0.3422994625 0.4606375763888889 0.3422994625 0.42664474444444445
6 0.42424647109375 0.4120763875 0.42424647109375 0.4460692194444445 0.43244117187500003 0.4460692194444445 0.43244117187500003 0.4120763875
6 0.54716698359375 0.5091987680555555 0.54716698359375 0.5359074222222222 0.56355638515625 0.5359074222222222 0.56355638515625 0.5091987680555555
6 0.41878333671875 0.41693250416666666 0.41878333671875 0.4484972777777778 0.42561225468749997 0.4484972777777778 0.42561225468749997 0.41693250416666666
6 0.33137319453125 0.42907280277777776 0.33137319453125 0.46792175416666665 0.33820211171875003 0.46792175416666665 0.33820211171875003 0.42907280277777776
7 0.5253144484375001 0.4405193569444445 0.5253144484375001 0.46479995138888885 0.54170385 0.46479995138888885 0.54170385 0.4405193569444445
7 0.53624071484375 0.46237189027777775 0.53624071484375 0.4817963666666667 0.559459034375 0.4817963666666667 0.559459034375 0.46237189027777775
7 0.5034619124999999 0.4793683083333333 0.5034619124999999 0.4890805472222222 0.5198513140625 0.4890805472222222 0.5198513140625 0.4793683083333333
7 0.2480604015625 0.46722800972222217 0.2480604015625 0.4745121888888889 0.26444980546874997 0.4745121888888889 0.26444980546874997 0.46722800972222217