2 0 0.4222653222222222 0 0.8424505194444445 0.1868333859375 0.8424505194444445 0.1868333859375 0.4222653222222222
9 0.71453503046875 0.002080125 0.71453503046875 0.7197231597222223 0.99886208046875 0.7197231597222223 0.99886208046875 0.002080125
9 0.43956854140625 0.3661019555555556 0.43956854140625 0.5366721847222222 0.5203033828125 0.5366721847222222 0.5203033828125 0.3661019555555556
2 0.4091467171875 0.4451466944444445 0.4091467171875 0.60115605 0.51562310234375 0.60115605 0.51562310234375 0.4451466944444445
2 0.4091467171875 0.46594794027777775 0.4091467171875 0.5013100611111111 0.42084741875000004 0.5013100611111111 0.42084741875000004 0.46594794027777775
2 0.34128264765625 0.42850569722222226 0.34128264765625 0.5387523069444444 0.40914671562500005 0.5387523069444444 0.40914671562500005 0.42850569722222226
2 0.11896931484375 0.4784286888888889 0.11896931484375 0.5408324319444445 0.16811226328125 0.5408324319444445 0.16811226328125 0.4784286888888889
2 0.17513268437500001 0.4825889402777778 0.17513268437500001 0.5325119347222222 0.20789464921874998 0.5325119347222222 0.20789464921874998 0.4825889402777778
2 0.20204429765624998 0.48674918888888885 0.20204429765624998 0.5262715583333334 0.23831647265624997 0.5262715583333334 0.23831647265624997 0.48674918888888885
2 0.2336361921875 0.4909094388888889 0.2336361921875 0.5262715597222223 0.25001717421874997 0.5262715597222223 0.25001717421874997 0.4909094388888889
2 0.24767703515625 0.4909094388888889 0.24767703515625 0.5241914347222222 0.28043900078125 0.5241914347222222 0.28043900078125 0.4909094388888889
2 0.26873829531250004 0.48466906388888886 0.26873829531250004 0.5200311833333333 0.29447983984375 0.5200311833333333 0.29447983984375 0.48466906388888886
6 0.33309215546875 0.32033920694444445 0.33309215546875 0.3536212027777778 0.3412826484375 0.3536212027777778 0.3412826484375 0.32033920694444445
6 0.64316075078125 0.405624325 0.64316075078125 0.42850569861111115 0.65486145234375 0.42850569861111115 0.65486145234375 0.405624325
6 0.30852068359375 0.40146407638888887 0.30852068359375 0.42018519722222225 0.31320096406250003 0.42018519722222225 0.31320096406250003 0.40146407638888887
6 0.30150026171875 0.40146407638888887 0.30150026171875 0.42018519722222225 0.3108608234375 0.42018519722222225 0.3108608234375 0.40146407638888887
6 0.63263011796875 0.4035442013888889 0.63263011796875 0.4264255736111111 0.64199068046875 0.4264255736111111 0.64199068046875 0.4035442013888889
6 0.51913331328125 0.28289696666666664 0.51913331328125 0.31825908472222225 0.52732380234375 0.31825908472222225 0.52732380234375 0.28289696666666664
6 0.527323803125 0.27873671527777777 0.527323803125 0.31825908472222225 0.54136464609375 0.31825908472222225 0.54136464609375 0.27873671527777777
7 0.6220994875 0.3390603333333333 0.6220994875 0.35362120694444443 0.64199068046875 0.35362120694444443 0.64199068046875 0.3390603333333333
7 0.62911990859375 0.3661019555555556 0.62911990859375 0.3785827027777778 0.6490111023437499 0.3785827027777778 0.6490111023437499 0.3661019555555556
4 0.33112985703125003 0.4805088152777778 0.33112985703125003 0.5117106861111111 0.338150278125 0.5117106861111111 0.338150278125 0.4805088152777778
4 0.32527950625 0.4825889402777778 0.32527950625 0.5117106861111111 0.33112985703125003 0.5117106861111111 0.33112985703125003 0.4825889402777778
4 0.31942915546875 0.48466906388888886 0.31942915546875 0.5117106847222223 0.32644957578125 0.5117106847222223 0.32644957578125 0.48466906388888886
4 0.31006859453125 0.48466906388888886 0.31006859453125 0.5075504347222222 0.314748875 0.5075504347222222 0.314748875 0.48466906388888886
4 0.30304817265625 0.4825889402777778 0.30304817265625 0.5075504388888888 0.30889852421874997 0.5075504388888888 0.30889852421874997 0.4825889402777778
4 0.67559850703125 0.4576274430555556 0.67559850703125 0.5096305611111112 0.68495906875 0.5096305611111112 0.68495906875 0.4576274430555556
4 0.54923092890625 0.46594794027777775 0.54923092890625 0.5075504333333333 0.55508128046875 0.5075504333333333 0.55508128046875 0.46594794027777775
4 0.5609316304687499 0.47426844027777776 0.5609316304687499 0.4992299375 0.5679520515625 0.4992299375 0.5679520515625 0.47426844027777776
4 0.713508809375 0.4555473180555556 0.713508809375 0.5200311847222222 0.7287197203125 0.5200311847222222 0.7287197203125 0.4555473180555556
2 0.51927714296875 0.46594794027777775 0.51927714296875 0.5054703097222222 0.5333179859375 0.5054703097222222 0.5333179859375 0.46594794027777775