7 0.43963833828125 0.37779219583333334 0.43963833828125 0.42631596527777776 0.450361225 0.42631596527777776 0.450361225 0.37779219583333334
7 0.25052561640625004 0.3847241625 0.25052561640625004 0.4037870736111111 0.2719713890625 0.4037870736111111 0.2719713890625 0.3847241625
7 0.28854312265625 0.4020540805555556 0.28854312265625 0.41765100694444446 0.29439196875 0.41765100694444446 0.29439196875 0.4020540805555556
7 0.29536677734375 0.3881901472222223 0.29536677734375 0.4037870736111111 0.30608966328125 0.4037870736111111 0.30608966328125 0.3881901472222223
7 0.30608966328125 0.3881901472222223 0.30608966328125 0.4055200638888889 0.33338428359375 0.4055200638888889 0.33338428359375 0.3881901472222223
7 0.33533389921875 0.39165612916666664 0.33533389921875 0.4055200638888889 0.34215755390624997 0.4055200638888889 0.34215755390624997 0.39165612916666664
2 0.3197369734375 0.39165612916666664 0.3197369734375 0.5562903444444445 0.4269658359375 0.5562903444444445 0.4269658359375 0.39165612916666664
2 0.47765584375000003 0.43671391527777775 0.47765584375000003 0.5354944416666666 0.5683129734375 0.5354944416666666 0.5683129734375 0.43671391527777775
2 0.29049273750000004 0.4211169888888889 0.29049273750000004 0.4731067430555556 0.3275354359375 0.4731067430555556 0.3275354359375 0.4211169888888889
9 0.16864175703125 0.37605920416666666 0.16864175703125 0.43324793194444444 0.22225618906250003 0.43324793194444444 0.22225618906250003 0.37605920416666666
2 0.1384227140625 0.3968551069444445 0.1384227140625 0.42458297361111114 0.16766695 0.42458297361111114 0.16766695 0.3968551069444445
7 0.8480828257812499 0.4488448569444444 0.8480828257812499 0.48350469027777776 0.866604175 0.48350469027777776 0.866604175 0.4488448569444444
2 0.282694275 0.4228499819444444 0.282694275 0.44537887361111117 0.29536677734375 0.44537887361111117 0.29536677734375 0.4228499819444444