4 0.575928046875 0.4946365888888889 0.575928046875 0.57760995 0.5948493375 0.57760995 0.5948493375 0.4946365888888889
4 0.63269191875 0.4834239722222223 0.63269191875 0.5260319152777778 0.6465675320312501 0.5260319152777778 0.6465675320312501 0.4834239722222223
4 0.62764624140625 0.5237893916666666 0.62764624140625 0.6516132236111111 0.6604431453124999 0.6516132236111111 0.6604431453124999 0.5237893916666666
4 0.68314869375 0.478938925 0.68314869375 0.5305169611111111 0.70206998515625 0.5305169611111111 0.70206998515625 0.478938925
4 0.6881943710937499 0.48790901805555553 0.6881943710937499 0.5708823819444445 0.72225269453125 0.5708823819444445 0.72225269453125 0.48790901805555553
4 0.7071156617187501 0.5013641583333334 0.7071156617187501 0.678523501388889 0.739912565625 0.678523501388889 0.739912565625 0.5013641583333334
4 0.72603695234375 0.4991216347222222 0.72603695234375 0.5529421958333334 0.741173984375 0.5529421958333334 0.741173984375 0.4991216347222222
4 0.73360546875 0.4923940666666667 0.73360546875 0.6359155583333334 0.7626181148437501 0.6359155583333334 0.7626181148437501 0.4923940666666667
4 0.72603695234375 0.4991216347222222 0.72603695234375 0.678523501388889 0.7865850828125 0.678523501388889 0.7865850828125 0.4991216347222222
4 0.776493728125 0.49687911111111105 0.776493728125 0.57760995 0.80676779296875 0.57760995 0.80676779296875 0.49687911111111105
4 0.7802779859375 0.478938925 0.7802779859375 0.5394870555555555 0.80172211484375 0.5394870555555555 0.80172211484375 0.478938925
4 0.7991992765625 0.478938925 0.7991992765625 0.678523501388889 0.8294733414062501 0.678523501388889 0.8294733414062501 0.478938925
4 0.8256890828125 0.4834239722222223 0.8256890828125 0.5551847166666667 0.8723616 0.5551847166666667 0.8723616 0.4834239722222223
4 0.6573797 0.4991216347222222 0.6573797 0.6942211652777778 0.69396086171875 0.6942211652777778 0.69396086171875 0.4991216347222222
4 0.9071407367187501 0.478938925 0.9071407367187501 0.6717959333333333 0.95002899609375 0.6717959333333333 0.95002899609375 0.478938925
4 0.9437218984375001 0.4923940666666667 0.9437218984375001 0.6359155583333334 0.98030306171875 0.6359155583333334 0.98030306171875 0.4923940666666667
4 0.8680367359375 0.4901515416666667 0.8680367359375 0.6897361180555556 0.90966357578125 0.6897361180555556 0.90966357578125 0.4901515416666667
4 0.82893273515625 0.4991216347222222 0.82893273515625 0.7166463986111111 0.870559575 0.7166463986111111 0.870559575 0.4991216347222222
4 0.7734302828125 0.5237893916666666 0.7734302828125 0.7749520055555557 0.8377626703125 0.7749520055555557 0.8377626703125 0.5237893916666666
4 0.688915184375 0.5058492055555556 0.688915184375 0.7233739680555555 0.72045066953125 0.7233739680555555 0.72045066953125 0.5058492055555556
4 0.52315792265625 0.502773725 0.52315792265625 0.639567648611111 0.55217056875 0.639567648611111 0.55217056875 0.502773725
4 0.446211340625 0.49111261111111115 0.446211340625 0.5924746569444445 0.471439728125 0.5924746569444445 0.471439728125 0.49111261111111115
4 0.56175208984375 0.5000827041666667 0.56175208984375 0.5763284972222222 0.5731048640624999 0.5763284972222222 0.5731048640624999 0.5000827041666667
4 0.59202615390625 0.49784018055555557 0.59202615390625 0.6682719555555555 0.6361758328125 0.6682719555555555 0.6361758328125 0.49784018055555557
4 0.46690537421875 0.4699688319444445 0.46690537421875 0.5170618236111111 0.48204240546875 0.5170618236111111 0.48204240546875 0.4699688319444445
4 0.9676888671875 0.4923940666666667 0.9676888671875 0.6247029416666666 0.99796293203125 0.6247029416666666 0.99796293203125 0.4923940666666667
2 0.35067458671875 0.48617906666666666 0.35067458671875 0.5063617763888889 0.3620273609375 0.5063617763888889 0.3620273609375 0.48617906666666666
2 0.38347149062499997 0.48617906666666666 0.38347149062499997 0.5220594416666666 0.39734710390625 0.5220594416666666 0.39734710390625 0.48617906666666666
2 0.28886503750000003 0.4839365430555555 0.28886503750000003 0.5130893458333333 0.3052634890625 0.5130893458333333 0.3052634890625 0.4839365430555555
2 0.27120516640625 0.48617906666666666 0.27120516640625 0.5332720583333332 0.295172134375 0.5332720583333332 0.295172134375 0.48617906666666666
2 0.2548067140625 0.48617906666666666 0.2548067140625 0.5355145791666667 0.27751226328125 0.5355145791666667 0.27751226328125 0.48617906666666666
2 0.2421925203125 0.48617906666666666 0.2421925203125 0.5422421513888889 0.25985239140625 0.5422421513888889 0.25985239140625 0.48617906666666666
2 0.11731200234375001 0.4592687861111111 0.11731200234375001 0.5713949513888888 0.17786013203125 0.5713949513888888 0.17786013203125 0.4592687861111111
2 0 0.17088027083333332 0 0.8032718541666667 0.15860772265625 0.8032718541666667 0.15860772265625 0.17088027083333332
1 0.39356284609375003 0.42204290277777773 0.39356284609375003 0.5565943027777778 0.4578952328125 0.5565943027777778 0.4578952328125 0.42204290277777773
1 0.358243103125 0.4691358930555556 0.358243103125 0.5117438361111111 0.37842581328125 0.5117438361111111 0.37842581328125 0.4691358930555556
2 0.29643355390625004 0.4893186027777778 0.29643355390625004 0.5902321513888888 0.3620273609375 0.5902321513888888 0.3620273609375 0.4893186027777778
2 0.19425858437500002 0.48034850972222226 0.19425858437500002 0.5521092555555556 0.25102245546875 0.5521092555555556 0.25102245546875 0.48034850972222226
5 0.16650735781249998 0.4848335555555555 0.16650735781249998 0.5565943027777778 0.195520003125 0.5565943027777778 0.195520003125 0.4848335555555555
3 0.16650735781249998 0.5127903472222222 0.16650735781249998 0.5666109083333334 0.19804284296875002 0.5666109083333334 0.19804284296875002 0.5127903472222222
7 0.651323634375 0.1140306638888889 0.651323634375 0.15076537361111111 0.70470376015625 0.15076537361111111 0.70470376015625 0.1140306638888889
7 0.65390654375 0.16913272916666666 0.65390654375 0.27474502083333335 0.69437212265625 0.27474502083333335 0.69437212265625 0.16913272916666666
7 0.6590723625 0.2854593125 0.6590723625 0.3528062805555556 0.688345334375 0.3528062805555556 0.688345334375 0.2854593125
6 0.32237168125000004 0.43731798194444443 0.32237168125000004 0.45721595000000004 0.32839846953124996 0.45721595000000004 0.32839846953124996 0.43731798194444443
6 0.3628372609375 0.44190982083333336 0.3628372609375 0.4602771763888889 0.3645592 0.4602771763888889 0.3645592 0.44190982083333336