7 0.7951514265624999 0.4481246847222222 0.7951514265624999 0.49265590277777777 0.81492680390625 0.49265590277777777 0.81492680390625 0.4481246847222222
7 0.33108924609375 0.4082809625 0.33108924609375 0.4481246847222222 0.3508646234375 0.4481246847222222 0.3508646234375 0.4082809625
7 0.3244974546875 0.3754684847222222 0.3244974546875 0.3965622208333333 0.34559118984375 0.3965622208333333 0.34559118984375 0.3754684847222222
7 0.27176311484375 0.37781223333333336 0.27176311484375 0.41765595555555557 0.28362834140625004 0.41765595555555557 0.28362834140625004 0.37781223333333336
4 0.11619681562499999 0.4504684333333333 0.11619681562499999 0.5676558527777777 0.146519059375 0.5676558527777777 0.146519059375 0.4504684333333333
4 0.67386244765625 0.4903121555555555 0.67386244765625 0.5676558527777777 0.69231946640625 0.5676558527777777 0.69231946640625 0.4903121555555555
2 0.5022945765625 0.5003902805555556 0.5022945765625 0.5214840166666667 0.5154781609375 0.5214840166666667 0.5154781609375 0.5003902805555556
2 0.48383755859375005 0.5027340277777778 0.48383755859375005 0.5191402680555556 0.50493129453125 0.5191402680555556 0.50493129453125 0.5027340277777778
2 0.4601071046875 0.509765275 0.4601071046875 0.5402340041666667 0.5036129351562499 0.5402340041666667 0.5036129351562499 0.509765275
2 0.4020993328125 0.48398404166666664 0.4020993328125 0.5777339777777778 0.47592740703125 0.5777339777777778 0.47592740703125 0.48398404166666664
2 0.55107383984375 0.509765275 0.55107383984375 0.5332027569444444 0.5616207078125 0.5332027569444444 0.5616207078125 0.509765275
2 0.5616207078125 0.5121090236111111 0.5616207078125 0.5308590097222222 0.5695308578125 0.5308590097222222 0.5695308578125 0.5121090236111111
2 0.5405269726562499 0.5074215263888889 0.5405269726562499 0.5378902555555556 0.5537105570312499 0.5378902555555556 0.5537105570312499 0.5074215263888889
2 0.5840328015625 0.5144527708333334 0.5840328015625 0.5285152611111111 0.599853103125 0.5285152611111111 0.599853103125 0.5144527708333334
2 0.22016586484374998 0.48398404166666664 0.22016586484374998 0.5355465069444444 0.2570799015625 0.5355465069444444 0.2570799015625 0.48398404166666664
2 0.7343256671875 0.5658478124999999 0.7343256671875 0.6056915347222223 0.75805611875 0.6056915347222223 0.75805611875 0.5658478124999999
2 0.6974116296874999 0.5189728430555556 0.6974116296874999 0.5963165416666667 0.833202553125 0.5963165416666667 0.833202553125 0.5189728430555556
2 0.75278268515625 0.5142853486111112 0.75278268515625 0.6033477847222223 0.8925286828125 0.6033477847222223 0.8925286828125 0.5142853486111112
2 0.76464791171875 0.5179683944444444 0.76464791171875 0.6445308083333333 0.94921809765625 0.6445308083333333 0.94921809765625 0.5179683944444444
2 0.59476093984375 0.49968714999999997 0.59476093984375 0.5254683819444445 0.6409034859375 0.5254683819444445 0.6409034859375 0.49968714999999997
2 0.598716015625 0.5184371361111111 0.598716015625 0.5512496138888889 0.6448585625 0.5512496138888889 0.6448585625 0.5184371361111111
2 0.26121624765624996 0.44343718749999994 0.26121624765624996 0.5840620930555556 0.43523956484375 0.5840620930555556 0.43523956484375 0.44343718749999994
2 0.50379420546875 0.4973434013888889 0.50379420546875 0.5676558527777777 0.5459816765625 0.5676558527777777 0.5459816765625 0.4973434013888889
2 0.5631203367187501 0.5043746458333334 0.5631203367187501 0.5418746222222222 0.5855324304687499 0.5418746222222222 0.5855324304687499 0.5043746458333334
2 0.85315919921875 0.5301558791666667 0.85315919921875 0.6637495361111111 0.9994969890625001 0.6637495361111111 0.9994969890625001 0.5301558791666667
2 0.87952636875 0.5395308722222222 0.87952636875 0.7199994986111111 0.9994969906250001 0.7199994986111111 0.9994969906250001 0.5395308722222222