7 0.65461809921875 0.2736964888888889 0.65461809921875 0.34194289166666664 0.688208125 0.34194289166666664 0.688208125 0.2736964888888889
2 0.36070537890625 0.3270139902777778 0.36070537890625 0.3504736902777778 0.36910288515625 0.3504736902777778 0.36910288515625 0.3270139902777778
9 0.33791214687500004 0.2907580888888889 0.33791214687500004 0.3504736902777778 0.361905021875 0.3504736902777778 0.361905021875 0.2907580888888889
2 0.28032924765625 0.3206158902777778 0.28032924765625 0.3440755902777778 0.28992639765625 0.3440755902777778 0.28992639765625 0.3206158902777778
2 0.26353423671875 0.3142177888888889 0.26353423671875 0.3462082888888889 0.28392818046875 0.3462082888888889 0.28392818046875 0.3142177888888889
2 0.203552046875 0.3120850902777778 0.203552046875 0.34194289166666664 0.226345278125 0.34194289166666664 0.226345278125 0.3120850902777778
2 0.12015189062500001 0.30142158888888887 0.12015189062500001 0.3496872527777778 0.14117057109375 0.3496872527777778 0.14117057109375 0.30142158888888887
2 0.132773065625 0.28649269027777774 0.132773065625 0.3739333902777778 0.20595133359375 0.3739333902777778 0.20595133359375 0.28649269027777774
2 0.20595133359375 0.30995239027777777 0.20595133359375 0.39739309027777775 0.280329246875 0.39739309027777775 0.280329246875 0.30995239027777777
9 0.28632746796875 0.2609002888888889 0.28632746796875 0.3718006902777778 0.34391036796874996 0.3718006902777778 0.34391036796874996 0.2609002888888889
2 0 0.2587675875 0 0.48696649027777783 0.0979833953125 0.48696649027777783 0.0979833953125 0.2587675875