7 0.61445898828125 0.2093655472222222 0.61445898828125 0.24063442777777777 0.6534601195312499 0.24063442777777777 0.6534601195312499 0.2093655472222222
7 0.68175505625 0.25151055694444446 0.68175505625 0.27190330555555553 0.69704961796875 0.27190330555555553 0.69704961796875 0.25151055694444446
7 0.908114559375 0.07885195833333333 0.908114559375 0.11419938888888889 0.9341153125 0.11419938888888889 0.9341153125 0.07885195833333333
7 0.6718135921874999 0.18489424861111112 0.6718135921874999 0.22839877777777778 0.693225978125 0.22839877777777778 0.693225978125 0.18489424861111112
6 0.567810578125 0.1971298972222222 0.567810578125 0.23927490972222223 0.58004622734375 0.23927490972222223 0.58004622734375 0.1971298972222222
6 0.46839593203124996 0.19441086527777776 0.46839593203124996 0.2311178138888889 0.48598467578125 0.2311178138888889 0.48598467578125 0.19441086527777776
2 0.23056550703125 0.35891236388888886 0.23056550703125 0.4404833555555555 0.315450321875 0.4404833555555555 0.315450321875 0.35891236388888886
2 0.433218440625 0.3222054180555555 0.433218440625 0.4663141708333333 0.51733852578125 0.4663141708333333 0.51733852578125 0.3222054180555555
2 0.5265152625 0.3385196180555556 0.5265152625 0.39697882916666666 0.5655163937500001 0.39697882916666666 0.5655163937500001 0.3385196180555556
2 0.5853993234375 0.31812686805555557 0.5853993234375 0.42009060833333334 0.6565190328125 0.42009060833333334 0.6565190328125 0.31812686805555557
4 0.30474412812499996 0.37386704861111114 0.30474412812499996 0.42416915833333335 0.31621504921875 0.42416915833333335 0.31621504921875 0.37386704861111114
4 0.7719929671875 0.30181267222222224 0.7719929671875 0.3657099458333334 0.78881698359375 0.3657099458333334 0.78881698359375 0.30181267222222224