7 0.76675754453125 0.6506247722222223 0.76675754453125 0.6712497652777778 0.775195040625 0.6712497652777778 0.775195040625 0.6506247722222223
7 0.69609350625 0.633749776388889 0.69609350625 0.6581247666666666 0.7045310015624999 0.6581247666666666 0.7045310015624999 0.633749776388889
2 0.652851334375 0.7056247430555556 0.652851334375 0.761874725 0.687656009375 0.761874725 0.687656009375 0.7056247430555556
2 0.67499976328125 0.7018747444444444 0.67499976328125 0.7787497152777778 0.721405996875 0.7787497152777778 0.721405996875 0.7018747444444444
2 0.7087497515625001 0.6812497527777778 0.7087497515625001 0.8087497055555556 0.79628878515625 0.8087497055555556 0.79628878515625 0.6812497527777778
2 0.7574103773437499 0.6866247597222223 0.7574103773437499 0.8534997013888889 0.900847828125 0.8534997013888889 0.900847828125 0.6866247597222223
2 0.44613265625 0.6849997513888889 0.44613265625 0.6999997472222222 0.45667952734375 0.6999997472222222 0.45667952734375 0.6849997513888889
2 0.4071092328125 0.683124751388889 0.4071092328125 0.7318747347222222 0.4514060921875 0.7318747347222222 0.4514060921875 0.683124751388889
2 0.400781109375 0.7074997444444444 0.400781109375 0.7356247333333333 0.4113279796875 0.7356247333333333 0.4113279796875 0.7074997444444444
2 0.6022263515625 0.6887497499999999 0.6022263515625 0.7056247430555556 0.6444138359375 0.7056247430555556 0.6444138359375 0.6887497499999999
2 0.60539041328125 0.7093747416666667 0.60539041328125 0.7412497319444444 0.6581247703125 0.7412497319444444 0.6581247703125 0.7093747416666667
9 0.63175759140625 0.683124751388889 0.63175759140625 0.7224997375 0.6792185109375 0.7224997375 0.6792185109375 0.683124751388889
2 0.520509084375 0.6297068111111112 0.520509084375 0.6915817888888889 0.60171999453125 0.6915817888888889 0.60171999453125 0.6297068111111112
9 0.44668098437500003 0.6015818236111111 0.44668098437500003 0.7534567694444445 0.519454396875 0.7534567694444445 0.519454396875 0.6015818236111111
2 0.35070445703124997 0.6953317875 0.35070445703124997 0.7534567680555556 0.40343881484375005 0.7534567680555556 0.40343881484375005 0.6953317875
2 0.2610560515625 0.7009567861111111 0.2610560515625 0.7890817555555556 0.32961071328124997 0.7890817555555556 0.32961071328124997 0.7009567861111111
2 0.16929827109375 0.7047067833333334 0.16929827109375 0.8134567486111111 0.27687635859375004 0.8134567486111111 0.27687635859375004 0.7047067833333334
2 0.44613265625 0.6693747652777778 0.44613265625 0.9731246583333334 0.633866965625 0.9731246583333334 0.633866965625 0.6693747652777778
2 0.00105468828125 0.7049997527777778 0.00105468828125 0.8643747 0.19300774609375 0.8643747 0.19300774609375 0.7049997527777778
2 0.8532418890625 0.6862497597222222 0.8532418890625 0.9037496833333334 0.99878871328125 0.9037496833333334 0.99878871328125 0.6862497597222222