6 0.24674918437499999 0.3757558625 0.24674918437499999 0.4199624347222222 0.26205145937499996 0.4199624347222222 0.26205145937499996 0.3757558625
6 0.33473726640625 0.38595738194444446 0.33473726640625 0.4284637027777778 0.3500395421875 0.4284637027777778 0.3500395421875 0.38595738194444446
6 0.41889977890625 0.39445864444444445 0.41889977890625 0.4199624347222222 0.4303764859375 0.4199624347222222 0.4303764859375 0.39445864444444445
6 0.48489083984375 0.3961588972222222 0.48489083984375 0.42166268749999997 0.4944547609375 0.42166268749999997 0.4944547609375 0.3961588972222222
2 0.47437052656249995 0.4947735597222222 0.47437052656249995 0.5083755833333333 0.48584723203125 0.5083755833333333 0.48584723203125 0.4947735597222222
2 0.66373617890625 0.4692697666666667 0.66373617890625 0.4947735597222222 0.71155578828125 0.4947735597222222 0.71155578828125 0.4692697666666667
7 0.6321752359375 0.3927583902777778 0.6321752359375 0.42336294305555555 0.67330009921875 0.42336294305555555 0.67330009921875 0.3927583902777778
7 0.63600080625 0.4369649638888889 0.63600080625 0.4692697666666667 0.6752128859375001 0.4692697666666667 0.6752128859375001 0.4369649638888889
7 0.6446083351562499 0.47097001944444444 0.6446083351562499 0.4947735597222222 0.66182339453125 0.4947735597222222 0.66182339453125 0.47097001944444444
7 0.5900939796875 0.42506319583333335 0.5900939796875 0.4471664805555555 0.60443986328125 0.4471664805555555 0.60443986328125 0.42506319583333335
7 0.72877084765625 0.3672546 0.72877084765625 0.4063604138888889 0.741203946875 0.4063604138888889 0.741203946875 0.3672546
6 0.44088136796875005 0.4681582444444444 0.44088136796875005 0.48498650972222224 0.44614020234374996 0.48498650972222224 0.44614020234374996 0.4681582444444444