6 0.19002488984375 0 0.19002488984375 0.049687456944444444 0.2045268328125 0.049687456944444444 0.2045268328125 0
6 0.20057175703125002 0.0028124916666666666 0.20057175703125002 0.04968745972222222 0.21375534218749997 0.04968745972222222 0.21375534218749997 0.0028124916666666666
6 0.167612796875 0.005156238888888889 0.167612796875 0.08249993611111112 0.1926616078125 0.08249993611111112 0.1926616078125 0.005156238888888889
7 0.8096533703125001 0.07078119583333332 0.8096533703125001 0.08953118333333333 0.82679203046875 0.08953118333333333 0.82679203046875 0.07078119583333332
7 0.59344258203125 0.11999991111111111 0.59344258203125 0.169218625 0.6114309234374999 0.169218625 0.6114309234374999 0.11999991111111111
7 0.43392120624999997 0.27234355555555556 0.43392120624999997 0.2957810388888889 0.44710479062499997 0.2957810388888889 0.44710479062499997 0.27234355555555556
7 0.2506693796875 0.21843734305555557 0.2506693796875 0.26765605833333334 0.28099162421875 0.26765605833333334 0.28099162421875 0.21843734305555557
7 0.10169487265624999 0.16453113055555554 0.10169487265624999 0.18796861388888889 0.13992726796875 0.18796861388888889 0.13992726796875 0.16453113055555554
7 0.12806204140625 0.18562486666666667 0.12806204140625 0.2442185763888889 0.17156787109375 0.2442185763888889 0.17156787109375 0.18562486666666667
7 0.9164404062499999 0.11999991111111111 0.9164404062499999 0.1504686375 0.92830563125 0.1504686375 0.92830563125 0.11999991111111111
7 0.11224173984375001 0.030937473611111113 0.11224173984375001 0.09421867916666668 0.15574756875 0.09421867916666668 0.15574756875 0.030937473611111113
7 0.33504432109375004 0.23718733194444444 0.33504432109375004 0.2981247875 0.38646030078125004 0.2981247875 0.38646030078125004 0.23718733194444444
7 0.298130284375 0.26531231111111114 0.298130284375 0.2910935416666666 0.30735879375 0.2910935416666666 0.30735879375 0.26531231111111114
6 0.7186866359375 0.1762498736111111 0.7186866359375 0.20437485416666665 0.7318702203125 0.20437485416666665 0.7318702203125 0.1762498736111111
4 0.7437354468749999 0.21609359583333335 0.7437354468749999 0.29109354444444446 0.762192465625 0.29109354444444446 0.762192465625 0.21609359583333335
4 0.53675316796875 0.2582810652777778 0.53675316796875 0.3496872527777778 0.56048361953125 0.3496872527777778 0.56048361953125 0.2582810652777778
4 0.565757053125 0.26765605833333334 0.565757053125 0.33796851111111115 0.58289571328125 0.33796851111111115 0.58289571328125 0.26765605833333334
4 0.60398944921875 0.2582810652777778 0.60398944921875 0.3285935166666667 0.6237648250000001 0.3285935166666667 0.6237648250000001 0.2582810652777778
4 0.6606788625 0.24421857500000002 0.6606788625 0.31218727777777777 0.6778175226562501 0.31218727777777777 0.6778175226562501 0.24421857500000002
4 0.7358252960937499 0.2278123361111111 0.7358252960937499 0.2887497944444445 0.74900888046875 0.2887497944444445 0.74900888046875 0.2278123361111111
4 0.75955574765625 0.2207810902777778 0.75955574765625 0.2910935416666666 0.7714209734375 0.2910935416666666 0.7714209734375 0.2207810902777778
4 0.79383306953125 0.20203110416666664 0.79383306953125 0.27937480138888887 0.80701665390625 0.27937480138888887 0.80701665390625 0.20203110416666664
2 0.12015189062500001 0.35437475 0.12015189062500001 0.3754684833333333 0.14388234453124998 0.3754684833333333 0.14388234453124998 0.35437475
2 0.49720241249999997 0.28640604583333334 0.49720241249999997 0.30046853749999997 0.5077492796875 0.30046853749999997 0.5077492796875 0.28640604583333334
2 0.48797390390624995 0.28640604583333334 0.48797390390624995 0.3028122847222222 0.49852077109375 0.3028122847222222 0.49852077109375 0.28640604583333334
2 0.47479031875000005 0.29343729166666666 0.47479031875000005 0.31453102499999996 0.4866555453125 0.31453102499999996 0.4866555453125 0.29343729166666666
1 0.5130227148437501 0.26531231111111114 0.5130227148437501 0.31453102499999996 0.5407082421875 0.31453102499999996 0.5407082421875 0.26531231111111114
9 0.8887548781250001 0.11999991111111111 0.8887548781250001 0.27234355555555556 0.9994969890625001 0.27234355555555556 0.9994969890625001 0.11999991111111111
2 0.9770848953125 0.18562486666666667 0.9770848953125 0.2582810652777778 0.9994969906250001 0.2582810652777778 0.9994969906250001 0.18562486666666667