7 0.73110588359375 0.2634147416666667 0.73110588359375 0.287676625 0.750602040625 0.287676625 0.750602040625 0.2634147416666667
7 0.53614431484375 0.4055200638888889 0.53614431484375 0.4159180138888888 0.54589239375 0.4159180138888888 0.54589239375 0.4055200638888889
2 0.45913449531249995 0.46097579861111115 0.45913449531249995 0.4731067430555556 0.471806996875 0.4731067430555556 0.471806996875 0.46097579861111115
2 0.47083218984375 0.4557768236111111 0.47083218984375 0.47137375 0.48058026796875 0.47137375 0.48058026796875 0.4557768236111111
2 0.47473142109375 0.46097579861111115 0.47473142109375 0.47483973611111113 0.49032834453124996 0.47483973611111113 0.49032834453124996 0.46097579861111115
2 0.48447949921875005 0.4540438305555556 0.48447949921875005 0.4800387069444444 0.49715200078125 0.4800387069444444 0.49715200078125 0.4540438305555556
2 0.49227796171874993 0.4523108402777778 0.49227796171874993 0.4817717013888889 0.50690007890625 0.4817717013888889 0.50690007890625 0.4523108402777778
2 0.505925271875 0.44191289027777775 0.505925271875 0.476572725 0.5302954679687499 0.476572725 0.5302954679687499 0.44191289027777775
2 0.51567335078125 0.4436458833333333 0.51567335078125 0.48523768333333334 0.5390687390625 0.48523768333333334 0.5390687390625 0.4436458833333333
2 0.5273710453125 0.43324793194444444 0.5273710453125 0.4973686263888889 0.574161821875 0.4973686263888889 0.574161821875 0.43324793194444444
2 0.5429679703125 0.4401798986111111 0.5429679703125 0.5043005916666666 0.5780610515625 0.5043005916666666 0.5780610515625 0.4401798986111111
2 0.55856489453125 0.42458297222222224 0.55856489453125 0.5268294847222222 0.64142356171875 0.5268294847222222 0.64142356171875 0.42458297222222224
2 0.60925490390625 0.4401798986111111 0.60925490390625 0.559756326388889 0.68528991640625 0.559756326388889 0.68528991640625 0.4401798986111111
2 0.65702048828125 0.38299117222222223 0.65702048828125 0.6290759986111111 0.88707513984375 0.6290759986111111 0.88707513984375 0.38299117222222223
2 0.43476429921875 0.4627087916666667 0.43476429921875 0.4817717013888889 0.4445123765625 0.4817717013888889 0.4445123765625 0.4627087916666667
2 0.42696583671875 0.46097579861111115 0.42696583671875 0.47830571805555555 0.43768872265625003 0.47830571805555555 0.43768872265625003 0.46097579861111115
2 0.42111698906250006 0.45750981527777773 0.42111698906250006 0.4800387069444444 0.4328146828125 0.4800387069444444 0.4328146828125 0.45750981527777773
2 0.41624295 0.4523108402777778 0.41624295 0.47830571805555555 0.42599102890624996 0.47830571805555555 0.42599102890624996 0.4523108402777778
2 0.39577198515625 0.4471118652777778 0.39577198515625 0.4800387069444444 0.4172177578125 0.4800387069444444 0.4172177578125 0.4471118652777778
2 0.37042698125 0.4401798986111111 0.37042698125 0.4887036680555556 0.4016208328125 0.4887036680555556 0.4016208328125 0.4401798986111111
2 0.32851024375 0.4401798986111111 0.32851024375 0.5025676 0.38114986953124996 0.5025676 0.38114986953124996 0.4401798986111111
2 0.81883859140625 0.35006432916666663 0.81883859140625 0.7105266083333334 0.99911720703125 0.7105266083333334 0.99911720703125 0.35006432916666663
2 0 0.4471118652777778 0 0.7191915666666667 0.028269426562499998 0.7191915666666667 0.028269426562499998 0.4471118652777778
2 0.44256276171875 0.46097579861111115 0.44256276171875 0.48003870972222223 0.45815968828125 0.48003870972222223 0.45815968828125 0.46097579861111115