2 0.014813264062500001 0.5253078055555556 0.014813264062500001 0.5433262833333333 0.02982143984375 0.5433262833333333 0.02982143984375 0.5253078055555556
2 0 0.5266938430555556 0 0.5502564638888889 0.01013539140625 0.5502564638888889 0.01013539140625 0.5266938430555556
2 0.3650690015625 0.5883724625 0.3650690015625 0.6091630111111112 0.40171233984375 0.6091630111111112 0.40171233984375 0.5883724625
2 0.40794950234374994 0.5925305722222222 0.40794950234374994 0.6188652625 0.42977957578125 0.6188652625 0.42977957578125 0.5925305722222222
2 0.43289815625 0.6063909347222223 0.43289815625 0.6188652625 0.44459283984375003 0.6188652625 0.44459283984375003 0.6063909347222223
2 0.4453724859375 0.6091630097222223 0.4453724859375 0.6202513013888888 0.46252468671875 0.6202513013888888 0.46252468671875 0.6091630097222223
2 0.5350317171875 0.5869864263888889 0.5350317171875 0.6285675194444444 0.56699718359375 0.6285675194444444 0.56699718359375 0.5869864263888889
7 0.6317077578125 0.5246147875 0.6317077578125 0.5357030805555555 0.64418208671875 0.5357030805555555 0.64418208671875 0.5246147875
7 0.618453784375 0.5246147875 0.618453784375 0.5343170416666667 0.629368821875 0.5343170416666667 0.629368821875 0.5246147875
7 0.6324874046875 0.541247225 0.6324874046875 0.5564936263888889 0.6449617296875 0.5564936263888889 0.6449617296875 0.541247225
7 0.62001307578125 0.541247225 0.62001307578125 0.5551075888888889 0.6301484687500001 0.5551075888888889 0.6301484687500001 0.541247225
7 0.63326704921875 0.5606517347222222 0.63326704921875 0.5703539888888889 0.64574137421875 0.5703539888888889 0.64574137421875 0.5606517347222222
7 0.6192334296875 0.5592656972222223 0.6192334296875 0.5689679513888889 0.6301484671875001 0.5689679513888889 0.6301484671875001 0.5592656972222223