2 0.00060297421875 0.2731314875 0.00060297421875 0.32880159861111113 0.027278236718749998 0.32880159861111113 0.027278236718749998 0.2731314875
2 0.02379885390625 0.2772552 0.02379885390625 0.33086345694444447 0.04467514296875 0.33086345694444447 0.04467514296875 0.2772552
2 0.04119576328125 0.2793170569444445 0.04119576328125 0.31849231944444445 0.079468965625 0.31849231944444445 0.079468965625 0.2793170569444445
2 0.080628759375 0.28344076944444446 0.080628759375 0.31849232222222223 0.10730402265625001 0.31849232222222223 0.10730402265625001 0.28344076944444446
2 0.1212215515625 0.28344076944444446 0.1212215515625 0.31849232222222223 0.15485557734375 0.31849232222222223 0.15485557734375 0.28344076944444446
2 0.15601537109375002 0.29581190416666664 0.15601537109375002 0.3556057291666667 0.20356692578125002 0.3556057291666667 0.20356692578125002 0.29581190416666664
2 0.19892774921875 0.3164304638888889 0.19892774921875 0.40921398472222226 0.2696751828125 0.40921398472222226 0.2696751828125 0.3164304638888889
2 0.23836074609375002 0.3288016 0.23836074609375002 0.45045110555555556 0.3485411765625 0.45045110555555556 0.3485411765625 0.3288016
2 0.30910817968750004 0.33498716666666667 0.30910817968750004 0.5370490583333333 0.493515428125 0.5370490583333333 0.493515428125 0.33498716666666667
7 0.34042261796875 0.2339562236111111 0.34042261796875 0.2731314902777778 0.356659734375 0.2731314902777778 0.356659734375 0.2339562236111111
7 0.47959789921875 0.22364694444444444 0.47959789921875 0.2525129263888889 0.49931439609375 0.2525129263888889 0.49931439609375 0.22364694444444444
7 0.451762840625 0.25663664027777777 0.451762840625 0.2999356166666667 0.46684016406250006 0.2999356166666667 0.46684016406250006 0.25663664027777777
6 0.8379742453125001 0.12673971111111113 0.8379742453125001 0.2133376638888889 0.87044847734375 0.2133376638888889 0.87044847734375 0.12673971111111113
7 0.81825774765625 0.08962630416666667 0.81825774765625 0.13292527916666666 0.85305156953125 0.13292527916666666 0.85305156953125 0.08962630416666667
7 0.8159381609375 0.1782861125 0.8159381609375 0.20509024027777778 0.843773215625 0.20509024027777778 0.843773215625 0.1782861125