2 0 0.38225207361111113 0 0.6118584361111111 0.14350397578125001 0.6118584361111111 0.14350397578125001 0.38225207361111113
2 0.1805758375 0.46729146805555555 0.1805758375 0.4991812375 0.2032973015625 0.4991812375 0.2032973015625 0.46729146805555555
2 0.16024610546875 0.4928032833333333 0.16024610546875 0.5246930541666667 0.191338634375 0.5246930541666667 0.191338634375 0.4928032833333333
2 0.19133863671875 0.43327570833333334 0.19133863671875 0.5735907083333334 0.26189475859375 0.5735907083333334 0.26189475859375 0.43327570833333334
2 0.24634849375 0.3992599513888889 0.24634849375 0.5991025263888888 0.373110340625 0.5991025263888888 0.373110340625 0.3992599513888889
2 0.633091721875 0.45878752777777776 0.633091721875 0.5076851777777778 0.659400784375 0.5076851777777778 0.659400784375 0.45878752777777776
2 0.633091721875 0.46729146805555555 0.633091721875 0.5246930555555556 0.649833853125 0.5246930555555556 0.649833853125 0.46729146805555555
2 0.6043909257812501 0.4460316194444444 0.6043909257812501 0.5438269222222222 0.64385451875 0.5438269222222222 0.64385451875 0.4460316194444444
2 0.53503067109375 0.4141418444444444 0.53503067109375 0.5905985874999999 0.6211330562499999 0.5905985874999999 0.6211330562499999 0.4141418444444444
2 0.67135944921875 0.4694174513888889 0.67135944921875 0.4970552541666666 0.68690571328125 0.4970552541666666 0.68690571328125 0.4694174513888889
2 0.68331811328125 0.45878752777777776 0.68331811328125 0.5098111638888889 0.7156065078125 0.5098111638888889 0.7156065078125 0.45878752777777776
2 0.695276778125 0.46729146805555555 0.695276778125 0.5183151027777778 0.716802375 0.5183151027777778 0.716802375 0.46729146805555555
2 0.30255421796875004 0.38140168194444446 0.30255421796875004 0.757701 0.5835828390625 0.757701 0.5835828390625 0.38140168194444446
2 0.702930315625 0.4643150916666667 0.702930315625 0.5344725902777778 0.76033190546875 0.5344725902777778 0.76033190546875 0.4643150916666667
4 0.76176694375 0.45666154583333335 0.76176694375 0.5140631375 0.7761173421875001 0.5140631375 0.7761173421875001 0.45666154583333335
6 0.6541389609375 0.43327571249999997 0.6541389609375 0.45028359027777776 0.66011829296875 0.45028359027777776 0.66011829296875 0.43327571249999997
6 0.6505513609375 0.3886300277777778 0.6505513609375 0.41201586111111105 0.65533482734375 0.41201586111111105 0.65533482734375 0.3886300277777778
6 0.57879937265625 0.38225207361111113 0.57879937265625 0.40351192361111116 0.5835828390625 0.40351192361111116 0.5835828390625 0.38225207361111113