2 0.50883543203125 0.4080569625 0.50883543203125 0.4513588888888889 0.52602884375 0.4513588888888889 0.52602884375 0.4080569625
2 0.5202977062499999 0.4080569625 0.5202977062499999 0.4462645430555556 0.53749111796875 0.4462645430555556 0.53749111796875 0.4080569625
2 0.524596059375 0.40296261805555555 0.524596059375 0.45390605833333336 0.5446550390625 0.45390605833333336 0.5446550390625 0.40296261805555555
2 0.53605833359375 0.3953211 0.53605833359375 0.46409475 0.5604156671875 0.46409475 0.5604156671875 0.3953211
2 0.54752060859375 0.3851324138888889 0.54752060859375 0.47173626527777773 0.57617629375 0.47173626527777773 0.57617629375 0.3851324138888889
2 0.5618484515625 0.38258524166666663 0.5618484515625 0.484472125 0.60053362734375 0.484472125 0.60053362734375 0.38258524166666663
2 0.57331072578125 0.38003806805555557 0.57331072578125 0.5150381888888889 0.65927778515625 0.5150381888888889 0.65927778515625 0.38003806805555557
2 0.43862900078125 0.40296261805555555 0.43862900078125 0.45645323055555553 0.46441911874999997 0.45645323055555553 0.46441911874999997 0.40296261805555555
2 0.42143558984374996 0.3953211 0.42143558984374996 0.46409475 0.4486584921875 0.46409475 0.4486584921875 0.3953211
2 0.25523261015625 0.3953211 0.25523261015625 0.461547575 0.32830460859375 0.461547575 0.32830460859375 0.3953211
2 0.11481974765625 0.40296261805555555 0.11481974765625 0.49211364166666666 0.160668846875 0.49211364166666666 0.160668846875 0.40296261805555555
2 0.3755864921875 0.3927739305555556 0.3755864921875 0.4742834375 0.4328978640625 0.4742834375 0.4328978640625 0.3927739305555556
2 0.6134286859375 0.38258524166666663 0.6134286859375 0.6271137625 0.8125857046875 0.6271137625 0.8125857046875 0.38258524166666663
4 0.44579292265625003 0.4055097902777777 0.44579292265625003 0.4640947486111111 0.45868798203125005 0.4640947486111111 0.45868798203125005 0.4055097902777777
2 0.46040134921875 0.4143399875 0.46040134921875 0.4449060541666667 0.4919226046875 0.4449060541666667 0.4919226046875 0.4143399875