6 0.47467153515625 0.056161088888888884 0.47467153515625 0.13933639166666667 0.49626512265624995 0.13933639166666667 0.49626512265624995 0.056161088888888884
6 0.57784089765625 0.07322268888888889 0.57784089765625 0.15853069305555556 0.5970351984375 0.15853069305555556 0.5970351984375 0.07322268888888889
6 0.138771284375 0.1926538888888889 0.138771284375 0.2523694888888889 0.156765940625 0.2523694888888889 0.156765940625 0.1926538888888889
6 0.6906074109375 0.3824641902777778 0.6906074109375 0.41445469027777776 0.7050031359375 0.41445469027777776 0.7050031359375 0.3824641902777778
6 0.5970351984375 0.42298549027777776 0.5970351984375 0.43578169166666664 0.60783199296875 0.43578169166666664 0.60783199296875 0.42298549027777776
6 0.07279087734375 0.3952603902777778 0.07279087734375 0.4208527902777778 0.07638980859375 0.4208527902777778 0.07638980859375 0.3952603902777778
6 0.07878909609375 0.3952603902777778 0.07878909609375 0.42298549027777776 0.08478731484374999 0.42298549027777776 0.08478731484374999 0.3952603902777778
6 0.07039158984375 0.42725089027777774 0.07039158984375 0.4464451902777778 0.08838624609375 0.4464451902777778 0.08838624609375 0.42725089027777774
4 0.10038268359375 0.44431249027777775 0.10038268359375 0.5125588902777778 0.11237912265625001 0.5125588902777778 0.11237912265625001 0.44431249027777775
4 0.124375559375 0.44004708888888894 0.124375559375 0.5125588888888889 0.138771284375 0.5125588888888889 0.138771284375 0.44004708888888894
9 0.006810471093749999 0.44857789027777784 0.006810471093749999 0.5104261902777778 0.06919194609375 0.5104261902777778 0.06919194609375 0.44857789027777784
2 0 0.46563949027777773 0 0.5168242902777778 0.04040049765625 0.5168242902777778 0.04040049765625 0.46563949027777773
2 0.2719317421875 0.44857789027777784 0.2719317421875 0.5061607902777777 0.32471606640625 0.5061607902777777 0.32471606640625 0.44857789027777784
4 0.47947011015624996 0.43578169027777774 0.47947011015624996 0.4592413902777778 0.49386583515625004 0.4592413902777778 0.49386583515625004 0.43578169027777774
4 0.50826156015625 0.44217979027777776 0.50826156015625 0.4763029902777778 0.51785871171875 0.4763029902777778 0.51785871171875 0.44217979027777776
4 0.52505657421875 0.44431249027777775 0.52505657421875 0.49762999027777777 0.5358533671875 0.49762999027777777 0.5358533671875 0.44431249027777775
4 0.6774113296875 0.4379143902777778 0.6774113296875 0.5168242902777778 0.69060741171875 0.5168242902777778 0.69060741171875 0.4379143902777778
4 0.6882081234374999 0.45284329027777775 0.6882081234374999 0.5232223902777778 0.6990049171875 0.5232223902777778 0.6990049171875 0.45284329027777775
4 0.7122009984375001 0.38886229027777774 0.7122009984375001 0.6255919888888889 0.76018675 0.6255919888888889 0.76018675 0.38886229027777774
4 0.7673846125 0.3931276902777778 0.7673846125 0.6170611902777778 0.8057732124999999 0.6170611902777778 0.8057732124999999 0.3931276902777778
4 0.8117714296875 0.38886229027777774 0.8117714296875 0.5978668902777777 0.8501600296875 0.5978668902777777 0.8501600296875 0.38886229027777774
4 0.8501600296875 0.3952603902777778 0.8501600296875 0.5893360902777778 0.88974827578125 0.5893360902777778 0.88974827578125 0.3952603902777778
4 0.94853081796875 0.3547390902777778 0.94853081796875 0.49976269166666665 1 0.49976269166666665 1 0.3547390902777778
7 0.00920975859375 0.3163504902777778 0.00920975859375 0.33767749027777777 0.03320263515625 0.33767749027777777 0.03320263515625 0.3163504902777778
7 0.43388364765625004 0.3654025916666666 0.43388364765625004 0.38033149027777774 0.44588008515625 0.38033149027777774 0.44588008515625 0.3654025916666666
7 0.50586227265625 0.07322268888888889 0.50586227265625 0.12440748888888889 0.54305123046875 0.12440748888888889 0.54305123046875 0.07322268888888889
7 0.5994344851562501 0.15426529166666667 0.5994344851562501 0.18412309027777776 0.6738123984375 0.18412309027777776 0.6738123984375 0.15426529166666667
2 0 0.6277246902777778 0 0.9049756916666667 0.027204417187500003 0.9049756916666667 0.027204417187500003 0.6277246902777778
2 0.210749909375 0.44431249027777775 0.210749909375 0.9135064930555556 0.57784089765625 0.9135064930555556 0.57784089765625 0.44431249027777775
2 0.7157999296875001 0.48270108888888885 0.7157999296875001 0.9945490916666666 0.99891585546875 0.9945490916666666 0.99891585546875 0.48270108888888885
0 0.155566296875 0.49976269027777775 0.155566296875 0.7642174916666666 0.23954135937499998 0.7642174916666666 0.23954135937499998 0.49976269027777775
5 0.137571640625 0.3568717902777778 0.137571640625 0.736492388888889 0.237142071875 0.736492388888889 0.237142071875 0.3568717902777778
6 0.00023402109375 0.28043956527777775 0.00023402109375 0.3185751513888889 0.0036662234375 0.3185751513888889 0.0036662234375 0.28043956527777775
6 0.8600008070312499 0.030270120833333334 0.8600008070312499 0.08976163611111111 0.8840262257812499 0.08976163611111111 0.8840262257812499 0.030270120833333334
6 0.85828470546875 0.2102700875 0.85828470546875 0.2941683763888889 0.90547749296875 0.2941683763888889 0.90547749296875 0.2102700875
6 0.76990548515625 0.21484635694444446 0.76990548515625 0.2606090611111111 0.78191819453125 0.2606090611111111 0.78191819453125 0.21484635694444446
4 0.9397995203124999 0.4039988638888889 0.9397995203124999 0.49704969444444447 0.95781858515625 0.49704969444444447 0.95781858515625 0.4039988638888889
4 0.894322834375 0.40857513472222223 0.894322834375 0.5199310458333333 0.9089096960937499 0.5199310458333333 0.9089096960937499 0.40857513472222223
2 0.6883906703125 0.44213444999999996 0.6883906703125 0.5245073152777777 0.82825293125 0.5245073152777777 0.82825293125 0.44213444999999996
4 0.6103080578125 0.4375581791666667 0.6103080578125 0.5199310458333333 0.6283271218750001 0.5199310458333333 0.6283271218750001 0.4375581791666667
7 0.30999031796875 0.3719649722222222 0.30999031796875 0.4619649541666666 0.32629328125 0.4619649541666666 0.32629328125 0.3719649722222222