2 0.067776984375 0.637192175 0.067776984375 0.8217246972222223 0.2262078671875 0.8217246972222223 0.2262078671875 0.637192175
2 0.47478045937499996 0.6663288902777778 0.47478045937499996 0.8581455916666667 0.6209192921875 0.8581455916666667 0.6209192921875 0.6663288902777778
2 0.2029895484375 0.6444763541666666 0.2029895484375 0.7658793291666667 0.2644498046875 0.7658793291666667 0.2644498046875 0.6444763541666666
2 0.24532883593750002 0.6614727694444444 0.24532883593750002 0.7440267930555555 0.28493655546875 0.7440267930555555 0.28493655546875 0.6614727694444444
2 0.26718137109375 0.6639008305555556 0.26718137109375 0.7343145541666666 0.2972286078125 0.7343145541666666 0.2972286078125 0.6639008305555556
2 0.2617182375 0.6493324736111111 0.2617182375 0.7270303777777778 0.309520659375 0.7270303777777778 0.309520659375 0.6493324736111111
2 0.301325959375 0.65661665 0.301325959375 0.7124620208333334 0.324544278125 0.7124620208333334 0.324544278125 0.65661665
2 0.3163495765625 0.65661665 0.3163495765625 0.7051778416666666 0.33000741171875003 0.7051778416666666 0.33000741171875003 0.65661665
2 0.32317849296875 0.6590447097222222 0.32317849296875 0.7051778416666666 0.33683632812500003 0.7051778416666666 0.33683632812500003 0.6590447097222222
2 0.3341047625 0.6639008305555556 0.3341047625 0.6954656027777778 0.34366524609375004 0.6954656027777778 0.34366524609375004 0.6639008305555556
2 0.3450310296875 0.6663288902777778 0.3450310296875 0.6930375444444444 0.3545915140625 0.6930375444444444 0.3545915140625 0.6663288902777778
2 0.34639681328125 0.6663288902777778 0.34639681328125 0.688181425 0.3600546484375 0.688181425 0.3600546484375 0.6663288902777778
2 0.44200165625 0.66875695 0.44200165625 0.7731635083333334 0.50892504609375 0.7731635083333334 0.50892504609375 0.66875695
2 0.41468598749999996 0.6639008305555556 0.41468598749999996 0.7343145541666666 0.4583910578125 0.7343145541666666 0.4583910578125 0.6639008305555556
2 0.41058863671875 0.6736130694444444 0.41058863671875 0.7148900805555556 0.4228806875 0.7148900805555556 0.4228806875 0.6736130694444444
2 0.40102815078125 0.66875695 0.40102815078125 0.7124620208333334 0.41741755312500006 0.7124620208333334 0.41741755312500006 0.66875695
2 0.39283345078125 0.6639008305555556 0.39283345078125 0.6954656027777778 0.40375971796875004 0.6954656027777778 0.40375971796875004 0.6639008305555556
2 0.38463875000000003 0.66875695 0.38463875000000003 0.6978936625 0.40102815078125 0.6978936625 0.40102815078125 0.66875695
2 0.36005464765625 0.6590447097222222 0.36005464765625 0.6952602027777778 0.38589789765625004 0.6952602027777778 0.38589789765625004 0.6590447097222222
7 0.0978242203125 0.47936830694444443 0.0978242203125 0.547353973611111 0.12240832343750001 0.547353973611111 0.12240832343750001 0.47936830694444443
7 0.71788991796875 0.3506811527777778 0.71788991796875 0.3919581638888889 0.7752528234375 0.3919581638888889 0.7752528234375 0.3506811527777778
7 0.6618927953125 0.3385408555555556 0.6618927953125 0.3846739875 0.68374533125 0.3846739875 0.68374533125 0.3385408555555556
7 0.56765373515625 0.56677845 0.56765373515625 0.5862029263888888 0.5813115703125 0.5862029263888888 0.5813115703125 0.56677845
6 0.3878825078125 0.619155175 0.3878825078125 0.638579651388889 0.39197985703125 0.638579651388889 0.39197985703125 0.619155175
6 0.3605668375 0.619155175 0.3605668375 0.638579651388889 0.36466418749999996 0.638579651388889 0.36466418749999996 0.619155175
6 0.39197985703125 0.6118709958333334 0.39197985703125 0.6434357694444445 0.39744299140625 0.6434357694444445 0.39744299140625 0.6118709958333334
7 0.96172689921875 0.5011845013888889 0.96172689921875 0.5459712013888889 1 0.5459712013888889 1 0.5011845013888889