6 0.6180466585937501 0.4012498597222222 0.6180466585937501 0.44249984722222224 0.6285935289062501 0.44249984722222224 0.6285935289062501 0.4012498597222222
6 0.3933983 0.4649998375 0.3933983 0.48937482777777774 0.41238266640625004 0.48937482777777774 0.41238266640625004 0.4649998375
7 0.25523428593749997 0.47812483333333333 0.25523428593749997 0.5418748097222222 0.276328028125 0.5418748097222222 0.276328028125 0.47812483333333333
6 0.7024216304687501 0.4949998263888889 0.7024216304687501 0.5212498180555556 0.71824193515625 0.5212498180555556 0.71824193515625 0.4949998263888889
7 0.38601548984375 0.44062484583333333 0.38601548984375 0.4743748333333333 0.39550767421875 0.4743748333333333 0.39550767421875 0.44062484583333333
7 0.6633982054687501 0.4274998486111111 0.6633982054687501 0.45749983888888884 0.6929294460937501 0.45749983888888884 0.6929294460937501 0.4274998486111111
7 0.7129685007812501 0.4349998472222222 0.7129685007812501 0.4631248375 0.73195286875 0.4631248375 0.73195286875 0.4349998472222222
4 0.7087497515625001 0.5249998166666666 0.7087497515625001 0.7031247555555555 0.74355442734375 0.7031247555555555 0.74355442734375 0.5249998166666666
4 0 0.3712498694444445 0 0.9974996541666666 0.133945265625 0.9974996541666666 0.133945265625 0.3712498694444445
4 0.3933983 0.5099998208333333 0.3933983 0.5306248111111111 0.40605454375 0.5306248111111111 0.40605454375 0.5099998208333333
4 0.37757799375 0.5043748222222223 0.37757799375 0.5306248111111111 0.39128892421875 0.5306248111111111 0.39128892421875 0.5043748222222223
2 0.51468731953125 0.5231248166666667 0.51468731953125 0.5681248027777778 0.54527324765625 0.5681248027777778 0.54527324765625 0.5231248166666667
9 0.41238266718750005 0.3881248625 0.41238266718750005 0.6262497805555556 0.5104685718749999 0.6262497805555556 0.5104685718749999 0.3881248625
2 0.32273426171874997 0.5287498138888889 0.32273426171874997 0.7124997486111111 0.46195296171875 0.7124997486111111 0.46195296171875 0.5287498138888889
2 0.54421855859375 0.5118748208333334 0.54421855859375 0.5981247875 0.59378885234375 0.5981247875 0.59378885234375 0.5118748208333334
2 0.91230436796875 0.6318747805555556 0.91230436796875 0.8699996972222221 0.99878871328125 0.8699996972222221 0.99878871328125 0.6318747805555556
4 0.8711715695312501 0.5062498208333334 0.8711715695312501 0.646874775 0.89331999921875 0.646874775 0.89331999921875 0.5062498208333334