7 0.37828655390625 0.3188192819444444 0.37828655390625 0.3312731611111111 0.4063077796875 0.3312731611111111 0.4063077796875 0.3188192819444444
7 0.3656770015625 0.3462178166666667 0.3656770015625 0.3636532472222222 0.37828655390625 0.3636532472222222 0.37828655390625 0.3462178166666667
7 0.4581470484375 0.3262916111111111 0.4581470484375 0.3636532472222222 0.48336615234374997 0.3636532472222222 0.48336615234374997 0.3262916111111111
7 0.43152688359375 0.3312731625 0.43152688359375 0.35369014444444447 0.4469385578125 0.35369014444444447 0.4469385578125 0.3312731625
7 0.19754964453124998 0.3736163486111111 0.19754964453124998 0.4010148819444444 0.21296131875 0.4010148819444444 0.21296131875 0.3736163486111111
7 0.09527216875 0.3362547138888889 0.09527216875 0.3511993680555555 0.12609551796875001 0.3511993680555555 0.12609551796875001 0.3362547138888889
7 0.6178680375 0.1625231125 0.6178680375 0.19739397083333335 0.64308714140625 0.19739397083333335 0.64308714140625 0.1625231125
7 0.00280212421875 0.3667667166666667 0.00280212421875 0.39167447361111113 0.0168127375 0.39167447361111113 0.0168127375 0.3667667166666667
7 0.42312051562499997 0.35680361388888887 0.42312051562499997 0.37672982083333334 0.44974068046875004 0.37672982083333334 0.44974068046875004 0.35680361388888887
6 0.6450486265625 0.21669748194444444 0.6450486265625 0.2640222194444445 0.666064546875 0.2640222194444445 0.666064546875 0.21669748194444444
6 0.62543376875 0.21669748194444444 0.62543376875 0.2640222194444445 0.64785075 0.2640222194444445 0.64785075 0.21669748194444444
7 0.16868778203125 0.3312731625 0.16868778203125 0.3611624708333333 0.18269839453125 0.3611624708333333 0.18269839453125 0.3312731625
6 0.0714541265625 0.3262916111111111 0.0714541265625 0.35369014444444447 0.08182198046875 0.35369014444444447 0.08182198046875 0.3262916111111111
6 0.07845943359375 0.3262916111111111 0.07845943359375 0.35618091944444447 0.0882668625 0.35618091944444447 0.0882668625 0.3262916111111111
6 0.14290825468749999 0.3362547138888889 0.14290825468749999 0.3611624708333333 0.1527156828125 0.3611624708333333 0.1527156828125 0.3362547138888889
6 0.364275940625 0.3287823902777778 0.364275940625 0.34870859444444446 0.371281246875 0.34870859444444446 0.371281246875 0.3287823902777778
7 0.36287487890625003 0.30968643749999997 0.36287487890625003 0.33210341805555554 0.37828655390625 0.33210341805555554 0.37828655390625 0.30968643749999997
7 0.5001788875 0.33957574583333333 0.5001788875 0.3744466041666667 0.51559056171875 0.3744466041666667 0.51559056171875 0.33957574583333333
2 0.10788172109375001 0.39852410555555556 0.10788172109375001 0.44833961944444445 0.1345018859375 0.44833961944444445 0.1345018859375 0.39852410555555556
2 0.03642759375 0.4134687597222222 0.03642759375 0.45830272222222224 0.06584988124999999 0.45830272222222224 0.06584988124999999 0.4134687597222222
2 0 0.41845031388888887 0 0.4558119486111111 0.022416981250000002 0.4558119486111111 0.022416981250000002 0.41845031388888887
2 0.1302987015625 0.4159595361111111 0.1302987015625 0.44335806805555555 0.1471114375 0.44335806805555555 0.1471114375 0.4159595361111111
2 0.42031839296875007 0.38669292083333334 0.42031839296875007 0.4190730055555556 0.43573006718749996 0.4190730055555556 0.43573006718749996 0.38669292083333334
2 0.29842605859375004 0.3941652486111111 0.29842605859375004 0.4564346375 0.34185895859375004 0.4564346375 0.34185895859375004 0.3941652486111111
2 0.141507190625 0.38607022777777783 0.141507190625 0.49317357916666665 0.2213676859375 0.49317357916666665 0.2213676859375 0.38607022777777783
2 0.3954495546875 0.3823340611111111 0.3954495546875 0.42716802638888884 0.42627290234375004 0.42716802638888884 0.42627290234375004 0.3823340611111111
2 0.353417715625 0.3848248402777778 0.353417715625 0.43505548055555554 0.396850615625 0.43505548055555554 0.396850615625 0.3848248402777778
2 0.20175282968750002 0.38523996666666666 0.20175282968750002 0.5496311611111111 0.31523879609375 0.5496311611111111 0.31523879609375 0.38523996666666666
2 0.058844574999999996 0.3935425513888889 0.058844574999999996 0.4782289236111111 0.12329339531250001 0.4782289236111111 0.12329339531250001 0.3935425513888889
2 0.00056042578125 0.49466804583333335 0.00056042578125 0.5967898486111112 0.0103678546875 0.5967898486111112 0.0103678546875 0.49466804583333335
4 0.7373085140625 0.3667667166666667 0.7373085140625 0.45892541527777775 0.76392867890625 0.45892541527777775 0.76392867890625 0.3667667166666667
4 0.76112655625 0.32691430555555556 0.76112655625 0.5436117874999999 0.8045594570312501 0.5436117874999999 0.8045594570312501 0.32691430555555556
4 0.8205549140624999 0.31184510555555556 0.8205549140624999 0.5255536638888889 0.85240570078125 0.5255536638888889 0.85240570078125 0.31184510555555556
4 0.7991653710937501 0.3228045263888889 0.7991653710937501 0.5370112305555556 0.8439993328125001 0.5370112305555556 0.8439993328125001 0.3228045263888889
4 0.695486834375 0.32529530416666663 0.695486834375 0.549465113888889 0.74172185625 0.549465113888889 0.74172185625 0.32529530416666663
2 0.8774146453125 0.4097325958333334 0.8774146453125 0.46452966250000005 0.9264517906249999 0.46452966250000005 0.9264517906249999 0.4097325958333334
6 0.4091301515625 0.3028356347222222 0.4091301515625 0.32580350555555554 0.415589865625 0.32580350555555554 0.415589865625 0.3028356347222222
6 0.41487211953124997 0.30155964166666666 0.41487211953124997 0.32325151944444447 0.4206140875 0.32325151944444447 0.4206140875 0.30155964166666666