2 0.2650369453125 0.3758826097222222 0.2650369453125 0.39970615555555555 0.28588254765625 0.39970615555555555 0.28588254765625 0.3758826097222222
2 0.24568031484375 0.3758826097222222 0.24568031484375 0.39970615555555555 0.2650369453125 0.39970615555555555 0.2650369453125 0.3758826097222222
2 0.22036779765625 0.36000024583333334 0.22036779765625 0.37323554861111113 0.23376854218749998 0.37323554861111113 0.23376854218749998 0.36000024583333334
2 0.21887882578125 0.3705884875 0.21887882578125 0.3917649736111111 0.23525751328125 0.3917649736111111 0.23525751328125 0.3705884875
2 0.15931996171875001 0.37323554861111113 0.15931996171875001 0.38647085138888887 0.1786765921875 0.38647085138888887 0.1786765921875 0.37323554861111113
2 0.0253125171875 0.3494120027777778 0.0253125171875 0.38647085138888887 0.06253680703125 0.38647085138888887 0.06253680703125 0.3494120027777778
2 0 0.354706125 0 0.39441203333333336 0.03126840390625 0.39441203333333336 0.03126840390625 0.354706125
2 0.457709884375 0.34147082083333336 0.457709884375 0.48705915555555557 0.5515150953125 0.48705915555555557 0.5515150953125 0.34147082083333336
2 0.6721217953124999 0.3361767 0.6721217953124999 0.7544122791666666 0.9982065765625 0.7544122791666666 0.9982065765625 0.3361767
2 0.19356630859374999 0.36264730694444447 0.19356630859374999 0.38647085138888887 0.206967053125 0.38647085138888887 0.206967053125 0.36264730694444447
2 0.0789154953125 0.3705884875 0.0789154953125 0.3917649736111111 0.09678315390625 0.3917649736111111 0.09678315390625 0.3705884875
2 0.55538640859375 0.40500027638888886 0.55538640859375 0.4341179430555555 0.5762320109375 0.4341179430555555 0.5762320109375 0.40500027638888886
2 0.5985665851562499 0.40500027638888886 0.5985665851562499 0.49235327777777776 0.6789710515625 0.49235327777777776 0.6789710515625 0.40500027638888886
2 0.23823545703125001 0.34676494305555555 0.23823545703125001 0.6988240069444445 0.4913606296875 0.6988240069444445 0.4913606296875 0.34676494305555555
7 0.2248347125 0.2964707902777778 0.2248347125 0.354706125 0.25163620078125 0.354706125 0.25163620078125 0.2964707902777778