2 0.001092071875 0.5529183263888889 0.001092071875 0.676477625 0.13838018125 0.676477625 0.13838018125 0.5529183263888889
2 0.26622973359375 0.5483420555555556 0.26622973359375 0.6276640763888889 0.40180174218750003 0.6276640763888889 0.40180174218750003 0.5483420555555556
2 0.5245029890625 0.4873251194444444 0.5245029890625 0.8305453930555556 0.79650505625 0.8305453930555556 0.79650505625 0.4873251194444444
9 0.73472540625 0.5010539305555556 0.73472540625 0.5971556069444445 0.82053047578125 0.5971556069444445 0.82053047578125 0.5010539305555556
2 0.791356753125 0.47664715694444443 0.791356753125 0.5880030666666667 0.9192063046875001 0.5880030666666667 0.9192063046875001 0.47664715694444443
2 0.9466639257812499 0.4949522361111111 0.9466639257812499 0.5834267958333333 0.9990050179687501 0.5834267958333333 0.9990050179687501 0.4949522361111111
6 0.79393090390625 0.025121816666666665 0.79393090390625 0.08613875416666666 0.82567878046875 0.08613875416666666 0.82567878046875 0.025121816666666665
6 0.75617667421875 0.046477745833333334 0.75617667421875 0.11054553055555555 0.79393090390625 0.11054553055555555 0.79393090390625 0.046477745833333334
6 0.9037613921875 0.2951217666666667 0.9037613921875 0.32715565694444443 0.9355092671874999 0.32715565694444443 0.9355092671874999 0.2951217666666667
6 0.8900325812500001 0.29054549583333333 0.8900325812500001 0.3302065041666667 0.90547749296875 0.3302065041666667 0.90547749296875 0.29054549583333333
6 0.769047434375 0.4583420722222222 0.769047434375 0.4796980013888889 0.7802020921875 0.4796980013888889 0.7802020921875 0.4583420722222222
6 0.7844923460937501 0.4476641097222222 0.7844923460937501 0.47817257777777783 0.79993725859375 0.47817257777777783 0.79993725859375 0.4476641097222222
6 0.346028446875 0.3576641263888889 0.346028446875 0.40190140555555554 0.35975725703125 0.40190140555555554 0.35975725703125 0.3576641263888889
6 0.3340157375 0.36834209166666665 0.3340157375 0.4064776763888889 0.346028446875 0.4064776763888889 0.346028446875 0.36834209166666665
6 0.34860259921875 0.4186810652777778 0.34860259921875 0.46902003750000004 0.35804115546875004 0.46902003750000004 0.35804115546875004 0.4186810652777778
6 0.5322254453124999 0.37749463194444444 0.5322254453124999 0.4217319111111111 0.541664003125 0.4217319111111111 0.541664003125 0.37749463194444444
6 0.54595425546875 0.3744437833333333 0.54595425546875 0.41868106388888887 0.55710891484375 0.41868106388888887 0.55710891484375 0.3744437833333333
6 0.54595425546875 0.43088445277777776 0.54595425546875 0.46902003750000004 0.55796696484375 0.46902003750000004 0.55796696484375 0.43088445277777776
2 0.158115346875 0.5529183263888889 0.158115346875 0.6169861111111111 0.25507507421875003 0.6169861111111111 0.25507507421875003 0.5529183263888889
2 0.14524458671875 0.5574945972222223 0.14524458671875 0.6185115361111111 0.19243737421875 0.6185115361111111 0.19243737421875 0.5574945972222223
2 0.13065772578124998 0.5574945972222223 0.13065772578124998 0.6169861125 0.164979753125 0.6169861125 0.164979753125 0.5574945972222223
2 0.11778696484375 0.5651217166666667 0.11778696484375 0.5910539138888888 0.1443865359375 0.5910539138888888 0.1443865359375 0.5651217166666667
2 0.10834840703125 0.5651217166666667 0.10834840703125 0.5819013722222223 0.1203611171875 0.5819013722222223 0.1203611171875 0.5651217166666667
2 0.5073419765625 0.5559691736111111 0.5073419765625 0.5757996791666666 0.54595425703125 0.5757996791666666 0.54595425703125 0.5559691736111111
2 0.4927551140625 0.5452912083333333 0.4927551140625 0.5712234069444444 0.5382317999999999 0.5712234069444444 0.5382317999999999 0.5452912083333333
7 0.9586766359375 0.3637658208333333 0.9586766359375 0.39274886527777775 0.9989777890625 0.39274886527777775 0.9989777890625 0.3637658208333333