2 0 0.4937875055555555 0 0.7765236083333333 0.07061579765625 0.7765236083333333 0.07061579765625 0.4937875055555555
2 0.030497836718749997 0.5061594777777778 0.030497836718749997 0.6386124263888889 0.1422550125 0.6386124263888889 0.1422550125 0.5061594777777778
2 0.09210756171875 0.49851796111111113 0.09210756171875 0.5596500916666667 0.17234348359375 0.5596500916666667 0.17234348359375 0.49851796111111113
2 0.68241469609375 0.44248017500000003 0.68241469609375 0.552008575 0.77554567578125 0.552008575 0.77554567578125 0.44248017500000003
2 0.54916575546875 0.44248017500000003 0.54916575546875 0.5723859513888889 0.67668355859375 0.5723859513888889 0.67668355859375 0.44248017500000003
2 0.533405128125 0.4654047236111111 0.533405128125 0.5163481652777777 0.5720903046875 0.5163481652777777 0.5720903046875 0.4654047236111111
2 0.74115885234375 0.37115935555555557 0.74115885234375 0.5443670583333333 0.91309296953125 0.5443670583333333 0.91309296953125 0.37115935555555557
2 0.90736183203125 0.4144612819444445 0.90736183203125 0.5181675777777778 0.9976272429687499 0.5181675777777778 0.9976272429687499 0.4144612819444445
2 0.96753877265625 0.40827529583333333 0.96753877265625 0.45921873750000003 0.9976272429687499 0.45921873750000003 0.9976272429687499 0.40827529583333333
2 0.42451352109374996 0.48323492777777777 0.42451352109374996 0.5290840263888889 0.49901830468749997 0.5290840263888889 0.49901830468749997 0.48323492777777777
2 0.26260889453125 0.5061594777777778 0.26260889453125 0.5443670583333333 0.28839901171875 0.5443670583333333 0.28839901171875 0.5061594777777778
2 0.2712056 0.5036123055555556 0.2712056 0.5545557472222222 0.37150050156250003 0.5545557472222222 0.37150050156250003 0.5036123055555556
2 0.1672596625 0.4635853222222222 0.1672596625 0.636793025 0.27615126953125 0.636793025 0.27615126953125 0.4635853222222222