4 0.28691765625 0.4454662277777778 0.28691765625 0.5508819041666667 0.3213477765625 0.5508819041666667 0.3213477765625 0.4454662277777778
6 0.06407827656250001 0.290743225 0.06407827656250001 0.3298490388888889 0.09659561171875 0.3298490388888889 0.09659561171875 0.290743225
7 0.04781960859375 0.20233008194444446 0.04781960859375 0.23123437916666667 0.07172941328125 0.23123437916666667 0.07172941328125 0.20233008194444446
7 0 0.15302274999999999 0 0.20062982638888888 0.03443011953125 0.20062982638888888 0.03443011953125 0.15302274999999999
7 0.08990086484375 0 0.08990086484375 0.09521415694444445 0.1692814171875 0.09521415694444445 0.1692814171875 0
1 0.3720365625 0.34345105972222223 0.3720365625 0.5644839236111111 0.49828033046875 0.5644839236111111 0.49828033046875 0.34345105972222223
2 0.49923672265625 0.4471664805555555 0.49923672265625 0.5134763388888889 0.5097570375 0.5134763388888889 0.5097570375 0.4471664805555555
2 0.50593146796875 0.4488667319444445 0.50593146796875 0.5083755805555555 0.52410291953125 0.5083755805555555 0.52410291953125 0.4488667319444445
2 0.52219013515625 0.4488667319444445 0.52219013515625 0.504975075 0.53940519453125 0.504975075 0.53940519453125 0.4488667319444445
2 0.5336668421875 0.4488667319444445 0.5336668421875 0.4964738097222222 0.553751078125 0.4964738097222222 0.553751078125 0.4488667319444445
2 0.54514354765625 0.44376597500000003 0.54514354765625 0.4828717888888889 0.56905335234375 0.4828717888888889 0.56905335234375 0.44376597500000003
2 0.5623586070312501 0.44376597500000003 0.5623586070312501 0.4794712833333333 0.5786172742187501 0.4794712833333333 0.5786172742187501 0.44376597500000003
2 0.5757480984375001 0.45056698472222223 0.5757480984375001 0.47097001944444444 0.5910503734375 0.47097001944444444 0.5910503734375 0.45056698472222223
2 0.5900939796875 0.4471664805555555 0.5900939796875 0.4675695138888889 0.60348347109375 0.4675695138888889 0.60348347109375 0.4471664805555555
2 0.618785746875 0.44206572222222223 0.618785746875 0.4675695138888889 0.63600080625 0.4675695138888889 0.63600080625 0.44206572222222223
9 0.6321752359375 0.34855182083333336 0.6321752359375 0.5491816527777778 0.7325964164062501 0.5491816527777778 0.7325964164062501 0.34855182083333336
2 0.72781445546875 0.43866521666666664 0.72781445546875 0.5321791208333333 0.7565062203124999 0.5321791208333333 0.7565062203124999 0.43866521666666664
2 0.736421984375 0.4335644583333333 0.736421984375 0.5525821569444445 0.7880671632812499 0.5525821569444445 0.7880671632812499 0.4335644583333333
2 0.7584190046875 0.44036546944444444 0.7584190046875 0.584886961111111 0.88370638125 0.584886961111111 0.88370638125 0.44036546944444444