7 0.6846091921874999 0.3163504902777778 0.6846091921874999 0.3781987888888889 0.7014042046875 0.3781987888888889 0.7014042046875 0.3163504902777778
4 0.8633561125 0.4016584902777778 0.8633561125 0.5978668902777777 0.9017447125 0.5978668902777777 0.9017447125 0.4016584902777778
4 0.8981457804687499 0.40592388888888886 0.8981457804687499 0.4784356902777778 0.9221386554687501 0.4784356902777778 0.9221386554687501 0.40592388888888886
2 0.55024909140625 0.44431249027777775 0.55024909140625 0.4677721902777778 0.5646448171875 0.4677721902777778 0.5646448171875 0.44431249027777775
2 0.5418515859374999 0.44431249027777775 0.5418515859374999 0.4784356902777778 0.5586465984375 0.4784356902777778 0.5586465984375 0.44431249027777775
2 0.52025799921875 0.44857788888888894 0.52025799921875 0.5040280888888888 0.54904944921875 0.5040280888888888 0.54904944921875 0.44857788888888894
2 0.57544161015625 0.43151629027777777 0.57544161015625 0.47417029027777774 0.5874380484375 0.47417029027777774 0.5874380484375 0.43151629027777777
2 0.57424196640625 0.44857788888888894 0.57424196640625 0.5082934888888889 0.59703519765625 0.5082934888888889 0.59703519765625 0.44857788888888894
4 0.5922366234374999 0.4165873916666667 0.5922366234374999 0.5530801902777778 0.61862878671875 0.5530801902777778 0.61862878671875 0.4165873916666667
2 0.61862878515625 0.4293835902777778 0.61862878515625 0.5509474902777778 0.69780527265625 0.5509474902777778 0.69780527265625 0.4293835902777778
4 0.7050031359375 0.4080565888888889 0.7050031359375 0.5296204888888889 0.7241974359375 0.5296204888888889 0.7241974359375 0.4080565888888889
2 0.46147545390625 0.4507105888888889 0.46147545390625 0.4784356902777778 0.47827046640625 0.4784356902777778 0.47827046640625 0.4507105888888889
2 0.43988186640625004 0.44857788888888894 0.43988186640625004 0.49549728888888883 0.471072603125 0.49549728888888883 0.471072603125 0.44857788888888894
2 0.328314996875 0.46137409027777776 0.328314996875 0.5530801902777778 0.37989968046875 0.5530801902777778 0.37989968046875 0.46137409027777776
2 0.30192283515625 0.4677721902777778 0.30192283515625 0.5338858916666667 0.34151107890625 0.5338858916666667 0.34151107890625 0.4677721902777778
2 0.061994083593750006 0.3632698888888889 0.061994083593750006 0.6234592888888889 0.29952354765625 0.6234592888888889 0.29952354765625 0.3632698888888889
4 0.06319372734374999 0.45284329166666665 0.06319372734374999 0.5509474902777778 0.082388028125 0.5509474902777778 0.082388028125 0.45284329166666665
4 0.0068104703125 0.4912318888888889 0.0068104703125 0.5808052916666666 0.032002990625 0.5808052916666666 0.032002990625 0.4912318888888889
2 0.45667687890625003 0.45284329166666665 0.45667687890625003 0.5765398916666666 0.5406519421875 0.5765398916666666 0.5406519421875 0.45284329166666665
0 0.37630074687500004 0.49976269166666665 0.37630074687500004 0.7194307902777778 0.45307794687499997 0.7194307902777778 0.45307794687499997 0.49976269166666665
5 0.3798996796875 0.38886229027777774 0.3798996796875 0.6618478916666667 0.44588008593749995 0.6618478916666667 0.44588008593749995 0.38886229027777774