2 0.48456093593749994 0.33011237222222223 0.48456093593749994 0.34644302222222223 0.49833991953125 0.34644302222222223 0.49833991953125 0.33011237222222223
2 0.46695445703124994 0.3314732597222222 0.46695445703124994 0.34780390694444446 0.48149893906249996 0.34780390694444446 0.48149893906249996 0.3314732597222222
2 0.451644475 0.3314732597222222 0.451644475 0.35052568055555555 0.46925095546874995 0.35052568055555555 0.46925095546874995 0.3314732597222222
9 0.42332100859375005 0.30153373888888885 0.42332100859375005 0.3573301180555556 0.45240997421875007 0.3573301180555556 0.45240997421875007 0.30153373888888885
2 0.35322315078125 0.3316676708333333 0.35322315078125 0.3766059902777778 0.39116440546875003 0.3766059902777778 0.39116440546875003 0.3316676708333333
9 0.1786893578125 0.2922019402777778 0.1786893578125 0.4310124430555555 0.340209665625 0.4310124430555555 0.340209665625 0.2922019402777778
2 0 0.33847210694444446 0 0.4616186291666666 0.04973239375 0.4616186291666666 0.04973239375 0.33847210694444446
2 0.55320067421875 0.33069560694444444 0.55320067421875 0.34430448194444446 0.5608556664062501 0.34430448194444446 0.5608556664062501 0.33069560694444444
2 0.544780184375 0.32253028194444444 0.544780184375 0.3524698041666667 0.55473167265625 0.3524698041666667 0.55473167265625 0.32253028194444444
2 0.555497171875 0.31572584722222224 0.555497171875 0.34566536666666664 0.5646831609375 0.34566536666666664 0.5646831609375 0.31572584722222224
2 0.56391766171875 0.302116975 0.56391766171875 0.34974802916666664 0.5853516359375 0.34974802916666664 0.5853516359375 0.302116975
2 0.56621415859375 0.31980850833333335 0.56621415859375 0.3633568986111111 0.59530312421875 0.3633568986111111 0.59530312421875 0.31980850833333335
2 0.64531573359375 0.3089214111111111 0.64531573359375 0.36607867638888886 0.6667497078125 0.36607867638888886 0.6667497078125 0.3089214111111111
2 0.59019979921875 0.29871475694444444 0.59019979921875 0.39397686527777775 0.652205225 0.39397686527777775 0.652205225 0.29871475694444444
2 0.49527791171875 0.3136845166666667 0.49527791171875 0.40350307638888894 0.5511593453125 0.40350307638888894 0.5511593453125 0.3136845166666667
7 0.6154612687500001 0.2769405597222222 0.6154612687500001 0.30279741805555555 0.644550234375 0.30279741805555555 0.644550234375 0.2769405597222222
7 0.596323790625 0.29871475694444444 0.596323790625 0.3136845166666667 0.61393027109375 0.3136845166666667 0.61393027109375 0.29871475694444444
9 0.85527125625 0.2551392986111111 0.85527125625 0.4429158472222222 0.99895164140625 0.4429158472222222 0.99895164140625 0.2551392986111111