6 0.76374743046875 0.24503869722222224 0.76374743046875 0.2821521069444444 0.7718659875 0.2821521069444444 0.7718659875 0.24503869722222224
6 0.7591082539062499 0.31514180416666665 0.7591082539062499 0.34606964444444444 0.76838660625 0.34606964444444444 0.76838660625 0.31514180416666665
7 0.75098969609375 0.24297684583333334 0.75098969609375 0.268820875 0.761427840625 0.268820875 0.761427840625 0.24297684583333334
7 0.60485565078125 0.2924613902777778 0.60485565078125 0.3336985083333333 0.62457214921875 0.3336985083333333 0.62457214921875 0.2924613902777778
2 0.3050258234375 0.33773201388888885 0.3050258234375 0.35010315138888887 0.32010314609375 0.35010315138888887 0.32010314609375 0.33773201388888885
2 0.27603097421875 0.34391757916666665 0.27603097421875 0.3542268611111111 0.30038664765625 0.3542268611111111 0.30038664765625 0.34391757916666665
2 0.23079900703125 0.3336083013888889 0.23079900703125 0.35628871805555556 0.25515468124999996 0.35628871805555556 0.25515468124999996 0.3336083013888889
2 0.14613404453125 0.33979386805555556 0.14613404453125 0.35010314583333335 0.169329925 0.35010314583333335 0.169329925 0.33979386805555556
2 0.44304131015625003 0.3474227388888889 0.44304131015625003 0.36391758611111114 0.450000075 0.36391758611111114 0.450000075 0.3474227388888889
2 0.4198454296875 0.3453608819444444 0.4198454296875 0.35773201944444444 0.42912378125000006 0.35773201944444444 0.42912378125000006 0.3453608819444444
2 0.40824748984375 0.3432990263888889 0.40824748984375 0.36391758611111114 0.42100522421875003 0.36391758611111114 0.42100522421875003 0.3432990263888889
2 0.43028357578125 0.3474227388888889 0.43028357578125 0.3701031555555555 0.44536089765625003 0.3701031555555555 0.44536089765625003 0.3474227388888889
2 0.48363410234375 0.3474227388888889 0.48363410234375 0.36391758611111114 0.49407224687499995 0.36391758611111114 0.49407224687499995 0.3474227388888889
2 0.46275780781250003 0.3474227388888889 0.46275780781250003 0.3597938736111111 0.472036159375 0.3597938736111111 0.472036159375 0.3474227388888889
1 0.348541175 0.33163665138888887 0.348541175 0.34606964444444444 0.3589793203125 0.34606964444444444 0.3589793203125 0.33163665138888887