6 0.5612558390625 0.24545471944444444 0.5612558390625 0.2995379638888889 0.56944633046875 0.2995379638888889 0.56944633046875 0.24545471944444444
6 0.52615373359375 0.3577814555555555 0.52615373359375 0.39106345 0.5331741546875 0.39106345 0.5331741546875 0.3577814555555555
6 0.3143710328125 0.3057783361111111 0.3143710328125 0.34322058194444444 0.32256152421875 0.34322058194444444 0.32256152421875 0.3057783361111111
6 0.04408482421875 0.28913734027777777 0.04408482421875 0.3265795861111111 0.05812566640625 0.3265795861111111 0.05812566640625 0.28913734027777777
6 0.30384040234375 0.3057783361111111 0.30384040234375 0.34322058194444444 0.3108608234375 0.34322058194444444 0.3108608234375 0.3057783361111111
6 0.56827626015625 0.24545471944444444 0.56827626015625 0.28913733750000004 0.5799769609375 0.28913733750000004 0.5799769609375 0.24545471944444444
6 0.55423541796875 0.24753484444444446 0.55423541796875 0.2870572152777778 0.5635959781250001 0.2870572152777778 0.5635959781250001 0.24753484444444446
6 0.5179632421875 0.35154108055555555 0.5179632421875 0.39522370277777774 0.52498366328125 0.39522370277777774 0.52498366328125 0.35154108055555555
6 0.7332561531249999 0.3785827013888889 0.7332561531249999 0.40770444722222227 0.75080720625 0.40770444722222227 0.75080720625 0.3785827013888889
6 0.7508072046875001 0.3869032 0.7508072046875001 0.4160249472222222 0.7636779765624999 0.4160249472222222 0.7636779765624999 0.3869032
7 0.04408482421875 0.13728823333333334 0.04408482421875 0.1726503527777778 0.053445385156250004 0.1726503527777778 0.053445385156250004 0.13728823333333334
7 0.05344538671875 0.17473047916666665 0.05344538671875 0.2038522263888889 0.0651460890625 0.2038522263888889 0.0651460890625 0.17473047916666665
7 0.054615457812500004 0.33698020833333336 0.054615457812500004 0.3681820791666667 0.07099643984375001 0.3681820791666667 0.07099643984375001 0.33698020833333336
7 0.24299675546875 0.32241933472222223 0.24299675546875 0.3453007069444445 0.29447984140625 0.3453007069444445 0.29447984140625 0.32241933472222223
7 0.7133649617187501 0.22881372083333334 0.7133649617187501 0.2745764638888889 0.74495685546875 0.2745764638888889 0.74495685546875 0.22881372083333334
7 0.7192153109375 0.31201871249999996 0.7192153109375 0.3349000833333333 0.7344262234375 0.3349000833333333 0.7344262234375 0.31201871249999996
7 0.7192153109375 0.33698020833333336 0.7192153109375 0.37442245416666664 0.74144664453125 0.37442245416666664 0.74144664453125 0.33698020833333336
7 0.8245216265625 0.3057783361111111 0.8245216265625 0.3369802055555555 0.85143323984375 0.3369802055555555 0.85143323984375 0.3057783361111111
7 0.49573190859375 0.4368261972222222 0.49573190859375 0.5304318083333334 0.5600857687499999 0.5304318083333334 0.5600857687499999 0.4368261972222222
7 0.55540548671875 0.413944825 0.55540548671875 0.4368261972222222 0.56827625859375 0.4368261972222222 0.56827625859375 0.413944825
2 0.41499706796874997 0.43890632222222226 0.41499706796874997 0.5054703138888889 0.44424882265625004 0.5054703138888889 0.44424882265625004 0.43890632222222226
2 0.38457524296875 0.46178769305555556 0.38457524296875 0.5075504347222222 0.40212629453125004 0.5075504347222222 0.40212629453125004 0.46178769305555556
2 0.4044664359375 0.4929895638888889 0.4044664359375 0.5137908097222221 0.418507278125 0.5137908097222221 0.418507278125 0.4929895638888889
2 0.78941952109375 0.4659479416666667 0.78941952109375 0.5366721819444444 0.887705415625 0.5366721819444444 0.887705415625 0.4659479416666667
2 0.8888754875 0.48466906527777776 0.8888754875 0.5241914361111112 0.9520592765625 0.5241914361111112 0.9520592765625 0.48466906527777776
2 0.2710784375 0.4493069444444444 0.2710784375 0.5054703125 0.30384040234375 0.5054703125 0.30384040234375 0.4493069444444444
2 0.28862948984375 0.42850569861111115 0.28862948984375 0.5699541791666667 0.389255525 0.5699541791666667 0.389255525 0.42850569861111115
2 0.5191333140625 0.388983325 0.5191333140625 0.7238834083333333 0.8022902929687501 0.7238834083333333 0.8022902929687501 0.388983325
2 0.42084741875000004 0.4451466944444445 0.42084741875000004 0.5449926819444444 0.50860268046875 0.5449926819444444 0.50860268046875 0.4451466944444445
2 0 0.36402182777777775 0 0.6032361749999999 0.18332317578125 0.6032361749999999 0.18332317578125 0.36402182777777775
2 0.8490931007812501 0.46386781666666665 0.8490931007812501 0.7426045305555555 0.9988620812500001 0.7426045305555555 0.9988620812500001 0.46386781666666665