7 0.047288771875 0.22037486111111113 0.047288771875 0.37871827916666667 0.0895272890625 0.37871827916666667 0.0895272890625 0.22037486111111113
7 0.67076598125 0.5191052263888889 0.67076598125 0.5599153819444445 0.69004878125 0.5599153819444445 0.69004878125 0.5191052263888889
6 0.62470151015625 0.043530831944444445 0.62470151015625 0.17085852777777777 0.64949368125 0.17085852777777777 0.64949368125 0.043530831944444445
7 0.6902668640625 0.0996086736111111 0.6902668640625 0.1551104888888889 0.8248167609375001 0.1551104888888889 0.8248167609375001 0.0996086736111111
7 0.5975998671875 0.4029307611111111 0.5975998671875 0.4894483 0.6214738132812501 0.4894483 0.6214738132812501 0.4029307611111111
2 0.53670460859375 0.6039903569444445 0.53670460859375 0.635006073611111 0.5550691789062501 0.635006073611111 0.5550691789062501 0.6039903569444445
2 0.44396352187500004 0.6023579527777778 0.44396352187500004 0.6366384805555556 0.46049163593750003 0.6366384805555556 0.46049163593750003 0.6023579527777778
2 0.45865517890624996 0.6023579527777778 0.45865517890624996 0.6301088611111111 0.47701974921875 0.6301088611111111 0.47701974921875 0.6023579527777778
2 0.021578371875 0.6399032986111111 0.021578371875 0.6921403027777778 0.08034500234375 0.6921403027777778 0.08034500234375 0.6399032986111111
7 0.079426771875 0.4782950680555556 0.079426771875 0.5044135680555556 0.1115647734375 0.5044135680555556 0.1115647734375 0.4782950680555556
7 0.07850854375 0.5044135680555556 0.07850854375 0.5288996652777778 0.1134012296875 0.5288996652777778 0.1134012296875 0.5044135680555556
2 0.55627958125 0.5997099291666667 0.55627958125 0.6470497138888889 0.5884175828125 0.6470497138888889 0.5884175828125 0.5997099291666667
2 0.47455723671875 0.5686942083333334 0.47455723671875 0.6617413722222222 0.5232233523437501 0.6617413722222222 0.5232233523437501 0.5686942083333334
2 0.4093630078125 0.5964451166666667 0.4093630078125 0.6584765583333333 0.44609214765624994 0.6584765583333333 0.44609214765624994 0.5964451166666667
7 0.5158034328125 0.5491415055555555 0.5158034328125 0.5622007583333333 0.52865863359375 0.5622007583333333 0.52865863359375 0.5491415055555555
7 0.54426851875 0.5475090986111111 0.54426851875 0.5605683513888889 0.5580419484375 0.5605683513888889 0.5580419484375 0.5475090986111111
7 0.92786998671875 0.3362757125 0.92786998671875 0.37206344027777777 0.9864279351562499 0.37206344027777777 0.9864279351562499 0.3362757125
4 0.82778307109375 0.5631801972222222 0.82778307109375 0.67908105 0.8562481570312499 0.67908105 0.8562481570312499 0.5631801972222222
6 0.9752850140625 0.4257315833333334 0.9752850140625 0.4812333986111111 0.99915895859375 0.4812333986111111 0.99915895859375 0.4257315833333334
2 0.7706442164062499 0.5753722347222222 0.7706442164062499 0.6161823888888889 0.79819107421875 0.6161823888888889 0.79819107421875 0.5753722347222222
2 0.0020839484375 0.6970694055555555 0.0020839484375 0.9745784888888889 0.08013337734375 0.9745784888888889 0.08013337734375 0.6970694055555555
2 0 0.6203463069444445 0 0.6889073736111111 0.01677560625 0.6889073736111111 0.01677560625 0.6203463069444445
6 0.6531859007812499 0.032446509722222225 0.6531859007812499 0.16699790972222223 0.68093712734375 0.16699790972222223 0.68093712734375 0.032446509722222225