2 0.9371338781249999 0.8163754555555556 0.9371338781249999 0.9982894791666667 0.9989777890625 0.9982894791666667 0.9989777890625 0.8163754555555556
2 0.20426711796875 0.5059032958333334 0.20426711796875 0.5959956625 0.28846883125 0.5959956625 0.28846883125 0.5059032958333334
2 0.30795996875 0.5059032958333334 0.30795996875 0.5849073736111111 0.37422983515624997 0.5849073736111111 0.37422983515624997 0.5059032958333334
2 0.04911766484375 0.5322379875 0.04911766484375 0.5724330444444444 0.130200796875 0.5724330444444444 0.130200796875 0.5322379875
2 0.03040617421875 0.5239217694444445 0.03040617421875 0.5724330444444444 0.08030348515624999 0.5724330444444444 0.08030348515624999 0.5239217694444445
2 0.36955196171875004 0.5183776236111112 0.36955196171875004 0.564116823611111 0.39683955390625003 0.564116823611111 0.39683955390625003 0.5183776236111112
2 0.2830113125 0.51560555 0.2830113125 0.5724330444444444 0.31965465078125 0.5724330444444444 0.31965465078125 0.51560555
2 0.38826345390625 0.5128334777777778 0.38826345390625 0.5585726791666666 0.4210085640625 0.5585726791666666 0.4210085640625 0.5128334777777778
2 0.41555104609375004 0.5211496958333334 0.41555104609375004 0.5530285333333333 0.43270324687499995 0.5530285333333333 0.43270324687499995 0.5211496958333334
2 0.42022891875 0.5086753680555556 0.42022891875 0.5433262791666666 0.43894041015624996 0.5433262791666666 0.43894041015624996 0.5086753680555556
2 0.43738111953125003 0.5142195138888889 0.43738111953125003 0.5447123166666666 0.4459572203125 0.5447123166666666 0.4459572203125 0.5142195138888889
2 0.61669958125 0.5197636597222222 0.61669958125 0.5363960958333334 0.62449603671875 0.5363960958333334 0.62449603671875 0.5197636597222222
2 0.6283942640625 0.5225357319444445 0.6283942640625 0.5405542041666667 0.6307332 0.5405542041666667 0.6307332 0.5225357319444445
2 0.63541107421875 0.5266938416666667 0.63541107421875 0.5419402430555555 0.6424278828125 0.5419402430555555 0.6424278828125 0.5266938416666667
2 0.64866504765625 0.5294659152777778 0.64866504765625 0.5433262791666666 0.6549022109375 0.5433262791666666 0.6549022109375 0.5294659152777778
2 0.6751729937500001 0.533624023611111 0.6751729937500001 0.5544145708333333 0.6814101570312501 0.5544145708333333 0.6814101570312501 0.533624023611111
2 0.68452873984375 0.5253078055555556 0.68452873984375 0.5585726791666666 0.69466413046875 0.5585726791666666 0.69466413046875 0.5253078055555556
2 0.69778271328125 0.5350100597222223 0.69778271328125 0.5599587166666666 0.71181633203125 0.5599587166666666 0.71181633203125 0.5350100597222223
2 0.71415526875 0.5294659152777778 0.71415526875 0.5655028625 0.729748178125 0.5655028625 0.729748178125 0.5294659152777778
2 0.74066321484375 0.530851951388889 0.74066321484375 0.5696609708333333 0.746900378125 0.5696609708333333 0.746900378125 0.530851951388889
2 0.74845967109375 0.5322379875 0.74845967109375 0.5821352986111111 0.77496761640625 0.5821352986111111 0.77496761640625 0.5322379875
2 0.77028974375 0.5363960972222223 0.77028974375 0.5835213347222222 0.8084923726562501 0.5835213347222222 0.8084923726562501 0.5363960972222223
2 0.80303485390625 0.5391681708333333 0.80303485390625 0.5724330444444444 0.8638472023437499 0.5724330444444444 0.8638472023437499 0.5391681708333333
2 0.8490339382812501 0.548870425 0.8490339382812501 0.6084699902777777 0.9231002593750001 0.6084699902777777 0.9231002593750001 0.548870425
2 0.9098462875 0.5585726791666666 0.9098462875 0.6264884638888889 0.99997696640625 0.6264884638888889 0.99997696640625 0.5585726791666666
2 0.0007993296875 0.5391681708333333 0.0007993296875 0.5821352986111111 0.03742298359375 0.5821352986111111 0.03742298359375 0.5391681708333333
2 0.00233893671875 0.5294659152777778 0.00233893671875 0.5613447541666667 0.028067237499999998 0.5613447541666667 0.028067237499999998 0.5294659152777778
2 0.49975275859375 0.5197636597222222 0.49975275859375 0.5363960958333334 0.5091085046875 0.5363960958333334 0.5091085046875 0.5197636597222222
2 0.51378637734375 0.5211496958333334 0.51378637734375 0.5363960958333334 0.5231421234375 0.5363960958333334 0.5231421234375 0.5211496958333334
1 0.07952383984375 0.4754104944444444 0.07952383984375 0.5724330444444444 0.246367975 0.5724330444444444 0.246367975 0.4754104944444444
2 0.44829615624999997 0.51560555 0.44829615624999997 0.5322379875 0.4599908390625 0.5322379875 0.4599908390625 0.51560555
2 0.462329775 0.5183776236111112 0.462329775 0.5336240222222222 0.47090587578125 0.5336240222222222 0.47090587578125 0.5183776236111112
6 0.50131205 0.0984085861111111 0.50131205 0.2079054638888889 0.52392176875 0.2079054638888889 0.52392176875 0.0984085861111111
6 0.73364640546875 0.26057484861111113 0.73364640546875 0.3492811777777778 0.75313754296875 0.3492811777777778 0.75313754296875 0.26057484861111113
6 0.7570357703124999 0.2675050305555556 0.7570357703124999 0.3534392888888889 0.7695100984375001 0.3534392888888889 0.7695100984375001 0.2675050305555556
7 0.73286676015625 0.3742298333333333 0.73286676015625 0.39086227083333336 0.75079860703125 0.39086227083333336 0.75079860703125 0.3742298333333333
7 0.5987677359375 0.451847875 0.5987677359375 0.4837267125 0.61903851875 0.4837267125 0.61903851875 0.451847875
7 0.65022433828125 0.4934289666666667 0.65022433828125 0.5072893305555556 0.6564615015624999 0.5072893305555556 0.6564615015624999 0.4934289666666667
7 0.5784969531249999 0.50035915 0.5784969531249999 0.5114474402777778 0.583954471875 0.5114474402777778 0.583954471875 0.50035915
7 0.9683196984375 0.37007172777777775 0.9683196984375 0.4310573291666666 0.980794025 0.4310573291666666 0.980794025 0.37007172777777775
7 0.30406174140625 0.46848031111111105 0.30406174140625 0.4934289666666667 0.31341748671874997 0.4934289666666667 0.31341748671874997 0.46848031111111105
6 0.49039701328124996 0.4781825666666667 0.49039701328124996 0.49065689305555554 0.49741382265625 0.49065689305555554 0.49741382265625 0.4781825666666667
6 0.5636836890625 0.4781825666666667 0.5636836890625 0.50035915 0.56992085234375 0.50035915 0.56992085234375 0.4781825666666667
7 0.44049970078125 0.4781825666666667 0.44049970078125 0.48927085694444444 0.4459572203125 0.48927085694444444 0.4459572203125 0.4781825666666667
6 0.631512846875 0.4920429305555556 0.631512846875 0.5114474416666667 0.63619071953125 0.5114474416666667 0.63619071953125 0.4920429305555556
6 0.601106671875 0.4878848222222222 0.601106671875 0.5017451861111111 0.6050049 0.5017451861111111 0.6050049 0.4878848222222222