2 0.001092071875 0.39122344305555556 0.001092071875 0.566647138888889 0.10834840781249999 0.566647138888889 0.10834840781249999 0.39122344305555556
2 0.08689713984375 0.43698614583333334 0.08689713984375 0.5513929013888889 0.11607086171875 0.5513929013888889 0.11607086171875 0.43698614583333334
7 0.08260688671875001 0.3637658208333333 0.08260688671875001 0.4263081833333333 0.12550942109375002 0.4263081833333333 0.12550942109375002 0.3637658208333333
2 0.1872890703125 0.4796980027777778 0.1872890703125 0.528511551388889 0.22246914843750001 0.528511551388889 0.22246914843750001 0.4796980027777778
2 0.21646279375000002 0.45681665 0.21646279375000002 0.5239352819444445 0.2919712546875 0.5239352819444445 0.2919712546875 0.45681665
2 0.2945454046875 0.481223425 0.2945454046875 0.5132573194444444 0.3220030265625 0.5132573194444444 0.3220030265625 0.481223425
2 0.32114497734374997 0.4857996958333333 0.32114497734374997 0.5102064708333334 0.3340157375 0.5102064708333334 0.3340157375 0.4857996958333333
2 0.36061530859375 0.49342681250000003 0.36061530859375 0.5224098611111111 0.37434411953125 0.5224098611111111 0.37434411953125 0.49342681250000003
2 0.37434411953125 0.48274884861111106 0.37434411953125 0.5269861305555555 0.39236318593749997 0.5269861305555555 0.39236318593749997 0.48274884861111106
2 0.38292462656250004 0.46749461527777775 0.38292462656250004 0.5895284902777778 0.46701359374999996 0.5895284902777778 0.46701359374999996 0.46749461527777775
2 0.4747360484375 0.4796980027777778 0.4747360484375 0.5407149375 0.53222544296875 0.5407149375 0.53222544296875 0.4796980027777778
2 0.5536767125 0.43698614583333334 0.5536767125 0.6200369555555555 0.714132190625 0.6200369555555555 0.714132190625 0.43698614583333334
7 0.70297753125 0.36834209166666665 0.70297753125 0.40190140694444443 0.71928049296875 0.40190140694444443 0.71928049296875 0.36834209166666665
7 0.707267784375 0.4217319111111111 0.707267784375 0.4552912333333333 0.7244287984375 0.4552912333333333 0.7244287984375 0.4217319111111111