2 0.34830306875 0.3869032013888889 0.34830306875 0.7072424125 0.5483850671875 0.7072424125 0.5483850671875 0.3869032013888889
9 0.624439628125 0.2163329736111111 0.624439628125 0.8278896472222222 0.9988620812500001 0.8278896472222222 0.9988620812500001 0.2163329736111111
2 0.15758163046875 0.4389063208333333 0.15758163046875 0.6281976722222222 0.32490166484375 0.6281976722222222 0.32490166484375 0.4389063208333333
2 0.31203089375 0.44098644444444446 0.31203089375 0.5408324333333334 0.3728745421875 0.5408324333333334 0.3728745421875 0.44098644444444446
2 0.29330977109375 0.4451466958333334 0.29330977109375 0.4784286916666667 0.31788124453125 0.4784286916666667 0.31788124453125 0.4451466958333334
2 0.0709964390625 0.4347460708333334 0.0709964390625 0.5637138041666667 0.18566331640625 0.5637138041666667 0.18566331640625 0.4347460708333334
2 0.0066425796875 0.4451466958333334 0.0066425796875 0.5553933069444444 0.07918693046875 0.5553933069444444 0.07918693046875 0.4451466958333334
2 0.5331741546875 0.44306656805555555 0.5331741546875 0.5366721833333333 0.6080586453125 0.5366721833333333 0.6080586453125 0.44306656805555555
7 0.5249836640625001 0.39522370138888885 0.5249836640625001 0.42018519722222225 0.54019457734375 0.42018519722222225 0.54019457734375 0.39522370138888885
7 0.50275233046875 0.23297396944444443 0.50275233046875 0.2745764652777778 0.62443962734375 0.2745764652777778 0.62443962734375 0.23297396944444443
7 0.5717864703125 0.2080124736111111 0.5717864703125 0.23297396944444443 0.62209948828125 0.23297396944444443 0.62209948828125 0.2080124736111111
7 0.19385380546875 0.17889072777777776 0.19385380546875 0.199691975 0.237146403125 0.199691975 0.237146403125 0.17889072777777776
7 0.19385380546875 0.2038522263888889 0.19385380546875 0.3161789625 0.3085206828125 0.3161789625 0.3085206828125 0.2038522263888889
7 0.05812566640625 0.1913714763888889 0.05812566640625 0.2246534722222222 0.103758403125 0.2246534722222222 0.103758403125 0.1913714763888889
7 0.06046580781250001 0.2184130986111111 0.06046580781250001 0.3036982111111111 0.16811226484375 0.3036982111111111 0.16811226484375 0.2184130986111111