7 0.00358759921875 0.5304332166666667 0.00358759921875 0.5431891263888889 0.031092528125 0.5431891263888889 0.031092528125 0.5304332166666667
6 0.051422258593750006 0.5198032916666667 0.051422258593750006 0.5474410972222222 0.06218505546874999 0.5474410972222222 0.06218505546874999 0.5198032916666667
6 0.24395676015625 0.5091733722222223 0.24395676015625 0.5304332166666667 0.25830715937500004 0.5304332166666667 0.25830715937500004 0.5091733722222223
6 0.30159753046875004 0.5280946541666667 0.30159753046875004 0.5578584402777778 0.31116446249999996 0.5578584402777778 0.31116446249999996 0.5280946541666667
6 0.2977707515625 0.5621104111111112 0.2977707515625 0.5791182888888889 0.30614181640625 0.5791182888888889 0.30614181640625 0.5621104111111112
6 0.30733768203125 0.5599844277777778 0.30733768203125 0.5812442763888889 0.31451288125 0.5812442763888889 0.31451288125 0.5599844277777778
6 0.38865660390625 0.5195907138888889 0.38865660390625 0.5387245763888888 0.40061526875000003 0.5387245763888888 0.40061526875000003 0.5195907138888889
7 0.36832687265624997 0.5280946541666667 0.36832687265624997 0.5365985888888889 0.388656603125 0.5365985888888889 0.388656603125 0.5280946541666667
6 0.34680127734375 0.5463781013888889 0.34680127734375 0.5697639333333333 0.35636820937499997 0.5697639333333333 0.35636820937499997 0.5463781013888889
6 0.5489027109375 0.5144883319444444 0.5489027109375 0.5336221958333334 0.55846964296875 0.5336221958333334 0.55846964296875 0.5144883319444444
7 0.56803657578125 0.5187403013888889 0.56803657578125 0.5336221958333334 0.5871704390625 0.5336221958333334 0.5871704390625 0.5187403013888889
7 0.47715072265625 0.5400001513888889 0.47715072265625 0.5485040888888888 0.48671765390625 0.5485040888888888 0.48671765390625 0.5400001513888889
7 0.5010680515625 0.5272442388888889 0.5010680515625 0.5612599986111111 0.5213977812499999 0.5612599986111111 0.5213977812499999 0.5272442388888889
7 0.480738321875 0.5655119694444444 0.480738321875 0.5761418930555555 0.490305253125 0.5761418930555555 0.490305253125 0.5655119694444444
2 0.473563121875 0.5888978027777778 0.473563121875 0.6441734083333333 0.49508871875000005 0.6441734083333333 0.49508871875000005 0.5888978027777778
2 0.23199809609375 0.61015765 0.23199809609375 0.6250395430555555 0.24395675859375002 0.6250395430555555 0.24395675859375002 0.61015765
2 0.21764769843749998 0.6037796944444445 0.21764769843749998 0.6165356041666666 0.231998096875 0.6165356041666666 0.231998096875 0.6037796944444445
2 0.20568903359375001 0.6080316666666666 0.20568903359375001 0.6207875763888889 0.21764769843749998 0.6207875763888889 0.21764769843749998 0.6080316666666666
2 0.1829675703125 0.6122836347222222 0.1829675703125 0.6335434847222222 0.20090556640625 0.6335434847222222 0.20090556640625 0.6122836347222222
2 0.16981303984375 0.6122836347222222 0.16981303984375 0.6335434847222222 0.18535930390625 0.6335434847222222 0.18535930390625 0.6122836347222222
2 0.1566585078125 0.6144096208333334 0.1566585078125 0.6356694694444445 0.17340063984375 0.6356694694444445 0.17340063984375 0.6144096208333334
2 0.136328778125 0.6059056777777778 0.136328778125 0.6314174972222222 0.15426677421874999 0.6314174972222222 0.15426677421874999 0.6059056777777778
2 0.05381399140625 0.6122836347222222 0.05381399140625 0.6377954541666666 0.07773131953125 0.6377954541666666 0.07773131953125 0.6122836347222222
9 0.0669685203125 0.5974017402777778 0.0669685203125 0.6611812874999999 0.13872051015625 0.6611812874999999 0.13872051015625 0.5974017402777778
2 0 0.6016537097222222 0 0.7122049222222222 0.05500985781249999 0.7122049222222222 0.05500985781249999 0.6016537097222222
2 0.31451288359374996 0.5888978027777778 0.31451288359374996 0.6377954541666666 0.33843021093750003 0.6377954541666666 0.33843021093750003 0.5888978027777778
2 0.29179141953125 0.5846458319444444 0.29179141953125 0.6462993902777777 0.32168808203125 0.6462993902777777 0.32168808203125 0.5846458319444444
2 0.37669793984375 0.5825198458333334 0.37669793984375 0.6250395430555555 0.405398734375 0.6250395430555555 0.405398734375 0.5825198458333334
2 0.37071860703125 0.5952757555555556 0.37071860703125 0.6356694694444445 0.39104833671875 0.6356694694444445 0.39104833671875 0.5952757555555556
2 0.5943456375 0.5888978027777778 0.5943456375 0.6101576513888889 0.6075001679687501 0.6101576513888889 0.6075001679687501 0.5888978027777778
2 0.5776035054687501 0.5867718180555556 0.5776035054687501 0.6186615875 0.60152083515625 0.6186615875 0.60152083515625 0.5867718180555556
2 0.56564484296875 0.5867718180555556 0.56564484296875 0.6059056777777778 0.5787993734375 0.6059056777777778 0.5787993734375 0.5867718180555556
2 0.74143721328125 0.5761418916666666 0.74143721328125 0.6356694666666667 0.8263437328125001 0.6356694666666667 0.8263437328125001 0.5761418916666666
2 0.6864273546875 0.5697639388888889 0.6864273546875 0.6335434847222222 0.74741654453125 0.6335434847222222 0.74741654453125 0.5697639388888889
1 0.6098919015625001 0.5272442388888889 0.6098919015625001 0.6207875722222223 0.70914881875 0.6207875722222223 0.70914881875 0.5272442388888889
2 0.88781129921875 0.5463781013888889 0.88781129921875 0.6675592402777778 0.9990268804687499 0.6675592402777778 0.9990268804687499 0.5463781013888889
7 0.744307321875 0.4677166666666666 0.744307321875 0.5166143180555556 0.7957295796875 0.5166143180555556 0.7957295796875 0.4677166666666666
7 0.76655040859375 0.5974017402777778 0.76655040859375 0.6207875722222223 0.77970493984375 0.6207875722222223 0.77970493984375 0.5974017402777778
7 0.76774627578125 0.6229135597222223 0.76774627578125 0.6484253791666666 0.77970494140625 0.6484253791666666 0.77970494140625 0.6229135597222223
2 0.5102933109375 0.5852532569444444 0.5102933109375 0.6766706055555556 0.58443703125 0.6766706055555556 0.58443703125 0.5852532569444444
2 0.39156084921875 0.5682453791666666 0.39156084921875 0.7128123472222222 0.484838434375 0.7128123472222222 0.484838434375 0.5682453791666666
2 0.326984059375 0.5788753027777778 0.326984059375 0.6681666652777778 0.38558151875 0.6681666652777778 0.38558151875 0.5788753027777778
2 0.24088167343750003 0.5767493180555555 0.24088167343750003 0.6660406805555555 0.30785019453125 0.6660406805555555 0.30785019453125 0.5767493180555555
7 0.30016248515625 0.49907494166666666 0.30016248515625 0.5160828208333333 0.30972941718749997 0.5160828208333333 0.30972941718749997 0.49907494166666666