6 0.19763732421875 0.27888158055555556 0.19763732421875 0.3303947388888889 0.208628278125 0.3303947388888889 0.208628278125 0.27888158055555556
6 0.5283651218750001 0.3517105277777778 0.5283651218750001 0.3872368444444444 0.5363585421875 0.3872368444444444 0.5363585421875 0.3517105277777778
6 0.188644725 0.41921053055555557 0.188644725 0.4494079 0.19563896875 0.4494079 0.19563896875 0.41921053055555557
6 0.63627630703125 0.44230263333333336 0.63627630703125 0.46006579166666667 0.64726726171875 0.46006579166666667 0.64726726171875 0.44230263333333336
6 0.2126249890625 0.28065789583333334 0.2126249890625 0.3321710541666667 0.22361594296875 0.3321710541666667 0.22361594296875 0.28065789583333334
6 0.19563896875 0.45828947638888884 0.19563896875 0.47250000138888887 0.20363238984374998 0.47250000138888887 0.20363238984374998 0.45828947638888884
6 0.18065130390625 0.4565131611111111 0.18065130390625 0.47250000416666665 0.19164225859375 0.47250000416666665 0.19164225859375 0.4565131611111111
6 0.53735772109375 0.3552631611111111 0.53735772109375 0.3854605291666667 0.5443519640625001 0.3854605291666667 0.5443519640625001 0.3552631611111111
6 0.73219736015625 0.34282894722222224 0.73219736015625 0.3872368444444444 0.744187490625 0.3872368444444444 0.744187490625 0.34282894722222224
6 0.74818420234375 0.4014473722222222 0.74818420234375 0.4351973722222222 0.7571767992187499 0.4351973722222222 0.7571767992187499 0.4014473722222222
6 0.19663814609375002 0.41565789722222224 0.19663814609375002 0.4511842152777778 0.20063485781249998 0.4511842152777778 0.20063485781249998 0.41565789722222224
7 0.0037968625 0.35348684444444445 0.0037968625 0.3712500013888889 0.0167861734375 0.3712500013888889 0.0167861734375 0.35348684444444445
7 0.080733540625 0.2966447388888889 0.080733540625 0.323289475 0.13868584374999998 0.323289475 0.13868584374999998 0.2966447388888889
7 0.5633363390625 0.3694736861111111 0.5633363390625 0.3890131611111111 0.604302621875 0.3890131611111111 0.604302621875 0.3694736861111111
7 0.8560953859374999 0.3055263180555556 0.8560953859374999 0.37657894861111113 0.8830731835937501 0.37657894861111113 0.8830731835937501 0.3055263180555556
7 0.7351948921875 0.3925657916666667 0.7351948921875 0.40855263194444447 0.75917515546875 0.40855263194444447 0.75917515546875 0.3925657916666667
7 0.6182911101562499 0.41032895 0.6182911101562499 0.4245394763888889 0.6392738398437501 0.4245394763888889 0.6392738398437501 0.41032895
7 0.57033058203125 0.43697368611111115 0.57033058203125 0.46361842361111116 0.5823207140625 0.46361842361111116 0.5823207140625 0.43697368611111115
7 0.492394728125 0.44407895000000003 0.492394728125 0.4653947388888889 0.5013873249999999 0.4653947388888889 0.5013873249999999 0.44407895000000003
2 0.42832455078125 0.48493421111111107 0.42832455078125 0.5009210541666667 0.4393155046875 0.5009210541666667 0.4393155046875 0.48493421111111107
2 0.38835744453125 0.49736842361111105 0.38835744453125 0.5222368444444445 0.40134675390624996 0.5222368444444445 0.40134675390624996 0.49736842361111105
2 0.3433944515625 0.5044736875 0.3433944515625 0.5275657916666667 0.36337800468750003 0.5275657916666667 0.36337800468750003 0.5044736875
2 0.308423234375 0.5062500041666667 0.308423234375 0.5346710583333334 0.33540103203125 0.5346710583333334 0.33540103203125 0.5062500041666667
2 0.2784479046875 0.49736842361111105 0.2784479046875 0.5400000013888889 0.3094224109375 0.5400000013888889 0.3094224109375 0.49736842361111105
2 0.2454750421875 0.5062500041666667 0.2454750421875 0.5471052680555556 0.28943886015625 0.5471052680555556 0.28943886015625 0.5062500041666667
2 0.3603804703125 0.5009210541666667 0.3603804703125 0.5328947375 0.38336155546875 0.5328947375 0.38336155546875 0.5009210541666667
2 0.3973500421875 0.48315789722222224 0.3973500421875 0.5471052666666667 0.4333204390625 0.5471052666666667 0.4333204390625 0.48315789722222224
2 0.5012645164062499 0.49381579305555556 0.5012645164062499 0.5222368486111111 0.5212480703125 0.5222368486111111 0.5212480703125 0.49381579305555556
2 0.5232464257812499 0.48848684444444446 0.5232464257812499 0.5186842138888889 0.53223902265625 0.5186842138888889 0.53223902265625 0.48848684444444446
2 0.529241490625 0.4867105305555555 0.529241490625 0.5222368486111111 0.53923326875 0.5222368486111111 0.53923326875 0.4867105305555555
2 0.53423737890625 0.4902631611111111 0.53423737890625 0.5222368430555556 0.5512233984375 0.5222368430555556 0.5512233984375 0.4902631611111111
2 0.54522833359375 0.4867105305555555 0.54522833359375 0.5293421069444444 0.5612151765625 0.5293421069444444 0.5612151765625 0.4867105305555555
2 0.5582176414062501 0.4902631611111111 0.5582176414062501 0.5328947388888889 0.57220612890625 0.5328947388888889 0.57220612890625 0.4902631611111111
2 0.5652118859375 0.4867105305555555 0.5652118859375 0.5400000055555556 0.608176525 0.5400000055555556 0.608176525 0.4867105305555555
2 0.42732537265625004 0.47250000416666665 0.42732537265625004 0.6075000041666667 0.51325465078125 0.6075000041666667 0.51325465078125 0.47250000416666665
2 0.73007619765625 0.47960526388888886 0.73007619765625 0.5471052680555556 0.8489783351562499 0.5471052680555556 0.8489783351562499 0.47960526388888886
4 0.684114025 0.48493421111111107 0.684114025 0.5400000013888889 0.69810251171875 0.5400000013888889 0.69810251171875 0.48493421111111107
4 0.16853836328125 0.5026973708333333 0.16853836328125 0.5506578958333334 0.1795293171875 0.5506578958333334 0.1795293171875 0.5026973708333333
4 0.17952931796875 0.5026973708333333 0.17952931796875 0.5542105305555556 0.19151944921875 0.5542105305555556 0.19151944921875 0.5026973708333333
2 0 0.4263157930555555 0 0.9076973777777777 0.15155234609374998 0.9076973777777777 0.15155234609374998 0.4263157930555555