4 0 0.4836615513888889 0 0.6622442791666666 0.052618125 0.6622442791666666 0.052618125 0.4836615513888889
7 0.39583180234375004 0.23917329444444443 0.39583180234375004 0.2753150361111111 0.41616153203125006 0.2753150361111111 0.41616153203125006 0.23917329444444443
7 0.39822353593750004 0.2795670069444444 0.39822353593750004 0.3220867013888889 0.41974913203125 0.3220867013888889 0.41974913203125 0.2795670069444444
7 0.39702766953125 0.3157087472222222 0.39702766953125 0.38799223194444443 0.4364912625 0.38799223194444443 0.4364912625 0.3157087472222222
2 0.728880615625 0.3157087472222222 0.728880615625 0.3624804138888889 0.767148340625 0.3624804138888889 0.767148340625 0.3157087472222222
2 0.72050954921875 0.3305906430555555 0.72050954921875 0.35822844444444446 0.7587772765625 0.35822844444444446 0.7587772765625 0.3305906430555555
2 0.6942004875000001 0.3327166277777778 0.6942004875000001 0.3454725375 0.73007648203125 0.3454725375 0.73007648203125 0.3327166277777778
2 0.6942004875000001 0.3454725347222222 0.6942004875000001 0.3773623083333333 0.75279794453125 0.3773623083333333 0.75279794453125 0.3454725347222222
2 0.67745835703125 0.3561024611111111 0.67745835703125 0.3816142791666666 0.7396434125 0.3816142791666666 0.7396434125 0.3561024611111111
2 0.62005676640625 0.36460639861111116 0.62005676640625 0.4305119291666667 0.734859946875 0.4305119291666667 0.734859946875 0.36460639861111116
2 0.54112957890625 0.4050001125 0.54112957890625 0.4921654902777778 0.69898395390625 0.4921654902777778 0.69898395390625 0.4050001125
2 0.8101995351562501 0.3050788263888889 0.8101995351562501 0.32846465694444443 0.83172513125 0.32846465694444443 0.83172513125 0.3050788263888889
2 0.8185706015624999 0.30720480972222225 0.8185706015624999 0.3305906430555555 0.8436837976562501 0.3305906430555555 0.8436837976562501 0.30720480972222225
2 0.8281375328125 0.30933079444444445 0.8281375328125 0.3369685986111111 0.8520548617187499 0.3369685986111111 0.8520548617187499 0.30933079444444445
2 0.83890033125 0.30720480972222225 0.83890033125 0.33484261111111113 0.89151845546875 0.33484261111111113 0.89151845546875 0.30720480972222225
2 0.86520939375 0.31783473333333334 0.86520939375 0.33484261111111113 0.9106523187500001 0.33484261111111113 0.9106523187500001 0.31783473333333334
2 0.88434325625 0.32421269027777777 0.88434325625 0.3794882958333334 0.9429407140625001 0.3794882958333334 0.9429407140625001 0.32421269027777777
2 0.909456453125 0.3135827638888889 0.909456453125 0.3837402625 0.99555883828125 0.3837402625 0.99555883828125 0.3135827638888889
2 0.9297861828125 0.3603544305555556 0.9297861828125 0.4071260958333333 0.95968284453125 0.4071260958333333 0.95968284453125 0.3603544305555556
2 0.9548993796874999 0.3284646583333333 0.9548993796874999 0.43476390000000004 0.9991464390625 0.43476390000000004 0.9991464390625 0.3284646583333333
2 0.8281375328125 0.33484261111111113 0.8281375328125 0.4220079902777778 0.8939101890625001 0.4220079902777778 0.8939101890625001 0.33484261111111113
2 0.51482051640625 0.43476390000000004 0.51482051640625 0.5304332180555555 0.72888061484375 0.5304332180555555 0.72888061484375 0.43476390000000004
2 0.48168598046875 0.4538977638888889 0.48168598046875 0.5958625458333333 0.7061591515625001 0.5958625458333333 0.7061591515625001 0.4538977638888889