2 0.28432705078125 0.6781206638888888 0.28432705078125 0.7010020388888889 0.30070803281249997 0.7010020388888889 0.30070803281249997 0.6781206638888888
2 0.25858550625 0.6760405402777778 0.25858550625 0.7155629083333334 0.28900733046875 0.7155629083333334 0.28900733046875 0.6760405402777778
2 0.156789403125 0.6802007902777778 0.156789403125 0.7010020375 0.17434045546875002 0.7010020375 0.17434045546875002 0.6802007902777778
2 0.10530631484375 0.6802007902777778 0.10530631484375 0.7134827847222222 0.126367578125 0.7134827847222222 0.126367578125 0.6802007902777778
7 0.23752424374999997 0.6136367986111111 0.23752424374999997 0.6365181736111112 0.25156508515625 0.6365181736111112 0.25156508515625 0.6136367986111111
7 0.23752424374999997 0.6365181694444445 0.23752424374999997 0.6552392916666666 0.25156508515625 0.6552392916666666 0.25156508515625 0.6365181694444445
6 0.31942915546875 0.6302777944444444 0.31942915546875 0.6489989194444444 0.3264495765625 0.6489989194444444 0.3264495765625 0.6302777944444444
6 0.35687140078125 0.6198771722222222 0.35687140078125 0.6385982958333334 0.363891821875 0.6385982958333334 0.363891821875 0.6198771722222222
2 0.30772845390625003 0.6802007902777778 0.30772845390625003 0.6885212916666666 0.31825908515625 0.6885212916666666 0.31825908515625 0.6802007902777778
7 0.347510840625 0.6385982958333334 0.347510840625 0.6573194166666666 0.37325238359375 0.6573194166666666 0.37325238359375 0.6385982958333334
7 0.40952455859375 0.628197675 0.40952455859375 0.6469187944444444 0.42590554062499997 0.6469187944444444 0.42590554062499997 0.628197675
2 0.40952455859375 0.6469187944444444 0.40952455859375 0.6573194194444445 0.42473546953124997 0.6573194194444445 0.42473546953124997 0.6469187944444444
7 0.40952455859375 0.6510790458333333 0.40952455859375 0.6593995444444445 0.42590554062499997 0.6593995444444445 0.42590554062499997 0.6510790458333333
6 0.43643617187499995 0.6344380458333333 0.43643617187499995 0.6510790458333333 0.44345659375 0.6510790458333333 0.44345659375 0.6344380458333333
6 0.4504770140625 0.6240374222222222 0.4504770140625 0.6448386708333333 0.45749743515625 0.6448386708333333 0.45749743515625 0.6240374222222222
5 0.4656879265625 0.6677200416666667 0.4656879265625 0.6926815361111112 0.4738784171875 0.6926815361111112 0.4738784171875 0.6677200416666667
3 0.46334778515624997 0.6864411652777778 0.46334778515624997 0.7072424138888889 0.47621855703125 0.7072424138888889 0.47621855703125 0.6864411652777778
7 0.52653157578125 0.6469187944444444 0.52653157578125 0.6698001694444444 0.5382322765625001 0.6698001694444444 0.5382322765625001 0.6469187944444444
7 0.43175589140625004 0.3661019555555556 0.43175589140625004 0.5137908097222221 0.5089805226562499 0.5137908097222221 0.5089805226562499 0.3661019555555556
7 0.518341084375 0.4264255708333333 0.518341084375 0.5179510597222222 0.62481746953125 0.5179510597222222 0.62481746953125 0.4264255708333333
2 0.58386501484375 0.6864411652777778 0.58386501484375 0.7488449069444444 0.6435385921875 0.7488449069444444 0.6435385921875 0.6864411652777778
2 0.3319220859375 0.6698001680555555 0.3319220859375 0.7405244097222223 0.39159566562500003 0.7405244097222223 0.39159566562500003 0.6698001680555555