2 0.2827360953125 0.3846229888888889 0.2827360953125 0.43301925694444443 0.31139178203125 0.43301925694444443 0.31139178203125 0.3846229888888889
2 0.27557217500000003 0.38717016111111113 0.27557217500000003 0.43811360138888894 0.2999295078125 0.43811360138888894 0.2999295078125 0.38717016111111113
2 0.25981154765625003 0.3897173291666667 0.25981154765625003 0.4483022875 0.29276558671875 0.4483022875 0.29276558671875 0.3897173291666667
2 0.18817233125 0.3922645027777778 0.18817233125 0.4279249111111111 0.2196935859375 0.4279249111111111 0.2196935859375 0.3922645027777778
2 0.136592096875 0.3769814708333333 0.136592096875 0.42792491388888887 0.1781428421875 0.42792491388888887 0.1781428421875 0.3769814708333333
2 0.07928072265625 0.39404145833333337 0.07928072265625 0.4508494597222222 0.12459521015625 0.4508494597222222 0.12459521015625 0.39404145833333337
2 0.450371859375 0.3820758138888889 0.450371859375 0.4202833958333333 0.48905703593750005 0.4202833958333333 0.48905703593750005 0.3820758138888889
2 0.313193015625 0.39404145833333337 0.313193015625 0.45932643472222223 0.35647345703125 0.45932643472222223 0.35647345703125 0.39404145833333337
2 0.21377914921875002 0.38717016111111113 0.21377914921875002 0.47098446527777776 0.27935557578125 0.47098446527777776 0.27935557578125 0.38717016111111113
1 0.22829029296874997 0.34641540416666666 0.22829029296874997 0.3973588444444444 0.27270660625 0.3973588444444444 0.27270660625 0.34641540416666666
9 0 0.03311323611111111 0 0.5298117958333334 0.08644464609375 0.5298117958333334 0.08644464609375 0.03311323611111111
7 0.0907429984375 0.2818870375 0.0907429984375 0.30226441666666665 0.13229374296875002 0.30226441666666665 0.13229374296875002 0.2818870375
6 0.33240595859375 0.3069342361111111 0.33240595859375 0.3324059583333333 0.34100266484374997 0.3324059583333333 0.34100266484374997 0.3069342361111111
6 0.31807811406250003 0.3043870666666667 0.31807811406250003 0.3247644430555556 0.323809253125 0.3247644430555556 0.323809253125 0.3043870666666667
6 0.323809253125 0.3043870666666667 0.323809253125 0.3349531333333333 0.3324059578125 0.3349531333333333 0.3324059578125 0.3043870666666667
4 0.7715543484375 0.3502361666666667 0.7715543484375 0.43429284583333333 0.80164281796875 0.43429284583333333 0.80164281796875 0.3502361666666667
4 0.77370352421875 0.3527833388888889 0.77370352421875 0.4291985 0.7894641515624999 0.4291985 0.7894641515624999 0.3527833388888889
4 0.9040868976562499 0.3604248513888889 0.9040868976562499 0.42155698194444446 0.9270114453125 0.42155698194444446 0.9270114453125 0.3604248513888889
4 0.43254211171875 0.38080223055555557 0.43254211171875 0.42202073472222223 0.44303433984374996 0.42202073472222223 0.44303433984374996 0.38080223055555557