6 0.42996613124999994 0.1739061236111111 0.42996613124999994 0.21843734166666667 0.43919464140625 0.21843734166666667 0.43919464140625 0.1739061236111111
6 0.67386244765625 0.18328111666666666 0.67386244765625 0.2395310777777778 0.6883643914062499 0.2395310777777778 0.6883643914062499 0.18328111666666666
6 0.59344258203125 0.2395310777777778 0.59344258203125 0.2817185486111111 0.60398945 0.2817185486111111 0.60398945 0.2395310777777778
6 0.776694409375 0.1926561111111111 0.776694409375 0.22546858749999998 0.7859229171875 0.22546858749999998 0.7859229171875 0.1926561111111111
6 0.19002488984375 0.2418748263888889 0.19002488984375 0.30046853749999997 0.20584519140625002 0.30046853749999997 0.20584519140625002 0.2418748263888889
6 0.366684925 0.2770310527777778 0.366684925 0.3239060208333333 0.3759134328125 0.3239060208333333 0.3759134328125 0.2770310527777778
6 0.42469269687500005 0.17859361944444443 0.42469269687500005 0.20906234583333333 0.43128448984374995 0.20906234583333333 0.43128448984374995 0.17859361944444443
6 0.43787628203124995 0.1739061236111111 0.43787628203124995 0.20671860138888887 0.44710479140625 0.20671860138888887 0.44710479140625 0.1739061236111111
6 0.7872412765625 0.1926561111111111 0.7872412765625 0.21843734444444446 0.7951514265624999 0.21843734444444446 0.7951514265624999 0.1926561111111111
6 0.6672706546875 0.2582810638888889 0.6672706546875 0.28640604583333334 0.68309095703125 0.28640604583333334 0.68309095703125 0.2582810638888889
6 0.69231946640625 0.24890607083333333 0.69231946640625 0.2840622972222222 0.7002296171875 0.2840622972222222 0.7002296171875 0.24890607083333333
6 0.19793503984375 0.20203110416666664 0.19793503984375 0.2301560847222222 0.21243698359375 0.2301560847222222 0.21243698359375 0.20203110416666664
6 0.179478021875 0.19734360555555558 0.179478021875 0.23249983194444443 0.19266160625 0.23249983194444443 0.19266160625 0.19734360555555558
6 0.1583842875 0.12234365833333334 0.1583842875 0.1692186263888889 0.17156787109375 0.1692186263888889 0.17156787109375 0.12234365833333334
6 0.1465190609375 0.11999991111111111 0.1465190609375 0.1762498736111111 0.1583842875 0.1762498736111111 0.1583842875 0.11999991111111111
6 0.07796441953125 0.2887497944444445 0.07796441953125 0.31453102638888886 0.08719292734375 0.31453102638888886 0.08719292734375 0.2887497944444445
6 0.060825759374999996 0.29343729166666666 0.060825759374999996 0.319218525 0.07400934375 0.319218525 0.07400934375 0.29343729166666666
6 0.060825759374999996 0.25593731666666664 0.060825759374999996 0.28640604583333334 0.07005426718749999 0.28640604583333334 0.07005426718749999 0.25593731666666664
7 0.056870684375 0.18562486527777777 0.056870684375 0.23015608333333332 0.0819194953125 0.23015608333333332 0.0819194953125 0.18562486527777777
7 0.18870653125 0.15515613611111112 0.18870653125 0.19734360555555558 0.21243698359375 0.19734360555555558 0.21243698359375 0.15515613611111112
7 0.825473671875 0.2395310777777778 0.825473671875 0.2512498208333333 0.83733889765625 0.2512498208333333 0.83733889765625 0.2395310777777778
7 0.82679203046875 0.24890607083333333 0.82679203046875 0.2606248125 0.8439306882812501 0.2606248125 0.8439306882812501 0.24890607083333333
6 0.82679203046875 0.27937480138888887 0.82679203046875 0.30515603333333335 0.8412939734375 0.30515603333333335 0.8412939734375 0.27937480138888887
7 0.36404820703124996 0.2301560847222222 0.36404820703124996 0.2606248138888889 0.37723179140625 0.2606248138888889 0.37723179140625 0.2301560847222222
7 0.6000343734375 0.2301560847222222 0.6000343734375 0.2418748263888889 0.6118996 0.2418748263888889 0.6118996 0.2301560847222222
7 0.788559634375 0.20671860138888887 0.788559634375 0.2278123347222222 0.825473671875 0.2278123347222222 0.825473671875 0.20671860138888887
4 0.004136346875 0.3309372666666667 0.004136346875 0.3942184722222223 0.01863828984375 0.3942184722222223 0.01863828984375 0.3309372666666667
2 0.298130284375 0.3285935166666667 0.298130284375 0.3543747486111111 0.31263222812499997 0.3543747486111111 0.31263222812499997 0.3285935166666667
2 0.27439983203125 0.34031225972222223 0.27439983203125 0.3590622472222222 0.29285685 0.3590622472222222 0.29285685 0.34031225972222223
2 0.33504432031250003 0.3239060208333333 0.33504432031250003 0.3426560069444444 0.3495462640625 0.3426560069444444 0.3495462640625 0.3239060208333333
2 0.39041537734375 0.3285935166666667 0.39041537734375 0.352031 0.40359896093750003 0.352031 0.40359896093750003 0.3285935166666667
2 0.402280603125 0.3332810138888889 0.402280603125 0.3942184722222223 0.44578643281249997 0.3942184722222223 0.44578643281249997 0.3332810138888889
2 0.55125511015625 0.3215622736111111 0.55125511015625 0.3426560069444444 0.5683937703125 0.3426560069444444 0.5683937703125 0.3215622736111111
2 0.56707541171875 0.3239060208333333 0.56707541171875 0.34734350416666665 0.5789406382812501 0.34734350416666665 0.5789406382812501 0.3239060208333333
2 0.5749855625 0.3239060208333333 0.5749855625 0.34734350416666665 0.5908058640625 0.34734350416666665 0.5908058640625 0.3239060208333333
2 0.584214071875 0.32624976805555556 0.584214071875 0.352031 0.6092628828125 0.352031 0.6092628828125 0.32624976805555556
2 0.6092628828125 0.3239060208333333 0.6092628828125 0.35203100277777777 0.6303566179687501 0.35203100277777777 0.6303566179687501 0.3239060208333333
2 0.6290382601562501 0.3215622736111111 0.6290382601562501 0.35437475 0.64222184453125 0.35437475 0.64222184453125 0.3215622736111111
2 0.66199722109375 0.3332810138888889 0.66199722109375 0.3614059958333333 0.67518080546875 0.3614059958333333 0.67518080546875 0.3332810138888889
2 0.71077648515625 0.3192185236111111 0.71077648515625 0.3871872263888889 0.766147540625 0.3871872263888889 0.766147540625 0.3192185236111111
2 0.00940978046875 0.3426560069444444 0.00940978046875 0.3895309763888889 0.060825760937499994 0.3895309763888889 0.060825760937499994 0.3426560069444444
2 0.08060113671875 0.33796851111111115 0.08060113671875 0.3824997291666667 0.11883353359375 0.3824997291666667 0.11883353359375 0.33796851111111115
2 0.6316749765624999 0.3239060208333333 0.6316749765624999 0.3707809888888889 0.665952296875 0.3707809888888889 0.665952296875 0.3239060208333333
2 0.44710479140625 0.31453102638888886 0.44710479140625 0.49265590277777777 0.5578469015625 0.49265590277777777 0.5578469015625 0.31453102638888886
2 0.33504432031250003 0.3309372666666667 0.33504432031250003 0.42703095 0.4075540375 0.42703095 0.4075540375 0.3309372666666667
2 0.1504741359375 0.3215622736111111 0.1504741359375 0.45515593055555553 0.275718190625 0.45515593055555553 0.275718190625 0.3215622736111111