2 0.27989046640625 0.44966009305555554 0.27989046640625 0.5597809319444444 0.40492350234375 0.5597809319444444 0.40492350234375 0.44966009305555554
2 0.51569982265625 0.4518450333333333 0.51569982265625 0.47835560694444446 0.5260236515625001 0.47835560694444446 0.5260236515625001 0.4518450333333333
2 0.5214352843750001 0.4538843097222222 0.5214352843750001 0.4865127055555556 0.53520038828125 0.4865127055555556 0.53520038828125 0.4538843097222222
2 0.5317591109375 0.4600021333333333 0.5317591109375 0.49263053194444445 0.5432300328124999 0.49263053194444445 0.5432300328124999 0.4600021333333333
2 0.5363474796875 0.4620414069444444 0.5363474796875 0.4967090791666667 0.5547009523437499 0.4967090791666667 0.5547009523437499 0.4620414069444444
2 0.5432300328124999 0.45796285694444444 0.5432300328124999 0.5089447291666667 0.5776427953125001 0.5089447291666667 0.5776427953125001 0.45796285694444444
2 0.38802629921875 0.4360861722222222 0.38802629921875 0.6189756652777778 0.5136886992187499 0.6189756652777778 0.5136886992187499 0.4360861722222222
2 0.49648231796875003 0.45443964444444446 0.49648231796875003 0.49726441666666665 0.51254160625 0.49726441666666665 0.51254160625 0.45443964444444446
2 0.00093854140625 0.41754731111111115 0.00093854140625 0.7173207069444445 0.27050517812499997 0.7173207069444445 0.27050517812499997 0.41754731111111115
2 0.7132827203125001 0.33393704166666666 0.7132827203125001 0.7703418486111111 0.99776155390625 0.7703418486111111 0.99776155390625 0.33393704166666666
7 0.9059941890625 0.21973765138888887 0.9059941890625 0.2544053236111111 0.94155404296875 0.2544053236111111 0.94155404296875 0.21973765138888887
7 0.052557684375000004 0.16634572777777779 0.052557684375000004 0.2356810722222222 0.091558815625 0.2356810722222222 0.091558815625 0.16634572777777779
6 0.40902026015625 0.2260681763888889 0.40902026015625 0.27093222222222224 0.42507954843749995 0.27093222222222224 0.42507954843749995 0.2260681763888889
6 0.40301167656250003 0.22567974583333333 0.40301167656250003 0.2766616152777778 0.4144825984375 0.2766616152777778 0.4144825984375 0.22567974583333333
6 0.42251224218749994 0.22567974583333333 0.42251224218749994 0.2766616152777778 0.4397186234375 0.2766616152777778 0.4397186234375 0.22567974583333333
6 0.5498394625 0.14614802916666667 0.5498394625 0.2052869972222222 0.5613103835937501 0.2052869972222222 0.5613103835937501 0.14614802916666667
6 0.560163290625 0.14003020555555556 0.560163290625 0.2032477236111111 0.5750754875 0.2032477236111111 0.5750754875 0.14003020555555556
6 0.57783329765625 0.1358157 0.57783329765625 0.20515104444444446 0.59159840390625 0.20515104444444446 0.59159840390625 0.1358157
6 0.9208138281249999 0.3111933333333333 0.9208138281249999 0.34382173194444443 0.94834403828125 0.34382173194444443 0.94834403828125 0.3111933333333333
6 0.70974888671875 0.3907250513888889 0.70974888671875 0.4151963472222222 0.7315436359375 0.4151963472222222 0.7315436359375 0.3907250513888889
4 0.7189256234375 0.4417069194444444 0.7189256234375 0.5110422638888888 0.7338378203125 0.5110422638888888 0.7338378203125 0.4417069194444444
4 0.62830534921875 0.4694410611111111 0.62830534921875 0.5224622069444445 0.6443646375000001 0.5224622069444445 0.6443646375000001 0.4694410611111111