6 0.774117590625 0.07268492777777778 0.774117590625 0.15901144166666667 0.81957676484375 0.15901144166666667 0.81957676484375 0.07268492777777778
2 0.07601128124999999 0.25976670555555553 0.07601128124999999 0.2891544555555555 0.0904755640625 0.2891544555555555 0.0904755640625 0.25976670555555553
2 0.0656796515625 0.2652769097222222 0.0656796515625 0.2928279236111111 0.08014393359375001 0.2928279236111111 0.08014393359375001 0.2652769097222222
2 0.049149040625 0.25976670555555553 0.049149040625 0.3020115944444445 0.07187862890624999 0.3020115944444445 0.07187862890624999 0.25976670555555553
2 0.036751084375 0.2652769097222222 0.036751084375 0.3111952694444445 0.06361332343750001 0.3111952694444445 0.06361332343750001 0.2652769097222222
2 0.0191873140625 0.263440175 0.0191873140625 0.31670546944444444 0.05018220546875 0.31670546944444444 0.05018220546875 0.263440175
2 0.0005903789062500001 0.25976670555555553 0.0005903789062500001 0.3240524083333333 0.034684759375 0.3240524083333333 0.034684759375 0.25976670555555553
2 0.12250361875 0.26160344027777777 0.12250361875 0.28731772083333335 0.13593473828125 0.28731772083333335 0.13593473828125 0.26160344027777777
2 0.12973575937499998 0.2652769097222222 0.12973575937499998 0.29466465833333333 0.142133715625 0.29466465833333333 0.142133715625 0.2652769097222222
2 0.13800106406249998 0.25976670555555553 0.13800106406249998 0.3075217972222222 0.1669296296875 0.3075217972222222 0.1669296296875 0.25976670555555553
2 0.21548829140625 0.2579299722222222 0.21548829140625 0.38282790555555557 0.30330715 0.38282790555555557 0.30330715 0.2579299722222222
2 0.15221934921875 0.26571423055555554 0.15221934921875 0.3244897291666667 0.19871168671875 0.3244897291666667 0.19871168671875 0.26571423055555554
2 0.08093109921875 0.26204076111111113 0.08093109921875 0.32632646388888886 0.12742343671875 0.32632646388888886 0.12742343671875 0.26204076111111113
2 0.23693872031250002 0.26571423055555554 0.23693872031250002 0.42734685 0.38364787265625 0.42734685 0.38364787265625 0.26571423055555554