6 0.5051125640625 0.22312483888888887 0.5051125640625 0.26765605694444444 0.514341071875 0.26765605694444444 0.514341071875 0.22312483888888887
6 0.58289571328125 0.3707809888888889 0.58289571328125 0.3895309763888889 0.59344258203125 0.3895309763888889 0.59344258203125 0.3707809888888889
6 0.366684925 0.16453112916666665 0.366684925 0.2207810902777778 0.3772317921875 0.2207810902777778 0.3772317921875 0.16453112916666665
6 0.25330609609375 0.29578104027777774 0.25330609609375 0.3426560069444444 0.26517132265625 0.3426560069444444 0.26517132265625 0.29578104027777774
6 0.37591343359375 0.16218738194444443 0.37591343359375 0.21609359444444445 0.383823584375 0.21609359444444445 0.383823584375 0.16218738194444443
6 0.57234884609375 0.36609349166666666 0.57234884609375 0.3942184722222223 0.58157735390625 0.3942184722222223 0.58157735390625 0.36609349166666666
7 0.08719292890625 0.3614059958333333 0.08719292890625 0.39187472500000003 0.101694871875 0.39187472500000003 0.101694871875 0.3614059958333333
7 0.07005426953125 0.21140609722222223 0.07005426953125 0.24890607361111114 0.09773979687499999 0.24890607361111114 0.09773979687499999 0.21140609722222223
7 0.26648968125 0.316874775 0.26648968125 0.34031225694444445 0.27439983125 0.34031225694444445 0.27439983125 0.316874775
7 0.5683937703125 0.35203100277777777 0.5683937703125 0.3684372388888889 0.580258996875 0.3684372388888889 0.580258996875 0.35203100277777777
2 0.38777866015625 0.42937469722222227 0.38777866015625 0.46453092222222225 0.40096224453125 0.46453092222222225 0.40096224453125 0.42937469722222227
2 0.37855015078125 0.4246872013888889 0.37855015078125 0.4692184208333333 0.39437045234375 0.4692184208333333 0.39437045234375 0.4246872013888889
2 0.36404820703124996 0.41999970416666665 0.36404820703124996 0.4739059152777778 0.38514194296875004 0.4739059152777778 0.38514194296875004 0.41999970416666665
2 0.3363626796875 0.42703095 0.3363626796875 0.48328091250000005 0.3732767171875 0.48328091250000005 0.3732767171875 0.42703095
2 0.3007670015625 0.4082809625 0.3007670015625 0.5137496388888889 0.34163611328125 0.5137496388888889 0.34163611328125 0.4082809625
2 0.2414408703125 0.3989059680555555 0.2414408703125 0.5395308722222222 0.31922401953125 0.5395308722222222 0.31922401953125 0.3989059680555555
2 0.13860890937499998 0.40593721388888887 0.13860890937499998 0.5840620916666667 0.275718190625 0.5840620916666667 0.275718190625 0.40593721388888887
2 0.39437045234375 0.42937469722222227 0.39437045234375 0.47156217083333335 0.41941926328125 0.47156217083333335 0.41941926328125 0.42937469722222227
2 0.4141458296875 0.42703095 0.4141458296875 0.4692184222222222 0.43523956484375 0.4692184222222222 0.43523956484375 0.42703095
2 0.43919464140625 0.4106247111111111 0.43919464140625 0.42703094722222223 0.476108678125 0.42703094722222223 0.476108678125 0.4106247111111111
2 0.561801978125 0.4387496916666667 0.561801978125 0.5582808597222222 0.66199722109375 0.5582808597222222 0.66199722109375 0.4387496916666667
2 0.6448585625 0.4364059430555556 0.6448585625 0.6567182930555556 0.8544775585937501 0.6567182930555556 0.8544775585937501 0.4364059430555556
5 0.1597026453125 0.38953097500000006 0.1597026453125 0.64499955 0.23616743671874998 0.64499955 0.23616743671874998 0.38953097500000006
0 0.16497607890625 0.48328090972222226 0.16497607890625 0.6590620388888889 0.2269389265625 0.6590620388888889 0.2269389265625 0.48328090972222226
2 0 0.4223434513888889 0 0.7457807305555556 0.1728862296875 0.7457807305555556 0.1728862296875 0.4223434513888889
2 0.74900888046875 0.3847241625 0.74900888046875 0.8770306402777777 0.9994969906250001 0.8770306402777777 0.9994969906250001 0.3847241625
2 0.41546418828125004 0.4223434513888889 0.41546418828125004 0.5910933361111111 0.52488793984375 0.5910933361111111 0.52488793984375 0.4223434513888889
4 0.539389884375 0.41765595555555557 0.539389884375 0.47859341388888893 0.55257346796875 0.47859341388888893 0.55257346796875 0.41765595555555557