2 0.018806910156250002 0.0625591888888889 0.018806910156250002 0.08601889027777779 0.08838624765625 0.08601889027777779 0.08838624765625 0.0625591888888889
2 0.232343496875 0.07322268888888889 0.232343496875 0.09028429027777778 0.255136728125 0.09028429027777778 0.255136728125 0.07322268888888889
2 0.210749909375 0.07322268888888889 0.210749909375 0.1094785888888889 0.24194064765625 0.1094785888888889 0.24194064765625 0.07322268888888889
2 0.2731313859375 0.07962078888888889 0.2731313859375 0.1073458888888889 0.29232568671875 0.1073458888888889 0.29232568671875 0.07962078888888889
2 0.30072319062499997 0.07748808888888889 0.30072319062499997 0.10308048888888889 0.31991749140625003 0.10308048888888889 0.31991749140625003 0.07748808888888889
2 0.325915709375 0.07322268888888889 0.325915709375 0.10308048888888889 0.34630965234375 0.10308048888888889 0.34630965234375 0.07322268888888889
2 0.36190502265625 0.08388618888888888 0.36190502265625 0.10094779027777778 0.37390146015625 0.10094779027777778 0.37390146015625 0.08388618888888888
2 0.37630074765625 0.08175348888888889 0.37630074765625 0.11800938888888889 0.39549504765625 0.11800938888888889 0.39549504765625 0.08175348888888889
2 0.432684003125 0.08601888888888888 0.432684003125 0.12440748888888889 0.455477234375 0.12440748888888889 0.455477234375 0.08601888888888888
2 0.39309576015625003 0.08601888888888888 0.39309576015625003 0.15639799166666668 0.44348079765625004 0.15639799166666668 0.44348079765625004 0.08601888888888888
2 0.13637199687499998 0.047630288888888886 0.13637199687499998 0.12440748888888889 0.202352403125 0.12440748888888889 0.202352403125 0.047630288888888886
2 0.08358767109375001 0.06469188888888888 0.08358767109375001 0.14146909027777776 0.16156451562500002 0.14146909027777776 0.16156451562500002 0.06469188888888888
7 0.8201689359375001 0.015639788888888888 0.8201689359375001 0.06042648888888889 0.8537589625 0.06042648888888889 0.8537589625 0.015639788888888888
7 0.7625860375 0.04123218888888889 0.7625860375 0.06895729027777778 0.77938105 0.06895729027777778 0.77938105 0.04123218888888889
7 0.7625860375 0 0.7625860375 0.02843598888888889 0.78178033828125 0.02843598888888889 0.78178033828125 0
4 0.6798106171875 0.07748808888888889 0.6798106171875 0.12014208888888889 0.6906074109375 0.12014208888888889 0.6906074109375 0.07748808888888889
4 0.6594166734375 0.08601888888888888 0.6594166734375 0.1116112888888889 0.66901382421875 0.1116112888888889 0.66901382421875 0.08601888888888888
4 0.6486198796875 0.08601888888888888 0.6486198796875 0.1094785888888889 0.6570173859375 0.1094785888888889 0.6570173859375 0.08601888888888888
4 0.6282259359375 0.0902842888888889 0.6282259359375 0.1094785875 0.6366234421875 0.1094785875 0.6366234421875 0.0902842888888889
4 0.6198284296875001 0.08815158888888888 0.6198284296875001 0.1094785888888889 0.6282259359375 0.1094785888888889 0.6282259359375 0.08815158888888888
4 0.6126305671875001 0.08601888888888888 0.6126305671875001 0.1052131875 0.62342736015625 0.1052131875 0.62342736015625 0.08601888888888888
4 0.57184267890625 0.08815158888888888 0.57184267890625 0.11161129027777777 0.58024018515625 0.11161129027777777 0.58024018515625 0.08815158888888888
2 0.54185158515625 0.0902842888888889 0.54185158515625 0.11587668749999999 0.56224552890625 0.11587668749999999 0.56224552890625 0.0902842888888889
2 0.4695877453125 0.09128705833333332 0.4695877453125 0.10654129305555557 0.47988435390625 0.10654129305555557 0.47988435390625 0.09128705833333332