6 0.368950615625 0.21343175 0.368950615625 0.2741643625 0.38456757265624997 0.2741643625 0.38456757265624997 0.21343175
6 0.34942941875 0.2915165361111111 0.34942941875 0.3192800138888889 0.368950615625 0.3192800138888889 0.368950615625 0.2915165361111111
7 0.36699849609375 0.32448566944444446 0.36699849609375 0.3505139277777778 0.38456757265624997 0.3505139277777778 0.38456757265624997 0.32448566944444446
7 0.51633565078125 0.3366321902777778 0.51633565078125 0.3505139277777778 0.5251201898437501 0.3505139277777778 0.5251201898437501 0.3366321902777778
7 0.8374593335937501 0.25334175138888887 0.8374593335937501 0.2741643625 0.8511241710937499 0.2741643625 0.8511241710937499 0.25334175138888887
7 0.9584907515625 0.19087392222222224 0.9584907515625 0.26201783888888885 0.98679648671875 0.26201783888888885 0.98679648671875 0.19087392222222224
6 0.9272568375000001 0.05205652499999999 0.9272568375000001 0.13708218194444446 0.95361045234375 0.13708218194444446 0.95361045234375 0.05205652499999999
2 0.58856407734375 0.3609252361111111 0.58856407734375 0.3817478458333333 0.6022289140625 0.3817478458333333 0.6022289140625 0.3609252361111111
2 0.57294711953125 0.36439567083333335 0.57294711953125 0.38868871388888887 0.5875880171875 0.38868871388888887 0.5875880171875 0.36439567083333335
7 0.55537804296875 0.33316175416666666 0.55537804296875 0.3453082777777778 0.571971059375 0.3453082777777778 0.571971059375 0.33316175416666666
7 0.6676249234375 0.3262208847222222 0.6676249234375 0.34704349444444443 0.6773855210937499 0.34704349444444443 0.6773855210937499 0.3262208847222222
2 0.611013453125 0.3574548 0.611013453125 0.3817478444444445 0.61882193203125 0.3817478444444445 0.61882193203125 0.3574548
2 0.6168698109374999 0.3609252361111111 0.6168698109374999 0.3817478458333333 0.6256543515625 0.3817478458333333 0.6256543515625 0.3609252361111111
2 0.62370223046875 0.3574548 0.62370223046875 0.3973648013888889 0.640295246875 0.3973648013888889 0.640295246875 0.3574548
2 0.67250522265625 0.35398436527777777 0.67250522265625 0.4164521944444444 0.69690671875 0.4164521944444444 0.69690671875 0.35398436527777777
2 0.6881221796875 0.3505139305555556 0.6881221796875 0.4268635 0.7418054703125 0.4268635 0.7418054703125 0.3505139305555556
2 0.7154518546874999 0.3609252361111111 0.7154518546874999 0.4407452402777778 0.7808478640625001 0.4407452402777778 0.7808478640625001 0.3609252361111111
2 0.76718302578125 0.3262208847222222 0.76718302578125 0.36439566805555557 0.8081775375 0.36439566805555557 0.8081775375 0.3262208847222222
4 0.84917205078125 0.3314265375 0.84917205078125 0.3482810111111111 0.8623877085937499 0.3482810111111111 0.8623877085937499 0.3314265375
4 0.8394114539062499 0.3574548 0.8394114539062499 0.4147169777777778 0.85210023203125 0.4147169777777778 0.85210023203125 0.3574548
2 0.8433156921875 0.3296913194444444 0.8433156921875 0.4928017625 0.9994852640625 0.4928017625 0.9994852640625 0.3296913194444444
7 0.53683290703125 0.3505139305555556 0.53683290703125 0.37133654027777774 0.5534259234375 0.37133654027777774 0.5534259234375 0.3505139305555556
2 0.5475695640625 0.3748069763888889 0.5475695640625 0.40951132222222225 0.5622104625000001 0.40951132222222225 0.5622104625000001 0.3748069763888889
2 0.5212159484375001 0.3730717555555556 0.5212159484375001 0.4216578458333334 0.55342592421875 0.4216578458333334 0.55342592421875 0.3730717555555556
2 0.50950323046875 0.3817478444444445 0.50950323046875 0.4338043680555555 0.5456174445312499 0.4338043680555555 0.5456174445312499 0.3817478444444445
2 0.368950615625 0.37827740833333334 0.368950615625 0.6142669847222222 0.55244986328125 0.6142669847222222 0.55244986328125 0.37827740833333334
2 0.7418054703125 0.3765421916666667 0.7418054703125 0.4598326291666667 0.82086631640625 0.4598326291666667 0.82086631640625 0.3765421916666667
2 0.8423396335937501 0.3019278402777778 0.8423396335937501 0.7600252541666666 0.999485265625 0.7600252541666666 0.999485265625 0.3019278402777778
2 0.2967221875 0.39215914861111106 0.2967221875 0.41992263055555556 0.32209974296875 0.41992263055555556 0.32209974296875 0.39215914861111106
2 0.25963191484375 0.39042393194444447 0.25963191484375 0.42859871527777776 0.28891371015625 0.42859871527777776 0.28891371015625 0.39042393194444447
2 0.20790074453125001 0.4060408902777778 0.20790074453125001 0.4407452402777778 0.24401495703124998 0.4407452402777778 0.24401495703124998 0.4060408902777778
2 0.1259117171875 0.39910001944444445 0.1259117171875 0.4546269791666667 0.19033166562499998 0.4546269791666667 0.19033166562499998 0.39910001944444445
2 0.08003690625 0.4060408902777778 0.08003690625 0.43727480555555553 0.1132229390625 0.43727480555555553 0.1132229390625 0.4060408902777778
2 0.012688778125 0.40777610694444444 0.012688778125 0.4615678486111111 0.08784538359375 0.4615678486111111 0.08784538359375 0.40777610694444444
2 0 0.4060408902777778 0 0.46850871944444444 0.02537755546875 0.46850871944444444 0.02537755546875 0.4060408902777778
7 0.8544775578125 0.3520310013888889 0.8544775578125 0.3707809875 0.8637060671875 0.3707809875 0.8637060671875 0.3520310013888889
2 0.6316749765624999 0.3520310013888889 0.6316749765624999 0.4223434527777778 0.6725440890625001 0.4223434527777778 0.6725440890625001 0.3520310013888889