6 0.4589700171875 0.31453102638888886 0.4589700171875 0.34031225972222223 0.46688016718750003 0.34031225972222223 0.46688016718750003 0.31453102638888886
6 0.33372596328125004 0.30515603333333335 0.33372596328125004 0.33796851111111115 0.34427283046875 0.33796851111111115 0.34427283046875 0.30515603333333335
6 0.524887940625 0.38015598194444444 0.524887940625 0.3942184708333333 0.5367531671875 0.3942184708333333 0.5367531671875 0.38015598194444444
6 0.46688016875000005 0.31453102638888886 0.46688016875000005 0.33796851111111115 0.47479031875000005 0.33796851111111115 0.47479031875000005 0.31453102638888886
6 0.54070824140625 0.3707809888888889 0.54070824140625 0.39187472500000003 0.55521018515625 0.39187472500000003 0.55521018515625 0.3707809888888889
7 0.5578469015625 0.37781223333333336 0.5578469015625 0.40593721388888887 0.5723488453125001 0.40593721388888887 0.5723488453125001 0.37781223333333336
7 0.3324076046875 0.34499975555555557 0.3324076046875 0.3637497430555555 0.34559118906249997 0.3637497430555555 0.34559118906249997 0.34499975555555557
2 0.44578643281249997 0.39187472500000003 0.44578643281249997 0.42703095 0.46819852656250005 0.42703095 0.46819852656250005 0.39187472500000003
2 0.5090676390625 0.4106247111111111 0.5090676390625 0.4574996777777778 0.5367531671875 0.4574996777777778 0.5367531671875 0.4106247111111111
2 0.51961450703125 0.4106247111111111 0.51961450703125 0.4621871736111111 0.55652854453125 0.4621871736111111 0.55652854453125 0.4106247111111111
2 0.53807152578125 0.40124971805555554 0.53807152578125 0.4785934152777778 0.58948750546875 0.4785934152777778 0.58948750546875 0.40124971805555554
2 0.5776222796875 0.3824997319444445 0.5776222796875 0.502030898611111 0.67254408984375 0.502030898611111 0.67254408984375 0.3824997319444445
2 0.6316749765624999 0.40359346527777773 0.6316749765624999 0.5301558791666667 0.76087410625 0.5301558791666667 0.76087410625 0.40359346527777773
2 0.3772317921875 0.3942184722222223 0.3772317921875 0.41531220694444443 0.38777866015625 0.41531220694444443 0.38777866015625 0.3942184722222223
2 0.1504741359375 0.3871872263888889 0.1504741359375 0.41531220694444443 0.17684130546875002 0.41531220694444443 0.17684130546875002 0.3871872263888889
2 0.11751517421874999 0.3848434777777778 0.11751517421874999 0.40359346527777773 0.14124562578125 0.40359346527777773 0.14124562578125 0.3848434777777778
2 0.23221236015625002 0.3848434777777778 0.23221236015625002 0.3989059680555555 0.25066937890625 0.3989059680555555 0.25066937890625 0.3848434777777778
2 0 0.3989059680555555 0 0.4364059430555556 0.01731993046875 0.4364059430555556 0.01731993046875 0.3989059680555555
2 0.46292509296875 0.3989059680555555 0.46292509296875 0.43171844444444446 0.502475846875 0.43171844444444446 0.502475846875 0.3989059680555555
2 0.3772317921875 0.3824997319444445 0.3772317921875 0.4762496652777778 0.42996613124999994 0.4762496652777778 0.42996613124999994 0.3824997319444445
2 0.42601105546875007 0.40124971805555554 0.42601105546875007 0.4364059430555556 0.44710479140625 0.4364059430555556 0.44710479140625 0.40124971805555554
2 0.7147315601562501 0.41531220694444443 0.7147315601562501 0.6145308208333333 0.92830563203125 0.6145308208333333 0.92830563203125 0.41531220694444443
2 0.9454442921874999 0.5114058916666667 0.9454442921874999 0.6942182652777777 0.9994969890625001 0.6942182652777777 0.9994969890625001 0.5114058916666667