6 0.32948505156249996 0.5077665777777778 0.32948505156249996 0.5510913708333334 0.34118274609375 0.5510913708333334 0.34118274609375 0.5077665777777778
6 0.7661989671875 0.5718872694444445 0.7661989671875 0.6117460791666667 0.776921853125 0.6117460791666667 0.776921853125 0.5718872694444445
2 0 0.5580233347222222 0 0.7035946402777777 0.0984555921875 0.7035946402777777 0.0984555921875 0.5580233347222222
2 0.08188385859375 0.5770862458333333 0.08188385859375 0.6620028388888889 0.13549828984375 0.6620028388888889 0.13549828984375 0.5770862458333333
2 0.12147024921875 0.5857512027777777 0.12147024921875 0.6576557972222222 0.154019640625 0.6576557972222222 0.154019640625 0.5857512027777777
2 0.41941926328125 0.6568038638888889 0.41941926328125 0.6966626736111111 0.46303372578125 0.6966626736111111 0.46303372578125 0.6568038638888889
2 0.45913449609374996 0.675866775 0.45913449609374996 0.6983956666666666 0.47863065234375 0.6983956666666666 0.47863065234375 0.675866775
2 0.47668103593750005 0.6724007902777778 0.47668103593750005 0.6966626736111111 0.48740392187500003 0.6966626736111111 0.48740392187500003 0.6724007902777778
2 0.4874039234375 0.68106575 0.4874039234375 0.6983956666666666 0.50495046484375 0.6983956666666666 0.50495046484375 0.68106575
2 0.49910161796874997 0.6862647222222222 0.49910161796874997 0.7035946402777777 0.51177411953125 0.7035946402777777 0.51177411953125 0.6862647222222222
2 0.5088496945312501 0.6879977166666666 0.5088496945312501 0.7018616486111111 0.52737104375 0.7018616486111111 0.52737104375 0.6879977166666666
2 0.80519128046875 0.6221440305555556 0.80519128046875 0.9028886888888888 0.99949698984375 0.9028886888888888 0.99949698984375 0.6221440305555556
2 0.67651664453125 0.675866775 0.67651664453125 0.7313225097222221 0.72720665234375 0.7313225097222221 0.72720665234375 0.675866775
2 0.66871818125 0.6966626736111111 0.66871818125 0.727856525 0.68041587578125 0.727856525 0.68041587578125 0.6966626736111111
2 0.6609197195312501 0.7070606236111111 0.6609197195312501 0.727856525 0.6716426046875 0.727856525 0.6716426046875 0.7070606236111111