2 0.27371138515625 0.48948461944444444 0.27371138515625 0.5389691611111112 0.30734541171875 0.5389691611111112 0.30734541171875 0.48948461944444444
2 0.25283509296875 0.49773204444444447 0.25283509296875 0.5410310208333333 0.28414953125000003 0.5410310208333333 0.28414953125000003 0.49773204444444447
2 0.2250000375 0.4956701875 0.2250000375 0.5513402972222222 0.25747426953125 0.5513402972222222 0.25747426953125 0.4956701875
2 0.18788662890625002 0.4915464763888889 0.18788662890625002 0.5554640138888889 0.22963921328125 0.5554640138888889 0.22963921328125 0.4915464763888889
2 0.12989692890625 0.48948461944444444 0.12989692890625 0.5698970013888889 0.19368559921875 0.5698970013888889 0.19368559921875 0.48948461944444444
2 0.02551546796875 0.4915464763888889 0.02551546796875 0.5905155638888888 0.140335075 0.5905155638888888 0.140335075 0.4915464763888889
2 0 0.5204124597222223 0 0.6028867 0.0197164984375 0.6028867 0.0197164984375 0.5204124597222223
2 0.4592784265625 0.4358763611111111 0.4592784265625 0.4585567763888889 0.46855677812499996 0.4585567763888889 0.46855677812499996 0.4358763611111111
1 0.44188151640625 0.43298976250000004 0.44188151640625 0.46185574444444444 0.46159801328125 0.46185574444444444 0.46159801328125 0.43298976250000004
2 0.44536089843750004 0.4536083222222222 0.44536089843750004 0.47628874027777773 0.4592784265625 0.47628874027777773 0.4592784265625 0.4536083222222222
2 0.42448460624999995 0.45154646666666665 0.42448460624999995 0.48041244861111115 0.44188151640625 0.48041244861111115 0.44188151640625 0.45154646666666665
2 0.43724233984375005 0.4762887388888889 0.43724233984375005 0.5154640027777777 0.4557990453125 0.5154640027777777 0.4557990453125 0.4762887388888889
2 0.47667533671875006 0.43298976250000004 0.47667533671875006 0.45773203472222224 0.48711348125000004 0.45773203472222224 0.48711348125000004 0.43298976250000004
2 0.45000007421875 0.4721650263888889 0.45000007421875 0.5195877125 0.48015471796875 0.5195877125 0.48015471796875 0.4721650263888889
2 0.47551554218750003 0.44288667777777774 0.47551554218750003 0.6243300041666667 0.5903351492187501 0.6243300041666667 0.5903351492187501 0.44288667777777774
6 0.33054129140625 0.4536083222222222 0.33054129140625 0.47422688194444446 0.34097943750000004 0.47422688194444446 0.34097943750000004 0.4536083222222222
6 0.36533511171875 0.4206186263888889 0.36533511171875 0.4391753305555555 0.37461346406249996 0.4391753305555555 0.37461346406249996 0.4206186263888889
6 0.39896913828125 0.4123712013888889 0.39896913828125 0.4247423375 0.40824748984375 0.4247423375 0.40824748984375 0.4123712013888889
6 0.4198454296875 0.40618563333333335 0.4198454296875 0.4247423375 0.42680419374999995 0.4247423375 0.42680419374999995 0.40618563333333335
6 0.4326031640625 0.40412377777777775 0.4326031640625 0.4206186277777778 0.43840213515625 0.4206186277777778 0.43840213515625 0.40412377777777775
6 0.4894330703125 0.4206186263888889 0.4894330703125 0.43298976250000004 0.5021908046875 0.43298976250000004 0.5021908046875 0.4206186263888889
7 0 0.3975258388888889 0 0.4511340930555556 0.015077321874999999 0.4511340930555556 0.015077321874999999 0.3975258388888889
7 0.11713919453124999 0.4098969722222222 0.11713919453124999 0.46556708472222225 0.13221651640625 0.46556708472222225 0.13221651640625 0.4098969722222222
7 0.552061946875 0.36659799722222225 0.552061946875 0.3892784125 0.56713926875 0.3892784125 0.56713926875 0.36659799722222225
7 0.6599227890625 0.1872165236111111 0.6599227890625 0.2738144763888889 0.69239702109375 0.2738144763888889 0.69239702109375 0.1872165236111111
4 0.6898454968750001 0.40618563333333335 0.6898454968750001 0.5917526750000001 0.7292784929687499 0.5917526750000001 0.7292784929687499 0.40618563333333335
2 0.30966499921875 0.49484544305555556 0.30966499921875 0.5175258583333334 0.322422734375 0.5175258583333334 0.322422734375 0.49484544305555556