7 0.41253212734375 0.5362901319444444 0.41253212734375 0.5836299152777779 0.43916075625 0.5836299152777779 0.43916075625 0.5362901319444444
7 0.45201595625 0.4873179402777778 0.45201595625 0.5199660666666667 0.47038052734375 0.5199660666666667 0.47038052734375 0.4873179402777778
7 0.448343040625 0.5199660666666667 0.448343040625 0.5509817875 0.46119824062500003 0.5509817875 0.46119824062500003 0.5199660666666667
7 0.710956415625 0.5656734444444445 0.710956415625 0.5999539805555555 0.7329939023437501 0.5999539805555555 0.7329939023437501 0.5656734444444445
7 0.8982750476562501 0.4301837152777778 0.8982750476562501 0.4677290625 0.91939430546875 0.4677290625 0.91939430546875 0.4301837152777778
7 0.6870824734375 0.5689382583333333 0.6870824734375 0.6162780430555556 0.7091199593749999 0.6162780430555556 0.7091199593749999 0.5689382583333333
7 0.20776715078125002 0.6309697 0.20776715078125002 0.7109576125 0.28673481015625 0.7109576125 0.28673481015625 0.6309697
6 0.3822305828125 0.5966891666666666 0.3822305828125 0.6293372944444445 0.401513384375 0.6293372944444445 0.401513384375 0.5966891666666666
6 0.02136674921875 0.5983215708333334 0.02136674921875 0.6407641361111112 0.04707715078125 0.6407641361111112 0.04707715078125 0.5983215708333334
2 0.6916736171875 0.6309697 0.6916736171875 0.7795186819444445 0.76329544609375 0.7795186819444445 0.76329544609375 0.6309697
2 0.72656630234375 0.637499325 0.72656630234375 0.7076928013888889 0.7724777320312499 0.7076928013888889 0.7724777320312499 0.637499325
2 0.441915440625 0.470993875 0.441915440625 0.9639806 0.7063652734375 0.9639806 0.7063652734375 0.470993875
2 0.7633731234375001 0.47013303472222223 0.7633731234375001 0.9567180847222223 0.99935786953125 0.9567180847222223 0.99935786953125 0.47013303472222223