7 0.030467381249999998 0.4140953875 0.030467381249999998 0.4704105708333333 0.05686512421874999 0.4704105708333333 0.05686512421874999 0.4140953875
7 0.08062309296875 0.4140953875 0.08062309296875 0.44538160000000004 0.0982215875 0.44538160000000004 0.0982215875 0.4140953875
7 0.75741095546875 0.3702946875 0.75741095546875 0.3875021069444444 0.78116892421875 0.3875021069444444 0.78116892421875 0.3702946875
7 0.7371726859375001 0.4125310763888889 0.7371726859375001 0.4359957361111111 0.7758893765625 0.4359957361111111 0.7758893765625 0.4125310763888889
7 0.73365298671875 0.4751035041666667 0.73365298671875 0.5126469611111111 0.75389125546875 0.5126469611111111 0.75389125546875 0.4751035041666667
7 0.46263616015625003 0.4000165902777778 0.46263616015625003 0.44225298055555556 0.47583503125000004 0.44225298055555556 0.47583503125000004 0.4000165902777778
7 0.24705459296875 0.49253440138888893 0.24705459296875 0.5097418180555556 0.26729286171875 0.5097418180555556 0.26729286171875 0.49253440138888893
7 0.2725724109375 0.5081775083333333 0.2725724109375 0.5566711388888889 0.29985007890625004 0.5566711388888889 0.29985007890625004 0.5081775083333333
6 0.76642362578125 0.47242182777777775 0.76642362578125 0.5084009736111111 0.78666189453125 0.5084009736111111 0.78666189453125 0.47242182777777775
6 0.5420807882812501 0.3933123930555556 0.5420807882812501 0.4292915375 0.555279659375 0.4292915375 0.555279659375 0.3933123930555556
6 0.360989134375 0.3996813805555556 0.360989134375 0.43096759444444444 0.37066830624999997 0.43096759444444444 0.37066830624999997 0.3996813805555556
6 0.55545250625 0.3902955166666666 0.55545250625 0.43096759583333333 0.56513167890625 0.43096759583333333 0.56513167890625 0.3902955166666666
6 0.74463633046875 0.3496234388888889 0.74463633046875 0.40437431388888884 0.7587151265625 0.40437431388888884 0.7587151265625 0.3496234388888889
6 0.6497364390625 0.519976875 0.6497364390625 0.5465701569444444 0.667334934375 0.5465701569444444 0.667334934375 0.519976875
2 0.49310983203125 0.5822364333333334 0.49310983203125 0.6025724722222222 0.508068553125 0.6025724722222222 0.508068553125 0.5822364333333334
2 0.50366892890625 0.5822364333333334 0.50366892890625 0.6057010944444444 0.5142280257812499 0.6057010944444444 0.5142280257812499 0.5822364333333334
2 0.55734433984375 0.5838007444444445 0.55734433984375 0.6182155791666666 0.575822759375 0.6182155791666666 0.575822759375 0.5838007444444445
2 0.508068553125 0.5587717736111111 0.508068553125 0.6463731722222222 0.55910418984375 0.6463731722222222 0.55910418984375 0.5587717736111111
2 0.47023178828125 0.5775435013888889 0.47023178828125 0.5978795402777778 0.48079088515625 0.5978795402777778 0.48079088515625 0.5775435013888889
2 0.461432540625 0.5775435013888889 0.461432540625 0.5963152319444445 0.47199163750000006 0.5963152319444445 0.47199163750000006 0.5775435013888889
2 0.44031434609375 0.5775435013888889 0.44031434609375 0.6010081625 0.45527306718749994 0.6010081625 0.45527306718749994 0.5775435013888889
2 0.33120368046875004 0.569721948611111 0.33120368046875004 0.6166512694444445 0.37344006875 0.6166512694444445 0.37344006875 0.569721948611111
2 0.293366915625 0.5603360847222222 0.293366915625 0.6229085111111111 0.32768398046875 0.6229085111111111 0.32768398046875 0.5603360847222222
2 0.21153391250000003 0.5556431527777778 0.21153391250000003 0.6244728222222222 0.29600668984375 0.6244728222222222 0.29600668984375 0.5556431527777778
2 0.176336921875 0.5681576375 0.176336921875 0.6322943750000001 0.23969150546875 0.6322943750000001 0.23969150546875 0.5681576375
2 0.14993917890625 0.569721948611111 0.14993917890625 0.6088297152777777 0.18689601953124999 0.6088297152777777 0.18689601953124999 0.569721948611111
2 0.09538384375 0.535307113888889 0.09538384375 0.569721948611111 0.128820984375 0.569721948611111 0.128820984375 0.535307113888889
2 0.09538384375 0.569721948611111 0.09538384375 0.6495017916666667 0.17281722265625 0.6495017916666667 0.17281722265625 0.569721948611111
2 0.026749711718750003 0.5775435013888889 0.026749711718750003 0.6448088625 0.05226753125 0.6448088625 0.05226753125 0.5775435013888889
2 0.0003519703125 0.6213442 0.0003519703125 0.6635805902777778 0.026749713281249997 0.6635805902777778 0.026749713281249997 0.6213442
2 0.6782460234375 0.5212283166666667 0.6782460234375 0.6979954263888889 0.804075265625 0.6979954263888889 0.804075265625 0.5212283166666667
2 0.744212084375 0.4733157402777778 0.744212084375 0.7533273541666667 0.998510340625 0.7533273541666667 0.998510340625 0.4733157402777778
4 0.5867055515625 0.5687386680555556 0.5867055515625 0.6109750569444444 0.59638472421875 0.6109750569444444 0.59638472421875 0.5687386680555556