2 0.39150825859375 0.5858964138888889 0.39150825859375 0.6077519472222223 0.40853035625 0.6077519472222223 0.40853035625 0.5858964138888889
2 0.38205153671875 0.5892588041666666 0.38205153671875 0.6094331430555555 0.39434527343750003 0.6094331430555555 0.39434527343750003 0.5892588041666666
2 0.3621924234375 0.5791716347222222 0.3621924234375 0.6111143388888889 0.38110586562500004 0.6111143388888889 0.38110586562500004 0.5791716347222222
2 0.3442246515625 0.5808528277777778 0.3442246515625 0.6195203125 0.3678664546875 0.6195203125 0.3678664546875 0.5808528277777778
2 0.3290938984375 0.5808528277777778 0.3290938984375 0.6195203125 0.34327898046875 0.6195203125 0.34327898046875 0.5808528277777778
2 0.30923478359375 0.5724468555555556 0.30923478359375 0.616157925 0.333822259375 0.616157925 0.333822259375 0.5724468555555556
2 0.29883238984375 0.5741280513888889 0.29883238984375 0.6195203166666666 0.31680015781250004 0.6195203166666666 0.31680015781250004 0.5741280513888889
2 0.2751905875 0.5707656638888889 0.2751905875 0.6262450916666666 0.30356075234375 0.6262450916666666 0.30356075234375 0.5707656638888889
2 0.265733865625 0.5724468555555556 0.265733865625 0.632969875 0.28842999687500004 0.632969875 0.28842999687500004 0.5724468555555556
2 0.2345266859375 0.5623596875 0.2345266859375 0.6413758472222223 0.26951655390624996 0.6413758472222223 0.26951655390624996 0.5623596875
2 0.19386278437499999 0.5640408791666667 0.19386278437499999 0.6531442097222222 0.24492907890625001 0.6531442097222222 0.24492907890625001 0.5640408791666667
2 0.14563350625 0.5690844680555556 0.14563350625 0.6817245263888889 0.2165589140625 0.6817245263888889 0.2165589140625 0.5690844680555556
2 0.4473029109375 0.5909399986111111 0.4473029109375 0.6127955333333334 0.46054232109375004 0.6127955333333334 0.46054232109375004 0.5909399986111111
2 0.46243366640624994 0.5926211958333333 0.46243366640624994 0.5993459750000001 0.47756442187500003 0.5993459750000001 0.47756442187500003 0.5926211958333333
2 0.46243366640624994 0.5976647805555556 0.46243366640624994 0.6195203125 0.48134711015625 0.6195203125 0.48134711015625 0.5976647805555556
2 0.41231304453125006 0.5892588041666666 0.41231304453125006 0.6094331430555555 0.4274438 0.6094331430555555 0.4274438 0.5892588041666666
2 0.42933514296875 0.5909399986111111 0.42933514296875 0.6077519486111111 0.44068320781250003 0.6077519486111111 0.44068320781250003 0.5909399986111111
2 0.5030975679687499 0.5909399986111111 0.5030975679687499 0.6245638986111112 0.5371417640625 0.6245638986111112 0.5371417640625 0.5909399986111111
2 0.51066294375 0.5993459722222223 0.51066294375 0.6590553013888889 0.569294615625 0.6590553013888889 0.569294615625 0.5993459722222223
2 0.01891344296875 0.5430259444444444 0.01891344296875 0.7111454347222222 0.158872915625 0.7111454347222222 0.158872915625 0.5430259444444444
2 0.000130028125 0.5746324152777778 0.000130028125 0.7511578777777778 0.035119896875 0.7511578777777778 0.035119896875 0.5746324152777778
7 0.76612444375 0.4250060652777778 0.76612444375 0.45358637638888893 0.7888205734375 0.45358637638888893 0.7888205734375 0.4250060652777778
7 0.516336978125 0.5099624652777778 0.516336978125 0.5200496333333333 0.52579369921875 0.5200496333333333 0.52579369921875 0.5099624652777778
7 0.516336978125 0.5200496319444444 0.516336978125 0.5318179972222222 0.52579369921875 0.5318179972222222 0.52579369921875 0.5200496319444444
7 0.51255428984375 0.5334991916666667 0.51255428984375 0.5435863625 0.52863071484375 0.5435863625 0.52863071484375 0.5334991916666667