4 0.1909908296875 0.49350450277777774 0.1909908296875 0.5485649236111111 0.20819721093750002 0.5485649236111111 0.20819721093750002 0.49350450277777774
2 0.8092734601562499 0.3670694638888889 0.8092734601562499 0.7341389277777778 0.9973965609375 0.7341389277777778 0.9973965609375 0.3670694638888889
3 0.7175060921874999 0.4547582805555556 0.7175060921874999 0.5689576694444445 0.75536013203125 0.5689576694444445 0.75536013203125 0.4547582805555556
3 0.75536013203125 0.4629153805555556 0.75536013203125 0.5873111430555555 0.8322153015625 0.5873111430555555 0.8322153015625 0.4629153805555556
7 0.8276269328125 0.20800602916666666 0.8276269328125 0.3507552638888889 0.92054138984375 0.3507552638888889 0.92054138984375 0.20800602916666666
7 0.8230385640625 0.0081571 0.8230385640625 0.09584591666666667 0.9044821015625001 0.09584591666666667 0.9044821015625001 0.0081571
7 0.72782992265625 0.25490935138888887 0.72782992265625 0.29569484583333333 0.76224268515625 0.29569484583333333 0.76224268515625 0.25490935138888887
7 0.73127119765625 0.29365556944444443 0.73127119765625 0.3527945375 0.7633897765625 0.3527945375 0.7633897765625 0.29365556944444443
7 0.82418565546875 0.09380664027777777 0.82418565546875 0.20392747916666668 0.9033350085937499 0.20392747916666668 0.9033350085937499 0.09380664027777777
7 0.40320286484374995 0.3922645027777778 0.40320286484374995 0.4404833569444444 0.43876271874999995 0.4404833569444444 0.43876271874999995 0.3922645027777778
2 0.00057354609375 0.49350450277777774 0.00057354609375 0.6403322874999999 0.16919608125000002 0.6403322874999999 0.16919608125000002 0.49350450277777774
2 0.21852104140625 0.49350450277777774 0.21852104140625 0.5485649236111111 0.28505238046875003 0.5485649236111111 0.28505238046875003 0.49350450277777774
2 0.3779668390625 0.48738667916666667 0.3779668390625 0.5298117972222223 0.40223628828124997 0.5298117972222223 0.40223628828124997 0.48738667916666667
2 0.52938299296875 0.4751510291666667 0.52938299296875 0.5261328986111111 0.5592073875 0.5261328986111111 0.5592073875 0.4751510291666667
1 0.55461901875 0.38338366250000006 0.55461901875 0.5689576694444445 0.6624456734375 0.5689576694444445 0.6624456734375 0.38338366250000006
2 0.38140811484375 0.4547582805555556 0.38140811484375 0.6811177833333334 0.5488835601562501 0.6811177833333334 0.5488835601562501 0.4547582805555556