2 0.63700960703125 0.3036275861111111 0.63700960703125 0.38361549861111116 0.6829210359375 0.38361549861111116 0.6829210359375 0.3036275861111111
2 0.49177699609375003 0.3043271875 0.49177699609375003 0.35329937777777776 0.52942436796875 0.35329937777777776 0.52942436796875 0.3043271875
4 0.50386646171875 0.3016686986111111 0.50386646171875 0.3588029194444444 0.5139669773437501 0.3588029194444444 0.5139669773437501 0.3016686986111111
2 0.68475749296875 0.28077389722222224 0.68475749296875 0.38198309305555556 0.7536246390625 0.38198309305555556 0.7536246390625 0.28077389722222224
6 0.5681424625 0.14201935277777777 0.5681424625 0.19262395277777777 0.5791612054687499 0.19262395277777777 0.5791612054687499 0.14201935277777777
6 0.556205490625 0.14528416527777777 0.556205490625 0.17956469861111113 0.5653877765625 0.17956469861111113 0.5653877765625 0.14528416527777777
6 0.67190229140625 0.16813785694444444 0.67190229140625 0.2056832 0.68383926328125 0.2056832 0.68383926328125 0.16813785694444444
6 0.60854452109375 0.25465539444444446 0.60854452109375 0.28077389722222224 0.6186450367187499 0.28077389722222224 0.6186450367187499 0.25465539444444446
6 0.43683577421875003 0.09467956944444444 0.43683577421875003 0.13385732222222224 0.44877274609375 0.13385732222222224 0.44877274609375 0.09467956944444444
6 0.46346440390625 0.1665054513888889 0.46346440390625 0.20568320138888888 0.47631960468749995 0.20568320138888888 0.47631960468749995 0.1665054513888889
7 0.39459726015625 0.11916566388888888 0.39459726015625 0.14854897777777779 0.40745246015625 0.14854897777777779 0.40745246015625 0.11916566388888888
2 0.9018267265625 0.3232164625 0.9018267265625 0.38198309305555556 0.96518449921875 0.38198309305555556 0.96518449921875 0.3232164625
2 0.52666968125 0.27680948333333333 0.52666968125 0.46453621666666667 0.657058140625 0.46453621666666667 0.657058140625 0.27680948333333333
7 0.95179492890625 0.13968977083333334 0.95179492890625 0.16091105416666668 0.9830147015625 0.16091105416666668 0.9830147015625 0.13968977083333334