7 0.006591792187499999 0.27734355555555557 0.006591792187499999 0.321874775 0.0329589625 0.321874775 0.0329589625 0.27734355555555557
7 0.003955075781249999 0.32812477638888893 0.003955075781249999 0.3914059819444444 0.0355956796875 0.3914059819444444 0.0355956796875 0.32812477638888893
4 0.14897450703124998 0.4281247083333334 0.14897450703124998 0.5218746430555556 0.18457018515625 0.5218746430555556 0.18457018515625 0.4281247083333334
4 0.27290020312499996 0.47343717500000004 0.27290020312499996 0.5156246458333333 0.29663065546875 0.5156246458333333 0.29663065546875 0.47343717500000004
4 0.61567340546875 0.4687496777777778 0.61567340546875 0.5742183541666667 0.63149370625 0.5742183541666667 0.63149370625 0.4687496777777778
4 0.5840328015625 0.44765594166666667 0.5840328015625 0.5789058527777777 0.60117146171875 0.5789058527777777 0.60117146171875 0.44765594166666667
2 0.79892523203125 0.4710934263888889 0.79892523203125 0.5296871375 0.8305658351562499 0.5296871375 0.8305658351562499 0.4710934263888889
2 0.85297792890625 0.4562496875 0.85297792890625 0.5312496361111111 0.8978021171874999 0.5312496361111111 0.8978021171874999 0.4562496875
2 0.90703062578125 0.4632809319444445 0.90703062578125 0.5374571277777778 0.97690362421875 0.5374571277777778 0.97690362421875 0.4632809319444445
0 0.95053645546875 0.5117184041666667 0.95053645546875 0.5679683652777778 0.99272392578125 0.5679683652777778 0.99272392578125 0.5117184041666667
2 0.7264155171875 0.45937468333333337 0.7264155171875 0.5531246208333334 0.80156195 0.5531246208333334 0.80156195 0.45937468333333337
7 0.38715794453124996 0.3249997777777778 0.38715794453124996 0.41406221666666665 0.42539034062500003 0.41406221666666665 0.42539034062500003 0.3249997777777778
2 0 0.4523434388888889 0 0.7156245138888888 0.2333494484375 0.7156245138888888 0.2333494484375 0.4523434388888889
4 0.2860837875 0.30546853888888886 0.2860837875 0.9460931125 0.46274382265625 0.9460931125 0.46274382265625 0.30546853888888886
4 0.934716153125 0.5312496458333333 0.934716153125 0.9578118527777778 0.9993157203124999 0.9578118527777778 0.9993157203124999 0.5312496458333333