7 0.59381703984375 0.2584503069444445 0.59381703984375 0.28285707916666664 0.6066878 0.28285707916666664 0.6066878 0.2584503069444445
2 0.5168376390625 0.3713316402777778 0.5168376390625 0.4018401097222222 0.5339986515625 0.4018401097222222 0.5339986515625 0.3713316402777778
2 0.52627619296875 0.37590791111111116 0.52627619296875 0.4140434972222222 0.5434372078124999 0.4140434972222222 0.5434372078124999 0.37590791111111116
2 0.53314060078125 0.3789587555555555 0.53314060078125 0.4201451902777778 0.5485855140625 0.4201451902777778 0.5485855140625 0.3789587555555555
2 0.5434372078124999 0.37590791111111116 0.5434372078124999 0.4384502708333333 0.58462364140625 0.4384502708333333 0.58462364140625 0.37590791111111116
2 0.55802407109375 0.3820096055555556 0.55802407109375 0.46133162222222224 0.59062999765625 0.46133162222222224 0.59062999765625 0.3820096055555556
2 0.47307705312500004 0.3820096055555556 0.47307705312500004 0.3942129902777778 0.48251561015625005 0.3942129902777778 0.48251561015625005 0.3820096055555556
2 0.46535459531249995 0.3804841819444445 0.46535459531249995 0.3957384180555556 0.47393510234375 0.3957384180555556 0.47393510234375 0.3804841819444445
2 0.4722190015625 0.38353502638888887 0.4722190015625 0.3957384138888889 0.48165756093749995 0.3957384138888889 0.48165756093749995 0.38353502638888887
2 0.4533418875 0.3820096055555556 0.4533418875 0.3942129902777778 0.46535459609374996 0.3942129902777778 0.46535459609374996 0.3820096055555556
2 0.4447613796875 0.3881112986111111 0.4447613796875 0.3957384180555556 0.45248383593749997 0.3957384180555556 0.45248383593749997 0.3881112986111111
2 0.4447613796875 0.3957384152777778 0.4447613796875 0.42472146388888893 0.46535459531249995 0.42472146388888893 0.46535459531249995 0.3957384152777778
2 0.418161809375 0.3896367222222222 0.418161809375 0.4231960375 0.44218722968749996 0.4231960375 0.44218722968749996 0.3896367222222222
2 0.48508976171875 0.3881112986111111 0.48508976171875 0.41251807222222225 0.50568297890625 0.41251807222222225 0.50568297890625 0.3881112986111111
5 0.38089789140625 0.3942129902777778 0.38089789140625 0.4186197652777778 0.39205254843750004 0.4186197652777778 0.39205254843750004 0.3942129902777778
3 0.3823688234375 0.4116464180555556 0.3823688234375 0.43757861666666664 0.39266543046875 0.43757861666666664 0.39266543046875 0.4116464180555556
2 0.16184979765625002 0.43256650277777775 0.16184979765625002 0.5332444486111112 0.21247478593750002 0.5332444486111112 0.21247478593750002 0.43256650277777775
2 0 0.44171904444444443 0 0.6018885013888888 0.16356589609375 0.6018885013888888 0.16356589609375 0.44171904444444443
2 0.17937856015625 0.42036311111111113 0.17937856015625 0.5607020680555556 0.3098022625 0.5607020680555556 0.3098022625 0.42036311111111113
2 0.33211158046875 0.4066343027777778 0.33211158046875 0.4584987 0.3732980125 0.4584987 0.3732980125 0.4066343027777778
2 0.3870268234375 0.3974817597222222 0.3870268234375 0.45392242916666664 0.430787409375 0.45392242916666664 0.430787409375 0.3974817597222222
2 0.45910308203124994 0.39290549305555555 0.45910308203124994 0.4523970083333333 0.50286366484375 0.4523970083333333 0.50286366484375 0.39290549305555555
2 0.575797975 0.3807021013888888 0.575797975 0.4829054708333333 0.65731278984375 0.4829054708333333 0.65731278984375 0.3807021013888888