2 0.06860880312499999 0.45461994722222226 0.06860880312499999 0.4975870763888889 0.18477598046875 0.4975870763888889 0.18477598046875 0.45461994722222226
2 0.1590476796875 0.4435316569444444 0.1590476796875 0.48649878611111114 0.2260971921875 0.48649878611111114 0.2260971921875 0.4435316569444444
2 0.43504218359375 0.4573920208333333 0.43504218359375 0.4962010416666667 0.455312965625 0.4962010416666667 0.455312965625 0.4573920208333333
2 0.824864928125 0.4199690375 0.824864928125 0.4809546402777778 0.9386931695312499 0.4809546402777778 0.9386931695312499 0.4199690375
2 0.9386931695312499 0.4435316569444444 0.9386931695312499 0.4823406763888889 0.9815736718749999 0.4823406763888889 0.9815736718749999 0.4435316569444444
2 0.28067237578125004 0.4393735472222222 0.28067237578125004 0.5613447527777778 0.37734841640625 0.5613447527777778 0.37734841640625 0.4393735472222222
2 0.390602390625 0.45461994722222226 0.390602390625 0.5100614027777778 0.43660147421874995 0.5100614027777778 0.43660147421874995 0.45461994722222226
2 0.44127934687500003 0.3894762375 0.44127934687500003 0.6847019930555556 0.63385178203125 0.6847019930555556 0.63385178203125 0.3894762375
1 0.62137745546875 0.29938386666666666 0.62137745546875 0.5973816986111111 0.82642421875 0.5973816986111111 0.82642421875 0.29938386666666666
1 0.0904388765625 0.3880901986111111 0.0904388765625 0.46293616666666665 0.21284321875 0.46293616666666665 0.21284321875 0.3880901986111111
9 0.2432493921875 0.41719696388888894 0.2432493921875 0.48649878611111114 0.309519259375 0.48649878611111114 0.309519259375 0.41719696388888894
7 0.311858196875 0.39502038055555555 0.311858196875 0.4158109263888889 0.325891815625 0.4158109263888889 0.325891815625 0.39502038055555555
7 0.35473869765625 0.39502038055555555 0.35473869765625 0.44491769166666667 0.3859245171875 0.44491769166666667 0.3859245171875 0.39502038055555555