2 0.04833801953125 0.6112420652777778 0.04833801953125 0.7900407638888889 0.23701222890625 0.7900407638888889 0.23701222890625 0.6112420652777778
2 0.74534108828125 0.6445069375 0.74534108828125 0.7678641833333333 0.8739825937499999 0.7678641833333333 0.8739825937499999 0.6445069375
2 0.42958466484375 0.6985623583333334 0.42958466484375 0.7332132694444444 0.45141473750000005 0.7332132694444444 0.45141473750000005 0.6985623583333334
2 0.46700764765624997 0.7165808319444446 0.46700764765624997 0.7345993041666667 0.48415984921875 0.7345993041666667 0.48415984921875 0.7165808319444446
2 0.37890770703125 0.7068785791666667 0.37890770703125 0.7248970513888889 0.39294132578125 0.7248970513888889 0.39294132578125 0.7068785791666667
2 0.23623258281249998 0.6708416305555556 0.23623258281249998 0.7429155222222222 0.25260513671874996 0.7429155222222222 0.25260513671874996 0.6708416305555556
2 0.24714762031249998 0.6763857763888889 0.24714762031249998 0.7373713791666666 0.29080776875000003 0.7373713791666666 0.29080776875000003 0.6763857763888889
2 0.2869095390625 0.7193529055555555 0.2869095390625 0.7332132694444444 0.31419713203125 0.7332132694444444 0.31419713203125 0.7193529055555555
2 0.30640067734375 0.695790286111111 0.30640067734375 0.735985338888889 0.3422643703125 0.735985338888889 0.3422643703125 0.695790286111111
2 0.3422643703125 0.7054925402777777 0.3422643703125 0.7304411958333332 0.35395905234375 0.7304411958333332 0.35395905234375 0.7054925402777777
2 0.35317940703125 0.7082646138888888 0.35317940703125 0.7332132680555555 0.3625351515625 0.7332132680555555 0.3625351515625 0.7082646138888888
2 0.34850153281249996 0.6985623583333334 0.34850153281249996 0.7262830874999999 0.3750094796875 0.7262830874999999 0.3750094796875 0.6985623583333334
2 0.83422067421875 0.6805438833333334 0.83422067421875 0.7872686902777777 0.9722179257812501 0.7872686902777777 0.9722179257812501 0.6805438833333334
2 0.9698789890624999 0.6902461402777778 0.9698789890624999 0.7914267986111112 0.9991780421875 0.7914267986111112 0.9991780421875 0.6902461402777778
7 0.07796454921875 0.5419402430555555 0.07796454921875 0.5516424972222223 0.11070965937499999 0.5516424972222223 0.11070965937499999 0.5419402430555555
7 0.08576100390625 0.5585726791666666 0.08576100390625 0.5724330458333333 0.09979462265625 0.5724330458333333 0.09979462265625 0.5585726791666666
7 0.5083288593749999 0.6403488291666667 0.5083288593749999 0.6542091930555556 0.5169049593749999 0.6542091930555556 0.5169049593749999 0.6403488291666667
7 0.5091085054687501 0.6583673027777778 0.5091085054687501 0.6736137041666667 0.51768460625 0.6736137041666667 0.51768460625 0.6583673027777778