7 0.32054237812499997 0.27656230972222223 0.32054237812499997 0.3398435166666667 0.402280603125 0.3398435166666667 0.402280603125 0.27656230972222223
7 0.5354348085937499 0.38671848472222226 0.5354348085937499 0.4124997166666667 0.55389182734375 0.4124997166666667 0.55389182734375 0.38671848472222226
7 0.51961450703125 0.3890622319444444 0.51961450703125 0.40781221944444446 0.5301613749999999 0.40781221944444446 0.5301613749999999 0.3890622319444444
7 0.42996613124999994 0.3796872388888889 0.42996613124999994 0.39609347777777776 0.44051299921875 0.39609347777777776 0.44051299921875 0.3796872388888889
2 0.43523956484375 0.42656220694444447 0.43523956484375 0.4546871875 0.45105986640625 0.4546871875 0.45105986640625 0.42656220694444447
2 0.402280603125 0.42656220694444447 0.402280603125 0.44765594166666667 0.420737621875 0.44765594166666667 0.420737621875 0.42656220694444447
2 0.3772317921875 0.39843722638888884 0.3772317921875 0.4523434388888889 0.40359896171875 0.4523434388888889 0.40359896171875 0.39843722638888884
2 0.45105986640625 0.42656220694444447 0.45105986640625 0.4546871875 0.47083524375 0.4546871875 0.47083524375 0.42656220694444447
2 0.47215360234375003 0.42187470972222224 0.47215360234375003 0.4640621805555556 0.48797390390624995 0.4640621805555556 0.48797390390624995 0.42187470972222224
2 0.48533718671875 0.41015596805555554 0.48533718671875 0.4804684194444444 0.5301613749999999 0.4804684194444444 0.5301613749999999 0.41015596805555554
2 0.27703654843750003 0.39609347777777776 0.27703654843750003 0.5390621291666666 0.40359896171875 0.5390621291666666 0.40359896171875 0.39609347777777776
2 0.08587457109374999 0.38437473611111117 0.08587457109374999 0.5249996388888889 0.24275922734375 0.5249996388888889 0.24275922734375 0.38437473611111117
2 0.5314797328124999 0.4289059555555556 0.5314797328124999 0.46171843194444445 0.5459816765625 0.46171843194444445 0.5459816765625 0.4289059555555556
2 0.54730003515625 0.4242184583333334 0.54730003515625 0.4687496777777778 0.5683937703125 0.4687496777777778 0.5683937703125 0.4242184583333334
2 0.56707541171875 0.42656220694444447 0.56707541171875 0.47343717500000004 0.59739765625 0.47343717500000004 0.59739765625 0.42656220694444447
2 0.5868507890625 0.4242184583333334 0.5868507890625 0.48749966527777777 0.64485856171875 0.48749966527777777 0.64485856171875 0.4242184583333334
2 0.6409034859375 0.3937497291666666 0.6409034859375 0.5343746319444445 0.74900888046875 0.5343746319444445 0.74900888046875 0.3937497291666666
2 0.9164404062499999 0.44343718749999994 0.9164404062499999 0.6820307805555555 0.99949698984375 0.6820307805555555 0.99949698984375 0.44343718749999994