6 0.34517069921875 0.35414124027777777 0.34517069921875 0.3915834847222222 0.35453126015624997 0.3915834847222222 0.35453126015624997 0.35414124027777777
6 0.524191434375 0.408397825 0.524191434375 0.4340526902777778 0.53238192578125 0.4340526902777778 0.53238192578125 0.408397825
6 0.5300417859375 0.4070110708333334 0.5300417859375 0.4319725625 0.538232278125 0.4319725625 0.538232278125 0.4070110708333334
6 0.3358101375 0.35708807638888884 0.3358101375 0.39245019583333335 0.3451707 0.39245019583333335 0.3451707 0.35708807638888884
6 0.723883415625 0.42018519722222225 0.723883415625 0.4493069444444444 0.7426045390625 0.4493069444444444 0.7426045390625 0.42018519722222225
6 0.308898525 0.4264255722222222 0.308898525 0.45138707083333335 0.31474887578125 0.45138707083333335 0.31474887578125 0.4264255722222222
6 0.366816996875 0.46178769027777783 0.366816996875 0.4805088152777778 0.3761775578125 0.4805088152777778 0.3761775578125 0.46178769027777783
7 0.30187810234375 0.35622136249999997 0.30187810234375 0.39574373194444445 0.3170890140625 0.39574373194444445 0.3170890140625 0.35622136249999997
7 0.30626586640625 0.449826975 0.30626586640625 0.4747884736111111 0.31708901328125 0.4747884736111111 0.31708901328125 0.449826975
7 0.7058448281249999 0.3395803652777778 0.7058448281249999 0.36662198749999997 0.746797284375 0.36662198749999997 0.746797284375 0.3395803652777778
7 0.7198856703125001 0.3499809875 0.7198856703125001 0.36454186111111114 0.74445714296875 0.36454186111111114 0.74445714296875 0.3499809875
7 0.7058448281249999 0.29381761944444446 0.7058448281249999 0.33377961944444445 0.7304163015625 0.33377961944444445 0.7304163015625 0.29381761944444446
4 0.35336118984375 0.514310838888889 0.35336118984375 0.5579934583333334 0.359211540625 0.5579934583333334 0.359211540625 0.514310838888889
4 0.24103445546875002 0.5039102180555556 0.24103445546875002 0.5642338347222222 0.2562453671875 0.5642338347222222 0.2562453671875 0.5039102180555556
4 0.22348340234375003 0.48934934583333334 0.22348340234375003 0.5683940847222222 0.23869431328125001 0.5683940847222222 0.23869431328125001 0.48934934583333334
4 0.7219332921875 0.4851890986111111 0.7219332921875 0.560073586111111 0.73597413515625 0.560073586111111 0.73597413515625 0.4851890986111111
4 0.70818496796875 0.47894872361111107 0.70818496796875 0.5475928361111111 0.7187156 0.5475928361111111 0.7187156 0.47894872361111107
2 0.694144125 0.47894872361111107 0.694144125 0.5725543347222223 0.711695178125 0.5725543347222223 0.711695178125 0.47894872361111107
4 0.8157453625000001 0.46984265 0.8157453625000001 0.5548732736111112 0.83368336015625 0.5548732736111112 0.83368336015625 0.46984265
2 0.5157084249999999 0.5111906569444444 0.5157084249999999 0.546552775 0.53208941015625 0.546552775 0.53208941015625 0.5111906569444444
2 0.3586265046875 0.4924695347222222 0.3586265046875 0.563193775 0.392558540625 0.563193775 0.392558540625 0.4924695347222222
2 0.36447685703125 0.46334778472222227 0.36447685703125 0.6859211291666666 0.5282866796875 0.6859211291666666 0.5282866796875 0.46334778472222227
2 0 0.46958815833333334 0 0.7545652527777778 0.1883812953125 0.7545652527777778 0.1883812953125 0.46958815833333334
1 0.52448395234375 0.36662198749999997 0.52448395234375 0.5871152097222223 0.65436174140625 0.5871152097222223 0.65436174140625 0.36662198749999997
9 0.76083812734375 0.4539872277777778 0.76083812734375 0.5205512152777778 0.828702196875 0.5205512152777778 0.828702196875 0.4539872277777778
7 0.16732003281250002 0.40770444722222227 0.16732003281250002 0.42018519722222225 0.19189150625 0.42018519722222225 0.19189150625 0.40770444722222227
4 0.25607985312500003 0.4996064375 0.25607985312500003 0.5655119680555555 0.27043025078125 0.5655119680555555 0.27043025078125 0.4996064375
4 0.27043025078125 0.4996064375 0.27043025078125 0.550630073611111 0.27999718281249997 0.550630073611111 0.27999718281249997 0.4996064375
7 0.7057256468750001 0.2742520444444444 0.7057256468750001 0.29338590833333333 0.7188801781249999 0.29338590833333333 0.7188801781249999 0.2742520444444444