7 0.89609668046875 0.43588237916666667 0.89609668046875 0.5354603972222222 0.9359700820312501 0.5354603972222222 0.9359700820312501 0.43588237916666667
7 0.905590346875 0.5371481611111111 0.905590346875 0.5894688138888889 0.92742578125 0.5894688138888889 0.92742578125 0.5371481611111111
6 0.54778458828125 0.5350208805555555 0.54778458828125 0.5518985125 0.55348078828125 0.5518985125 0.55348078828125 0.5350208805555555
6 0.52310105390625 0.5485229847222223 0.52310105390625 0.5620250888888889 0.52974662109375 0.5620250888888889 0.52974662109375 0.5485229847222223
2 0.6855732953125 0.5910546083333333 0.6855732953125 0.645063025 0.7206998640625 0.645063025 0.7206998640625 0.5910546083333333
2 0.64380116015625 0.5927423708333334 0.64380116015625 0.639999736111111 0.67702899609375 0.639999736111111 0.67702899609375 0.5927423708333334
2 0.44335425078124996 0.5727142541666667 0.44335425078124996 0.6081572777777778 0.46613905234375 0.6081572777777778 0.46613905234375 0.5727142541666667
2 0.40917704921875 0.5608999125 0.40917704921875 0.6182838555555555 0.4459572203125 0.6182838555555555 0.4459572203125 0.5608999125
2 0.25822774375 0.5642754388888889 0.25822774375 0.6351614861111111 0.30569607890625 0.6351614861111111 0.30569607890625 0.5642754388888889
2 0.4818224921875 0.5837022958333333 0.4818224921875 0.6123942680555555 0.5008098249999999 0.6123942680555555 0.5008098249999999 0.5837022958333333
2 0.5103034937500001 0.5803267694444445 0.5103034937500001 0.6562761055555556 0.55777182890625 0.6562761055555556 0.55777182890625 0.5803267694444445
2 0.51740485390625 0.5772149555555556 0.51740485390625 0.595780351388889 0.5553795218750001 0.595780351388889 0.5553795218750001 0.5772149555555556
2 0.30239218515625 0.5668246652777778 0.30239218515625 0.7406642569444445 0.43340479062500004 0.7406642569444445 0.43340479062500004 0.5668246652777778
2 0.08688594375 0.5431959819444445 0.08688594375 0.722098863888889 0.2815061171875 0.722098863888889 0.2815061171875 0.5431959819444445
9 0.0892404703125 0.5248943027777778 0.0892404703125 0.5789027194444445 0.13670880546875 0.5789027194444445 0.13670880546875 0.5248943027777778