6 0.2759239609375 0.3784477027777778 0.2759239609375 0.3980005986111111 0.2823796046875 0.3980005986111111 0.2823796046875 0.3784477027777778
6 0.27011541015625 0.4019658333333333 0.27011541015625 0.41471772222222225 0.274658271875 0.41471772222222225 0.274658271875 0.4019658333333333
6 0.52508070546875 0.3467076527777778 0.52508070546875 0.36881092638888885 0.53129725078125 0.36881092638888885 0.53129725078125 0.3467076527777778
6 0.45693780234375003 0.41046709305555557 0.45693780234375003 0.42321898055555557 0.46028517343750003 0.42321898055555557 0.46028517343750003 0.41046709305555557
6 0.592832359375 0.40783942777777776 0.592832359375 0.42441688194444444 0.60454815546875 0.42441688194444444 0.60454815546875 0.40783942777777776
6 0.5825511484375 0.3364288555555556 0.5825511484375 0.35895718888888895 0.5887676953125001 0.35895718888888895 0.5887676953125001 0.3364288555555556
6 0.517994715625 0.3428048 0.517994715625 0.3687336388888889 0.5249285546875 0.3687336388888889 0.5249285546875 0.3428048
7 0.551572296875 0.36618435000000005 0.551572296875 0.38276180694444445 0.5644835828125 0.38276180694444445 0.5644835828125 0.36618435000000005
7 0.53818281484375 0.4091157097222222 0.53818281484375 0.42824354166666667 0.54631214375 0.42824354166666667 0.54631214375 0.4091157097222222
7 0.58313322109375 0.3657592861111111 0.58313322109375 0.38573724305555557 0.59341443046875 0.38573724305555557 0.59341443046875 0.3657592861111111
7 0.58863247265625 0.389987875 0.58863247265625 0.3989141958333334 0.5958054085937501 0.3989141958333334 0.5958054085937501 0.389987875
6 0.58026404609375 0.42186759444444444 0.58026404609375 0.43589467222222217 0.5869587875 0.43589467222222217 0.5869587875 0.42186759444444444
4 0.6287079296875 0.44504089166666666 0.6287079296875 0.5143261513888888 0.6423365109375 0.5143261513888888 0.6423365109375 0.44504089166666666
4 0.57012894453125 0.44631608194444444 0.57012894453125 0.49094769027777774 0.58088835078125 0.49094769027777774 0.58088835078125 0.44631608194444444
4 0.5921259515624999 0.4446158291666667 0.5921259515624999 0.4828714944444445 0.5995379875 0.4828714944444445 0.5995379875 0.4446158291666667
7 0.4764025671875 0.41698673888888893 0.4764025671875 0.42676318472222224 0.48238001484375 0.42676318472222224 0.48238001484375 0.41698673888888893
6 0.379089721875 0.3370749069444444 0.379089721875 0.3553526166666667 0.38339348515625 0.3553526166666667 0.38339348515625 0.3370749069444444
6 0.34800699375 0.4259130597222222 0.34800699375 0.43398925555555556 0.35231075703125 0.43398925555555556 0.35231075703125 0.4259130597222222
4 0.33079194609374996 0.428038375 0.33079194609374996 0.48117124166666664 0.3415513515625 0.48117124166666664 0.3415513515625 0.428038375
4 0.32409720468750003 0.4390900111111111 0.32409720468750003 0.47224491944444447 0.33079194609374996 0.47224491944444447 0.33079194609374996 0.4390900111111111
2 0.34325959296874997 0.4456901097222222 0.34325959296874997 0.47289413750000003 0.36023554453125 0.47289413750000003 0.36023554453125 0.4456901097222222
2 0.31098137734375003 0.4384640402777778 0.31098137734375003 0.4945723472222222 0.32484905546875 0.4945723472222222 0.32484905546875 0.4384640402777778
2 0.27631218203125 0.4282625291666667 0.27631218203125 0.5068991722222222 0.32102348984375 0.5068991722222222 0.32102348984375 0.4282625291666667
2 0.23566553828124998 0.4214615236111111 0.23566553828124998 0.5230515652777777 0.29376632890625 0.5230515652777777 0.29376632890625 0.4214615236111111
2 0.15066623515625 0.40403394166666673 0.15066623515625 0.5498305305555555 0.25658660390625 0.5498305305555555 0.25658660390625 0.40403394166666673
2 0.47375544609375 0.45499951805555555 0.47375544609375 0.47370228472222226 0.48021108906250004 0.47370228472222226 0.48021108906250004 0.45499951805555555
2 0.47590732734375 0.4524491402777778 0.47590732734375 0.47370228472222226 0.48451485156249996 0.47370228472222226 0.48451485156249996 0.4524491402777778
2 0.48212387265625 0.44989876249999994 0.48212387265625 0.4754025388888889 0.49336147343750003 0.4754025388888889 0.49336147343750003 0.44989876249999994
2 0.48666673203125 0.4532992652777778 0.48666673203125 0.47455241249999996 0.49431786484374995 0.47455241249999996 0.49431786484374995 0.4532992652777778
2 0.49144868984374995 0.4524491402777778 0.49144868984374995 0.47710279027777774 0.50149080078125 0.47710279027777774 0.50149080078125 0.4524491402777778
2 0.49838252968749996 0.45372432777777777 0.49838252968749996 0.47625266250000003 0.5129675015624999 0.47625266250000003 0.5129675015624999 0.45372432777777777
2 0.50555546640625 0.4566997694444444 0.50555546640625 0.48007822916666665 0.52037953671875 0.48007822916666665 0.52037953671875 0.4566997694444444
2 0.5134456968750001 0.45627470694444444 0.5134456968750001 0.48135341944444443 0.5299434523437501 0.48135341944444443 0.5299434523437501 0.45627470694444444
2 0.6067507921875 0.4654439138888889 0.6067507921875 0.5009670486111111 0.63415598828125 0.5009670486111111 0.63415598828125 0.4654439138888889
2 0.45343209453125005 0.44528380416666663 0.45343209453125005 0.47843871388888887 0.47590729765625 0.47843871388888887 0.47590729765625 0.44528380416666663
2 0.05005613203125 0.4534004722222222 0.05005613203125 0.6017474361111111 0.18203817265625 0.6017474361111111 0.18203817265625 0.4534004722222222
2 0.35145217109375004 0.35377914861111115 0.35145217109375004 0.5860567166666666 0.4561770515625 0.5860567166666666 0.4561770515625 0.35377914861111115
9 0.35264765859375 0.4059846027777778 0.35264765859375 0.4497660875 0.36699353359375003 0.4497660875 0.36699353359375003 0.4059846027777778
9 0.64221696171875 0.0019292055555555554 0.64221696171875 0.9984728319444445 0.9996683234375 0.9984728319444445 0.9996683234375 0.0019292055555555554
2 0.5754289671875 0.4620434083333333 0.5754289671875 0.49434819027777777 0.5983823640625 0.49434819027777777 0.5983823640625 0.4620434083333333
7 0.32509345078125 0.4152864875 0.32509345078125 0.4263381236111111 0.3305927015625 0.4263381236111111 0.3305927015625 0.4152864875