7 0.40159766171875005 0.420799575 0.40159766171875005 0.4489571680555556 0.4156764578125 0.4489571680555556 0.4156764578125 0.420799575
7 0.4403143515625 0.4458285472222222 0.4403143515625 0.4677288944444445 0.45263329765625004 0.4677288944444445 0.45263329765625004 0.4458285472222222
7 0.5793424640625 0.4458285472222222 0.5793424640625 0.47085751805555554 0.59430118515625 0.47085751805555554 0.59430118515625 0.4458285472222222
7 0.6145394546875 0.3347624875 0.6145394546875 0.3848204291666667 0.6444568953124999 0.3848204291666667 0.6444568953124999 0.3347624875
7 0.62861825078125 0.4035921583333333 0.62861825078125 0.4176709541666667 0.64445689609375 0.4176709541666667 0.64445689609375 0.4035921583333333
7 0.07074595078125 0.3769988763888889 0.07074595078125 0.43487837361111115 0.10418309218749999 0.43487837361111115 0.10418309218749999 0.3769988763888889
6 0.085704671875 0.3253766236111111 0.085704671875 0.3723059458333333 0.10154331796875 0.3723059458333333 0.10154331796875 0.3253766236111111
6 0.0443482078125 0.37543456527777774 0.0443482078125 0.41454233472222224 0.0566671546875 0.41454233472222224 0.0566671546875 0.37543456527777774
6 0.03554896015625 0.3848204291666667 0.03554896015625 0.41141371111111114 0.0452281328125 0.41141371111111114 0.0452281328125 0.3848204291666667
6 0.0566671546875 0.46929320694444443 0.0566671546875 0.4849363125 0.06898610234375 0.4849363125 0.06898610234375 0.46929320694444443
6 0.8128745117187499 0.46929320694444443 0.8128745117187499 0.4880649347222222 0.82607338359375 0.4880649347222222 0.82607338359375 0.46929320694444443
6 0.92462495703125 0.4489571680555556 0.92462495703125 0.47555045 0.94046360234375 0.47555045 0.94046360234375 0.4489571680555556
6 0.77327789765625 0.38794905138888885 0.77327789765625 0.4239281972222222 0.7855968453125 0.4239281972222222 0.7855968453125 0.38794905138888885
6 0.5814542992187499 0.41610664305555556 0.5814542992187499 0.442699925 0.591133471875 0.442699925 0.591133471875 0.41610664305555556
6 0.54097776015625 0.3519699055555555 0.54097776015625 0.38951336111111107 0.5532967078125 0.38951336111111107 0.5532967078125 0.3519699055555555
6 0.542385625 0.4605330708333334 0.542385625 0.47304755555555555 0.55030494765625 0.47304755555555555 0.55030494765625 0.4605330708333334
6 0.52830682890625 0.4605330708333334 0.52830682890625 0.47304755555555555 0.53710607578125 0.47304755555555555 0.53710607578125 0.4605330708333334
6 0.59958073515625 0.47304755555555555 0.59958073515625 0.48869066250000004 0.6075000578124999 0.48869066250000004 0.6075000578124999 0.47304755555555555
6 0.47662591796875003 0.4541715416666667 0.47662591796875003 0.4682503375 0.48278539140625 0.4682503375 0.48278539140625 0.4541715416666667
6 0.4915846390625 0.4541715416666667 0.4915846390625 0.4666860263888889 0.49862403593750004 0.4666860263888889 0.49862403593750004 0.4541715416666667
2 0.53587418046875 0.4880649347222222 0.53587418046875 0.5052723527777777 0.54643327890625 0.5052723527777777 0.54643327890625 0.4880649347222222
2 0.5173957609375 0.47555045 0.5173957609375 0.5193511486111111 0.53763403046875 0.5193511486111111 0.53763403046875 0.47555045
2 0.5094764374999999 0.47867907083333333 0.5094764374999999 0.49901510972222224 0.52179538515625 0.49901510972222224 0.52179538515625 0.47867907083333333
2 0.49715749140625 0.4849363138888889 0.49715749140625 0.49901510972222224 0.50947643671875 0.49901510972222224 0.50947643671875 0.4849363138888889
2 0.49099801796875 0.4849363138888889 0.49099801796875 0.49901510972222224 0.50155711484375 0.49901510972222224 0.50155711484375 0.4849363138888889
2 0.48395861953125 0.4880649347222222 0.48395861953125 0.5037080402777777 0.4962775671875 0.5037080402777777 0.4962775671875 0.4880649347222222
2 0.47779914609374996 0.48650062499999996 0.47779914609374996 0.5005794208333334 0.48483854453125 0.5005794208333334 0.48483854453125 0.48650062499999996
2 0.46811997421875 0.4880649347222222 0.46811997421875 0.5037080402777777 0.47867907109374996 0.5037080402777777 0.47867907109374996 0.4880649347222222
2 0.45492110234374994 0.4958864888888889 0.45492110234374994 0.5177868388888889 0.47163967265625006 0.5177868388888889 0.47163967265625006 0.4958864888888889
2 0.4452419296875 0.4833720027777778 0.4452419296875 0.5037080416666666 0.4575608765625 0.5037080416666666 0.4575608765625 0.4833720027777778
2 0.43028320937500003 0.4818076930555556 0.43028320937500003 0.5068366638888888 0.44788170390625004 0.5068366638888888 0.44788170390625004 0.4818076930555556
2 0.41972411171874996 0.4849363138888889 0.41972411171874996 0.5068366652777777 0.43380290703125 0.5068366652777777 0.43380290703125 0.4849363138888889
2 0.39684606796875 0.48024338194444444 0.39684606796875 0.5146582166666667 0.42148396171874997 0.5146582166666667 0.42148396171874997 0.48024338194444444
2 0.3898066703125 0.49432217777777776 0.3898066703125 0.5256083916666666 0.41444456328125 0.5256083916666666 0.41444456328125 0.49432217777777776
2 0.3774877234375 0.49119355694444444 0.3774877234375 0.5146582166666667 0.39508621875 0.5146582166666667 0.39508621875 0.49119355694444444
2 0.3528498296875 0.4958864888888889 0.3528498296875 0.5224797694444444 0.37132825 0.5224797694444444 0.37132825 0.4958864888888889
2 0.34053088359375 0.5068366638888888 0.34053088359375 0.5256083916666666 0.355489603125 0.5256083916666666 0.355489603125 0.5068366638888888
2 0.3202926140625 0.5005794208333334 0.3202926140625 0.5318656347222223 0.34669035546875004 0.5318656347222223 0.34669035546875004 0.5005794208333334
2 0.3079736671875 0.49901510972222224 0.3079736671875 0.5256083916666666 0.32733201171875004 0.5256083916666666 0.32733201171875004 0.49901510972222224
2 0.28773539765625 0.5005794208333334 0.28773539765625 0.5303013236111112 0.31501306484375 0.5303013236111112 0.31501306484375 0.5005794208333334
2 0.26485735390625 0.49745079861111113 0.26485735390625 0.5303013222222223 0.291255096875 0.5303013222222223 0.291255096875 0.49745079861111113
2 0.25781795546874997 0.5005794208333334 0.25781795546874997 0.5224797708333333 0.2736566015625 0.5224797708333333 0.2736566015625 0.5005794208333334
2 0.23669976093749998 0.5037080416666666 0.23669976093749998 0.5365585666666667 0.271016828125 0.5365585666666667 0.271016828125 0.5037080416666666
2 0.20062284609374997 0.49432217777777776 0.20062284609374997 0.5381228777777778 0.23757968593749998 0.5381228777777778 0.23757968593749998 0.49432217777777776
2 0.15398683359375 0.5084009736111111 0.15398683359375 0.5443801194444444 0.20678231875000003 0.5443801194444444 0.20678231875000003 0.5084009736111111
2 0.1443076609375 0.5052723527777777 0.1443076609375 0.5428158097222222 0.16630578125 0.5428158097222222 0.16630578125 0.5052723527777777
2 0.11439021953124999 0.5037080416666666 0.11439021953124999 0.5443801194444444 0.15134705937499998 0.5443801194444444 0.15134705937499998 0.5037080416666666
2 0.03695683984375 0.4849363138888889 0.03695683984375 0.5568946055555556 0.11878984374999998 0.5568946055555556 0.11878984374999998 0.4849363138888889
2 0 0.4833720027777778 0 0.5647161583333333 0.01319887109375 0.5647161583333333 0.01319887109375 0.4833720027777778
2 0.55435260078125 0.4818076930555556 0.55435260078125 0.5037080402777777 0.5701912460937499 0.5037080402777777 0.5701912460937499 0.4818076930555556
2 0.5455533531250001 0.48962924583333334 0.5455533531250001 0.5177868388888889 0.5701912460937499 0.5177868388888889 0.5701912460937499 0.48962924583333334
2 0.5385139546875 0.5005794208333334 0.5385139546875 0.5396871875 0.568431396875 0.5396871875 0.568431396875 0.5005794208333334
2 0.5825101929687501 0.4880649347222222 0.5825101929687501 0.5021437319444445 0.5992287632812501 0.5021437319444445 0.5992287632812501 0.4880649347222222
2 0.58954959140625 0.49432217777777776 0.58954959140625 0.5287370125 0.61330755859375 0.5287370125 0.61330755859375 0.49432217777777776
2 0.6089079359375 0.49119355694444444 0.6089079359375 0.5068366638888888 0.6203469578125 0.5068366638888888 0.6203469578125 0.49119355694444444
2 0.61682725859375 0.4958864888888889 0.61682725859375 0.5146582166666667 0.6309060546875 0.5146582166666667 0.6309060546875 0.4958864888888889
2 0.62914620546875 0.49432217777777776 0.62914620546875 0.5162225291666667 0.64058522734375 0.5162225291666667 0.64058522734375 0.49432217777777776
2 0.6441049265625 0.49432217777777776 0.6441049265625 0.5240440819444444 0.66434319609375 0.5240440819444444 0.66434319609375 0.49432217777777776
2 0.7127390578125 0.5005794208333334 0.7127390578125 0.5334299458333334 0.74353642578125 0.5334299458333334 0.74353642578125 0.5005794208333334
2 0.74969589765625 0.5005794208333334 0.74969589765625 0.5428158097222222 0.7875326625 0.5428158097222222 0.7875326625 0.5005794208333334
2 0.87323735546875 0.5115295958333334 0.87323735546875 0.5694090930555555 0.9418714874999999 0.5694090930555555 0.9418714874999999 0.5115295958333334
2 0.92691276640625 0.5084009736111111 0.92691276640625 0.5803592652777778 0.99906659765625 0.5803592652777778 0.99906659765625 0.5084009736111111