7 0.65526068203125 0.47250000277777776 0.65526068203125 0.5080263180555555 0.670248346875 0.5080263180555555 0.670248346875 0.47250000277777776
7 0.48939719453124997 0.5364473708333333 0.48939719453124997 0.5506578972222222 0.49838979296875 0.5506578972222222 0.49838979296875 0.5364473708333333
2 0.3854827203125 0.5630921083333333 0.3854827203125 0.593289476388889 0.3984720296875 0.593289476388889 0.3984720296875 0.5630921083333333
2 0.41945475937500004 0.5684210555555556 0.41945475937500004 0.5950657930555555 0.4304457140625 0.5950657930555555 0.4304457140625 0.5684210555555556
2 0.5063832140625 0.5719736875 0.5063832140625 0.593289476388889 0.5153758125000001 0.593289476388889 0.5153758125000001 0.5719736875
2 0.33252630546875 0.5577631611111111 0.33252630546875 0.6305921097222222 0.39147778515625 0.6305921097222222 0.39147778515625 0.5577631611111111
2 0.3984720296875 0.5701973708333333 0.3984720296875 0.6075000013888888 0.42544982578125 0.6075000013888888 0.42544982578125 0.5701973708333333
2 0.42844735859374994 0.5666447402777778 0.42844735859374994 0.593289476388889 0.445433378125 0.593289476388889 0.445433378125 0.5666447402777778
2 0.45342679921875 0.5701973708333333 0.45342679921875 0.5861842138888889 0.46441775312500005 0.5861842138888889 0.46441775312500005 0.5701973708333333
2 0.46641610859375 0.5666447402777778 0.46641610859375 0.5861842138888889 0.47940541796874997 0.5861842138888889 0.47940541796874997 0.5666447402777778
2 0.48040459531249996 0.5630921083333333 0.48040459531249996 0.6075000013888888 0.50838156953125 0.6075000013888888 0.50838156953125 0.5630921083333333
2 0.10071709375 0.5595394763888889 0.10071709375 0.7140789513888889 0.260585515625 0.7140789513888889 0.260585515625 0.5595394763888889
9 0.5133774578125 0.5382236874999999 0.5133774578125 0.6092763180555555 0.5523453843749999 0.6092763180555555 0.5523453843749999 0.5382236874999999