2 0.0319715140625 0.5025651138888889 0.0319715140625 0.6816503222222222 0.16203021015625002 0.6816503222222222 0.16203021015625002 0.5025651138888889
7 0.18061002421875 0.3786108861111111 0.18061002421875 0.45213100833333336 0.20877941953125 0.45213100833333336 0.20877941953125 0.3786108861111111
7 0.28349199609375 0.4981254708333333 0.28349199609375 0.5119770888888889 0.2906841828125 0.5119770888888889 0.2906841828125 0.4981254708333333
7 0.212768834375 0.49279792638888886 0.212768834375 0.5151736152777778 0.21996102109375001 0.5151736152777778 0.21996102109375001 0.49279792638888886
7 0.34402622734375 0.5119770888888889 0.34402622734375 0.5215666680555556 0.35001971640625 0.5215666680555556 0.35001971640625 0.5119770888888889
7 0.34702297187500003 0.4981254708333333 0.34702297187500003 0.5110891847222222 0.35241711171875 0.5110891847222222 0.35241711171875 0.4981254708333333
2 0.3807499703125 0.5239549861111111 0.3807499703125 0.5559202555555556 0.42030699296874996 0.5559202555555556 0.42030699296874996 0.5239549861111111
2 0.41734657421875 0.5249408055555556 0.41734657421875 0.5462509847222222 0.43292964296875003 0.5462509847222222 0.43292964296875003 0.5249408055555556
7 0.40715764296875 0.5100236777777778 0.40715764296875 0.5270718236111112 0.41375048046874996 0.5270718236111112 0.41375048046874996 0.5100236777777778
7 0.450910109375 0.5046961319444444 0.450910109375 0.5142857138888889 0.4557049 0.5142857138888889 0.4557049 0.5046961319444444
2 0.3316459296875 0.5313338569444445 0.3316459296875 0.5782162555555556 0.36101402109374997 0.5782162555555556 0.36101402109374997 0.5313338569444445
2 0 0.5100236777777778 0 0.7028808111111111 0.05354807265625 0.7028808111111111 0.05354807265625 0.5100236777777778