4 0.8437499804687499 0.4740181041666666 0.8437499804687499 0.6353474083333334 0.8781627421874999 0.6353474083333334 0.8781627421874999 0.4740181041666666
2 0.40607059375 0.5003020847222223 0.40607059375 0.5329304819444445 0.42212988203124996 0.5329304819444445 0.42212988203124996 0.5003020847222223
2 0.42671825234374994 0.5021147875 0.42671825234374994 0.511631401388889 0.43971863046875 0.511631401388889 0.43971863046875 0.5021147875
2 0.37624620078125004 0.5129909180555555 0.37624620078125004 0.5374622180555556 0.4053058671875 0.5374622180555556 0.4053058671875 0.5129909180555555
2 0.3510101765625 0.52386705 0.3510101765625 0.5660120625 0.37318728984375 0.5660120625 0.37318728984375 0.52386705
2 0.3418334390625 0.5279455986111111 0.3418334390625 0.5700906111111111 0.36401055390625003 0.5700906111111111 0.36401055390625003 0.5279455986111111
2 0.44889536640624994 0.5016616027777777 0.44889536640624994 0.5152567680555555 0.456542646875 0.5152567680555555 0.456542646875 0.5016616027777777
2 0.45042482109375 0.5138972513888889 0.45042482109375 0.5315709652777778 0.46266047109375 0.5315709652777778 0.46266047109375 0.5138972513888889
2 0.45271900625 0.5179758 0.45271900625 0.5370090291666667 0.4657193828125 0.5370090291666667 0.4657193828125 0.5179758
2 0.45501318984375 0.5288519305555556 0.45501318984375 0.5492446777777777 0.46877829609375 0.5492446777777777 0.46877829609375 0.5288519305555556
2 0.46801356640625 0.5274924138888889 0.46801356640625 0.5370090291666667 0.47566084765624994 0.5370090291666667 0.47566084765624994 0.5274924138888889
2 0.4664841109375 0.5261329 0.4664841109375 0.5614803305555556 0.4802492171875 0.5614803305555556 0.4802492171875 0.5261329
2 0.47489611875 0.5261329 0.47489611875 0.5641993625 0.48789649687500003 0.5641993625 0.48789649687500003 0.5261329
2 0.4845826890625 0.5166162847222222 0.4845826890625 0.5696374277777778 0.502171434375 0.5696374277777778 0.502171434375 0.5166162847222222
2 0.48840633125000005 0.5057401513888888 0.48840633125000005 0.5682779111111111 0.51899545234375 0.5682779111111111 0.51899545234375 0.5057401513888888
2 0.5067598046875 0.48534740277777777 0.5067598046875 0.5886706569444444 0.5656438640625 0.5886706569444444 0.5656438640625 0.48534740277777777
2 0.5350547406249999 0.5170694694444444 0.5350547406249999 0.6135951444444444 0.6023508093750001 0.6135951444444444 0.6023508093750001 0.5170694694444444
2 0 0.42688819027777775 0 0.7232627916666666 0.11165029609374999 0.7232627916666666 0.11165029609374999 0.42688819027777775
2 0.1965351078125 0.5216012027777778 0.1965351078125 0.6126888125 0.28524356171875 0.6126888125 0.28524356171875 0.5216012027777778
2 0.2995184921875 0.5120845888888889 0.2995184921875 0.5800604152777779 0.3461669015625 0.5800604152777779 0.3461669015625 0.5120845888888889
2 0.58654641484375 0.4726586083333333 0.58654641484375 0.6684289902777778 0.7341389281249999 0.6684289902777778 0.7341389281249999 0.4726586083333333
1 0.41091388046875005 0.5120845888888889 0.41091388046875005 0.5487915319444444 0.4315615359375 0.5487915319444444 0.4315615359375 0.5120845888888889
2 0.37433438046875 0.5152567652777778 0.37433438046875 0.5682779111111111 0.40645295859374997 0.5682779111111111 0.40645295859374997 0.5152567652777778