2 0.632339428125 0.6539848097222222 0.632339428125 0.8943956763888888 0.904693 0.8943956763888888 0.904693 0.6539848097222222
2 0.5557399875 0.8002487625000001 0.5557399875 0.862452975 0.6200456921875 0.862452975 0.6200456921875 0.8002487625000001
2 0.52421758046875 0.8473222180555555 0.52421758046875 0.8607717763888889 0.551642071875 0.8607717763888889 0.551642071875 0.8473222180555555
2 0.34107240859375 0.8422786347222222 0.34107240859375 0.8674965583333334 0.35998585234374997 0.8674965583333334 0.35998585234374997 0.8422786347222222
2 0.29946283671875 0.8187419069444445 0.29946283671875 0.8674965597222223 0.3476921140625 0.8674965597222223 0.3476921140625 0.8187419069444445
5 0.08195824765625001 0.6562264194444445 0.08195824765625001 0.868056975 0.1481552953125 0.868056975 0.1481552953125 0.6562264194444445
3 0.06493615078125001 0.7514941111111111 0.06493615078125001 0.8927144833333333 0.18125382031249998 0.8927144833333333 0.18125382031249998 0.7514941111111111
7 0.26352729531249997 0.6780819541666666 0.26352729531249997 0.7251554097222223 0.2937888046875 0.7251554097222223 0.2937888046875 0.6780819541666666
7 0.26857088203125 0.7262761888888889 0.26857088203125 0.7380445513888888 0.28748432578125 0.7380445513888888 0.28748432578125 0.7262761888888889
7 0.8882563335937499 0.6590284166666667 0.8882563335937499 0.7145078499999999 0.9071697765625 0.7145078499999999 0.9071697765625 0.6590284166666667
7 0.8958217093749999 0.7178702388888889 0.8958217093749999 0.7498129402777778 0.91189813671875 0.7498129402777778 0.91189813671875 0.7178702388888889