7 0.5585648953125 0.37086022916666667 0.5585648953125 0.3968551055555556 0.56733816640625 0.3968551055555556 0.56733816640625 0.37086022916666667
7 0.5527686523437499 0.3991784902777778 0.5527686523437499 0.4193839986111111 0.57416182109375 0.4193839986111111 0.57416182109375 0.3991784902777778
2 0.045815968750000005 0.5510913694444444 0.045815968750000005 0.5926831708333333 0.09163193671875 0.5926831708333333 0.09163193671875 0.5510913694444444
2 0.21640734140625 0.5302954680555556 0.21640734140625 0.5614893208333334 0.24272715390625002 0.5614893208333334 0.24272715390625002 0.5302954680555556
2 0.20568445546874997 0.5233635013888889 0.20568445546874997 0.5528243611111111 0.22713022734375002 0.5528243611111111 0.22713022734375002 0.5233635013888889
2 0.26904696562499997 0.5285624763888889 0.26904696562499997 0.5441594013888889 0.28366908281250003 0.5441594013888889 0.28366908281250003 0.5285624763888889
2 0.38114986796875 0.5112325597222223 0.38114986796875 0.5354944430555555 0.3996712171875 0.5354944430555555 0.3996712171875 0.5112325597222223
2 0.36262851875 0.5164315347222223 0.36262851875 0.5372274361111111 0.379200253125 0.5372274361111111 0.379200253125 0.5164315347222223
2 0.34118274609375 0.5198975180555555 0.34118274609375 0.5389604263888889 0.356779671875 0.5389604263888889 0.356779671875 0.5198975180555555
2 0.28561869921875 0.5164315347222223 0.28561869921875 0.5389604263888889 0.2982912 0.5389604263888889 0.2982912 0.5164315347222223
2 0.30219043203124996 0.5181645263888889 0.30219043203124996 0.5337614513888889 0.3197369734375 0.5337614513888889 0.3197369734375 0.5181645263888889
9 0.4055200640625 0.4956356333333334 0.4055200640625 0.5250964930555556 0.44548718593750003 0.5250964930555556 0.44548718593750003 0.4956356333333334