1 0.00060297421875 0.09787372777777777 0.00060297421875 0.6339562902777778 0.133979284375 0.6339562902777778 0.133979284375 0.09787372777777777
9 0.11194319765625001 0.22158508749999997 0.11194319765625001 0.4999356513888889 0.2592370375 0.4999356513888889 0.2592370375 0.22158508749999997
6 0.24647930390625 0.27106963194444444 0.24647930390625 0.2999356166666667 0.26271641875 0.2999356166666667 0.26271641875 0.27106963194444444
2 0.2000875421875 0.39065728194444443 0.2000875421875 0.5803480347222223 0.319546325 0.5803480347222223 0.319546325 0.39065728194444443
9 0.27779374140625 0.3514820166666667 0.27779374140625 0.4690078097222222 0.32766488437499997 0.4690078097222222 0.32766488437499997 0.3514820166666667
2 0.32998447109375 0.41127584166666664 0.32998447109375 0.44426553750000003 0.34158241093749997 0.44426553750000003 0.34158241093749997 0.41127584166666664
2 0.34158241093749997 0.41539955277777774 0.34158241093749997 0.45045110555555556 0.3508607640625 0.45045110555555556 0.3508607640625 0.41539955277777774
2 0.3485411765625 0.41127584166666664 0.3485411765625 0.45457481527777777 0.356659734375 0.45457481527777777 0.356659734375 0.41127584166666664
2 0.35665973359375 0.4215851194444445 0.35665973359375 0.5102449291666666 0.3798556140625 0.5102449291666666 0.3798556140625 0.4215851194444445
2 0.36593808671875 0.40096655833333333 0.36593808671875 0.5329253430555556 0.410010259375 0.5329253430555556 0.410010259375 0.40096655833333333
2 0.37869581953125003 0.38653356944444445 0.37869581953125003 0.6050903041666666 0.5352680109375 0.6050903041666666 0.5352680109375 0.38653356944444445
7 0.6036958578125 0.15148198194444443 0.6036958578125 0.25045107222222224 0.6558865875000001 0.25045107222222224 0.6558865875000001 0.15148198194444443
7 0.618773178125 0.2545747847222222 0.618773178125 0.2834407666666667 0.645448440625 0.2834407666666667 0.645448440625 0.2545747847222222