7 0.6321135460937499 0.40912485833333334 0.6321135460937499 0.44662484444444445 0.66059009765625 0.44662484444444445 0.66059009765625 0.40912485833333334
7 0.6521526015625 0.47474983333333337 0.6521526015625 0.49438797777777777 0.66926051328125 0.49438797777777777 0.66926051328125 0.47474983333333337
7 0.6373869812499999 0.4672498361111111 0.6373869812499999 0.4803748305555556 0.6595354101562501 0.4803748305555556 0.6595354101562501 0.4672498361111111
7 0.6078557421874999 0.5047498236111111 0.6078557421874999 0.5328748125 0.6257854234375 0.5328748125 0.6257854234375 0.5047498236111111
7 0.25242617890624997 0.5759997972222222 0.25242617890624997 0.5909997944444445 0.27035586015625 0.5909997944444445 0.27035586015625 0.5759997972222222
7 0.2503168046875 0.5459998083333334 0.2503168046875 0.5778747972222222 0.26930117421875 0.5778747972222222 0.26930117421875 0.5459998083333334
7 0.12354341171875001 0.5441248097222222 0.12354341171875001 0.5609998027777777 0.14147309218749998 0.5609998027777777 0.14147309218749998 0.5441248097222222
7 0.11866731015625001 0.5559596625 0.11866731015625001 0.6035907166666666 0.14147309296875 0.6035907166666666 0.14147309296875 0.5559596625
6 0.28596522890625 0.4878748291666667 0.28596522890625 0.5291248138888889 0.2933480390625 0.5291248138888889 0.2933480390625 0.4878748291666667
6 0.2912386640625 0.4859998291666666 0.2912386640625 0.5272498152777778 0.2975667875 0.5272498152777778 0.2975667875 0.4859998291666666
6 0.2778062453125 0.4916248277777778 0.2778062453125 0.5224492069444444 0.284694003125 0.5224492069444444 0.284694003125 0.4916248277777778
6 0.25369909140625 0.5966247902777777 0.25369909140625 0.6285717111111111 0.26381679921875 0.6285717111111111 0.26381679921875 0.5966247902777777
6 0.66237275546875 0.5272498152777778 0.66237275546875 0.5464288166666667 0.6752873015625 0.5464288166666667 0.6752873015625 0.5272498152777778
6 0.61945729921875 0.5441248097222222 0.61945729921875 0.5609998027777777 0.6310588570312501 0.5609998027777777 0.6310588570312501 0.5441248097222222
5 0.17718743828125 0.6456247638888889 0.17718743828125 0.68499975 0.18562493515625 0.68499975 0.18562493515625 0.6456247638888889
4 0.7246495640624999 0.5520410652777777 0.7246495640624999 0.6545921305555555 0.741868959375 0.6545921305555555 0.741868959375 0.5520410652777777
2 0.07117349921875 0.6568747611111111 0.07117349921875 0.7122452222222222 0.16031244375 0.7122452222222222 0.16031244375 0.6568747611111111
2 0.0569531046875 0.6531247625 0.0569531046875 0.7468747305555556 0.15820306953125002 0.7468747305555556 0.15820306953125002 0.6531247625
2 0.45667952734375 0.5968747819444444 0.45667952734375 0.6381247666666667 0.47249983515625005 0.6381247666666667 0.47249983515625005 0.5968747819444444
2 0.6074997875 0.5743747888888889 0.6074997875 0.6531247638888888 0.6391404015625 0.6531247638888888 0.6391404015625 0.5743747888888889
4 0.24681133281249998 0.6399997666666667 0.24681133281249998 0.6877554152777777 0.25369909140625 0.6877554152777777 0.25369909140625 0.6399997666666667
2 0.39972642265624997 0.6137497749999999 0.39972642265624997 0.7206247388888889 0.43874984609374995 0.7206247388888889 0.43874984609374995 0.6137497749999999
2 0.6201560328125 0.5706247902777778 0.6201560328125 0.7018747444444444 0.71085912578125 0.7018747444444444 0.71085912578125 0.5706247902777778
9 0.37441393125 0.49749981666666665 0.37441393125 0.69062475 0.45562484062499997 0.69062475 0.45562484062499997 0.49749981666666665
9 0.48374983203125 0.42437484166666667 0.48374983203125 0.5818747861111111 0.5923826062499999 0.5818747861111111 0.5923826062499999 0.42437484166666667
2 0.26894521875 0.5183675791666666 0.26894521875 0.8096942430555556 0.41527442109374996 0.8096942430555556 0.41527442109374996 0.5183675791666666
4 0.23045290703125 0.6423472277777778 0.23045290703125 0.6852043888888889 0.23820163515625 0.6852043888888889 0.23820163515625 0.6423472277777778
6 0.65376305703125 0.5280614611111111 0.65376305703125 0.5525512694444444 0.6649556640625 0.5525512694444444 0.6649556640625 0.5280614611111111
7 0.6511801484374999 0.49591859027777774 0.6511801484374999 0.5250002361111111 0.66237275546875 0.5250002361111111 0.66237275546875 0.49591859027777774
2 0.46291474609375005 0.5403063652777778 0.46291474609375005 0.7974493375 0.62822094296875 0.7974493375 0.62822094296875 0.5403063652777778
2 0 0.6872452069444445 0 0.9964290194444445 0.12197071484375 0.9964290194444445 0.12197071484375 0.6872452069444445
4 0.23820163515625 0.6433676402777777 0.23820163515625 0.6877554138888888 0.24681133281249998 0.6877554138888888 0.24681133281249998 0.6433676402777777