7 0.24352031875 0.4535574277777778 0.24352031875 0.480237275 0.25652674453125 0.480237275 0.25652674453125 0.4535574277777778
7 0.52265823515625 0.40375504305555554 0.52265823515625 0.4339922055555555 0.5456696046875 0.4339922055555555 0.5456696046875 0.40375504305555554
7 0.35357469453125 0.37529653749999997 0.35357469453125 0.4197629513888889 0.368582109375 0.4197629513888889 0.368582109375 0.37529653749999997
2 0.12406129609375001 0.4990910472222222 0.12406129609375001 0.5115416416666666 0.13506673281249998 0.5115416416666666 0.13506673281249998 0.4990910472222222
2 0.13306574609375 0.49553373333333334 0.13306574609375 0.5115416416666666 0.14707266562500002 0.5115416416666666 0.14707266562500002 0.49553373333333334
2 0.10905388125 0.49731238888888885 0.10905388125 0.5186562666666666 0.126062284375 0.5186562666666666 0.126062284375 0.49731238888888885
2 0.10004943203125001 0.4990910472222222 0.10004943203125001 0.5168776138888889 0.11105486953124999 0.5168776138888889 0.11105486953124999 0.4990910472222222
2 0.09104498359374999 0.4990910472222222 0.09104498359374999 0.5186562694444444 0.10205042109375 0.5186562694444444 0.10205042109375 0.4990910472222222
2 0.08504201796875001 0.5008697027777778 0.08504201796875001 0.5204349236111111 0.09604745625 0.5204349236111111 0.09604745625 0.5008697027777778
2 0.06703311875 0.49731238888888885 0.06703311875 0.5275495513888888 0.08904399375 0.5275495513888888 0.08904399375 0.49731238888888885
2 0.06703311875 0.5044270152777778 0.06703311875 0.5382214902777778 0.08504201640625 0.5382214902777778 0.08504201640625 0.5044270152777778
2 0.05202570390625 0.49731238888888885 0.05202570390625 0.5488934277777777 0.0760375671875 0.5488934277777777 0.0760375671875 0.49731238888888885
2 0.039019279687500005 0.4990910472222222 0.039019279687500005 0.5595653708333334 0.069034109375 0.5595653708333334 0.069034109375 0.4990910472222222
2 0.0090044484375 0.4990910472222222 0.0090044484375 0.5737946236111111 0.05202570390625 0.5737946236111111 0.05202570390625 0.4990910472222222
2 0.01200593203125 0.5133202972222223 0.01200593203125 0.5898025291666666 0.039019279687500005 0.5898025291666666 0.039019279687500005 0.5133202972222223
2 0 0.4990910472222222 0 0.6058104416666666 0.029014334375 0.6058104416666666 0.029014334375 0.4990910472222222
2 0.15807810312499998 0.49731238888888885 0.15807810312499998 0.5133202972222223 0.17008403515624998 0.5133202972222223 0.17008403515624998 0.49731238888888885
2 0.17008403515624998 0.4848617944444444 0.17008403515624998 0.5293282083333334 0.202099853125 0.5293282083333334 0.202099853125 0.4848617944444444
2 0.3511735078125 0.48841910694444446 0.3511735078125 0.5328855222222222 0.37418487734375 0.5328855222222222 0.37418487734375 0.48841910694444446
2 0.36618092265625 0.49019776527777775 0.36618092265625 0.5417788041666667 0.43221354765625 0.5417788041666667 0.43221354765625 0.49019776527777775
2 0.41020267343750005 0.49197642083333337 0.41020267343750005 0.5453361180555555 0.49824617421874995 0.5453361180555555 0.49824617421874995 0.49197642083333337
2 0.26913297421875 0.44039537916666666 0.26913297421875 0.5631226833333334 0.35617598046875 0.5631226833333334 0.35617598046875 0.44039537916666666
2 0.5362649578124999 0.45000011388888894 0.5362649578124999 0.6794468125 0.79139101015625 0.6794468125 0.79139101015625 0.45000011388888894
4 0.925123771875 0.44822145555555554 0.925123771875 0.6830041236111111 0.9961588703125 0.6830041236111111 0.9961588703125 0.44822145555555554
6 0.86110253203125 0.3148222138888889 0.86110253203125 0.3913044458333333 0.9341386171874999 0.3913044458333333 0.9341386171874999 0.3148222138888889