2 0.50963717578125 0.562783326388889 0.50963717578125 0.5997638 0.5242221484375 0.5997638 0.5242221484375 0.562783326388889
2 0.51489733046875 0.5598078861111111 0.51489733046875 0.6112405013888889 0.5471755453125 0.6112405013888889 0.5471755453125 0.5598078861111111
2 0.44771081953124997 0.5742600263888888 0.44771081953124997 0.6010389916666666 0.46540406484375 0.6010389916666666 0.46540406484375 0.5742600263888888
2 0.46133940000000007 0.5691592694444444 0.46133940000000007 0.5955131722222222 0.4713815109375 0.5955131722222222 0.4713815109375 0.5691592694444444
2 0.43647321796874994 0.5687342069444444 0.43647321796874994 0.6116655666666666 0.45010179843750003 0.6116655666666666 0.45010179843750003 0.5687342069444444
2 0.54024170703125 0.5419552416666666 0.54024170703125 0.6516214791666667 0.6198613078124999 0.6516214791666667 0.6198613078124999 0.5419552416666666
2 0.4161498953125 0.5606580125 0.4161498953125 0.6137908791666666 0.44077698046874997 0.6137908791666666 0.44077698046874997 0.5606580125
2 0.38291528828125 0.5615081361111112 0.38291528828125 0.6320685847222223 0.42523561640625 0.6320685847222223 0.42523561640625 0.5615081361111112
2 0.32203831171875 0.5620439013888888 0.32203831171875 0.6555577472222223 0.39544136875 0.6555577472222223 0.39544136875 0.5620439013888888
2 0.49347150703125 0.5743707263888889 0.49347150703125 0.5905231152777778 0.5059045992187501 0.5905231152777778 0.5059045992187501 0.5743707263888889
2 0.6169788820312501 0.5544872305555555 0.6169788820312501 0.7223870902777777 0.78841207734375 0.7223870902777777 0.78841207734375 0.5544872305555555
2 0.80421909765625 0.4550225041666666 0.80421909765625 0.9113039555555557 0.99956208359375 0.9113039555555557 0.99956208359375 0.4550225041666666