2 0.0008046234375 0.5203311069444444 0.0008046234375 0.6937748083333333 0.09836670625 0.6937748083333333 0.09836670625 0.5203311069444444
2 0.8014171765625001 0.4988741527777778 0.8014171765625001 0.6651655375000001 0.99997696640625 0.6651655375000001 0.99997696640625 0.4988741527777778
2 0.14966223437499998 0.48635759861111116 0.14966223437499998 0.6186754736111111 0.27639236171875 0.6186754736111111 0.27639236171875 0.48635759861111116
2 0.47553970546875 0.5149668680555556 0.47553970546875 0.5632450111111111 0.49163241953125 0.5632450111111111 0.49163241953125 0.5149668680555556
2 0.27337497734375 0.5203311069444444 0.27337497734375 0.5900662027777778 0.3226589171875 0.5900662027777778 0.3226589171875 0.5203311069444444
2 0.48056867812500004 0.5078145513888889 0.48056867812500004 0.5632450111111111 0.5037019554687501 0.5632450111111111 0.5037019554687501 0.5078145513888889
2 0.31863573671875 0.5167549472222223 0.31863573671875 0.5668211708333334 0.3588675234375 0.5668211708333334 0.3588675234375 0.5167549472222223
9 0.569078609375 0.4559602486111111 0.569078609375 0.5417880597222222 0.6223857265625 0.5417880597222222 0.6223857265625 0.4559602486111111
2 0.4765455 0.4970860736111111 0.4765455 0.7366887138888889 0.64954218203125 0.7366887138888889 0.64954218203125 0.4970860736111111
6 0.3990993109375 0.49529799444444444 0.3990993109375 0.5113907097222222 0.40915725703124994 0.5113907097222222 0.40915725703124994 0.49529799444444444
6 0.4558764328125 0.4389734930555556 0.4558764328125 0.46758276388888886 0.45989961015625 0.46758276388888886 0.45989961015625 0.4389734930555556
6 0.4468242796875 0.4389734930555556 0.4468242796875 0.46937084305555554 0.45285904765625 0.46937084305555554 0.45285904765625 0.4389734930555556
7 0.417656234375 0.45327812916666665 0.417656234375 0.4640066055555556 0.44078951171874997 0.4640066055555556 0.44078951171874997 0.45327812916666665
7 0.52628205859375 0.47294700416666663 0.52628205859375 0.4836754805555556 0.5373458 0.4836754805555556 0.5373458 0.47294700416666663
7 0.528293646875 0.4854635583333334 0.528293646875 0.4926158763888889 0.54036318359375 0.4926158763888889 0.54036318359375 0.4854635583333334
2 0.54136897734375 0.4765231611111111 0.54136897734375 0.49619203333333334 0.562490665625 0.49619203333333334 0.562490665625 0.4765231611111111
6 0.575565996875 0.4318211763888889 0.575565996875 0.45327813055555555 0.57958917578125 0.45327813055555555 0.57958917578125 0.4318211763888889
6 0.56852543515625 0.4336092555555556 0.56852543515625 0.4568542875 0.5765717921875 0.4568542875 0.5765717921875 0.4336092555555556
6 0.5805949703125 0.43539733472222225 0.5805949703125 0.4604304444444445 0.582606559375 0.4604304444444445 0.582606559375 0.43539733472222225
7 0.44280110078124996 0.5158609083333333 0.44280110078124996 0.5319536222222223 0.45285904765625 0.5319536222222223 0.45285904765625 0.5158609083333333
6 0.28790872265625 0.49440395555555555 0.28790872265625 0.5104966694444444 0.2989724640625 0.5104966694444444 0.2989724640625 0.49440395555555555