2 0.5470232046875 0.47764211388888894 0.5470232046875 0.5184522736111111 0.56630600546875 0.5184522736111111 0.56630600546875 0.47764211388888894
2 0.53416800390625 0.4792745222222222 0.53416800390625 0.5168198694444445 0.55345080390625 0.5168198694444445 0.55345080390625 0.4792745222222222
2 0.392760803125 0.4515236 0.392760803125 0.5135550430555555 0.42214411796875 0.5135550430555555 0.42214411796875 0.4515236
2 0.34593114453124996 0.4515236 0.34593114453124996 0.5625272333333333 0.41938943203125 0.5625272333333333 0.41938943203125 0.4515236
6 0.43845415 0.3134220236111111 0.43845415 0.3362757138888889 0.45039112109375 0.3362757138888889 0.45039112109375 0.3134220236111111
7 0.46508277890625005 0.3215840555555555 0.46508277890625005 0.3362757138888889 0.48436557890625 0.3362757138888889 0.48436557890625 0.3215840555555555
6 0.5348681515625 0.3558645916666667 0.5348681515625 0.38524790416666665 0.5477233515625 0.38524790416666665 0.5477233515625 0.3558645916666667
7 0.75369872734375 0.3671662222222223 0.75369872734375 0.3965495361111111 0.7766544414062501 0.3965495361111111 0.7766544414062501 0.3671662222222223
7 0.7546169554687501 0.43394648055555557 0.7546169554687501 0.44863813888888887 0.7711450703125 0.44863813888888887 0.7711450703125 0.43394648055555557
6 0.76288101328125 0.4421085125 0.76288101328125 0.4698594222222222 0.7840002703125 0.4698594222222222 0.7840002703125 0.4421085125
7 0.389788034375 0.3019951791666667 0.389788034375 0.3428053375 0.42100780625 0.3428053375 0.42100780625 0.3019951791666667
6 0.37968752031249997 0.40646918750000005 0.37968752031249997 0.4391173138888889 0.4044796921875 0.4391173138888889 0.4044796921875 0.40646918750000005
7 0.5468051234375 0.44401453472222224 0.5468051234375 0.4603385972222222 0.55690563828125 0.4603385972222222 0.55690563828125 0.44401453472222224
7 0.724613553125 0.4435481333333333 0.724613553125 0.4631370111111111 0.73195938125 0.4631370111111111 0.73195938125 0.4435481333333333
2 0.1813501453125 0.4717654416666666 0.1813501453125 0.6219468291666667 0.33836723359375 0.6219468291666667 0.33836723359375 0.4717654416666666
2 0 0.42605806527777773 0 0.7035671486111111 0.21165168906249998 0.7035671486111111 0.21165168906249998 0.42605806527777773
2 0.76814921328125 0.4598227916666667 0.76814921328125 0.5561347694444444 0.78829924140625 0.5561347694444444 0.78829924140625 0.4598227916666667
1 0.7724777328125 0.1649049263888889 0.7724777328125 0.7607332527777777 0.99928019296875 0.7607332527777777 0.99928019296875 0.1649049263888889
1 0.41112537421875006 0.3362757111111111 0.41112537421875006 0.5680774166666667 0.5415138335937499 0.5680774166666667 0.5415138335937499 0.3362757111111111
2 0.5562054898437501 0.39340993611111114 0.5562054898437501 0.7035671458333334 0.73250537890625 0.7035671458333334 0.73250537890625 0.39340993611111114
4 0.18065 0.44564694027777774 0.18065 0.5044135708333334 0.205442171875 0.5044135708333334 0.205442171875 0.44564694027777774
4 0.20636039921875 0.44074972083333336 0.20636039921875 0.4799274736111111 0.22013382734375 0.4799274736111111 0.22013382734375 0.44074972083333336
4 0.282573371875 0.4538089722222222 0.282573371875 0.48155988055555554 0.29910148671875 0.48155988055555554 0.29910148671875 0.4538089722222222
4 0.73320552578125 0.48890570972222225 0.73320552578125 0.524818651388889 0.74514249765625 0.524818651388889 0.74514249765625 0.48890570972222225
4 0.7478971828125001 0.4970677416666667 0.7478971828125001 0.5280834625 0.7607523828125 0.5280834625 0.7607523828125 0.4970677416666667