7 0.08023592109375 0.175754875 0.08023592109375 0.30311347916666664 0.20345537109374998 0.30311347916666664 0.20345537109374998 0.175754875
7 0.265065096875 0.2236535986111111 0.265065096875 0.34386823194444444 0.37109113359375 0.34386823194444444 0.37109113359375 0.2236535986111111
7 0.23927497890625 0.32094368472222223 0.23927497890625 0.3667927819444444 0.27509458671875 0.3667927819444444 0.27509458671875 0.32094368472222223
7 0.12465223515624999 0.2929247930555556 0.12465223515624999 0.3413210625 0.15617348984374999 0.3413210625 0.15617348984374999 0.2929247930555556
7 0.0372523921875 0.28018893194444444 0.0372523921875 0.3183965125 0.054445803125000004 0.3183965125 0.054445803125000004 0.28018893194444444
7 0.11318996015625 0.30311347916666664 0.11318996015625 0.3489625791666667 0.16906854765624998 0.3489625791666667 0.16906854765624998 0.30311347916666664
7 0.36679278125 0.3744342986111111 0.36679278125 0.3999060180555556 0.37825505625 0.3999060180555556 0.37825505625 0.3744342986111111
7 0.4599237625 0.4253777402777778 0.4599237625 0.4483022888888889 0.47281882109374995 0.4483022888888889 0.47281882109374995 0.4253777402777778
7 0.6748414078125 0.45339663333333335 0.6748414078125 0.48141552499999996 0.6820053296874999 0.48141552499999996 0.6820053296874999 0.45339663333333335
2 0.010029489062499999 0.3515097486111111 0.010029489062499999 0.36933995277777776 0.02579011640625 0.36933995277777776 0.02579011640625 0.3515097486111111
2 0.028655685937499998 0.3591512652777778 0.028655685937499998 0.37952864305555556 0.04155074453125 0.37952864305555556 0.04155074453125 0.3591512652777778
2 0.0401179609375 0.3667927819444444 0.0401179609375 0.3820758152777778 0.054445803125000004 0.3820758152777778 0.054445803125000004 0.3667927819444444
2 0.061609725000000004 0.3718871263888889 0.061609725000000004 0.3897173305555555 0.07593756796875 0.3897173305555555 0.07593756796875 0.3718871263888889
2 0.060176940624999994 0.37952864305555556 0.060176940624999994 0.4050003625 0.08310148984375 0.4050003625 0.08310148984375 0.37952864305555556
2 0.08023592109375 0.37952864305555556 0.08023592109375 0.3973588458333333 0.09313097890625 0.3973588458333333 0.09313097890625 0.37952864305555556
2 0.0945637640625 0.3744342986111111 0.0945637640625 0.38717015972222224 0.11032439140625001 0.38717015972222224 0.11032439140625001 0.3744342986111111
2 0.0945637640625 0.3846229875 0.0945637640625 0.3973588458333333 0.11605552890625 0.3973588458333333 0.11605552890625 0.3846229875
2 0.136114509375 0.36933995416666665 0.136114509375 0.3897173305555555 0.14471121484375 0.3897173305555555 0.14471121484375 0.36933995416666665
2 0.15474070390625 0.3846229875 0.15474070390625 0.4483022888888889 0.19915701796875002 0.4483022888888889 0.19915701796875002 0.3846229875
2 0.22351435078124998 0.3999060180555556 0.22351435078124998 0.43047208333333337 0.245006115625 0.43047208333333337 0.245006115625 0.3999060180555556
2 0.3066158421875 0.4202833958333333 0.3066158421875 0.4483022888888889 0.332405959375 0.4483022888888889 0.332405959375 0.4202833958333333
2 0.59890383984375 0.4941513875 0.59890383984375 0.5537552097222223 0.64761850625 0.5537552097222223 0.64761850625 0.4941513875
2 0.6562152125 0.5170759361111111 0.6562152125 0.6062269583333333 0.70922823125 0.6062269583333333 0.70922823125 0.5170759361111111
2 0.7436150546875 0.550189175 0.7436150546875 0.7021704347222222 0.8883262695312499 0.7021704347222222 0.8883262695312499 0.550189175
2 0.8456293140625 0.5476420027777777 0.8456293140625 0.6537741652777778 0.9618758546875 0.6537741652777778 0.9618758546875 0.5476420027777777
1 0.43585298124999994 0.3515097486111111 0.43585298124999994 0.38717015833333335 0.48026929531249996 0.38717015833333335 0.48026929531249996 0.3515097486111111
2 0.0663856640625 0.3888682666666667 0.0663856640625 0.5085853555555556 0.17527727265624998 0.5085853555555556 0.17527727265624998 0.3888682666666667
2 0 0.43981170833333333 0 0.5951892069444444 0.040595546875 0.5951892069444444 0.040595546875 0.43981170833333333
4 0.704929878125 0.4916042152777778 0.704929878125 0.5501891763888889 0.7178249375 0.5501891763888889 0.7178249375 0.4916042152777778
4 0.7378839171875 0.527264625 0.7378839171875 0.6291515083333333 0.760808465625 0.6291515083333333 0.760808465625 0.527264625
2 0.37997439453125004 0.4253777402777778 0.37997439453125004 0.5119815916666667 0.44015133515624993 0.5119815916666667 0.44015133515624993 0.4253777402777778
2 0.24172945546875 0.38735443194444447 0.24172945546875 0.44688200694444447 0.27999718281249997 0.44688200694444447 0.27999718281249997 0.38735443194444447