4 0.07648387421875 0.2355217722222222 0.07648387421875 0.32778803333333334 0.09833641015625 0.32778803333333334 0.09833641015625 0.2355217722222222
5 0.27315669453125 0.2549462486111111 0.27315669453125 0.28165490277777777 0.2840829625 0.28165490277777777 0.2840829625 0.2549462486111111
5 0.49168205078125 0.2525181902777778 0.49168205078125 0.2719426652777778 0.49987675156250005 0.2719426652777778 0.49987675156250005 0.2525181902777778
0 0.493047834375 0.2719426652777778 0.493047834375 0.29136714166666666 0.5039741023437501 0.29136714166666666 0.5039741023437501 0.2719426652777778
7 0.009560484375 0.13111521527777778 0.009560484375 0.15539580972222222 0.04507085546875 0.15539580972222222 0.04507085546875 0.13111521527777778
7 0.00409735078125 0.07284178333333333 0.00409735078125 0.08983820138888889 0.02458410234375 0.08983820138888889 0.02458410234375 0.07284178333333333
7 0.1966728203125 0.19910087916666666 0.1966728203125 0.21366924027777776 0.21715957265625 0.21366924027777776 0.21715957265625 0.19910087916666666
7 0.19120968671875 0.08012596388888889 0.19120968671875 0.11169073750000001 0.21033065546875 0.11169073750000001 0.21033065546875 0.08012596388888889
6 0.251304159375 0.029136713888888888 0.251304159375 0.07526984444444444 0.2676935609375 0.07526984444444444 0.2676935609375 0.029136713888888888
6 0.5039741023437501 0.08255402361111111 0.5039741023437501 0.11654685555555555 0.5189977203125 0.11654685555555555 0.5189977203125 0.08255402361111111
6 0.23764632421875 0.03156477361111111 0.23764632421875 0.07769790416666666 0.24993837578125003 0.07769790416666666 0.24993837578125003 0.03156477361111111
6 0.49441361796875 0.07769790416666666 0.49441361796875 0.11654685833333332 0.5039741023437501 0.11654685833333332 0.5039741023437501 0.07769790416666666
6 0.4870725109375 0.2219939986111111 0.4870725109375 0.241418475 0.49526721171875004 0.241418475 0.49526721171875004 0.2219939986111111
7 0.6951837882812499 0.07769790416666666 0.6951837882812499 0.08983820138888889 0.7129389734375 0.08983820138888889 0.7129389734375 0.07769790416666666
7 0.62143148046875 0.11654685555555555 0.62143148046875 0.14811163194444446 0.63782088203125 0.14811163194444446 0.63782088203125 0.11654685555555555
7 0.58182376015625 0.09955044027777778 0.58182376015625 0.121402975 0.59821316171875 0.121402975 0.59821316171875 0.09955044027777778
7 0.58182376015625 0.15053969027777778 0.58182376015625 0.18453252222222222 0.5995789453125 0.18453252222222222 0.5995789453125 0.15053969027777778
7 0.5804579765625 0.18696058194444443 0.5804579765625 0.20152893888888887 0.59821316171875 0.20152893888888887 0.59821316171875 0.18696058194444443
7 0.54358182265625 0.22338147500000002 0.54358182265625 0.23794982916666668 0.55860544140625 0.23794982916666668 0.55860544140625 0.22338147500000002
6 0.11472581171875 0.20638505833333332 0.11472581171875 0.22580953472222223 0.13248099687499998 0.22580953472222223 0.13248099687499998 0.20638505833333332
4 0.1884781203125 0.24766206944444444 0.1884781203125 0.2719426652777778 0.1994043875 0.2719426652777778 0.1994043875 0.24766206944444444
2 0.38788250625 0.24766206944444444 0.38788250625 0.28408296250000004 0.40836925781250005 0.28408296250000004 0.40836925781250005 0.24766206944444444
2 0.3906140734375 0.26465848611111115 0.3906140734375 0.30593549861111113 0.40427190859374995 0.30593549861111113 0.40427190859374995 0.26465848611111115
2 0.3482747859375 0.2549462486111111 0.3482747859375 0.29136714166666666 0.3605668375 0.29136714166666666 0.3605668375 0.2549462486111111
2 0.33051960078125 0.26465848611111115 0.33051960078125 0.29379520138888887 0.34964056875 0.29379520138888887 0.34964056875 0.26465848611111115
2 0.31822754921874996 0.26708654583333336 0.31822754921874996 0.30107937916666666 0.33734851718750003 0.30107937916666666 0.33734851718750003 0.26708654583333336
2 0.41110082578125 0.2525181902777778 0.41110082578125 0.26465848611111115 0.45617167968750005 0.26465848611111115 0.45617167968750005 0.2525181902777778
2 0.46300059765625 0.24523401111111112 0.46300059765625 0.25737430694444446 0.473926865625 0.25737430694444446 0.473926865625 0.24523401111111112
1 0.473926865625 0.2355217722222222 0.473926865625 0.25980236944444446 0.48895048359375004 0.25980236944444446 0.48895048359375004 0.2355217722222222
2 0.48212156640625 0.2549462486111111 0.48212156640625 0.27922684305555556 0.49441361796875 0.27922684305555556 0.49441361796875 0.2549462486111111
2 0.524460853125 0.24037789166666665 0.524460853125 0.37392116527777775 0.5968473789062501 0.37392116527777775 0.5968473789062501 0.24037789166666665
2 0.35646948671875 0.2549462486111111 0.35646948671875 0.31079161666666666 0.39607720859375 0.31079161666666666 0.39607720859375 0.2549462486111111
2 0.3906140734375 0.2525181902777778 0.3906140734375 0.4249104125 0.50260831796875 0.4249104125 0.50260831796875 0.2525181902777778
2 0.27179091171875 0.24037789166666665 0.27179091171875 0.31807579583333334 0.32778803359375003 0.31807579583333334 0.32778803359375003 0.24037789166666665
2 0.15023618203125 0.2428059513888889 0.15023618203125 0.3909175819444445 0.2676935609375 0.3909175819444445 0.2676935609375 0.2428059513888889
7 0.1994043875 0.2112411777777778 0.1994043875 0.2330937125 0.20759908828125 0.2330937125 0.20759908828125 0.2112411777777778
2 0.57690693125 0.05584536805555556 0.57690693125 0.5001802625 0.9033291820312501 0.5001802625 0.9033291820312501 0.05584536805555556
7 0.68890117578125 0.01942447638888889 0.68890117578125 0.07284178194444445 0.7230457625 0.07284178194444445 0.7230457625 0.01942447638888889
4 0.90742653203125 0.21609729444444442 0.90742653203125 0.32293191527777776 0.9320106351562499 0.32293191527777776 0.9320106351562499 0.21609729444444442
4 0.9306448507812499 0.28408296250000004 0.9306448507812499 0.33750027222222223 0.95796052109375 0.33750027222222223 0.95796052109375 0.28408296250000004
9 0.49936456015625 0.22685011805555558 0.49936456015625 0.2705551888888889 0.51302239609375 0.2705551888888889 0.51302239609375 0.22685011805555558
9 0.50892504765625 0.21228176111111113 0.50892504765625 0.2851235458333333 0.5389722820312499 0.2851235458333333 0.5389722820312499 0.21228176111111113
9 0.5362407164062499 0.2219939986111111 0.5362407164062499 0.2608429527777778 0.54580120078125 0.2608429527777778 0.54580120078125 0.2219939986111111