2 0.446806975 0.45033300416666666 0.446806975 0.5002590555555555 0.48275373359374996 0.5002590555555555 0.48275373359374996 0.45033300416666666
2 0.39513351015625 0.4443418763888889 0.39513351015625 0.5202294791666666 0.460287009375 0.5202294791666666 0.460287009375 0.4443418763888889
2 0.4996037765625 0.41638328611111114 0.4996037765625 0.5162353930555555 0.5568939226562499 0.5162353930555555 0.5568939226562499 0.41638328611111114
2 0.27156652734375003 0.4443418763888889 0.27156652734375003 0.5741496166666666 0.39738018046875 0.5741496166666666 0.39738018046875 0.4443418763888889
2 0.00084250234375 0.4004069486111111 0.00084250234375 0.6939721472222222 0.20753636328125 0.6939721472222222 0.20753636328125 0.4004069486111111
7 0.24713396484375 0.3674557541666667 0.24713396484375 0.42936406111111114 0.30779411953125 0.42936406111111114 0.30779411953125 0.3674557541666667
7 0.6263722742187501 0.42736701805555555 0.6263722742187501 0.44534039583333335 0.63760563671875 0.44534039583333335 0.63760563671875 0.42736701805555555
8 0.41001771484375 0.2815829402777778 0.41001771484375 0.32352082638888885 0.63356161875 0.32352082638888885 0.63356161875 0.2815829402777778
7 0.58638149765625 0.35147941527777776 0.58638149765625 0.3714498361111111 0.609971559375 0.3714498361111111 0.609971559375 0.35147941527777776
7 0.5077479640625 0.38343209166666664 0.5077479640625 0.41538476388888884 0.5481880671875 0.41538476388888884 0.5481880671875 0.38343209166666664
9 0.4594445078125 0.3794380069444444 0.4594445078125 0.47929011250000003 0.50550129140625 0.47929011250000003 0.50550129140625 0.3794380069444444