6 0.16216626171874998 0.5266938416666667 0.16216626171874998 0.5571866444444444 0.17386094531250001 0.5571866444444444 0.17386094531250001 0.5266938416666667
6 0.06471057578125 0.5585726805555555 0.06471057578125 0.5862934083333333 0.07718490156249999 0.5862934083333333 0.07718490156249999 0.5585726805555555
6 0.03898227421875 0.5641168249999999 0.03898227421875 0.5890654805555555 0.0600327015625 0.5890654805555555 0.0600327015625 0.5641168249999999
6 0.46388906640625 0.4573920208333333 0.46388906640625 0.5114474402777778 0.48026162109375 0.5114474402777778 0.48026162109375 0.4573920208333333
6 0.4794819765625 0.45600598472222226 0.4794819765625 0.5072893319444444 0.4981934703125 0.5072893319444444 0.4981934703125 0.45600598472222226
6 0.25182549296875 0.3880901986111111 0.25182549296875 0.4573920236111111 0.28924847656249997 0.4573920236111111 0.28924847656249997 0.3880901986111111
6 0.8396781921875001 0.26334692083333333 0.8396781921875001 0.36036947083333337 0.8856772765625 0.36036947083333337 0.8856772765625 0.26334692083333333
6 0.8794401125 0.2661189944444444 0.8794401125 0.3492811763888889 0.91764274140625 0.3492811763888889 0.91764274140625 0.2661189944444444
7 0.23467329218750002 0.43798751111111106 0.23467329218750002 0.5031312194444445 0.27677414843750003 0.5031312194444445 0.27677414843750003 0.43798751111111106
7 0.8654064937499999 0.3506672152777778 0.8654064937499999 0.43798751388888885 0.9223206125000001 0.43798751388888885 0.9223206125000001 0.3506672152777778
7 0.2962652859375 0.39086227361111114 0.2962652859375 0.50035915 0.32667146015625004 0.50035915 0.32667146015625004 0.39086227361111114
3 0.11092229687499999 0.6202079875000001 0.11092229687499999 0.6853516958333333 0.1662771265625 0.6853516958333333 0.1662771265625 0.6202079875000001
4 0.124955915625 0.5869431125 0.124955915625 0.7352490097222222 0.15458244375000002 0.7352490097222222 0.15458244375000002 0.5869431125
4 0.7377572703124999 0.4829903805555556 0.7377572703124999 0.6631751194444444 0.7884342281250001 0.6631751194444444 0.7884342281250001 0.4829903805555556
4 0.794671390625 0.46635794305555556 0.794671390625 0.657630975 0.861720903125 0.657630975 0.861720903125 0.46635794305555556
2 0 0.6532851722222222 0 0.7309032125 0.07303491328125 0.7309032125 0.07303491328125 0.6532851722222222
2 0.23254699296874998 0.46774398055555555 0.23254699296874998 0.9979462250000001 0.643987175 0.9979462250000001 0.643987175 0.46774398055555555
4 0.9185317570312501 0.47252207916666666 0.9185317570312501 0.5291547583333334 0.9297243640625 0.5291547583333334 0.9297243640625 0.47252207916666666