7 0.24129806015625 0.2743548736111111 0.24129806015625 0.3440323027777778 0.27559241796875 0.3440323027777778 0.27559241796875 0.2743548736111111
2 0.33315794921875 0.4964516763888889 0.33315794921875 0.5182258736111112 0.34663073359375 0.5182258736111112 0.34663073359375 0.4964516763888889
1 0.298863590625 0.47032264166666665 0.298863590625 0.5095161944444444 0.31723556875000003 0.5095161944444444 0.31723556875000003 0.47032264166666665
2 0.28784040312500003 0.48991941805555556 0.28784040312500003 0.5312903902777778 0.31478597109375 0.5312903902777778 0.31478597109375 0.48991941805555556
4 0.29641399296875004 0.4877419986111111 0.29641399296875004 0.5530645875 0.30866197890625 0.5530645875 0.30866197890625 0.4877419986111111
4 0.2510964484375 0.4746774791666667 0.2510964484375 0.5051613555555556 0.26089483671874997 0.5051613555555556 0.26089483671874997 0.4746774791666667
4 0.2339492671875 0.4768549013888889 0.2339492671875 0.5008065166666666 0.24374765546875002 0.5008065166666666 0.24374765546875002 0.4768549013888889
4 0.2168020875 0.4725000611111111 0.2168020875 0.5225807124999999 0.23149966953124998 0.5225807124999999 0.23149966953124998 0.4725000611111111
4 0.186182125 0.46596780138888894 0.186182125 0.5400000694444445 0.2045541046875 0.5400000694444445 0.2045541046875 0.46596780138888894
2 0.35642912421875 0.4986290972222222 0.35642912421875 0.5247581333333333 0.37602590078125 0.5247581333333333 0.37602590078125 0.4986290972222222
2 0.37112670468750003 0.48991941805555556 0.37112670468750003 0.5726613638888889 0.429917034375 0.5726613638888889 0.429917034375 0.48991941805555556
4 0.61705336640625 0.5337614513888889 0.61705336640625 0.6204110375 0.6336250999999999 0.6204110375 0.6336250999999999 0.5337614513888889
4 0.594040040625 0.5389604263888889 0.594040040625 0.6169450541666667 0.61241201875 0.6169450541666667 0.61241201875 0.5389604263888889
2 0.77107300625 0.46790776666666667 0.77107300625 0.8560979125 0.9991780421875 0.8560979125 0.9991780421875 0.46790776666666667