7 0.0222703890625 0.3243175291666667 0.0222703890625 0.3628889486111111 0.043966815625 0.3628889486111111 0.043966815625 0.3243175291666667
7 0.616339140625 0.3463583416666667 0.616339140625 0.3610522166666667 0.651466684375 0.3610522166666667 0.651466684375 0.3463583416666667
4 0.7837115546875 0.39595016666666666 0.7837115546875 0.4620726 0.79610951171875 0.4620726 0.79610951171875 0.39595016666666666
2 0 0.4547256652777778 0 0.5943174722222222 0.15244893359375 0.5943174722222222 0.15244893359375 0.4547256652777778
2 0.88392836875 0.4088073069444444 0.88392836875 0.8679908791666667 0.998609465625 0.8679908791666667 0.998609465625 0.4088073069444444
2 0.8023084890625001 0.41615424305555554 0.8023084890625001 0.5851338027777777 0.9655482507812501 0.5851338027777777 0.9655482507812501 0.41615424305555554
2 0.7826783921875 0.43819505416666665 0.7826783921875 0.5281950347222223 0.84260184765625 0.5281950347222223 0.84260184765625 0.43819505416666665
2 0.6969258593750001 0.41615424305555554 0.6969258593750001 0.5171746305555556 0.7837115546875 0.5171746305555556 0.7837115546875 0.41615424305555554
2 0.58431108671875 0.4198277125 0.58431108671875 0.48227667916666667 0.6122064890625001 0.48227667916666667 0.6122064890625001 0.4198277125
2 0.13591832421875 0.41064404027777773 0.13591832421875 0.5557460527777778 0.24543360937499997 0.5557460527777778 0.24543360937499997 0.41064404027777773
2 0.23820146640625 0.4235011805555555 0.23820146640625 0.5171746305555556 0.29812492343749997 0.5171746305555556 0.29812492343749997 0.4235011805555555
2 0.5956758796875 0.4032971041666667 0.5956758796875 0.5324807430555556 0.6958926953125 0.5324807430555556 0.6958926953125 0.4032971041666667
2 0.44070142265624995 0.3922766972222222 0.44070142265624995 0.5943174694444444 0.581211596875 0.5943174694444444 0.581211596875 0.3922766972222222
2 0.318788184375 0.4198277125 0.318788184375 0.5153378958333333 0.41487234453125 0.5153378958333333 0.41487234453125 0.4198277125
2 0.4072847515625 0.45767854999999996 0.4072847515625 0.5026961138888889 0.43893772578125 0.5026961138888889 0.43893772578125 0.45767854999999996
2 0.5623843242187501 0.4450173611111111 0.5623843242187501 0.49425532083333334 0.57979346015625 0.49425532083333334 0.57979346015625 0.4450173611111111
2 0.6810829765624999 0.4182881833333333 0.6810829765624999 0.5111369069444445 0.72064919453125 0.5111369069444445 0.72064919453125 0.4182881833333333
2 0.90423644375 0.4211017805555556 0.90423644375 0.5688156597222223 0.98257755390625 0.5688156597222223 0.98257755390625 0.4211017805555556