7 0.5090676390625 0.4504684333333333 0.5090676390625 0.48562465972222224 0.539389884375 0.48562465972222224 0.539389884375 0.4504684333333333
7 0.48270047031249996 0.45515593055555553 0.48270047031249996 0.49265590416666666 0.49852077109375 0.49265590416666666 0.49852077109375 0.45515593055555553
7 0.45105986640625 0.4504684333333333 0.45105986640625 0.49499965277777774 0.46688016796875004 0.49499965277777774 0.46688016796875004 0.4504684333333333
2 0.2823099828125 0.4645309236111111 0.2823099828125 0.5582808583333333 0.3785501515625 0.5582808583333333 0.3785501515625 0.4645309236111111
2 0.18475145703125 0.45515593055555553 0.18475145703125 0.5699996013888889 0.29417520859375 0.5699996013888889 0.29417520859375 0.45515593055555553
2 0.19266160703125 0.45984342638888887 0.19266160703125 0.5957808333333333 0.27044475625 0.5957808333333333 0.27044475625 0.45984342638888887
2 0.65145035390625 0.45984342638888887 0.65145035390625 0.5582808611111111 0.72000499453125 0.5582808611111111 0.72000499453125 0.45984342638888887
2 0.6778175234375 0.4739059166666667 0.6778175234375 0.5957808319444444 0.7358252960937499 0.5957808319444444 0.7358252960937499 0.4739059166666667
2 0.10301323046875 0.4364059430555556 0.10301323046875 0.6520307944444445 0.21771041875 0.6520307944444445 0.21771041875 0.4364059430555556
2 0 0.4223434513888889 0 0.6309370597222222 0.14783741875 0.6309370597222222 0.14783741875 0.4223434513888889
2 0 0.5043746458333334 0 0.7317182402777778 0.10037651328125 0.7317182402777778 0.10037651328125 0.5043746458333334