2 0.8877250312499999 0.40263176250000005 0.8877250312499999 0.6400516152777778 0.9988725882812499 0.6400516152777778 0.9988725882812499 0.40263176250000005
2 0.73559934921875 0.42169467083333334 0.73559934921875 0.5828629013888889 0.91014561171875 0.5828629013888889 0.91014561171875 0.42169467083333334
2 0.64694749375 0.3731708888888889 0.64694749375 0.5170092027777777 0.78829463125 0.5170092027777777 0.78829463125 0.3731708888888889
2 0.59697231875 0.3996278888888889 0.59697231875 0.4880104680555556 0.65253636640625 0.4880104680555556 0.65253636640625 0.3996278888888889
2 0.5657784679687501 0.4048268638888889 0.5657784679687501 0.47241354166666666 0.61549366796875 0.47241354166666666 0.61549366796875 0.4048268638888889
2 0.53068538515625 0.4013608805555555 0.53068538515625 0.46028260000000004 0.575547775 0.46028260000000004 0.575547775 0.4013608805555555
2 0.511189228125 0.3978948972222222 0.511189228125 0.44468567361111105 0.5423830796875 0.44468567361111105 0.5423830796875 0.3978948972222222
2 0.49088281328125005 0.3943299611111111 0.49088281328125005 0.4396907930555556 0.5256766328125 0.4396907930555556 0.5256766328125 0.3943299611111111
2 0.47812507890625 0.3922681055555556 0.47812507890625 0.43144336944444445 0.50132095859375 0.43144336944444445 0.50132095859375 0.3922681055555556
2 0.45724878750000003 0.39020624861111114 0.45724878750000003 0.42525779999999996 0.47812507890625 0.42525779999999996 0.47812507890625 0.39020624861111114
9 0.43417940859375 0.35309284027777776 0.43417940859375 0.42042379027777776 0.47232610781249995 0.42042379027777776 0.47232610781249995 0.35309284027777776
2 0.41713924921874995 0.3773196486111111 0.41713924921874995 0.4123712 0.42873718906249997 0.4123712 0.42873718906249997 0.3773196486111111
2 0.41134027968750003 0.38350521944444443 0.41134027968750003 0.41649491527777777 0.4206186328125 0.41649491527777777 0.4206186328125 0.38350521944444443
2 0.3727665140625 0.3649485138888889 0.3727665140625 0.4256227652777778 0.41370844375000004 0.4256227652777778 0.41370844375000004 0.3649485138888889
2 0.363015521875 0.37709899722222223 0.363015521875 0.3996278888888889 0.3766657453125 0.3996278888888889 0.3766657453125 0.37709899722222223
2 0.35837634765625 0.3725086513888889 0.35837634765625 0.4034364930555555 0.36533511171875 0.4034364930555555 0.36533511171875 0.3725086513888889
2 0.3328608796875 0.36496805416666667 0.3328608796875 0.3996278888888889 0.35953614140625 0.3996278888888889 0.35953614140625 0.36496805416666667
9 0.20644333359374997 0.2783505611111111 0.20644333359374997 0.41030934722222223 0.2760309734375 0.41030934722222223 0.2760309734375 0.2783505611111111
2 0.0405927890625 0.32233646111111114 0.0405927890625 0.46185574583333333 0.17744848203125002 0.46185574583333333 0.17744848203125002 0.32233646111111114
2 0.15541239765624998 0.3525773777777778 0.15541239765624998 0.4371134736111111 0.1994845703125 0.4371134736111111 0.1994845703125 0.3525773777777778
2 0.1481707921875 0.3067395361111111 0.1481707921875 0.4268041958333333 0.2242058046875 0.4268041958333333 0.2242058046875 0.3067395361111111
7 0.08234537421875 0.2257221722222222 0.08234537421875 0.26494849722222225 0.10820367109375 0.26494849722222225 0.10820367109375 0.2257221722222222
2 0.30618561718750004 0.36150207083333336 0.30618561718750004 0.39442891388888884 0.329381496875 0.39442891388888884 0.329381496875 0.36150207083333336
7 0.27371138515625 0.2969072652777778 0.27371138515625 0.31193851111111115 0.29731639296875 0.31193851111111115 0.29731639296875 0.2969072652777778
4 0.0034793828125 0.3175258236111111 0.0034793828125 0.40000006388888887 0.015077321874999999 0.40000006388888887 0.015077321874999999 0.3175258236111111
7 0.70144343671875 0.3154639680555556 0.70144343671875 0.36907222500000003 0.72579911171875 0.36907222500000003 0.72579911171875 0.3154639680555556
7 0.93943314453125 0.28591069444444445 0.93943314453125 0.34982823055555556 0.9672682007812501 0.34982823055555556 0.9672682007812501 0.28591069444444445
7 0.02435567578125 0.23438713055555557 0.02435567578125 0.27481595138888887 0.039432996875 0.27481595138888887 0.039432996875 0.23438713055555557
7 0.08675789843750001 0.2829108986111111 0.08675789843750001 0.3071727833333333 0.10527924765625 0.3071727833333333 0.10527924765625 0.2829108986111111
4 0.025345003906250003 0.3245027 0.025345003906250003 0.39555536111111117 0.036067890625 0.39555536111111117 0.036067890625 0.3245027
2 0.21738215 0.32406945277777777 0.21738215 0.41765100555555557 0.25345003984375 0.41765100555555557 0.25345003984375 0.32406945277777777
6 0.3216865890625 0.2963415847222222 0.3216865890625 0.3136715027777778 0.3275354359375 0.3136715027777778 0.3275354359375 0.2963415847222222
6 0.6229022132812501 0.3639282625 0.6229022132812501 0.38645715555555554 0.62680144453125 0.38645715555555554 0.62680144453125 0.3639282625
6 0.57611143671875 0.37605920416666666 0.57611143671875 0.3899231388888889 0.5829350921875001 0.3899231388888889 0.5829350921875001 0.37605920416666666
6 0.505925271875 0.3639282625 0.505925271875 0.37952518749999997 0.51372373515625 0.37952518749999997 0.51372373515625 0.3639282625
7 0.47960546015625 0.37086022916666667 0.47960546015625 0.38299117083333334 0.48935353828125 0.38299117083333334 0.48935353828125 0.37086022916666667