6 0.37725063593749997 0.13517335416666668 0.37725063593749997 0.194095075 0.3889483296875 0.194095075 0.3889483296875 0.13517335416666668
6 0.8490576335937501 0.008664956944444444 0.8490576335937501 0.08838257777777778 0.8627049437500001 0.08838257777777778 0.8627049437500001 0.008664956944444444
6 0.20276003281250002 0.3448653541666667 0.20276003281250002 0.37086022916666667 0.21640734140625 0.37086022916666667 0.21640734140625 0.3448653541666667
6 0.39284756249999997 0.13517335416666668 0.39284756249999997 0.19062909166666667 0.40844448828125 0.19062909166666667 0.40844448828125 0.13517335416666668
6 0.37140178828125003 0.14210532222222222 0.37140178828125003 0.19756105694444445 0.37725063593749997 0.19756105694444445 0.37725063593749997 0.14210532222222222
6 0.8285866687500001 0.012130943055555557 0.8285866687500001 0.08664958888888889 0.8471080179687499 0.08664958888888889 0.8471080179687499 0.012130943055555557
6 0.8636797515625 0.008664956944444444 0.8636797515625 0.08145060833333334 0.87830186875 0.08145060833333334 0.87830186875 0.008664956944444444
6 0.21640734140625 0.34139936944444443 0.21640734140625 0.37086022916666667 0.227130228125 0.37086022916666667 0.227130228125 0.34139936944444443
7 0.16279291015625 0.194095075 0.16279291015625 0.21142499166666665 0.193011953125 0.21142499166666665 0.193011953125 0.194095075
7 0.18131425859375 0.27381269444444445 0.18131425859375 0.31887048055555556 0.20860887890625 0.31887048055555556 0.20860887890625 0.27381269444444445
7 0.19788599296875 0.2044930236111111 0.19788599296875 0.22528892638888887 0.20860887890625 0.22528892638888887 0.20860887890625 0.2044930236111111
7 0.71550895859375 0.235686875 0.71550895859375 0.24955080833333332 0.7437783859375 0.24955080833333332 0.7437783859375 0.235686875
7 0.70381126484375 0.28421064305555555 0.70381126484375 0.32060346944444446 0.72623184453125 0.32060346944444446 0.72623184453125 0.28421064305555555
4 0.8324859 0.39165613194444443 0.8324859 0.47483973472222224 0.8529568640624999 0.47483973472222224 0.8529568640624999 0.39165613194444443
4 0.8510072484375 0.3691272375 0.8510072484375 0.4401798972222222 0.87147821328125 0.4401798972222222 0.87147821328125 0.3691272375
4 0.804216471875 0.39165613194444443 0.804216471875 0.4609758 0.8149393585937499 0.4609758 0.8149393585937499 0.39165613194444443
4 0.7671737750000001 0.3847241625 0.7671737750000001 0.4713737513888889 0.78569512421875 0.4713737513888889 0.78569512421875 0.3847241625
4 0.8051912796874999 0.3881901458333334 0.8051912796874999 0.46790776666666667 0.82273782109375 0.46790776666666667 0.82273782109375 0.3881901458333334
4 0.32753543671875 0.39338912361111106 0.32753543671875 0.46790776805555556 0.34508197812499997 0.46790776805555556 0.34508197812499997 0.39338912361111106
4 0.35970409453125 0.4055200638888889 0.35970409453125 0.4453788722222223 0.37627582734375 0.4453788722222223 0.37627582734375 0.4055200638888889
2 0.32461101171875 0.3985880972222222 0.32461101171875 0.5528243611111111 0.40746967890625 0.5528243611111111 0.40746967890625 0.3985880972222222
2 0.85198205625 0.3240694513888889 0.85198205625 0.5874841916666667 0.9972284265625 0.5874841916666667 0.9972284265625 0.3240694513888889
2 0.379200253125 0.2530167916666667 0.379200253125 0.7087936152777778 0.78472031640625 0.7087936152777778 0.78472031640625 0.2530167916666667
2 0.07603501171875 0.41938399722222225 0.07603501171875 0.5268294861111111 0.282694275 0.5268294861111111 0.282694275 0.41938399722222225