6 0.554381534375 0.3597938722222222 0.554381534375 0.37628872361111115 0.5625000921875001 0.37628872361111115 0.5625000921875001 0.3597938722222222
6 0.60425267734375 0.3597938722222222 0.60425267734375 0.37628872361111115 0.61237123671875 0.37628872361111115 0.61237123671875 0.3597938722222222
7 0.7969441703125 0.15729015694444445 0.7969441703125 0.2005891333333333 0.82014005078125 0.2005891333333333 0.82014005078125 0.15729015694444445
7 0.8108616968750001 0.22326954999999998 0.8108616968750001 0.2665685291666667 0.8352173734375 0.2665685291666667 0.8352173734375 0.22326954999999998
7 0.7911452 0.21708397916666666 0.7911452 0.24801182222222223 0.8062225218749999 0.24801182222222223 0.8062225218749999 0.21708397916666666
4 0.89828353359375 0.32545108333333334 0.89828353359375 0.5357603958333333 0.9400361179687501 0.5357603958333333 0.9400361179687501 0.32545108333333334
4 0.85653095 0.37905933888888893 0.85653095 0.4965851333333333 0.8820464179687499 0.4965851333333333 0.8820464179687499 0.37905933888888893
4 0.01568029609375 0.4120490375 0.01568029609375 0.5213274055555556 0.04351535234375 0.5213274055555556 0.04351535234375 0.4120490375
4 0.06555143828125 0.43472945277777775 0.06555143828125 0.5233892611111111 0.08526793671875 0.5233892611111111 0.08526793671875 0.43472945277777775
4 0.049314321875 0.42029645972222224 0.049314321875 0.5213274041666667 0.07019061484375 0.5213274041666667 0.07019061484375 0.42029645972222224
4 0.09570608281250001 0.4264820291666667 0.09570608281250001 0.5233892611111111 0.12818031328124999 0.5233892611111111 0.12818031328124999 0.4264820291666667
4 0.28067014921875 0.42542960972222227 0.28067014921875 0.48316157777777774 0.2934278828125 0.48316157777777774 0.2934278828125 0.42542960972222227
4 0.2597938578125 0.42542960972222227 0.2597938578125 0.4872852916666667 0.2760309734375 0.4872852916666667 0.2760309734375 0.42542960972222227
4 0.72487125390625 0.39243991666666667 0.72487125390625 0.45841931111111117 0.73878878046875 0.45841931111111117 0.73878878046875 0.39243991666666667
4 0.7109537265625 0.39862548472222226 0.7109537265625 0.4666667347222222 0.72371146015625 0.4666667347222222 0.72371146015625 0.39862548472222226
2 0.59427845859375 0.41608254305555553 0.59427845859375 0.4635052291666667 0.6197939265625 0.4635052291666667 0.6197939265625 0.41608254305555553
2 0.56180422734375 0.4181443972222222 0.56180422734375 0.4531959513888889 0.5826805187499999 0.4531959513888889 0.5826805187499999 0.4181443972222222
2 0.5502062859375 0.4119588305555556 0.5502062859375 0.43257738888888886 0.56180422734375 0.43257738888888886 0.56180422734375 0.4119588305555556
2 0.494536175 0.4263918208333334 0.494536175 0.4738145111111111 0.53860834765625 0.4738145111111111 0.53860834765625 0.4263918208333334
2 0.60216504296875 0.3934021333333333 0.60216504296875 0.4098969791666667 0.61376298359375 0.4098969791666667 0.61376298359375 0.3934021333333333
2 0.5870877218749999 0.39546398888888895 0.5870877218749999 0.40989698194444446 0.5998454546875001 0.40989698194444446 0.5998454546875001 0.39546398888888895
2 0.5662114296875 0.40164955694444443 0.5662114296875 0.42020626250000004 0.58012895859375 0.42020626250000004 0.58012895859375 0.40164955694444443
2 0.5311856546875 0.4336770375 0.5311856546875 0.48316157916666663 0.5717784445312499 0.48316157916666663 0.5717784445312499 0.4336770375
2 0.386211403125 0.4295533236111111 0.386211403125 0.49553271527777776 0.43492275312500006 0.49553271527777776 0.43492275312500006 0.4295533236111111
2 0.60369585703125 0.39967790138888887 0.60369585703125 0.5378222513888888 0.69531958359375 0.5378222513888888 0.69531958359375 0.39967790138888887
2 0.34390200000000004 0.44091502083333334 0.34390200000000004 0.5068944152777778 0.4065308765625 0.5068944152777778 0.4065308765625 0.44091502083333334
6 0.73475257890625 0.28009025416666666 0.73475257890625 0.30689438194444446 0.7498299015625001 0.30689438194444446 0.7498299015625001 0.28009025416666666
4 0.17341228203125 0.43472945277777775 0.17341228203125 0.5007088458333334 0.19660816171875 0.5007088458333334 0.19660816171875 0.43472945277777775
4 0.2267628046875 0.40586346944444446 0.2267628046875 0.4965851347222222 0.244159715625 0.4965851347222222 0.244159715625 0.40586346944444446
4 0.76327454296875 0.3899231375 0.76327454296875 0.46790776666666667 0.7739974296875001 0.46790776666666667 0.7739974296875001 0.3899231375