2 0.12282578828124999 0.41765100555555557 0.12282578828124999 0.4540438319444445 0.16571733203125 0.4540438319444445 0.16571733203125 0.41765100555555557
2 0.15109521640625 0.4315149402777778 0.15109521640625 0.47657272638888887 0.1969111875 0.47657272638888887 0.1969111875 0.4315149402777778
2 0.177415028125 0.49390264166666664 0.177415028125 0.5406934180555556 0.23687830703124998 0.5406934180555556 0.23687830703124998 0.49390264166666664
2 0.20568445546874997 0.42458297222222224 0.20568445546874997 0.4401798986111111 0.2203065734375 0.4401798986111111 0.2203065734375 0.42458297222222224
2 0.21835695781250003 0.42631596666666666 0.21835695781250003 0.4540438319444445 0.23785311640625 0.4540438319444445 0.23785311640625 0.42631596666666666
2 0.23102945937500002 0.41938399583333336 0.23102945937500002 0.4471118638888889 0.24760119296875 0.4471118638888889 0.24760119296875 0.41938399583333336
2 0.25052561640625004 0.42631596666666666 0.25052561640625004 0.4627087875 0.2807446578125 0.4627087875 0.2807446578125 0.42631596666666666
2 0.282694275 0.42631596666666666 0.282694275 0.4540438319444445 0.30219043359375003 0.4540438319444445 0.30219043359375003 0.42631596666666666
2 0.31681254999999997 0.4315149402777778 0.31681254999999997 0.4557768222222222 0.3372835140625 0.4557768222222222 0.3372835140625 0.4315149402777778
2 0.5965824015625001 0.4401798986111111 0.5965824015625001 0.4817717027777778 0.6258266359375 0.4817717027777778 0.6258266359375 0.4401798986111111
2 0.627776253125 0.44191289027777775 0.627776253125 0.5025675986111111 0.680415875 0.5025675986111111 0.680415875 0.44191289027777775
2 0.67261741328125 0.4471118652777778 0.67261741328125 0.5372274347222222 0.73792953671875 0.5372274347222222 0.73792953671875 0.4471118652777778
2 0.7184333820312501 0.39165613055555554 0.7184333820312501 0.5857512013888889 0.8773270609375 0.5857512013888889 0.8773270609375 0.39165613055555554
2 0.92996668515625 0.4817717 0.92996668515625 0.7053276319444445 0.99917803984375 0.7053276319444445 0.99917803984375 0.4817717
7 0.46205891875000005 0.3379333861111111 0.46205891875000005 0.3500643319444445 0.47863065234375 0.3500643319444445 0.47863065234375 0.3379333861111111
7 0.4630337265625 0.3535303125 0.4630337265625 0.370860225 0.47668103515625004 0.370860225 0.47668103515625004 0.3535303125
7 0.46595814999999996 0.3691272375 0.46595814999999996 0.3847241625 0.47473142343749997 0.3847241625 0.47473142343749997 0.3691272375
7 0.47083218984375 0.36046228055555557 0.47083218984375 0.3985880986111111 0.48935353828125 0.3985880986111111 0.48935353828125 0.36046228055555557
2 0.50397565625 0.41938399583333336 0.50397565625 0.43671391388888886 0.51567334921875 0.43671391388888886 0.51567334921875 0.41938399583333336
2 0.18326387500000002 0.3725932208333333 0.18326387500000002 0.3951221138888889 0.19886080078124999 0.3951221138888889 0.19886080078124999 0.3725932208333333
2 0.1423219453125 0.3639282625 0.1423219453125 0.3847241625 0.16864175703125 0.3847241625 0.16864175703125 0.3639282625
2 0.12477540390625 0.3639282625 0.12477540390625 0.3847241625 0.14232194453125 0.3847241625 0.14232194453125 0.3639282625
2 0.081883859375 0.3569962944444444 0.081883859375 0.3864571583333333 0.11795174921875 0.3864571583333333 0.11795174921875 0.3569962944444444
2 0.07993424375 0.4228499819444444 0.07993424375 0.4523108416666667 0.10722886328125 0.4523108416666667 0.10722886328125 0.4228499819444444