2 0 0.5406934180555556 0 0.72265755 0.1686417578125 0.72265755 0.1686417578125 0.5406934180555556
0 0.14524636796874998 0.5424264097222222 0.14524636796874998 0.6810657486111111 0.24175234609375 0.6810657486111111 0.24175234609375 0.5424264097222222
0 0.23395388203124998 0.5857512027777777 0.23395388203124998 0.6568038638888889 0.26319811953125 0.6568038638888889 0.26319811953125 0.5857512027777777
2 0.23980273046875 0.5718872694444445 0.23980273046875 0.6481389055555555 0.296341584375 0.6481389055555555 0.296341584375 0.5718872694444445
2 0.28756831484375 0.5770862444444445 0.28756831484375 0.6342749722222222 0.33045985859375004 0.6342749722222222 0.33045985859375004 0.5770862444444445
2 0.3216865890625 0.5632223111111111 0.3216865890625 0.6204110375 0.35775447968749996 0.6204110375 0.35775447968749996 0.5632223111111111
2 0.35580486484375 0.5753532527777778 0.35580486484375 0.6117460791666667 0.3840742921875 0.6117460791666667 0.3840742921875 0.5753532527777778
2 0.37920025234375 0.5684212861111111 0.37920025234375 0.6048141125 0.39382236953125 0.6048141125 0.39382236953125 0.5684212861111111
2 0.387973521875 0.5666882944444445 0.387973521875 0.5996151375 0.40357044843749995 0.5996151375 0.40357044843749995 0.5666882944444445
2 0.46205891875000005 0.5718872694444445 0.46205891875000005 0.5978821444444444 0.47473142109375 0.5978821444444444 0.47473142109375 0.5718872694444445
2 0.47083218984375 0.5701542777777777 0.47083218984375 0.6048141125 0.4893535375 0.6048141125 0.4893535375 0.5701542777777777
2 0.479605459375 0.5718872694444445 0.479605459375 0.615212061111111 0.5010512328125001 0.615212061111111 0.5010512328125001 0.5718872694444445
2 0.4893535390625 0.5736202625 0.4893535390625 0.6204110375 0.5127489265625 0.6204110375 0.5127489265625 0.5736202625
2 0.5000764249999999 0.5736202625 0.5000764249999999 0.6360079652777777 0.52639623671875 0.6360079652777777 0.52639623671875 0.5736202625
2 0.5107993109375 0.5736202625 0.5107993109375 0.6446729222222223 0.54004354765625 0.6446729222222223 0.54004354765625 0.5736202625
2 0.5234718132812499 0.5788192347222222 0.5234718132812499 0.6620028375 0.5868343234375 0.6620028375 0.5868343234375 0.5788192347222222
2 0.42075142187500003 0.5795619375000001 0.42075142187500003 0.5968918569444445 0.43537353828125 0.5968918569444445 0.43537353828125 0.5795619375000001
2 0.40515449609375 0.5830279208333333 0.40515449609375 0.5986248472222222 0.41782699843750004 0.5986248472222222 0.41782699843750004 0.5830279208333333
7 0.2920767859375 0.5518340708333334 0.2920767859375 0.5691639875 0.30182486484375 0.5691639875 0.30182486484375 0.5518340708333334
7 0.600116065625 0.5033103013888889 0.600116065625 0.5293051777777779 0.60888933671875 0.5293051777777779 0.60888933671875 0.5033103013888889
7 0.16437695703125 0.48424739305555553 0.16437695703125 0.5137082527777778 0.177049459375 0.5137082527777778 0.177049459375 0.48424739305555553