7 0.65106165625 0.5321000972222223 0.65106165625 0.5592904277777777 0.66329730546875 0.5592904277777777 0.66329730546875 0.5321000972222223
7 0.66023839375 0.5538523597222222 0.66023839375 0.5701665569444445 0.6694151296874999 0.5701665569444445 0.6694151296874999 0.5538523597222222
2 0.48769575625000006 0.6093353069444445 0.48769575625000006 0.6229304722222222 0.5006961343749999 0.6229304722222222 0.5006961343749999 0.6093353069444445
2 0.47010701328125004 0.6079757888888889 0.47010701328125004 0.6297280527777778 0.48693102968749996 0.6297280527777778 0.48693102968749996 0.6079757888888889
2 0.46169500390625 0.610694823611111 0.46169500390625 0.6229304722222222 0.469342284375 0.6229304722222222 0.469342284375 0.610694823611111
2 0.45328299453125 0.6120543388888889 0.45328299453125 0.6283685361111111 0.467812828125 0.6283685361111111 0.467812828125 0.6120543388888889
2 0.43492952109375 0.6066162722222223 0.43492952109375 0.6310875694444444 0.45328299453125 0.6310875694444444 0.45328299453125 0.6066162722222223
2 0.41810550468749996 0.6120543388888889 0.41810550468749996 0.6365256375 0.43569424999999995 0.6365256375 0.43569424999999995 0.6120543388888889
2 0.40510512812500005 0.6120543388888889 0.40510512812500005 0.6365256375 0.41810550468749996 0.6365256375 0.41810550468749996 0.6120543388888889
2 0.37145709296875 0.6038972402777778 0.37145709296875 0.6439576736111111 0.403575671875 0.6439576736111111 0.403575671875 0.6038972402777778
2 0.34851525234374997 0.6134138555555556 0.34851525234374997 0.6501208013888888 0.37298655 0.6501208013888888 0.37298655 0.6134138555555556
2 0.3316912359375 0.6161328888888888 0.3316912359375 0.6514803208333333 0.3546330765625 0.6514803208333333 0.3546330765625 0.6161328888888888
2 0.29957265781250003 0.6038972402777778 0.29957265781250003 0.6541993527777777 0.33933851640625 0.6541993527777777 0.33933851640625 0.6038972402777778
2 0.2598067984375 0.6120543388888889 0.2598067984375 0.6650754847222222 0.3003373859375 0.6650754847222222 0.3003373859375 0.6120543388888889
2 0.19786382578125 0.6025377236111111 0.19786382578125 0.6800301666666666 0.2636304375 0.6800301666666666 0.2636304375 0.6025377236111111
2 0.104567003125 0.6093353069444445 0.104567003125 0.6990633958333333 0.200158009375 0.6990633958333333 0.200158009375 0.6093353069444445
2 0.00056398984375 0.590302075 0.00056398984375 0.7175528305555556 0.10686118828124999 0.7175528305555556 0.10686118828124999 0.590302075