7 0.47628331015625003 0.3111462597222222 0.47628331015625003 0.3706551083333333 0.55183829375 0.3706551083333333 0.55183829375 0.3111462597222222
2 0.515495390625 0.4628938180555556 0.515495390625 0.48329685277777773 0.526972096875 0.48329685277777773 0.526972096875 0.4628938180555556
2 0.46098103515625005 0.46969483194444445 0.46098103515625005 0.4849971055555556 0.46671938749999997 0.4849971055555556 0.46671938749999997 0.46969483194444445
2 0.46480660390625 0.47139508472222225 0.46480660390625 0.4883976111111111 0.4734141328125 0.4883976111111111 0.4734141328125 0.47139508472222225
2 0.41698699453125 0.46459407361111105 0.41698699453125 0.47309533611111115 0.42463813203124995 0.47309533611111115 0.42463813203124995 0.46459407361111105
2 0.37490573828125 0.46459407361111105 0.37490573828125 0.51220115 0.40646668124999996 0.51220115 0.40646668124999996 0.46459407361111105
2 0.24770557656249997 0.45949331250000003 0.24770557656249997 0.5360046875000001 0.2668334203125 0.5360046875000001 0.2668334203125 0.45949331250000003
2 0.47054495625000003 0.46969483194444445 0.47054495625000003 0.49179811805555557 0.48680362421875 0.49179811805555557 0.48680362421875 0.46969483194444445
2 0.52505931171875 0.46459407361111105 0.52505931171875 0.49009786527777777 0.53940519453125 0.49009786527777777 0.53940519453125 0.46459407361111105
2 0.48584723203125 0.45949331250000003 0.48584723203125 0.5139014 0.52219013515625 0.5139014 0.52219013515625 0.45949331250000003
2 0.39785915078125 0.47139508472222225 0.39785915078125 0.571709998611111 0.47532691875 0.571709998611111 0.47532691875 0.47139508472222225
2 0.25440032109375 0.44929179722222223 0.25440032109375 0.5632087333333333 0.34525758125 0.5632087333333333 0.34525758125 0.44929179722222223
9 0.5867466078125 0.38170674722222225 0.5867466078125 0.6520469402777778 0.8468852828125 0.6520469402777778 0.8468852828125 0.38170674722222225
2 0 0.4616186305555555 0 0.6010393611111111 0.147284396875 0.6010393611111111 0.147284396875 0.4616186305555555