7 0.72450606484375 0.059693904166666666 0.72450606484375 0.08571432500000001 0.78133007109375 0.08571432500000001 0.78133007109375 0.059693904166666666
7 0.75033515859375 0.08571432500000001 0.75033515859375 0.11173474583333333 0.7787471609375001 0.11173474583333333 0.7787471609375001 0.08571432500000001
7 0.7890787984375 0.06275513194444444 0.7890787984375 0.09489800277777777 0.8106030429687501 0.09489800277777777 0.8106030429687501 0.06275513194444444
7 0.740864490625 0.1346939388888889 0.740864490625 0.18061232638888888 0.75377903828125 0.18061232638888888 0.75377903828125 0.1346939388888889
7 0.7684155234375 0.14693884166666668 0.7684155234375 0.1790817125 0.80715916328125 0.1790817125 0.80715916328125 0.14693884166666668
7 0.78993976796875 0.17602048750000002 0.78993976796875 0.24030623055555556 0.80888110390625 0.24030623055555556 0.80888110390625 0.17602048750000002
7 0.797688496875 0.047449001388888884 0.797688496875 0.07806125972222222 0.83298825859375 0.07806125972222222 0.83298825859375 0.047449001388888884
7 0.735698671875 0.0015306125000000002 0.735698671875 0.053571454166666664 0.7684155234375 0.053571454166666664 0.7684155234375 0.0015306125000000002
6 0.38528397421875 0.055102066666666664 0.38528397421875 0.09183677777777777 0.39733755078125 0.09183677777777777 0.39733755078125 0.055102066666666664
6 0.40594724921875003 0.056632679166666665 0.40594724921875003 0.08418371250000001 0.41713985625000005 0.08418371250000001 0.41713985625000005 0.056632679166666665
6 0.14421243749999998 0 0.14421243749999998 0.027551033333333332 0.15540504453124998 0.027551033333333332 0.15540504453124998 0
6 0.15712698359375 0.0030612277777777776 0.15712698359375 0.026020420833333332 0.17606831953125 0.026020420833333332 0.17606831953125 0.0030612277777777776
1 0.02798151796875 0.1790817125 0.02798151796875 0.33214300555555554 0.28024566171875 0.33214300555555554 0.28024566171875 0.1790817125
9 0.7701374640624999 0.16224497222222223 0.7701374640624999 0.45000020138888885 0.99743348515625 0.45000020138888885 0.99743348515625 0.16224497222222223
2 0.19931450312500001 0.23571439027777777 0.19931450312500001 0.3704083291666667 0.315545421875 0.3704083291666667 0.315545421875 0.23571439027777777
2 0.58416799296875 0.29234706944444444 0.58416799296875 0.5540818819444445 0.77444231171875 0.5540818819444445 0.77444231171875 0.29234706944444444
2 0.29918699609375 0.07959187222222222 0.29918699609375 0.6045921069444444 0.5867509015625 0.6045921069444444 0.5867509015625 0.07959187222222222
6 0.74861321796875 0.21428580972222225 0.74861321796875 0.2647960361111111 0.77530328125 0.2647960361111111 0.77530328125 0.21428580972222225
6 0.77444231171875 0.21122458472222225 0.77444231171875 0.2617348111111111 0.797688496875 0.2617348111111111 0.797688496875 0.21122458472222225