7 0.5376355359375 0.2903226236111111 0.5376355359375 0.31073593194444443 0.5514145187499999 0.31073593194444443 0.5514145187499999 0.2903226236111111
6 0.4860919234375 0.2966734236111111 0.4860919234375 0.31980850833333335 0.49298141484375 0.31980850833333335 0.49298141484375 0.2966734236111111
6 0.4103075125 0.33205649444444446 0.4103075125 0.34566536666666664 0.41643150546875 0.34566536666666664 0.41643150546875 0.33205649444444446
6 0.40571451875 0.32933472083333337 0.40571451875 0.3443044791666667 0.41183851171874997 0.3443044791666667 0.41183851171874997 0.32933472083333337
6 0.4792024296875 0.2980343125 0.4792024296875 0.3184476236111111 0.48838841953124995 0.3184476236111111 0.48838841953124995 0.2980343125
7 0.5626418320312501 0.3765121527777778 0.5626418320312501 0.39012102777777774 0.5702968242187499 0.39012102777777774 0.5702968242187499 0.3765121527777778
6 0.39270103359375 0.29894157777777774 0.39270103359375 0.3193548875 0.3988250265625 0.3193548875 0.3988250265625 0.29894157777777774
2 0.5356962765625 0.37832665972222224 0.5356962765625 0.40962706944444444 0.5548337546875 0.40962706944444444 0.5548337546875 0.37832665972222224
2 0.40249943515625003 0.3851310958333334 0.40249943515625003 0.4109879541666667 0.41398192187499994 0.4109879541666667 0.41398192187499994 0.3851310958333334
2 0.38029996171875 0.3701613375 0.38029996171875 0.4218750527777778 0.40556143125000005 0.4218750527777778 0.40556143125000005 0.3701613375
2 0.352282690625 0.3701613375 0.352282690625 0.4300403763888889 0.39208864375 0.4300403763888889 0.39208864375 0.3701613375
2 0.15473607578124998 0.3432157763888889 0.15473607578124998 0.5024395875000001 0.28257442421875 0.5024395875000001 0.28257442421875 0.3432157763888889
2 0 0.36498997222222224 0 0.578649275 0.19193933203125 0.578649275 0.19193933203125 0.36498997222222224
2 0.39403109140625003 0.3377722263888889 0.39403109140625003 0.5786492722222222 0.56014439375 0.5786492722222222 0.56014439375 0.3377722263888889
2 0.29456405 0.3701613375 0.29456405 0.44909279999999996 0.36575546484375 0.44909279999999996 0.36575546484375 0.3701613375