2 0.44158795390625 0.46305538333333335 0.44158795390625 0.49598222638888895 0.4571848796875 0.49598222638888895 0.4571848796875 0.46305538333333335
2 0.44646199375 0.4457254666666666 0.44646199375 0.49598222499999994 0.502026040625 0.49598222499999994 0.502026040625 0.4457254666666666
2 0.4084444875 0.4509244416666667 0.4084444875 0.5237100944444444 0.45036122578125 0.5237100944444444 0.45036122578125 0.4509244416666667
2 0.4084444875 0.46825435972222224 0.4084444875 0.5289090680555556 0.42306660625000003 0.5289090680555556 0.42306660625000003 0.46825435972222224
2 0.33728351484374997 0.45439042500000004 0.33728351484374997 0.5583699291666666 0.4230666046875 0.5583699291666666 0.4230666046875 0.45439042500000004
2 0.30121562421875 0.464788375 0.30121562421875 0.5930297638888888 0.40357044843749995 0.5930297638888888 0.40357044843749995 0.464788375
2 0.56343893515625 0.433594525 0.56343893515625 0.6172916472222223 0.6531212562500001 0.6172916472222223 0.6531212562500001 0.433594525
1 0.5088496953125 0.37120682222222223 0.5088496953125 0.5514379638888889 0.6209525984375001 0.5514379638888889 0.6209525984375001 0.37120682222222223
9 0.49910161718749996 0.42146358194444444 0.49910161718749996 0.48731726805555553 0.524446621875 0.48731726805555553 0.524446621875 0.42146358194444444
2 0.28659350703125 0.4613223916666667 0.28659350703125 0.5289090694444444 0.330459859375 0.5289090694444444 0.330459859375 0.4613223916666667
2 0.10820367109375 0.47691931805555554 0.10820367109375 0.6259566055555555 0.20958368671875 0.6259566055555555 0.20958368671875 0.47691931805555554
2 0.42599102890624996 0.4578564083333333 0.42599102890624996 0.6519514819444444 0.540043546875 0.6519514819444444 0.540043546875 0.4578564083333333
2 0.11600213359375 0.45612341666666667 0.11600213359375 0.7472660263888888 0.330459859375 0.7472660263888888 0.330459859375 0.45612341666666667
4 0.07895943515625001 0.48905025972222227 0.07895943515625001 0.5826318125000001 0.09845559296875 0.5826318125000001 0.09845559296875 0.48905025972222227
4 0.07213578046875 0.4977152180555556 0.07213578046875 0.5722338625 0.0887075140625 0.5722338625 0.0887075140625 0.4977152180555556
4 0.038017507031249995 0.4751863263888889 0.038017507031249995 0.5895637805555556 0.056538854687499994 0.5895637805555556 0.056538854687499994 0.4751863263888889
4 0.025345003906250003 0.4925162430555555 0.025345003906250003 0.6034277152777778 0.053614431250000004 0.6034277152777778 0.053614431250000004 0.4925162430555555
4 0 0.47691931805555554 0 0.5479719805555555 0.008773270312500001 0.5479719805555555 0.008773270312500001 0.47691931805555554
1 0.6190029820312499 0.00034659305555555556 0.6190029820312499 0.9916178597222223 0.9982032343749999 0.9916178597222223 0.9982032343749999 0.00034659305555555556