2 0.7373783765625 0.09861466249999999 0.7373783765625 0.6647988375 0.9994298374999999 0.6647988375 0.9994298374999999 0.09861466249999999
2 0.64078276640625 0.1309194625 0.64078276640625 0.20573058472222222 0.69242794453125 0.20573058472222222 0.69242794453125 0.1309194625
2 0.6541722578125 0.12581870555555555 0.6541722578125 0.2363351361111111 0.7373783781250001 0.2363351361111111 0.7373783781250001 0.12581870555555555
2 0.670430925 0.13261971527777777 0.670430925 0.2227331138888889 0.7383347703124999 0.2227331138888889 0.7383347703124999 0.13261971527777777
2 0.68190763046875 0.13431996944444446 0.68190763046875 0.24653665416666667 0.7536370453125001 0.24653665416666667 0.7536370453125001 0.13431996944444446
2 0.7048610421875 0.12581870555555555 0.7048610421875 0.25673816944444444 0.862665753125 0.25673816944444444 0.862665753125 0.12581870555555555
2 0.75363704375 0.12071794722222222 0.75363704375 0.260138675 0.8980522640625 0.260138675 0.8980522640625 0.12071794722222222
2 0.7855167875 0.09578089861111112 0.7855167875 0.28450895416666666 0.9987922453125 0.28450895416666666 0.9987922453125 0.09578089861111112
2 0.53685481796875 0.1756927527777778 0.53685481796875 0.20629730277777775 0.5588518398437501 0.20629730277777775 0.5588518398437501 0.1756927527777778
2 0.5100758375 0.17739300555555557 0.5100758375 0.20119654583333332 0.53589842578125 0.20119654583333332 0.53589842578125 0.17739300555555557
2 0.46608179609375 0.18419401666666665 0.46608179609375 0.20119654583333332 0.48234046328125 0.20119654583333332 0.48234046328125 0.18419401666666665
2 0.43165167734375 0.18249376388888888 0.43165167734375 0.2028967972222222 0.4498231296875 0.2028967972222222 0.4498231296875 0.18249376388888888
2 0.35418390859375004 0.189294775 0.35418390859375004 0.20969780833333335 0.36661700703125 0.20969780833333335 0.36661700703125 0.189294775
2 0.26141386718750004 0.17682628888888888 0.26141386718750004 0.213381725 0.29456879375 0.213381725 0.29456879375 0.17682628888888888
2 0.229852925 0.18192704722222222 0.229852925 0.2227331111111111 0.25376273046875003 0.2227331111111111 0.25376273046875003 0.18192704722222222
2 0.21168147343750002 0.18192704722222222 0.21168147343750002 0.2227331111111111 0.24706798203125002 0.2227331111111111 0.24706798203125002 0.18192704722222222
2 0.201161159375 0.18532755416666666 0.201161159375 0.22783387361111113 0.22889653281250003 0.22783387361111113 0.22889653281250003 0.18532755416666666
2 0.15621072734375002 0.18192704722222222 0.15621072734375002 0.22953412499999998 0.22602735703125001 0.22953412499999998 0.22602735703125001 0.18192704722222222
2 0.12560617578125 0.18022679444444445 0.12560617578125 0.24313614444444442 0.17820774687500002 0.24313614444444442 0.17820774687500002 0.18022679444444445
2 0.38383206796875 0.1921285638888889 0.38383206796875 0.2074308375 0.39339599140625003 0.2074308375 0.39339599140625003 0.1921285638888889
9 0.00113028671875 0.07454545694444444 0.00113028671875 0.3278831208333334 0.13502519531249998 0.3278831208333334 0.13502519531249998 0.07454545694444444
9 0.40472779140625 0.15955809861111112 0.40472779140625 0.21566644027777776 0.4343759484375 0.21566644027777776 0.4343759484375 0.15955809861111112
9 0.450634615625 0.15785784583333334 0.450634615625 0.20036416527777778 0.47263163671874997 0.20036416527777778 0.47263163671874997 0.15785784583333334
2 0.5606197171875 0.18166138333333334 0.5606197171875 0.3193818583333333 0.6839943078124999 0.3193818583333333 0.6839943078124999 0.18166138333333334
2 0.30030714765625 0.18107692083333332 0.30030714765625 0.2133817263888889 0.3242169515625 0.2133817263888889 0.3242169515625 0.18107692083333332
2 0.48297114140625 0.16641282222222223 0.48297114140625 0.2112881888888889 0.5134723671875 0.2112881888888889 0.5134723671875 0.16641282222222223
2 0.364121534375 0.18137127777777778 0.364121534375 0.21315799583333334 0.38515686328125 0.21315799583333334 0.38515686328125 0.18137127777777778
2 0.34413797265625 0.1869806986111111 0.34413797265625 0.2038089611111111 0.355707403125 0.2038089611111111 0.355707403125 0.1869806986111111