6 0.262563509375 0.33711858055555555 0.262563509375 0.3508473916666667 0.26942791484375 0.3508473916666667 0.26942791484375 0.33711858055555555
6 0.24711859687499999 0.3432202736111111 0.24711859687499999 0.35542365972222223 0.252266903125 0.35542365972222223 0.252266903125 0.3432202736111111
1 0.3071821453125 0.3523728138888889 0.3071821453125 0.4210168694444444 0.35866518515625 0.4210168694444444 0.35866518515625 0.3523728138888889
2 0.2883050296875 0.37830501250000004 0.2883050296875 0.4271185638888889 0.32005290625 0.4271185638888889 0.32005290625 0.37830501250000004
2 0.271144015625 0.37677958888888885 0.271144015625 0.43932195 0.301175790625 0.43932195 0.301175790625 0.37677958888888885
2 0.22223512734375 0.3645762013888889 0.22223512734375 0.4530507625 0.28058257421875 0.4530507625 0.28058257421875 0.3645762013888889
2 0.19992580937499999 0.3737287430555556 0.19992580937499999 0.4637287222222222 0.24197029296875 0.4637287222222222 0.24197029296875 0.3737287430555556
2 0.0463347375 0.3310168861111111 0.0463347375 0.5079660069444445 0.22051902656250003 0.5079660069444445 0.22051902656250003 0.3310168861111111
2 0.40929017578125004 0.39050840138888887 0.40929017578125004 0.41491517499999997 0.44704440781250004 0.41491517499999997 0.44704440781250004 0.39050840138888887
2 0.35265883124999997 0.37677958888888885 0.35265883124999997 0.38593213055555553 0.407574075 0.38593213055555553 0.407574075 0.37677958888888885
2 0.3475105265625 0.3889829763888889 0.3475105265625 0.40271178750000003 0.41014822734375 0.40271178750000003 0.41014822734375 0.3889829763888889
2 0.45047660859375 0.37525416805555556 0.45047660859375 0.4362711041666667 0.48394058671874995 0.4362711041666667 0.48394058671874995 0.37525416805555556
2 0.458199065625 0.37677958888888885 0.458199065625 0.47440669166666666 0.4925210921875 0.47440669166666666 0.4925210921875 0.37677958888888885
2 0.471413040625 0.366101625 0.471413040625 0.5796609083333334 0.6095592015625 0.5796609083333334 0.6095592015625 0.366101625
9 0.669622775 0.3950846708333333 0.669622775 0.49271176944444445 0.7485634375 0.49271176944444445 0.7485634375 0.3950846708333333
9 0.58896601171875 0.37525416805555556 0.58896601171875 0.5201693958333333 0.7013706507812499 0.5201693958333333 0.7013706507812499 0.37525416805555556
2 0.00109207265625 0.4125793708333333 0.00109207265625 0.5712234083333333 0.050000960937500005 0.5712234083333333 0.050000960937500005 0.4125793708333333
2 0.70960791640625 0.37525416805555556 0.70960791640625 0.5705083694444445 0.9987709976562501 0.5705083694444445 0.9987709976562501 0.37525416805555556
2 0.6675634328125 0.4972880416666667 0.6675634328125 0.7337286722222222 0.9987709953125 0.7337286722222222 0.9987709953125 0.4972880416666667
2 0.27920969296875 0.3142372291666667 0.27920969296875 0.6376269958333333 0.48760681093749997 0.6376269958333333 0.48760681093749997 0.3142372291666667
7 0 0.2246186013888889 0 0.2795338458333333 0.00858050703125 0.2795338458333333 0.00858050703125 0.2246186013888889