7 0.78935856875 0.11321820555555555 0.78935856875 0.13193932777777778 0.82095046328125 0.13193932777777778 0.82095046328125 0.11321820555555555
7 0.8139300421875 0.12361883055555555 0.8139300421875 0.1631412 0.8338212351562501 0.1631412 0.8338212351562501 0.12361883055555555
7 0.8162701820312501 0.1652213236111111 0.8162701820312501 0.18810269583333333 0.82914095390625 0.18810269583333333 0.82914095390625 0.1652213236111111
7 0.7156441484375 0.20474369722222222 0.7156441484375 0.22554494444444445 0.7273448499999999 0.22554494444444445 0.7273448499999999 0.20474369722222222
6 0.6992631664062501 0.12777908055555556 0.6992631664062501 0.1610610763888889 0.70862372734375 0.1610610763888889 0.70862372734375 0.12777908055555556
6 0.6910726742187501 0.1325336611111111 0.6910726742187501 0.16581565833333334 0.7004332359375 0.16581565833333334 0.7004332359375 0.1325336611111111
6 0.895834953125 0.15511786944444445 0.895834953125 0.18007936527777776 0.906365584375 0.18007936527777776 0.906365584375 0.15511786944444445
4 0.74723604296875 0.23594556666666666 0.74723604296875 0.26209571666666664 0.75633335703125 0.26209571666666664 0.75633335703125 0.23594556666666666
4 0.7399523734375 0.23713422083333333 0.7399523734375 0.26209571666666664 0.74697279453125 0.26209571666666664 0.74697279453125 0.23713422083333333
4 0.72123125078125 0.23297397083333335 0.72123125078125 0.26001559305555555 0.7270816015625 0.26001559305555555 0.7270816015625 0.23297397083333335
4 0.7247414625 0.23713422083333333 0.7247414625 0.2662559666666667 0.73059181328125 0.2662559666666667 0.73059181328125 0.23713422083333333
4 0.7294217421875 0.23297397083333335 0.7294217421875 0.26833609166666667 0.7399523734375 0.26833609166666667 0.7399523734375 0.23297397083333335
4 0.7142108296874999 0.23297397083333335 0.7142108296874999 0.2662559666666667 0.722401321875 0.2662559666666667 0.722401321875 0.23297397083333335
2 0.68495907578125 0.22465347361111113 0.68495907578125 0.2662559666666667 0.70485026875 0.2662559666666667 0.70485026875 0.22465347361111113
9 0.6077344453125 0.13728823194444445 0.6077344453125 0.2953777138888889 0.6872992164062499 0.2953777138888889 0.6872992164062499 0.13728823194444445
2 0.6206052171875001 0.23921434444444445 0.6206052171875001 0.33698020694444447 0.66506788359375 0.33698020694444447 0.66506788359375 0.23921434444444445
2 0.49891791953125003 0.15184910694444445 0.49891791953125003 0.40770445000000005 0.63113584765625 0.40770445000000005 0.63113584765625 0.15184910694444445
2 0.10109406171874999 0.12688761111111113 0.10109406171874999 0.7093225375 0.5901833921875 0.7093225375 0.5901833921875 0.12688761111111113