2 0.4155468125 0.39062495138888886 0.4155468125 0.42499994861111107 0.43927727812499995 0.42499994861111107 0.43927727812499995 0.39062495138888886
2 0.480585865625 0.38437495138888883 0.480585865625 0.4234374486111111 0.498163990625 0.4234374486111111 0.498163990625 0.38437495138888883
2 0.33117182343749996 0.38124995277777773 0.33117182343749996 0.43281244583333334 0.36193353828124997 0.43281244583333334 0.36193353828124997 0.38124995277777773
2 0.5034374265625 0.39062495138888886 0.5034374265625 0.4156249486111111 0.52101555 0.4156249486111111 0.52101555 0.39062495138888886
2 0.435761653125 0.3765624527777777 0.435761653125 0.45312494305555556 0.48585930390625 0.45312494305555556 0.48585930390625 0.3765624527777777
2 0.52453117265625 0.3874999513888889 0.52453117265625 0.45468744305555553 0.57199210546875 0.45468744305555553 0.57199210546875 0.3874999513888889
2 0.5860546023437501 0.36093745555555556 0.5860546023437501 0.5749999236111112 0.75832020625 0.5749999236111112 0.75832020625 0.36093745555555556
2 0.247675740625 0.37499995277777776 0.247675740625 0.46874994305555556 0.32414057421875003 0.46874994305555556 0.32414057421875003 0.37499995277777776
2 0.06486326249999999 0.3578124555555556 0.06486326249999999 0.4843749375 0.19845699609375 0.4843749375 0.19845699609375 0.3578124555555556
2 0.36147013281249996 0.391357375 0.36147013281249996 0.4366698638888889 0.40277872265625003 0.4366698638888889 0.40277872265625003 0.391357375
4 0.8703567874999999 0.3632323763888889 0.8703567874999999 0.4929198583333333 0.8967239703125 0.4929198583333333 0.8967239703125 0.3632323763888889
4 0.81410679453125 0.35698237777777775 0.81410679453125 0.49916986111111117 0.8404739765624999 0.49916986111111117 0.8404739765624999 0.35698237777777775