2 0.00080018515625 0.5192310083333334 0.00080018515625 0.5718653861111112 0.04801108671875 0.5718653861111112 0.04801108671875 0.5192310083333334
2 0.33367705000000003 0.4751319361111111 0.33367705000000003 0.6145419027777778 0.43930143984375 0.6145419027777778 0.43930143984375 0.4751319361111111
2 0.4369008859375 0.5078506027777778 0.4369008859375 0.5619075291666666 0.4745095703125 0.5619075291666666 0.4745095703125 0.5078506027777778
2 0.51131806953125 0.5163859069444444 0.51131806953125 0.5505271236111111 0.5409249078125 0.5505271236111111 0.5409249078125 0.5163859069444444
2 0.47210901562499996 0.5135408055555555 0.47210901562499996 0.5590624277777778 0.49371400468750004 0.5590624277777778 0.49371400468750004 0.5135408055555555
2 0.49051326562500003 0.5263437611111111 0.49051326562500003 0.5547947750000001 0.50571677734375 0.5547947750000001 0.50571677734375 0.5263437611111111
2 0.13123030234375 0.5050055013888889 0.13123030234375 0.5647526305555556 0.16163732265625 0.5647526305555556 0.16163732265625 0.5050055013888889
1 0.15523584609375002 0.44525837083333336 0.15523584609375002 0.5675977319444444 0.314472615625 0.5675977319444444 0.314472615625 0.44525837083333336
6 0.46010624375000003 0.28451014166666666 0.46010624375000003 0.3385670680555556 0.47370938515625005 0.3385670680555556 0.47370938515625005 0.28451014166666666
6 0.5713319273437499 0.3072709527777778 0.5713319273437499 0.352792575 0.58653543828125 0.352792575 0.58653543828125 0.3072709527777778
6 0.66815428515625 0.41680735694444443 0.66815428515625 0.45948387500000004 0.67855668671875 0.45948387500000004 0.67855668671875 0.41680735694444443
6 0.7521736859375 0.41111715416666667 0.7521736859375 0.453793675 0.7641764578125 0.453793675 0.7641764578125 0.41111715416666667
6 0.10802494453125 0.12376191111111111 0.10802494453125 0.20342474861111112 0.13123030234375 0.20342474861111112 0.13123030234375 0.12376191111111111
6 0.264060975 0.1024236513888889 0.264060975 0.18635414305555556 0.2864661484375 0.18635414305555556 0.2864661484375 0.1024236513888889
6 0.660952621875 0.4224975597222222 0.660952621875 0.46232897916666665 0.6689544695312499 0.46232897916666665 0.6689544695312499 0.4224975597222222
6 0.72416721875 0.41538480555555557 0.72416721875 0.47086428333333336 0.73777036015625 0.47086428333333336 0.73777036015625 0.41538480555555557
6 0.69055945859375 0.152212925 0.69055945859375 0.22049535972222223 0.70656315390625 0.22049535972222223 0.70656315390625 0.152212925
6 0.7073633390625 0.21907280833333334 0.7073633390625 0.27312973333333335 0.7209664796874999 0.27312973333333335 0.7209664796874999 0.21907280833333334
6 0.08001847734375 0.42961031388888893 0.08001847734375 0.4751319361111111 0.09042087890625 0.4751319361111111 0.09042087890625 0.42961031388888893
6 0.10402402031249999 0.44099071944444446 0.10402402031249999 0.47086428055555557 0.11442642109375001 0.47086428055555557 0.11442642109375001 0.44099071944444446
6 0.08241903125 0.48366724027777774 0.08241903125 0.50358295 0.091221065625 0.50358295 0.091221065625 0.48366724027777774
7 0.22141931874999998 0.10256669583333333 0.22141931874999998 0.16771040555555555 0.25806265703125 0.16771040555555555 0.25806265703125 0.10256669583333333
7 0.48727843125000003 0.2772072847222222 0.48727843125000003 0.3104721611111111 0.5044306320312499 0.3104721611111111 0.5044306320312499 0.2772072847222222