7 0.294497040625 0.15886445 0.294497040625 0.2001414625 0.31088644140625 0.2001414625 0.31088644140625 0.15886445
7 0.45429370703125 0.24870265416666668 0.45429370703125 0.26812713055555554 0.46385419140625006 0.26812713055555554 0.46385419140625006 0.24870265416666668
2 0.4392700890625 0.2632710111111111 0.4392700890625 0.2851235458333333 0.451562140625 0.2851235458333333 0.451562140625 0.2632710111111111
2 0.44746478984375004 0.26569907083333333 0.44746478984375004 0.2875516055555556 0.455659490625 0.2875516055555556 0.455659490625 0.26569907083333333
2 0.452927925 0.25113071388888886 0.452927925 0.2948357847222222 0.48024359375000003 0.2948357847222222 0.48024359375000003 0.25113071388888886
2 0.465219975 0.2681271277777778 0.465219975 0.29969190416666663 0.48297516093750004 0.29969190416666663 0.48297516093750004 0.2681271277777778
2 0.4720488921875 0.26569907083333333 0.4720488921875 0.3094041402777778 0.49526721171875004 0.3094041402777778 0.49526721171875004 0.26569907083333333
2 0.48297516015625 0.26569907083333333 0.48297516015625 0.3166883194444444 0.50209612890625 0.3166883194444444 0.50209612890625 0.26569907083333333
2 0.49390142812500004 0.2632710111111111 0.49390142812500004 0.3264005583333333 0.53077758203125 0.3264005583333333 0.53077758203125 0.2632710111111111
2 0.51438818125 0.2754113097222222 0.51438818125 0.3506811527777778 0.57994578671875 0.3506811527777778 0.57994578671875 0.2754113097222222
2 0.56628795234375 0.21713788055555555 0.56628795234375 0.4380912958333333 0.7370108859375 0.4380912958333333 0.7370108859375 0.21713788055555555
2 0.66052701171875 0.23656235555555555 0.66052701171875 0.5886309861111111 0.96919407734375 0.5886309861111111 0.96919407734375 0.23656235555555555
2 0.42151490390625 0.2608429513888889 0.42151490390625 0.2851235458333333 0.43653852187500003 0.2851235458333333 0.43653852187500003 0.2608429513888889
2 0.19889219765625 0.22927817777777776 0.19889219765625 0.394386225 0.33137319453125 0.394386225 0.33137319453125 0.22927817777777776
4 0.32591006093749997 0.24870265416666668 0.32591006093749997 0.3094041430555556 0.33410476093749997 0.3094041430555556 0.33410476093749997 0.24870265416666668
2 0.86949188359375 0.24627459444444447 0.86949188359375 0.717318138888889 0.9992413140625 0.717318138888889 0.9992413140625 0.24627459444444447