2 0.13257386796874998 0.4471118638888889 0.13257386796874998 0.5216305097222222 0.2690469671875 0.5216305097222222 0.2690469671875 0.4471118638888889
2 0.49598224999999996 0.41002584027777783 0.49598224999999996 0.4238897763888889 0.5047555195312501 0.4238897763888889 0.5047555195312501 0.41002584027777783
2 0.48915859531250006 0.41002584027777783 0.48915859531250006 0.4238897763888889 0.4989066734375 0.4238897763888889 0.4989066734375 0.41002584027777783
2 0.48136013203125005 0.41869079861111114 0.48136013203125005 0.43602071527777775 0.49403263359375 0.43602071527777775 0.49403263359375 0.41869079861111114
2 0.475511284375 0.42735575833333334 0.475511284375 0.44468567499999995 0.48818378671874996 0.44468567499999995 0.48818378671874996 0.42735575833333334
2 0.46576320468750004 0.4308217416666667 0.46576320468750004 0.46201559166666667 0.483309746875 0.46201559166666667 0.483309746875 0.4308217416666667
2 0.45504031874999995 0.4429526819444444 0.45504031874999995 0.47934552222222226 0.471612053125 0.47934552222222226 0.471612053125 0.4429526819444444
2 0.43651897109375 0.4481516736111111 0.43651897109375 0.49320945833333335 0.461863975 0.49320945833333335 0.461863975 0.4481516736111111
2 0.4150732 0.44988466111111114 0.4150732 0.5036074013888889 0.4443174359375 0.5036074013888889 0.4443174359375 0.44988466111111114
2 0.39947627265625 0.46201560277777776 0.39947627265625 0.5105393722222222 0.43749377890624996 0.5105393722222222 0.43749377890624996 0.46201560277777776
2 0.51742802265625 0.41522481666666666 0.51742802265625 0.4256227666666667 0.52620129375 0.4256227666666667 0.52620129375 0.41522481666666666
2 0.52327686953125 0.42042379166666666 0.52327686953125 0.4342877236111111 0.5330249484375 0.4342877236111111 0.5330249484375 0.42042379166666666
2 0.5281509085937499 0.4308217416666667 0.5281509085937499 0.4516176430555555 0.53692417890625 0.4516176430555555 0.53692417890625 0.4308217416666667
2 0.53107533046875 0.4308217416666667 0.53107533046875 0.4758795263888889 0.5456974484375 0.4758795263888889 0.5456974484375 0.4308217416666667
2 0.54179821875 0.4394867 0.54179821875 0.4828114930555556 0.5759164921875 0.4828114930555556 0.5759164921875 0.4394867
2 0.5525211046875 0.44988465 0.5525211046875 0.5140053569444445 0.6041859203125 0.5140053569444445 0.6041859203125 0.44988465
2 0.3380633796875 0.4720669486111111 0.3380633796875 0.5483185833333333 0.39850146796875 0.5483185833333333 0.39850146796875 0.4720669486111111
2 0.6709336632812499 0.44780506527777775 0.6709336632812499 0.6628151805555555 0.88929061953125 0.6628151805555555 0.88929061953125 0.44780506527777775
2 0.85666115234375 0.4131452319444444 0.85666115234375 0.4530040430555556 0.97363809375 0.4530040430555556 0.97363809375 0.4131452319444444
2 0.8758474398437499 0.48746582638888886 0.8758474398437499 0.7543465513888888 0.99867322890625 0.7543465513888888 0.99867322890625 0.48746582638888886
2 0.00144480078125 0.4753348847222222 0.00144480078125 0.73355065 0.1622880953125 0.73355065 0.1622880953125 0.4753348847222222