2 0.32948505234375 0.6134790708333333 0.32948505234375 0.6342749722222222 0.341182746875 0.6342749722222222 0.341182746875 0.6134790708333333
2 0.314862934375 0.6117460791666667 0.314862934375 0.6342749722222222 0.3275354359375 0.6342749722222222 0.3275354359375 0.6117460791666667
2 0.28854312265625 0.6134790708333333 0.28854312265625 0.6360079638888888 0.3070644703125 0.6360079638888888 0.3070644703125 0.6134790708333333
2 0.25734927109375 0.6082800958333333 0.25734927109375 0.6377409569444444 0.28659350703125 0.6377409569444444 0.28659350703125 0.6082800958333333
2 0.21153330234375 0.6117460791666667 0.21153330234375 0.6446729222222223 0.23882792187500002 0.6446729222222223 0.23882792187500002 0.6117460791666667
2 0.16669214140625 0.6117460791666667 0.16669214140625 0.6533378805555555 0.20958368593749999 0.6533378805555555 0.20958368593749999 0.6117460791666667
2 0.10917847890625001 0.6134790708333333 0.10917847890625001 0.6481389041666666 0.13452348203125 0.6481389041666666 0.13452348203125 0.6134790708333333
2 0.11892655703124999 0.6048141125 0.11892655703124999 0.6637358305555555 0.16571733359375002 0.6637358305555555 0.16571733359375002 0.6048141125
2 0.0009748078125000001 0.6082800958333333 0.0009748078125000001 0.6862647249999999 0.07603501171875 0.6862647249999999 0.07603501171875 0.6082800958333333
2 0.34508197734375 0.6134790708333333 0.34508197734375 0.6308089888888889 0.35872928671875004 0.6308089888888889 0.35872928671875004 0.6134790708333333
9 0.400646025 0.5996151375 0.400646025 0.6620028388888889 0.44061314609375 0.6620028388888889 0.44061314609375 0.5996151375
7 0.53614431484375 0.5545573527777777 0.53614431484375 0.6082800944444444 0.5780610523437499 0.6082800944444444 0.5780610523437499 0.5545573527777777
2 0.24892297578125003 0.6228855277777777 0.24892297578125003 0.6406720930555555 0.2609289078125 0.6406720930555555 0.2609289078125 0.6228855277777777