7 0.3723723859375 0.3374999583333333 0.3723723859375 0.34531245694444446 0.3829192609375 0.34531245694444446 0.3829192609375 0.3374999583333333
7 0.3670989484375 0.34374995694444443 0.3670989484375 0.3609374541666667 0.39170832031249997 0.3609374541666667 0.39170832031249997 0.34374995694444443
7 0.34688410859375 0.3312499583333333 0.34688410859375 0.3421874569444444 0.35830988828125 0.3421874569444444 0.35830988828125 0.3312499583333333
7 0.34073176484375 0.3374999583333333 0.34073176484375 0.3656249541666667 0.36534113671875 0.3656249541666667 0.36534113671875 0.3374999583333333
7 0.3178802046875 0.3359374583333333 0.3178802046875 0.3546874569444444 0.32842707890625 0.3546874569444444 0.32842707890625 0.3359374583333333
2 0.08233336015625001 0.39687494861111106 0.08233336015625001 0.4796874388888889 0.1579192875 0.4796874388888889 0.1579192875 0.39687494861111106
2 0.36446223046875004 0.3874999513888889 0.36446223046875004 0.4109374486111111 0.373251290625 0.4109374486111111 0.373251290625 0.3874999513888889
2 0.37061457343750004 0.38437495138888883 0.37061457343750004 0.4374999472222222 0.3969817578125 0.4374999472222222 0.3969817578125 0.38437495138888883
2 0.42862237890625005 0.39062495138888886 0.42862237890625005 0.4374999472222222 0.45323175078125005 0.4374999472222222 0.45323175078125005 0.39062495138888886
2 0.388192696875 0.39374995138888885 0.388192696875 0.4609374444444444 0.43565362734375 0.4609374444444444 0.43565362734375 0.39374995138888885
2 0.46289971875 0.39218745138888883 0.46289971875 0.45624994444444444 0.5182708054687499 0.45624994444444444 0.5182708054687499 0.39218745138888883
9 0.3196380171875 0.3781249541666667 0.3196380171875 0.4468749472222222 0.35830988671875 0.4468749472222222 0.35830988671875 0.3781249541666667