6 0.41165281875000004 0.37838794583333335 0.41165281875000004 0.4061086736111111 0.4178899828125 0.4061086736111111 0.4178899828125 0.37838794583333335
6 0.5254810609375 0.3936343444444444 0.5254810609375 0.421355075 0.533277515625 0.421355075 0.533277515625 0.3936343444444444
6 0.4217882109375 0.3742298347222222 0.4217882109375 0.4061086736111111 0.42958466562500003 0.4061086736111111 0.42958466562500003 0.3742298347222222
6 0.5356164515625 0.467094275 0.5356164515625 0.48511275 0.544972196875 0.48511275 0.544972196875 0.467094275
6 0.8739825937499999 0.38670416111111106 0.8739825937499999 0.43382940138888887 0.90282947734375 0.43382940138888887 0.90282947734375 0.38670416111111106
6 0.84279677421875 0.38670416111111106 0.84279677421875 0.4310573263888889 0.8537118093749999 0.4310573263888889 0.8537118093749999 0.38670416111111106
6 0.21518215546875 0.32849063333333334 0.21518215546875 0.36729965000000003 0.2276564828125 0.36729965000000003 0.2276564828125 0.32849063333333334
6 0.20972463593750001 0.43798751111111106 0.20972463593750001 0.4657082416666667 0.2183007359375 0.4657082416666667 0.2183007359375 0.43798751111111106
6 0.138776896875 0.4366014736111111 0.138776896875 0.4657082416666667 0.146573353125 0.4657082416666667 0.146573353125 0.4366014736111111
6 0.14813264296875 0.46293616666666665 0.14813264296875 0.4837267125 0.15748838828125 0.4837267125 0.15748838828125 0.46293616666666665
7 0.19880959921875002 0.324332525 0.19880959921875002 0.36175550833333336 0.21674144609375 0.36175550833333336 0.21674144609375 0.324332525
7 0.44829615703125 0.3853181263888889 0.44829615703125 0.4033366 0.48786761640625 0.4033366 0.48786761640625 0.3853181263888889
7 0.5200235421875 0.4532339111111111 0.5200235421875 0.4698663486111111 0.53795538828125 0.4698663486111111 0.53795538828125 0.4532339111111111
7 0.19179279062500001 0.38116001666666666 0.19179279062500001 0.39086227222222225 0.20426711874999998 0.39086227222222225 0.20426711874999998 0.38116001666666666
7 0.83422067421875 0.30631405 0.83422067421875 0.3368068513888889 0.884117984375 0.3368068513888889 0.884117984375 0.30631405
7 0.9488285609375 0.36868568888888886 0.9488285609375 0.4393735472222222 0.98547189921875 0.4393735472222222 0.98547189921875 0.36868568888888886
7 0.9464896242187499 0.34235099722222223 0.9464896242187499 0.4518478736111111 0.9784550890625001 0.4518478736111111 0.9784550890625001 0.34235099722222223
7 0.6533429203125001 0.45184787638888885 0.6533429203125001 0.48649878750000003 0.66659689375 0.48649878750000003 0.66659689375 0.45184787638888885
7 0.290028121875 0.4282852555555556 0.290028121875 0.4573920208333333 0.30873961484375 0.4573920208333333 0.30873961484375 0.4282852555555556
7 0.28846883125 0.4573920208333333 0.28846883125 0.48927085972222223 0.30250245 0.48927085972222223 0.30250245 0.4573920208333333
4 0.7609339984375 0.5086753666666667 0.7609339984375 0.5835213333333333 0.77730655390625 0.5835213333333333 0.77730655390625 0.5086753666666667
4 0.55978546171875 0.5114474416666667 0.55978546171875 0.5682749361111111 0.57381908046875 0.5682749361111111 0.57381908046875 0.5114474416666667
4 0.5496500695312501 0.5100614041666667 0.5496500695312501 0.5752051166666667 0.5613447515625001 0.5752051166666667 0.5613447515625001 0.5100614041666667
4 0.18555562734375 0.48927085694444444 0.18555562734375 0.5779771888888889 0.19725030859374998 0.5779771888888889 0.19725030859374998 0.48927085694444444
4 0.53483680546875 0.5225357319444445 0.53483680546875 0.5571866430555555 0.54575184296875 0.5571866430555555 0.54575184296875 0.5225357319444445
4 0.52704035078125 0.5253078055555556 0.52704035078125 0.5474843888888888 0.5363960960937499 0.5474843888888888 0.5363960960937499 0.5253078055555556
4 0.51534566875 0.5239217680555556 0.51534566875 0.5502564611111112 0.5231421234375 0.5502564611111112 0.5231421234375 0.5239217680555556
4 0.5075492140625 0.5211496958333334 0.5075492140625 0.5530285347222222 0.5161253140625 0.5530285347222222 0.5161253140625 0.5211496958333334
4 0.50131205 0.5211496958333334 0.50131205 0.5544145722222222 0.50910850625 0.5544145722222222 0.50910850625 0.5211496958333334
4 0.49429524062499997 0.5183776236111112 0.49429524062499997 0.5558006069444444 0.5020916953125 0.5558006069444444 0.5020916953125 0.5183776236111112
4 0.47792268515625 0.5169915875 0.47792268515625 0.5419402430555555 0.4841598484375 0.5419402430555555 0.4841598484375 0.5169915875
4 0.47246516562499996 0.5183776236111112 0.47246516562499996 0.5419402430555555 0.48104126640624995 0.5419402430555555 0.48104126640624995 0.5183776236111112
4 0.46778729453125 0.5114474416666667 0.46778729453125 0.533624025 0.47558374921875 0.533624025 0.47558374921875 0.5114474416666667
2 0.17152200703125 0.4878848222222222 0.17152200703125 0.5752051166666667 0.1886742078125 0.5752051166666667 0.1886742078125 0.4878848222222222
4 0.49741382265625 0.5169915875 0.49741382265625 0.5516424972222223 0.5044306320312499 0.5516424972222223 0.5044306320312499 0.5169915875
2 0.049117665625 0.4837267125 0.049117665625 0.5599587152777777 0.13253973359375 0.5599587152777777 0.13253973359375 0.4837267125
2 0.1231839875 0.49897311388888893 0.1231839875 0.5363960972222223 0.1450140609375 0.5363960972222223 0.1450140609375 0.49897311388888893
2 0.1434547703125 0.5031312222222222 0.1434547703125 0.5350100597222223 0.176979525 0.5350100597222223 0.176979525 0.5031312222222222
2 0.1941317265625 0.5017451861111111 0.1941317265625 0.533624025 0.21518215546875 0.533624025 0.21518215546875 0.5017451861111111
2 0.21050428203125 0.5031312222222222 0.21050428203125 0.5336240222222222 0.2268768375 0.5336240222222222 0.2268768375 0.5031312222222222
2 0.21752109062499997 0.5059032972222223 0.21752109062499997 0.5239217708333334 0.24558832812500003 0.5239217708333334 0.24558832812500003 0.5059032972222223
2 0.22999541953125 0.5128334777777778 0.22999541953125 0.5280798763888889 0.254944075 0.5280798763888889 0.254944075 0.5128334777777778
2 0.24714762031249998 0.5072893319444444 0.24714762031249998 0.5280798763888889 0.26897769375 0.5280798763888889 0.26897769375 0.5072893319444444
2 0.2588423015625 0.5142195125 0.2588423015625 0.5322379875 0.279113084375 0.5322379875 0.279113084375 0.5142195125
2 0.27365556796875 0.5142195125 0.27365556796875 0.5239217680555556 0.290028121875 0.5239217680555556 0.290028121875 0.5142195125
2 0.3017228046875 0.5100614041666667 0.3017228046875 0.5294659166666666 0.31341748671874997 0.5294659166666666 0.31341748671874997 0.5100614041666667
2 0.3102989046875 0.5059032972222223 0.3102989046875 0.5266938416666667 0.32121394140625 0.5266938416666667 0.32121394140625 0.5059032972222223
2 0.3196546515625 0.5100614041666667 0.3196546515625 0.5280798791666667 0.33056968828125 0.5280798791666667 0.33056968828125 0.5100614041666667
2 0.41165281875000004 0.51560555 0.41165281875000004 0.5391681708333333 0.42646608359375 0.5391681708333333 0.42646608359375 0.51560555
2 0.8591693296875 0.5142195125 0.8591693296875 0.5862934083333333 0.9082869953125 0.5862934083333333 0.9082869953125 0.5142195125
2 0.93401529609375 0.533624025 0.93401529609375 0.5752051166666667 0.97767544296875 0.5752051166666667 0.97767544296875 0.533624025
2 0.42256785546875 0.5072893319444444 0.42256785546875 0.5821352972222222 0.47558374765625 0.5821352972222222 0.47558374765625 0.5072893319444444
2 0.9269984875 0.5350100597222223 0.9269984875 0.6417348666666667 1 0.6417348666666667 1 0.5350100597222223
2 0.5823951796875 0.5128334777777778 0.5823951796875 0.5447123152777777 0.626055328125 0.5447123152777777 0.626055328125 0.5128334777777778