2 0.113590775 0.402631775 0.113590775 0.5767770249999999 0.22211395234375 0.5767770249999999 0.22211395234375 0.402631775
2 0.4480524984375 0.4213298472222222 0.4480524984375 0.4400279152777778 0.45857016406250006 0.4400279152777778 0.45857016406250006 0.4213298472222222
2 0.45857016328125005 0.43628830138888886 0.45857016328125005 0.4475071416666667 0.46803606093749994 0.4475071416666667 0.46803606093749994 0.43628830138888886
2 0.45646663125 0.4456373347222222 0.45646663125 0.46246560000000003 0.469087828125 0.46246560000000003 0.469087828125 0.4456373347222222
2 0.44279366640625 0.4231996527777778 0.44279366640625 0.4718146319444444 0.45857016328125005 0.4718146319444444 0.45857016328125005 0.4231996527777778
2 0.429120703125 0.4213298472222222 0.429120703125 0.48116367083333333 0.44910426328125 0.48116367083333333 0.44910426328125 0.4213298472222222
2 0.38705004609375 0.415720425 0.38705004609375 0.5017315472222222 0.43543130234375005 0.5017315472222222 0.43543130234375005 0.415720425
2 0 0.39639907916666667 0 0.8598441027777778 0.21080404140625003 0.8598441027777778 0.21080404140625003 0.39639907916666667
2 0.269402459375 0.40147427500000005 0.269402459375 0.5674279902777778 0.39250011328125 0.5674279902777778 0.39250011328125 0.40147427500000005
2 0.46768547812500005 0.4069946625 0.46768547812500005 0.4873963625 0.50870437109375 0.4873963625 0.50870437109375 0.4069946625
2 0.5055490625 0.4138506152777778 0.5055490625 0.4549863680555556 0.52658439140625 0.4549863680555556 0.52658439140625 0.4138506152777778
2 0.5188714359375 0.4150971513888889 0.5188714359375 0.4824102027777778 0.55883856171875 0.4824102027777778 0.55883856171875 0.4150971513888889
7 0.5757369367187499 0.3141275736111111 0.5757369367187499 0.3590029416666667 0.58730636875 0.3590029416666667 0.58730636875 0.3141275736111111
7 0.608341696875 0.29089132083333336 0.608341696875 0.318114925 0.633413215625 0.318114925 0.633413215625 0.29089132083333336
7 0.4172006796875 0.3340721638888889 0.4172006796875 0.36087275277777775 0.44279366484375 0.36087275277777775 0.44279366484375 0.3340721638888889
7 0.47518807578125 0.35526332916666664 0.47518807578125 0.3758312041666667 0.4888610390625 0.3758312041666667 0.4888610390625 0.35526332916666664
6 0.42491363671875 0.3590029416666667 0.42491363671875 0.3795708166666667 0.42912070390625 0.3795708166666667 0.42912070390625 0.3590029416666667
6 0.429120703125 0.3590029416666667 0.429120703125 0.38518024027777775 0.43332776875 0.38518024027777775 0.43332776875 0.3590029416666667
6 0.43437953515625 0.36274255694444446 0.43437953515625 0.38518024027777775 0.43858660078125 0.38518024027777775 0.43858660078125 0.36274255694444446
6 0.46277722812500005 0.3795708166666667 0.46277722812500005 0.39639907916666667 0.46698429453125 0.39639907916666667 0.46698429453125 0.3795708166666667
6 0.46698429453125 0.3758312041666667 0.46698429453125 0.4001386944444444 0.47224312656249995 0.4001386944444444 0.47224312656249995 0.3758312041666667