7 0.88999956328125 0.11264446249999999 0.88999956328125 0.2044930236111111 0.9572613046875 0.2044930236111111 0.9572613046875 0.11264446249999999
7 0.7096601125 0.16983318888888888 0.7096601125 0.24955080694444445 0.73890434765625 0.24955080694444445 0.73890434765625 0.16983318888888888
7 0.7262318453125001 0.28421064305555555 0.7262318453125001 0.29980756805555553 0.73890434609375 0.29980756805555553 0.73890434609375 0.28421064305555555
7 0.864654559375 0.26861371805555556 0.864654559375 0.287676625 0.89097437109375 0.287676625 0.89097437109375 0.26861371805555556
7 0.350930825 0.33100141944444444 0.350930825 0.3604622791666667 0.37822544453125 0.3604622791666667 0.37822544453125 0.33100141944444444
4 0.73110588515625 0.38299117222222223 0.73110588515625 0.43324793194444444 0.75450127265625 0.43324793194444444 0.75450127265625 0.38299117222222223
4 0.66871818203125 0.3847241625 0.66871818203125 0.45832081944444447 0.68996355703125 0.45832081944444447 0.68996355703125 0.3847241625
2 0.43768872265625003 0.4072530555555555 0.43768872265625003 0.4349809236111111 0.44743680234375 0.4349809236111111 0.44743680234375 0.4072530555555555
2 0.42696583749999995 0.4037870736111111 0.42696583749999995 0.44191289166666664 0.44353757031249996 0.44191289166666664 0.44353757031249996 0.4037870736111111
2 0.41136891093749994 0.4020540819444445 0.41136891093749994 0.4471118652777778 0.43281468359374997 0.4471118652777778 0.43281468359374997 0.4020540819444445
2 0.3753010203125 0.3985880972222222 0.3753010203125 0.4661747736111111 0.42306660546875 0.4661747736111111 0.42306660546875 0.3985880972222222
2 0.3411827453125 0.4141850222222222 0.3411827453125 0.48350469166666665 0.384074290625 0.48350469166666665 0.384074290625 0.4141850222222222
2 0.6482472171875 0.42804895694444445 0.6482472171875 0.4904366597222222 0.657995296875 0.4904366597222222 0.657995296875 0.42804895694444445
2 0.6823654921875 0.3725932208333333 0.6823654921875 0.5372274347222222 0.9163193749999999 0.5372274347222222 0.9163193749999999 0.3725932208333333
2 0.15109521640625 0.3691272375 0.15109521640625 0.6342749722222222 0.3655529421875 0.6342749722222222 0.3655529421875 0.3691272375
9 0.42696583749999995 0.12650839583333334 0.42696583749999995 0.6446729236111112 0.6628693359375 0.6446729236111112 0.6628693359375 0.12650839583333334
2 0.8178637828124999 0.36739424583333335 0.8178637828124999 0.7919772208333333 0.9991780421875 0.7919772208333333 0.9991780421875 0.36739424583333335