7 0.55903536640625 0.44936704166666663 0.55903536640625 0.5052841930555556 0.62343994453125 0.5052841930555556 0.62343994453125 0.44936704166666663
7 0.62383773984375 0.4233729333333333 0.62383773984375 0.5035090486111111 0.6778593164062501 0.5035090486111111 0.6778593164062501 0.4233729333333333
2 0.0006101796875 0.6488164902777778 0.0006101796875 0.906129698611111 0.251377559375 0.906129698611111 0.251377559375 0.6488164902777778
2 0.21629062812500002 0.6753604986111111 0.21629062812500002 0.711751025 0.2607247953125 0.711751025 0.2607247953125 0.6753604986111111
2 0.29136831171875 0.6649703444444444 0.29136831171875 0.7013608763888889 0.334304696875 0.7013608763888889 0.334304696875 0.6649703444444444
2 0.33230765624999997 0.6747336583333333 0.33230765624999997 0.6969230055555555 0.350281025 0.6969230055555555 0.350281025 0.6747336583333333
2 0.37197567421875 0.6426035013888889 0.37197567421875 0.6497040916666666 0.37846605859375 0.6497040916666666 0.37846605859375 0.6426035013888889
2 0.37796679843750003 0.6497040916666666 0.37796679843750003 0.6568046833333334 0.38295940078125 0.6568046833333334 0.38295940078125 0.6497040916666666
2 0.38295940234375003 0.6532543875 0.38295940234375003 0.6621301263888889 0.3879520046875 0.6621301263888889 0.3879520046875 0.6532543875
2 0.38745274453125 0.6559171097222222 0.38745274453125 0.6665679972222223 0.39344386875000004 0.6665679972222223 0.39344386875000004 0.6559171097222222
2 0.403429075 0.6497040916666666 0.403429075 0.6594674055555555 0.40842167734375 0.6594674055555555 0.40842167734375 0.6497040916666666
2 0.39843647109375 0.6603549791666666 0.39843647109375 0.6710058652777777 0.40542611484375 0.6710058652777777 0.40542611484375 0.6603549791666666
2 0.3574971265625 0.6390532055555556 0.3574971265625 0.6470413694444445 0.3624897296875 0.6470413694444445 0.3624897296875 0.6390532055555556
2 0.36049268828125 0.6488165194444444 0.36049268828125 0.6568046833333334 0.36498603046875 0.6568046833333334 0.36498603046875 0.6488165194444444
2 0.35200526328125 0.6417159277777778 0.35200526328125 0.6514792416666666 0.35799638671875 0.6514792416666666 0.35799638671875 0.6417159277777778
2 0.35849564765625 0.6568046833333334 0.35849564765625 0.6656804208333333 0.36548529296875 0.6656804208333333 0.36548529296875 0.6568046833333334
2 0.36947937343750004 0.6559171097222222 0.36947937343750004 0.6656804236111111 0.37796679843750003 0.6656804236111111 0.37796679843750003 0.6559171097222222
2 0.37147641484375 0.6665679972222223 0.37147641484375 0.6763313097222222 0.37946457968749997 0.6763313097222222 0.37946457968749997 0.6665679972222223
2 0.3754704984375 0.6772188819444445 0.3754704984375 0.6843194722222222 0.381461621875 0.6843194722222222 0.381461621875 0.6772188819444445
2 0.35849564765625 0.6772188819444445 0.35849564765625 0.6860946194444445 0.36648381171875 0.6860946194444445 0.36648381171875 0.6772188819444445
2 0.40542611484375 0.6585798305555556 0.40542611484375 0.6701182902777778 0.4104187171875 0.6701182902777778 0.4104187171875 0.6585798305555556
2 0.4099194578125 0.6656804208333333 0.4099194578125 0.6772188819444445 0.41840688281249994 0.6772188819444445 0.41840688281249994 0.6656804208333333
2 0.41740836249999996 0.6656804208333333 0.41740836249999996 0.6754437347222222 0.42639504765625 0.6754437347222222 0.42639504765625 0.6656804208333333
2 0.41940540234375 0.6745561597222222 0.41940540234375 0.6852070458333333 0.42589578671875 0.6852070458333333 0.42589578671875 0.6745561597222222
2 0.42389874609374995 0.6674555708333334 0.42389874609374995 0.6994082291666667 0.44686471953125 0.6994082291666667 0.44686471953125 0.6674555708333334
2 0.4967907484375 0.6683431430555555 0.4967907484375 0.6887573416666667 0.51276707890625 0.6887573416666667 0.51276707890625 0.6683431430555555
2 0.447863240625 0.6647928486111111 0.447863240625 0.7313608888888888 0.49978631093750003 0.7313608888888888 0.49978631093750003 0.6647928486111111
9 0.53846418828125 0.6142011388888889 0.53846418828125 0.7548819291666666 0.6350858515625 0.7548819291666666 0.6350858515625 0.6142011388888889
9 0.50727521640625 0.5964496611111111 0.50727521640625 0.7056212444444445 0.5596975468750001 0.7056212444444445 0.5596975468750001 0.5964496611111111
2 0.3938718 0.6557903152777779 0.3938718 0.6708790736111111 0.39886440234375 0.6708790736111111 0.39886440234375 0.6557903152777779