7 0.089682321875 0.717458575 0.089682321875 0.7434534486111111 0.1043044390625 0.7434534486111111 0.1043044390625 0.717458575
7 0.51957258203125 0.6516048888888889 0.51957258203125 0.6654688222222223 0.52737104453125 0.6654688222222223 0.52737104453125 0.6516048888888889
7 0.5069000796875 0.6394739472222223 0.5069000796875 0.6533378805555555 0.51567335078125 0.6533378805555555 0.51567335078125 0.6394739472222223
7 0.48058026796875 0.6065471041666667 0.48058026796875 0.6256100138888889 0.48935353828125 0.6256100138888889 0.48935353828125 0.6065471041666667
2 0.36457813515625 0.6585368555555556 0.36457813515625 0.6706678013888888 0.376275828125 0.6706678013888888 0.376275828125 0.6585368555555556
2 0.35288043984375 0.6637358305555555 0.35288043984375 0.675866775 0.3655529421875 0.675866775 0.3655529421875 0.6637358305555555
2 0.35093082343750004 0.6724007902777778 0.35093082343750004 0.6862647236111111 0.35677967265625 0.6862647236111111 0.35677967265625 0.6724007902777778
2 0.34508197734375 0.6810657486111111 0.34508197734375 0.6914636986111111 0.35385524765625 0.6914636986111111 0.35385524765625 0.6810657486111111
2 0.33728351484374997 0.6845317319444444 0.33728351484374997 0.7018616486111111 0.34800640078125 0.7018616486111111 0.34800640078125 0.6845317319444444
2 0.33240947578125 0.6879977138888889 0.33240947578125 0.7105266069444445 0.34313236171875 0.7105266069444445 0.34313236171875 0.6879977138888889
2 0.3255858203125 0.6966626736111111 0.3255858203125 0.717458575 0.3353338984375 0.717458575 0.3353338984375 0.6966626736111111
2 0.31193851171875 0.6966626736111111 0.31193851171875 0.717458575 0.32851024296875 0.717458575 0.32851024296875 0.6966626736111111
2 0.3080392796875 0.7070606236111111 0.3080392796875 0.727856525 0.32461101171875 0.727856525 0.32461101171875 0.7070606236111111
2 0.37530102109375 0.6689348055555555 0.37530102109375 0.6827987430555555 0.38309948515625003 0.6827987430555555 0.38309948515625003 0.6689348055555555
2 0.38017506015625 0.6741337819444445 0.38017506015625 0.6949296819444445 0.38894833046875 0.6949296819444445 0.38894833046875 0.6741337819444445
2 0.38894833046875 0.6637358305555555 0.38894833046875 0.708793613888889 0.40552006484375 0.708793613888889 0.40552006484375 0.6637358305555555
2 0.3928475609375 0.6793327555555555 0.3928475609375 0.7105266069444445 0.4094192953125 0.7105266069444445 0.4094192953125 0.6793327555555555
2 0.39967121640625003 0.6689348055555555 0.39967121640625003 0.7122596027777778 0.42306660546875 0.7122596027777778 0.42306660546875 0.6689348055555555
2 0.4133185265625 0.6706677999999999 0.4133185265625 0.7261235333333333 0.43378949140625 0.7261235333333333 0.43378949140625 0.6706677999999999
2 0.42501622109375 0.6654688222222223 0.42501622109375 0.738254475 0.456210071875 0.738254475 0.456210071875 0.6654688222222223
2 0.43086506796875 0.6827987402777778 0.43086506796875 0.74345345 0.45133603281249995 0.74345345 0.45133603281249995 0.6827987402777778
2 0.44158795390625 0.6620028388888889 0.44158795390625 0.7607833680555555 0.5069000796875 0.7607833680555555 0.5069000796875 0.6620028388888889
2 0.28171946718749996 0.7122596013888889 0.28171946718749996 0.7451864416666666 0.30803928046875 0.7451864416666666 0.30803928046875 0.7122596013888889
2 0.36262851875 0.6845317319444444 0.36262851875 0.7053276319444445 0.37822544453125 0.7053276319444445 0.37822544453125 0.6845317319444444
4 0.73110588515625 0.5770862444444445 0.73110588515625 0.7521184111111111 0.76619896796875 0.7521184111111111 0.76619896796875 0.5770862444444445
4 0.6375243312500001 0.6065471041666667 0.6375243312500001 0.7035946402777777 0.669692990625 0.7035946402777777 0.669692990625 0.6065471041666667
4 0.559539703125 0.6273430041666667 0.559539703125 0.696662675 0.57513662734375 0.696662675 0.57513662734375 0.6273430041666667
4 0.5371191234375 0.6429399305555555 0.5371191234375 0.6689348041666666 0.5507664328125 0.6689348041666666 0.5507664328125 0.6429399305555555
2 0.52639623671875 0.6446729222222223 0.52639623671875 0.6602698472222223 0.5351695078125001 0.6602698472222223 0.5351695078125001 0.6446729222222223