0 0.0007972414062500001 0.4379528763888889 0.0007972414062500001 0.5038584083333333 0.05819883203125 0.5038584083333333 0.05819883203125 0.4379528763888889
0 0.0749409625 0.44433083055555556 0.0749409625 0.5102363611111111 0.13234255234375 0.5102363611111111 0.13234255234375 0.44433083055555556
0 0.094074825 0.4485828013888889 0.094074825 0.5038584083333333 0.13353841875 0.5038584083333333 0.13353841875 0.4485828013888889
2 0.1251673546875 0.44433083055555556 0.1251673546875 0.5697639361111111 0.26269199765625 0.5697639361111111 0.26269199765625 0.44433083055555556
4 0.32009358906249996 0.4627560138888889 0.32009358906249996 0.5690552541666667 0.35238198203125004 0.5690552541666667 0.35238198203125004 0.4627560138888889
0 0.3499902515625 0.4911024986111111 0.3499902515625 0.5548820430555556 0.39304144375 0.5548820430555556 0.39304144375 0.4911024986111111
4 0.454030634375 0.47196863611111106 0.454030634375 0.5676379541666666 0.47196863125000005 0.5676379541666666 0.47196863125000005 0.47196863611111106
4 0.4851231625 0.4740946208333333 0.4851231625 0.5655119694444444 0.50186529453125 0.5655119694444444 0.50186529453125 0.4740946208333333
7 0.53774128828125 0.4081890888888889 0.53774128828125 0.43370090833333336 0.549699953125 0.43370090833333336 0.549699953125 0.4081890888888889
7 0.51382395859375 0.4060631027777778 0.51382395859375 0.4315749208333334 0.53176195546875 0.4315749208333334 0.53176195546875 0.4060631027777778
4 0.7031209921875 0.5017324236111111 0.7031209921875 0.5960382708333334 0.7217471882812501 0.5960382708333334 0.7217471882812501 0.5017324236111111
0 0.6896163296875 0.5272442388888889 0.6896163296875 0.5629250333333333 0.7088521296875 0.5629250333333333 0.7088521296875 0.5272442388888889
0 0.7160160515625 0.5251182555555556 0.7160160515625 0.5676379513888888 0.73607503125 0.5676379513888888 0.73607503125 0.5251182555555556
7 0.60646873046875 0.35121268888888885 0.60646873046875 0.39585837222222225 0.64832405625 0.39585837222222225 0.64832405625 0.35121268888888885
6 0.66745792109375 0.24491344722222222 0.66745792109375 0.3193229166666667 0.690179384375 0.3193229166666667 0.690179384375 0.24491344722222222
6 0.68898351640625 0.2512914013888889 0.68898351640625 0.3193229166666667 0.70094218203125 0.3193229166666667 0.70094218203125 0.2512914013888889
7 0.6722413859375 0.22152761388888892 0.6722413859375 0.2512914013888889 0.6853959171875 0.2512914013888889 0.6853959171875 0.22152761388888892
2 0.7590335359375 0.45951644166666666 0.7590335359375 0.5977054569444444 0.8762284492187501 0.5977054569444444 0.8762284492187501 0.45951644166666666
2 0.87553868671875 0.5191654902777778 0.87553868671875 0.5914489749999999 0.9305485414062501 0.5914489749999999 0.9305485414062501 0.5191654902777778
1 0.90782708125 0.4638898875 0.90782708125 0.5850710250000001 0.9987129328125001 0.5850710250000001 0.9987129328125001 0.4638898875
6 0.014514825781249999 0.33845678194444445 0.014514825781249999 0.3724725375 0.032452822656250005 0.3724725375 0.032452822656250005 0.33845678194444445
7 0.06952468359375 0.34270875 0.06952468359375 0.3554646597222222 0.09344201328125 0.3554646597222222 0.09344201328125 0.34270875
7 0.101813078125 0.3129449597222222 0.101813078125 0.33633079444444447 0.111380009375 0.33633079444444447 0.111380009375 0.3129449597222222
7 0.02766935703125 0.3724725375 0.02766935703125 0.4213701875 0.049194953125 0.4213701875 0.049194953125 0.3724725375