7 0.328450696875 0.30725073333333336 0.328450696875 0.329003 0.3490983546875 0.329003 0.3490983546875 0.30725073333333336
7 0.35062781015625 0.29093653750000004 0.35062781015625 0.3385196138888889 0.397276221875 0.3385196138888889 0.397276221875 0.29093653750000004
7 0.2840964703125 0.329003 0.2840964703125 0.3453171972222222 0.3032146703125 0.3453171972222222 0.3032146703125 0.329003
2 0.51072909453125 0.4321320472222222 0.51072909453125 0.45660334722222223 0.52525892734375 0.45660334722222223 0.52525892734375 0.4321320472222222
2 0.4724926921875 0.4334915625 0.4724926921875 0.4593223777777778 0.48625779609375 0.4593223777777778 0.48625779609375 0.4334915625
2 0.4350210171875 0.43892962916666667 0.4350210171875 0.46068189444444446 0.45108030625 0.46068189444444446 0.45108030625 0.43892962916666667
2 0.37766641328125 0.4307725305555556 0.37766641328125 0.45796285972222217 0.4013729828125 0.45796285972222217 0.4013729828125 0.4307725305555556
2 0.35395984453125 0.4348510777777778 0.35395984453125 0.47971512361111107 0.38760787812499997 0.47971512361111107 0.38760787812499997 0.4348510777777778
2 0.27595758203125 0.4253344638888889 0.27595758203125 0.46611996111111115 0.30960561640625 0.46611996111111115 0.30960561640625 0.4253344638888889
2 0.0889665515625 0.41655587777777775 0.0889665515625 0.5225981680555556 0.1792044625 0.5225981680555556 0.1792044625 0.41655587777777775
2 0 0.4024434458333333 0 0.6498754527777778 0.15898277968750002 0.6498754527777778 0.15898277968750002 0.4024434458333333
2 0.21208457578125 0.41691840277777775 0.21208457578125 0.49848939722222224 0.2732628203125 0.49848939722222224 0.2732628203125 0.41691840277777775
2 0.3053813984375 0.4237159861111111 0.3053813984375 0.4971298763888889 0.35967709062500003 0.4971298763888889 0.35967709062500003 0.4237159861111111
2 0.40479605 0.4332326027777778 0.40479605 0.4794561638888889 0.43614989921875 0.4794561638888889 0.43614989921875 0.4332326027777778
2 0.4866219515625 0.42779453472222223 0.4866219515625 0.46042293055555555 0.5087990648437499 0.46042293055555555 0.5087990648437499 0.42779453472222223
2 0.43920881171875 0.4427492180555555 0.43920881171875 0.5012084291666666 0.4782099421875 0.5012084291666666 0.4782099421875 0.4427492180555555
2 0.85689570390625 0.39431289999999997 0.85689570390625 0.651261525 0.999135121875 0.651261525 0.999135121875 0.39431289999999997