7 0.5982348414062499 0.1329382888888889 0.5982348414062499 0.24170599166666665 0.7481903109375 0.24170599166666665 0.7481903109375 0.1329382888888889
7 0.54425087265625 0.43578169027777774 0.54425087265625 0.4635067888888889 0.57064303359375 0.4635067888888889 0.57064303359375 0.43578169027777774
6 0.56944339140625 0.4784356902777778 0.56944339140625 0.49549729027777784 0.57664125390625 0.49549729027777784 0.57664125390625 0.4784356902777778
6 0.54545051640625 0.4763029902777778 0.54545051640625 0.49549729027777784 0.55384802265625 0.49549729027777784 0.55384802265625 0.4763029902777778
2 0.5394522976562499 0.5040280902777777 0.5394522976562499 0.5210896902777777 0.55384802265625 0.5210896902777777 0.55384802265625 0.5040280902777777
2 0.52145764296875 0.49976269027777775 0.52145764296875 0.5168242875 0.53225443671875 0.5168242875 0.53225443671875 0.49976269027777775
2 0.43868222265625 0.5168242916666667 0.43868222265625 0.5466820916666667 0.46147545390625 0.5466820916666667 0.46147545390625 0.5168242916666667
2 0.41948792265624996 0.5232223902777778 0.41948792265624996 0.5509474902777778 0.44228115390625 0.5509474902777778 0.44228115390625 0.5232223902777778
2 0.39429540390625 0.5189569902777778 0.39429540390625 0.5594782902777777 0.42188721015624997 0.5594782902777777 0.42188721015624997 0.5189569902777778
2 0.3520813 0.5253550902777778 0.3520813 0.5732879347222222 0.39549504765625 0.5732879347222222 0.39549504765625 0.5253550902777778
2 0.199953115625 0.5360185902777778 0.199953115625 0.6362554930555555 0.275530671875 0.6362554930555555 0.275530671875 0.5360185902777778
2 0.09438446484375 0.5424166902777777 0.09438446484375 0.6661132902777778 0.20835062187500003 0.6661132902777778 0.20835062187500003 0.5424166902777777
2 0 0.5637436902777778 0 0.7002364902777778 0.09438446484375 0.7002364902777778 0.09438446484375 0.5637436902777778
2 0.6522188109375 0.49976269027777775 0.6522188109375 0.5680090902777778 0.7122009984375001 0.5680090902777778 0.7122009984375001 0.49976269027777775