7 0.7749937359375 0.33554464305555554 0.7749937359375 0.3934241388888889 0.8101907273437501 0.3934241388888889 0.8101907273437501 0.33554464305555554
7 0.6500884171875 0.3535342138888889 0.6500884171875 0.3973349138888889 0.6747263109375 0.3973349138888889 0.6747263109375 0.3535342138888889
7 0.62457059921875 0.3848204277777778 0.62457059921875 0.40828509027777776 0.64304901875 0.40828509027777776 0.64304901875 0.3848204277777778
7 0.61313157734375 0.39107767083333334 0.61313157734375 0.4176709527777778 0.62809029765625 0.4176709527777778 0.62809029765625 0.39107767083333334
7 0.57881451171875 0.3848204277777778 0.57881451171875 0.40046353472222224 0.5911334578125 0.40046353472222224 0.5911334578125 0.3848204277777778
7 0.5796944359375 0.3988992263888889 0.5796944359375 0.4239281986111111 0.59025353359375 0.4239281986111111 0.59025353359375 0.3988992263888889
7 0.540977746875 0.37387025555555553 0.540977746875 0.39264198333333333 0.5506569203125 0.39264198333333333 0.5506569203125 0.37387025555555553
7 0.540977746875 0.3973349138888889 0.540977746875 0.41297802083333335 0.5506569203125 0.41297802083333335 0.5506569203125 0.3973349138888889
7 0.5427375960937499 0.41297802222222224 0.5427375960937499 0.42705681805555556 0.5506569203125 0.42705681805555556 0.5506569203125 0.41297802222222224
7 0.45650496953125 0.38794905138888885 0.45650496953125 0.41297802222222224 0.48554248671875 0.41297802222222224 0.48554248671875 0.38794905138888885
2 0.4566809515625 0.4290122055555555 0.4566809515625 0.45091255555555554 0.47163967265625006 0.45091255555555554 0.47163967265625006 0.4290122055555555
2 0.43996238203125 0.42588358611111116 0.43996238203125 0.4477839347222222 0.45580102812499995 0.4477839347222222 0.45580102812499995 0.42588358611111116
2 0.4311631328125 0.4337051388888889 0.4311631328125 0.4540411777777778 0.4452419296875 0.4540411777777778 0.4452419296875 0.4337051388888889
2 0.40828508984375 0.4211906527777778 0.40828508984375 0.45716979722222223 0.4338029078125 0.45716979722222223 0.4338029078125 0.4211906527777778
2 0.37836764765625 0.4180620333333333 0.37836764765625 0.4602984236111111 0.41268471328125 0.4602984236111111 0.41268471328125 0.4180620333333333
2 0.32469223828125 0.4290122055555555 0.32469223828125 0.46811997361111113 0.35108998046875 0.46811997361111113 0.35108998046875 0.4290122055555555
2 0.33965095859375 0.42588358611111116 0.33965095859375 0.48063446249999997 0.3880468203125 0.48063446249999997 0.3880468203125 0.42588358611111116
2 0.286855471875 0.4164977208333333 0.286855471875 0.4775058361111111 0.331731634375 0.4775058361111111 0.331731634375 0.4164977208333333
2 0.17070540390625 0.3961616819444444 0.17070540390625 0.5025348111111111 0.29389487187499996 0.5025348111111111 0.29389487187499996 0.3961616819444444
9 0 0.39303306111111114 0 0.5322567125 0.1803845765625 0.5322567125 0.1803845765625 0.39303306111111114
2 0.53499425546875 0.4243192763888889 0.53499425546875 0.46499135277777776 0.553472675 0.46499135277777776 0.553472675 0.4243192763888889
2 0.45932072578125 0.4164977208333333 0.45932072578125 0.5525927513888889 0.55435260078125 0.5525927513888889 0.55435260078125 0.4164977208333333
2 0.55611245 0.42705681805555556 0.55611245 0.4614716527777778 0.571951096875 0.4614716527777778 0.571951096875 0.42705681805555556
2 0.567551471875 0.420799575 0.567551471875 0.4661645861111111 0.59570906484375 0.4661645861111111 0.59570906484375 0.420799575
2 0.5825101921875 0.4223638861111111 0.5825101921875 0.4567787208333333 0.6185871078125 0.4567787208333333 0.6185871078125 0.4223638861111111
2 0.60626816171875 0.4239281986111111 0.60626816171875 0.4614716527777778 0.64850455 0.4614716527777778 0.64850455 0.4239281986111111
2 0.64322500234375 0.40515646666666666 0.64322500234375 0.47085751666666664 0.69954018671875 0.47085751666666664 0.69954018671875 0.40515646666666666
2 0.69690041171875 0.3863847416666667 0.69690041171875 0.49432217777777776 0.7936921359375 0.49432217777777776 0.7936921359375 0.3863847416666667