6 0.562124678125 0.4068018958333333 0.562124678125 0.42759244999999996 0.5699211375 0.42759244999999996 0.5699211375 0.4068018958333333
7 0.6727460749999999 0.3801369222222222 0.6727460749999999 0.40855068333333333 0.6836611171875 0.40855068333333333 0.6836611171875 0.3801369222222222
7 0.5674938796875 0.3919182375 0.5674938796875 0.4050855888888889 0.5749005140625 0.4050855888888889 0.5749005140625 0.3919182375
7 0.31293950078125 0.23044491388888888 0.31293950078125 0.3087560125 0.34412533671875 0.3087560125 0.34412533671875 0.23044491388888888
7 0.53708768984375 0.43142029583333336 0.53708768984375 0.45013179861111113 0.54176556484375 0.45013179861111113 0.54176556484375 0.43142029583333336
7 0.42247974531250004 0.39815540416666667 0.42247974531250004 0.43211331388888885 0.43066602890625 0.43211331388888885 0.43066602890625 0.39815540416666667
6 0.5686633492187501 0.4362714263888889 0.5686633492187501 0.4508248138888889 0.57840892421875 0.4508248138888889 0.57840892421875 0.4362714263888889
6 0.45639434296875 0.4043925708333333 0.45639434296875 0.41548086527777783 0.461462040625 0.41548086527777783 0.461462040625 0.4043925708333333
7 0.59439166328125 0.44458764722222227 0.59439166328125 0.4508248125 0.60608635078125 0.4508248125 0.60608635078125 0.44458764722222227
7 0.61232351953125 0.44458764722222227 0.61232351953125 0.45290386944444444 0.6189505093750001 0.45290386944444444 0.6189505093750001 0.44458764722222227
2 0.50005451171875 0.45498292638888893 0.50005451171875 0.47577348194444447 0.5125288453125 0.47577348194444447 0.5125288453125 0.45498292638888893
2 0.50551203203125 0.4653782055555556 0.50551203203125 0.4903268763888889 0.5172067203124999 0.4903268763888889 0.5172067203124999 0.4653782055555556
2 0.51291866875 0.4612200958333333 0.51291866875 0.49379196805555553 0.5304607 0.49379196805555553 0.5304607 0.4612200958333333
2 0.52656247265625 0.4612200958333333 0.52656247265625 0.4986430986111111 0.54683326484375 0.4986430986111111 0.54683326484375 0.4612200958333333
2 0.5405960976562499 0.4646851861111111 0.5405960976562499 0.5000291347222222 0.555019546875 0.5000291347222222 0.555019546875 0.4646851861111111
2 0.5511213164062501 0.46260612916666666 0.5511213164062501 0.5028012013888888 0.56437529765625 0.5028012013888888 0.56437529765625 0.46260612916666666
2 0.5581381289062499 0.4632991472222222 0.5581381289062499 0.5131964847222222 0.584256265625 0.5131964847222222 0.584256265625 0.4632991472222222
2 0.5760699851562501 0.45844801944444447 0.5760699851562501 0.5228987458333333 0.60179829921875 0.5228987458333333 0.60179829921875 0.45844801944444447
2 0.58659520546875 0.4591410361111111 0.58659520546875 0.527749875 0.6310350203125 0.527749875 0.6310350203125 0.4591410361111111
2 0.5994593625 0.47369442916666665 0.5994593625 0.5416102458333334 0.6481872296875 0.5416102458333334 0.6481872296875 0.47369442916666665
2 0.63064519609375 0.4771595208333333 0.63064519609375 0.5582426916666666 0.6774239484375 0.5582426916666666 0.6774239484375 0.4771595208333333
2 0.65286510390625 0.4854757444444444 0.65286510390625 0.5665589125 0.70237261640625 0.5665589125 0.70237261640625 0.4854757444444444
2 0.676644303125 0.4653782055555556 0.676644303125 0.5859634402777778 0.76630357890625 0.5859634402777778 0.76630357890625 0.4653782055555556
2 0.704711553125 0.4730014083333333 0.704711553125 0.6060609736111111 0.7768287968750001 0.6060609736111111 0.7768287968750001 0.4730014083333333
2 0.73277880546875 0.44458764722222227 0.73277880546875 0.6684326416666667 0.95380841328125 0.6684326416666667 0.95380841328125 0.44458764722222227
2 0.39246338125 0.4341923680555556 0.39246338125 0.6587303833333333 0.5234438890625001 0.6587303833333333 0.5234438890625001 0.4341923680555556