7 0.42292953984375004 0.38624986527777777 0.42292953984375004 0.4237498513888889 0.48093733203125 0.4237498513888889 0.48093733203125 0.38624986527777777
7 0.3438280046875 0.3487498777777778 0.3438280046875 0.4162498541666667 0.42187485234375 0.4162498541666667 0.42187485234375 0.3487498777777778
7 0.25207022421874997 0.3599998736111111 0.25207022421874997 0.40874985694444443 0.294257709375 0.40874985694444443 0.294257709375 0.3599998736111111
2 0.35859362421875 0.4631248375 0.35859362421875 0.4724998388888889 0.36703112109374997 0.4724998388888889 0.36703112109374997 0.4631248375
2 0.365976434375 0.4593748388888889 0.365976434375 0.47437483472222225 0.37546861875 0.47437483472222225 0.37546861875 0.4593748388888889
2 0.36492174765624996 0.4762498333333333 0.36492174765624996 0.4912498277777778 0.37863267890625 0.4912498277777778 0.37863267890625 0.4762498333333333
2 0.29953114531249997 0.45374984166666665 0.29953114531249997 0.47249983472222223 0.313242078125 0.47249983472222223 0.313242078125 0.45374984166666665
2 0.30269520546875 0.47249983472222223 0.30269520546875 0.4949998236111111 0.3185155125 0.4949998236111111 0.3185155125 0.47249983472222223
2 0.01160155859375 0.46562482638888886 0.01160155859375 0.48624981944444445 0.04007811015625 0.48624981944444445 0.04007811015625 0.46562482638888886
9 0.27119960859375 0.4409998458333333 0.27119960859375 0.48974982916666665 0.2986214734375 0.48974982916666665 0.2986214734375 0.4409998458333333
2 0.1488559015625 0.48037482638888884 0.1488559015625 0.5291248097222222 0.1973715109375 0.5291248097222222 0.1973715109375 0.48037482638888884
2 0.3735042609375 0.4897498236111111 0.3735042609375 0.5066248180555556 0.3914339421875 0.5066248180555556 0.3914339421875 0.4897498236111111
2 0.39670737734375 0.49162482222222226 0.39670737734375 0.5197498125000001 0.41885580703125 0.5197498125000001 0.41885580703125 0.49162482222222226
2 0.42940267890625006 0.49349982361111105 0.42940267890625006 0.5666247972222223 0.4810823453125 0.5666247972222223 0.4810823453125 0.49349982361111105
2 0.21424650390625 0.4578748347222222 0.21424650390625 0.47662482916666665 0.23744962109375 0.47662482916666665 0.23744962109375 0.4578748347222222
2 0.25326992734375 0.45224983611111114 0.25326992734375 0.46912483055555554 0.27752773359375 0.46912483055555554 0.27752773359375 0.45224983611111114
2 0.180496515625 0.45224983611111114 0.180496515625 0.4784998263888889 0.20159025859375 0.4784998263888889 0.20159025859375 0.45224983611111114
2 0.9217965523437501 0.6187497833333333 0.9217965523437501 0.7612497333333335 0.998788715625 0.7612497333333335 0.998788715625 0.6187497833333333