2 0.09236108828125 0.484224425 0.09236108828125 0.8387211124999999 0.38873610234375 0.8387211124999999 0.38873610234375 0.484224425
2 0.9009049046875001 0.6031993416666667 0.9009049046875001 0.9982894805555556 0.99924131484375 0.9982894805555556 0.99924131484375 0.6031993416666667
2 0.6782821953125 0.5376417361111111 0.6782821953125 0.780447686111111 0.9418784070312499 0.780447686111111 0.9418784070312499 0.5376417361111111
2 0.3477625953125 0.5133611402777778 0.3477625953125 0.7076059013888889 0.46112262499999995 0.7076059013888889 0.46112262499999995 0.5133611402777778
2 0.46795154140625 0.547353973611111 0.46795154140625 0.617767698611111 0.5881404867187501 0.617767698611111 0.5881404867187501 0.547353973611111
2 0.8763208015625 0.5303575583333333 0.8763208015625 0.5594942708333334 0.977388778125 0.5594942708333334 0.977388778125 0.5303575583333333
2 0.627748209375 0.5522100944444445 0.627748209375 0.6881814263888889 0.73427931953125 0.6881814263888889 0.73427931953125 0.5522100944444445
2 0.578580003125 0.5522100944444445 0.578580003125 0.598343225 0.650966528125 0.598343225 0.650966528125 0.5522100944444445
6 0.45839105859374996 0.40409846250000003 0.45839105859374996 0.43566323472222224 0.46795154296875 0.43566323472222224 0.46795154296875 0.40409846250000003
6 0.57311686875 0.40895458194444445 0.57311686875 0.4405193555555556 0.57858000234375 0.4405193555555556 0.57858000234375 0.40895458194444445
6 0.7766186046875 0.4748590638888889 0.7766186046875 0.5015677180555556 0.7889106570312501 0.5015677180555556 0.7889106570312501 0.4748590638888889
6 0.79437379140625 0.47000294444444446 0.79437379140625 0.5039957777777778 0.80666584296875 0.5039957777777778 0.80666584296875 0.47000294444444446
6 0.674184846875 0.5140548875000001 0.674184846875 0.5286232416666667 0.68784268203125 0.5286232416666667 0.68784268203125 0.5140548875000001
7 0.24123148515624998 0.37496175000000004 0.24123148515624998 0.40409846527777776 0.2617182375 0.40409846527777776 0.2617182375 0.37496175000000004
6 0.271278721875 0.3676775694444444 0.271278721875 0.40652652083333335 0.27947342109375 0.40652652083333335 0.27947342109375 0.3676775694444444
7 0.5963351890624999 0.42837905694444445 0.5963351890624999 0.44537547361111113 0.6263824265625 0.44537547361111113 0.6263824265625 0.42837905694444445
7 0.6673559289062501 0.4696560680555556 0.6673559289062501 0.484224425 0.68920846484375 0.484224425 0.68920846484375 0.4696560680555556
7 0.6782821953125 0.4890805458333333 0.6782821953125 0.5012208444444445 0.70696364921875 0.5012208444444445 0.70696364921875 0.4890805458333333
7 0.7861790921875 0.42352293888888887 0.7861790921875 0.4429474152777778 0.8162263289062499 0.4429474152777778 0.8162263289062499 0.42352293888888887
7 0.7998369265624999 0.45023159305555555 0.7998369265624999 0.4550877125 0.8134947609375001 0.4550877125 0.8134947609375001 0.45023159305555555
2 0.8913444195312501 0.5424978541666666 0.8913444195312501 0.5789187486111111 0.99924131484375 0.5789187486111111 0.99924131484375 0.5424978541666666