6 0.75823738984375 0.23718733055555555 0.75823738984375 0.3285935166666667 0.779331125 0.3285935166666667 0.779331125 0.23718733055555555
6 0.74637216328125 0.38015598194444444 0.74637216328125 0.41999970416666665 0.7714209734375 0.41999970416666665 0.7714209734375 0.38015598194444444
7 0.54070824140625 0.061406201388888894 0.54070824140625 0.12468740694444445 0.57103048671875 0.12468740694444445 0.57103048671875 0.061406201388888894
7 0.5235695812500001 0.27234355555555556 0.5235695812500001 0.3239060208333333 0.55652854375 0.3239060208333333 0.55652854375 0.27234355555555556
6 0.5644386945312501 0.14343739444444445 0.5644386945312501 0.26531231111111114 0.5960792984375 0.26531231111111114 0.5960792984375 0.14343739444444445
7 0.54202660078125 0 0.54202660078125 0.0801561875 0.57234884609375 0.0801561875 0.57234884609375 0
4 0.14124562734374999 0.3754684847222222 0.14124562734374999 0.49968714999999997 0.16497607890625 0.49968714999999997 0.16497607890625 0.3754684847222222
4 0.74769052265625 0.45281218055555555 0.74769052265625 0.6356245541666666 0.78328620078125 0.6356245541666666 0.78328620078125 0.45281218055555555
4 0.76219246484375 0.47156216944444446 0.76219246484375 0.5418746208333333 0.7846045593750001 0.5418746208333333 0.7846045593750001 0.47156216944444446
4 0.71736827734375 0.45515593055555553 0.71736827734375 0.6332808083333333 0.75560067265625 0.6332808083333333 0.75560067265625 0.45515593055555553
4 0.30735879453125003 0.38953097500000006 0.30735879453125003 0.5207808847222223 0.34031775625 0.5207808847222223 0.34031775625 0.38953097500000006
4 0.7911963515625 0.49265590277777777 0.7911963515625 0.6145308208333333 0.8136084453124999 0.6145308208333333 0.8136084453124999 0.49265590277777777
2 0.9269872734375 0.5629683555555556 0.9269872734375 0.6426558013888889 0.952036084375 0.6426558013888889 0.952036084375 0.5629683555555556
2 0.8320654640624999 0.49265590277777777 0.8320654640624999 0.6496870444444445 0.92830563203125 0.6496870444444445 0.92830563203125 0.49265590277777777
2 0.9467626507812501 0.5207808847222223 0.9467626507812501 0.6543745430555555 0.9955419140625 0.6543745430555555 0.9955419140625 0.5207808847222223
2 0.9757665375 0.5137496388888889 0.9757665375 0.6731245305555555 0.9994969906250001 0.6731245305555555 0.9994969906250001 0.5137496388888889