4 0.61699176328125 0.7162495055555556 0.61699176328125 0.7396869888888888 0.6249019140625001 0.7396869888888888 0.6249019140625001 0.7162495055555556
2 0.23862288281250002 0.7656244861111111 0.23862288281250002 0.81718695 0.26499005234375 0.81718695 0.26499005234375 0.7656244861111111
2 0.19379869453125 0.7703119833333334 0.19379869453125 0.8359369375 0.24389631640624998 0.8359369375 0.24389631640624998 0.7703119833333334
2 0.13315420546875 0.7820307222222223 0.13315420546875 0.8523431736111111 0.195117053125 0.8523431736111111 0.195117053125 0.7820307222222223
2 0.36254857890625003 0.7492182472222222 0.36254857890625003 0.7867182222222223 0.3836423140625 0.7867182222222223 0.3836423140625 0.7492182472222222
2 0.38232395625 0.7492182472222222 0.38232395625 0.7843744736111111 0.39682589921875 0.7843744736111111 0.39682589921875 0.7492182472222222
2 0.44208955234375 0.7398432541666666 0.44208955234375 0.7656244861111111 0.45790985390624994 0.7656244861111111 0.45790985390624994 0.7398432541666666
2 0.620067946875 0.7257807638888889 0.620067946875 0.7539057444444445 0.62929645546875 0.7539057444444445 0.62929645546875 0.7257807638888889
2 0.62929645546875 0.7304682597222222 0.62929645546875 0.7679682347222223 0.64248003984375 0.7679682347222223 0.64248003984375 0.7304682597222222
2 0.64248004140625 0.7093745222222222 0.64248004140625 0.7796869736111112 0.6820307953125 0.7796869736111112 0.6820307953125 0.7093745222222222
2 0.66603469453125 0.7279682444444445 0.66603469453125 0.7867182194444445 0.6851069773437499 0.7867182194444445 0.6851069773437499 0.7279682444444445
2 0.6824702609375 0.7140620222222221 0.6824702609375 0.7937494666666666 0.7325678828125 0.7937494666666666 0.7325678828125 0.7140620222222221
2 0.5922066203125 0.7232807486111111 0.5922066203125 0.7396869861111111 0.6053902046874999 0.7396869861111111 0.6053902046874999 0.7232807486111111
2 0.5961616953125 0.7279682444444445 0.5961616953125 0.7467182319444444 0.61725543125 0.7467182319444444 0.61725543125 0.7279682444444445
2 0.585614828125 0.7162495055555556 0.585614828125 0.7373432402777778 0.5961616953125 0.7373432402777778 0.5961616953125 0.7162495055555556
2 0.40368136874999994 0.7303119958333334 0.40368136874999994 0.7771869638888889 0.43664033046875 0.7771869638888889 0.43664033046875 0.7303119958333334
2 0.5249703382812501 0.7279682444444445 0.5249703382812501 0.7467182319444444 0.5368355648437501 0.7467182319444444 0.5368355648437501 0.7279682444444445
2 0.5513375078125 0.7256244958333334 0.5513375078125 0.7420307347222221 0.56583945078125 0.7420307347222221 0.56583945078125 0.7256244958333334
2 0.02373045234375 0.7889057055555556 0.02373045234375 0.8803118930555556 0.13579092265624998 0.8803118930555556 0.13579092265624998 0.7889057055555556
2 0.33090797578125 0.756093225 0.33090797578125 0.7935932 0.3638669375 0.7935932 0.3638669375 0.756093225
2 0.5682125 0.7139057541666667 0.5682125 0.7584369736111111 0.5893062351562499 0.7584369736111111 0.5893062351562499 0.7139057541666667