6 0.2057789015625 0.5922581402777778 0.2057789015625 0.622742013888889 0.21435249140625 0.622742013888889 0.21435249140625 0.5922581402777778
6 0.12371739921875 0.5813710444444444 0.12371739921875 0.6249194361111111 0.131066190625 0.6249194361111111 0.131066190625 0.5813710444444444
6 0.66385355703125 0.5879033 0.66385355703125 0.6554033083333333 0.6761015421875001 0.6554033083333333 0.6761015421875001 0.5879033
6 0.630783996875 0.5966129805555556 0.630783996875 0.6554033097222222 0.6430319835937499 0.6554033097222222 0.6430319835937499 0.5966129805555556
6 0.33438274765625 0.629274275 0.33438274765625 0.6641129888888889 0.3441811359375 0.6641129888888889 0.3441811359375 0.629274275
6 0.06370227187500001 0.48991941805555556 0.06370227187500001 0.5574194263888889 0.08207424921874999 0.5574194263888889 0.08207424921874999 0.48991941805555556
6 0.620985609375 0.5008065166666666 0.620985609375 0.5508871666666667 0.6283344 0.5508871666666667 0.6283344 0.5008065166666666
6 0.63568318984375 0.6750000861111112 0.63568318984375 0.7011291222222222 0.6528303695312501 0.7011291222222222 0.6528303695312501 0.6750000861111112
7 0.4164442515625 0.6750000861111112 0.4164442515625 0.7272581569444444 0.46543619375 0.7272581569444444 0.46543619375 0.6750000861111112
7 0.1065702203125 0.6466936319444444 0.1065702203125 0.65975815 0.12494219921875001 0.65975815 0.12494219921875001 0.6466936319444444
7 0.12494219765625 0.6445162125 0.12494219765625 0.6662904083333333 0.1531125640625 0.6662904083333333 0.1531125640625 0.6445162125
7 0.1114694125 0.6684678277777778 0.1114694125 0.6815323458333333 0.13596538359375002 0.6815323458333333 0.13596538359375002 0.6684678277777778
6 0.1506629671875 0.6924194430555555 0.1506629671875 0.7076613805555555 0.16046135625 0.7076613805555555 0.16046135625 0.6924194430555555
7 0.694473521875 0.7054839638888889 0.694473521875 0.7250807402777778 0.70182231171875 0.7250807402777778 0.70182231171875 0.7054839638888889
7 0.40052187109375004 0.6837097652777777 0.40052187109375004 0.7185484791666668 0.415219453125 0.7185484791666668 0.415219453125 0.6837097652777777
2 0.1310661890625 0.7120162194444444 0.1310661890625 0.7250807375 0.14331417421874998 0.7250807375 0.14331417421874998 0.7120162194444444
2 0.1114694125 0.7141936388888889 0.1114694125 0.7337904152777779 0.1298413921875 0.7337904152777779 0.1298413921875 0.7141936388888889
2 0.0416558953125 0.6902420236111111 0.0416558953125 0.8208872013888888 0.124942196875 0.8208872013888888 0.124942196875 0.6902420236111111
2 0.00001274609375 0.6728226666666667 0.00001274609375 0.8883872097222222 0.07962465156250001 0.8883872097222222 0.07962465156250001 0.6728226666666667
2 0.40297146640625003 0.7120162194444444 0.40297146640625003 0.8187097819444444 0.49483135859375 0.8187097819444444 0.49483135859375 0.7120162194444444
2 0.6430319812499999 0.7098388 0.6430319812499999 0.8230646222222222 0.66507835546875 0.8230646222222222 0.66507835546875 0.7098388
2 0.47156018671875 0.6662904083333333 0.47156018671875 0.8687904361111112 0.65405516875 0.8687904361111112 0.65405516875 0.6662904083333333
2 0.14576377109375 0.6575807305555555 0.14576377109375 0.9974993152777778 0.42624263828125003 0.9974993152777778 0.42624263828125003 0.6575807305555555
9 0.67610154375 0 0.67610154375 0.9733065791666667 0.99949698984375 0.9733065791666667 0.99949698984375 0
6 0.39173373515625 0.6295308180555556 0.39173373515625 0.6764057861111111 0.40359896171875 0.6764057861111111 0.40359896171875 0.6295308180555556