6 0.5934425812499999 0.5367183805555555 0.5934425812499999 0.5976558388888888 0.60398944921875 0.5976558388888888 0.60398944921875 0.5367183805555555
6 0.33504432109375004 0.6406784208333333 0.33504432109375004 0.6796870347222222 0.3416361140625 0.6796870347222222 0.3416361140625 0.6406784208333333
6 0.21507369999999998 0.7007807680555556 0.21507369999999998 0.7429682402777777 0.22298385078125 0.7429682402777777 0.22298385078125 0.7007807680555556
6 0.3416361140625 0.6421870583333333 0.3416361140625 0.691405775 0.3508646234375 0.691405775 0.3508646234375 0.6421870583333333
6 0.5776222796875 0.5390621305555555 0.5776222796875 0.6164058277777777 0.5987160140625 0.6164058277777777 0.5987160140625 0.5390621305555555
6 0.58289571328125 0.7851557097222222 0.58289571328125 0.8112486486111111 0.59344258046875 0.8112486486111111 0.59344258046875 0.7851557097222222
6 0.8597509929687501 0.7124995097222222 0.8597509929687501 0.7453119875 0.88216308671875 0.7453119875 0.88216308671875 0.7124995097222222
6 0.3271341703125 0.7898432069444444 0.3271341703125 0.8132806888888889 0.33504432109375004 0.8132806888888889 0.33504432109375004 0.7898432069444444
6 0.30999551015625004 0.7921869555555555 0.30999551015625004 0.8203119361111111 0.316587303125 0.8203119361111111 0.316587303125 0.7921869555555555
7 0.1491557765625 0.7007807680555556 0.1491557765625 0.7453119875 0.1715678703125 0.7453119875 0.1715678703125 0.7007807680555556
7 0.14388234296875 0.7546869805555556 0.14388234296875 0.7945307055555555 0.161021003125 0.7945307055555555 0.161021003125 0.7546869805555556
7 0.14783741875 0.7945307055555555 0.14783741875 0.8249994347222223 0.1597026453125 0.8249994347222223 0.1597026453125 0.7945307055555555
7 0.6224464671875001 0.5343746319444445 0.6224464671875001 0.5789058499999999 0.6409034859375 0.5789058499999999 0.6409034859375 0.5343746319444445
7 0.5262062992187501 0.7804682138888889 0.5262062992187501 0.8039056958333333 0.5420266 0.8039056958333333 0.5420266 0.7804682138888889
7 0.39305209375 0.7828119625 0.39305209375 0.8062494458333334 0.4075540375 0.8062494458333334 0.4075540375 0.7828119625
7 0.30076700078125 0.7874994597222221 0.30076700078125 0.8179681888888889 0.30999551015625004 0.8179681888888889 0.30999551015625004 0.7874994597222221
7 0.2968119265625 0.7570307305555556 0.2968119265625 0.7734369694444445 0.30735879375 0.7734369694444445 0.30735879375 0.7570307305555556
7 0.30735879375 0.7664057236111111 0.30735879375 0.7781244652777777 0.3179056609375 0.7781244652777777 0.3179056609375 0.7664057236111111
9 0 0.8195691486111111 0 0.8653318916666666 0.060825759374999996 0.8653318916666666 0.060825759374999996 0.8195691486111111
2 0.05687068515625 0.8390619236111111 0.05687068515625 0.8765618972222222 0.10301323124999999 0.8765618972222222 0.10301323124999999 0.8390619236111111
2 0.0924663625 0.8390619236111111 0.0924663625 0.8765618972222222 0.14237071953125 0.8765618972222222 0.14237071953125 0.8390619236111111
2 0.2269389265625 0.8273431819444445 0.2269389265625 0.8718743999999999 0.2862650578125 0.8718743999999999 0.2862650578125 0.8273431819444445
2 0.51697778984375 0.8062494458333334 0.51697778984375 0.8273431791666667 0.5301613749999999 0.8273431791666667 0.5301613749999999 0.8062494458333334
2 0.5314797328124999 0.8039056958333333 0.5314797328124999 0.8203119361111111 0.54730003359375 0.8203119361111111 0.54730003359375 0.8039056958333333
2 0.5433449593749999 0.8203119361111111 0.5433449593749999 0.8437494180555556 0.55784690234375 0.8437494180555556 0.55784690234375 0.8203119361111111
2 0.5288430156249999 0.8273431819444445 0.5288430156249999 0.8648431569444445 0.54993675078125 0.8648431569444445 0.54993675078125 0.8273431819444445
2 0.5051125640625 0.8249994347222223 0.5051125640625 0.8718743999999999 0.5354348085937499 0.8718743999999999 0.5354348085937499 0.8249994347222223
2 0.48929226171874995 0.8109369416666666 0.48929226171874995 0.836718175 0.4998391296875 0.836718175 0.4998391296875 0.8109369416666666
2 0.4721536015625 0.8156244388888889 0.4721536015625 0.836718175 0.48929226171874995 0.836718175 0.48929226171874995 0.8156244388888889
2 0.451059865625 0.8249994347222223 0.451059865625 0.8578119111111112 0.46819852578125004 0.8578119111111112 0.46819852578125004 0.8249994347222223
2 0.43787628203124995 0.8296869291666666 0.43787628203124995 0.8601556583333334 0.451059865625 0.8601556583333334 0.451059865625 0.8296869291666666
2 0.42996613124999994 0.834374425 0.42996613124999994 0.8695306513888889 0.44446807421875 0.8695306513888889 0.44446807421875 0.834374425
2 0.461606734375 0.8296869291666666 0.461606734375 0.8718743999999999 0.4932473375 0.8718743999999999 0.4932473375 0.8296869291666666
9 0.43128448984374995 0.7862871513888889 0.43128448984374995 0.8226556847222223 0.45897001796875003 0.8226556847222223 0.45897001796875003 0.7862871513888889
2 0.40359896171875 0.8273431819444445 0.40359896171875 0.876561898611111 0.43523956484375 0.876561898611111 0.43523956484375 0.8273431819444445
2 0.49588405468749996 0.8390619236111111 0.49588405468749996 0.8835931430555555 0.5301613749999999 0.8835931430555555 0.5301613749999999 0.8390619236111111
2 0.8004248609375001 0.8390619236111111 0.8004248609375001 0.8976556333333333 0.8637060671875 0.8976556333333333 0.8637060671875 0.8390619236111111
2 0.70286633515625 0.8320306777777778 0.70286633515625 0.9023431291666667 0.81360844609375 0.9023431291666667 0.81360844609375 0.8320306777777778
2 0.65804214609375 0.836718175 0.65804214609375 0.892968136111111 0.7305518609375 0.892968136111111 0.7305518609375 0.836718175
2 0.9111669718750001 0.8382902708333333 0.9111669718750001 0.9046868791666667 0.9988620812500001 0.9046868791666667 0.9988620812500001 0.8382902708333333
6 0.33426222656250004 0.6448386694444445 0.33426222656250004 0.6843610402777778 0.34128264765625 0.6843610402777778 0.34128264765625 0.6448386694444445