2 0.1774484828125 0.5387335152777778 0.1774484828125 0.6108984777777777 0.22268045 0.6108984777777777 0.22268045 0.5387335152777778
2 0.291108296875 0.5593520805555555 0.291108296875 0.5923417777777777 0.3131443828125 0.5923417777777777 0.3131443828125 0.5593520805555555
2 0.350257790625 0.5531665097222221 0.350257790625 0.5902799180555556 0.37345366953125 0.5902799180555556 0.37345366953125 0.5531665097222221
2 0.3119845875 0.5582475152777778 0.3119845875 0.5829897847222222 0.32706191093750003 0.5829897847222222 0.32706191093750003 0.5582475152777778
2 0.3340206734375 0.5572165861111111 0.3340206734375 0.5824743222222222 0.34677840781249997 0.5824743222222222 0.34677840781249997 0.5572165861111111
2 0.32822170390625 0.5572165861111111 0.32822170390625 0.5840207166666667 0.3340206734375 0.5840207166666667 0.3340206734375 0.5572165861111111
2 0.37229387578125 0.5592784430555555 0.37229387578125 0.5860825708333333 0.38737119765625 0.5860825708333333 0.38737119765625 0.5592784430555555
2 0.0371134078125 0.5510310166666667 0.0371134078125 0.6479382513888888 0.1101804328125 0.6479382513888888 0.1101804328125 0.5510310166666667
4 0.6413660851562499 0.5159794638888889 0.6413660851562499 0.6694159125 0.664561965625 0.6694159125 0.664561965625 0.5159794638888889
7 0.44072172109374996 0.36426122361111113 0.44072172109374996 0.3951890652777778 0.48827327656249997 0.3951890652777778 0.48827327656249997 0.36426122361111113
6 0.42332481171875 0.30790381944444445 0.42332481171875 0.3738832097222223 0.44072172109374996 0.3738832097222223 0.44072172109374996 0.30790381944444445
7 0.42680419296874994 0.4192440444444444 0.42680419296874994 0.45635745277777773 0.46275780859375004 0.45635745277777773 0.46275780859375004 0.4192440444444444
7 0.40592790234375 0.44398631666666666 0.40592790234375 0.48522343611111113 0.4418815171875 0.48522343611111113 0.4418815171875 0.44398631666666666
7 0.49407224609375 0.4876289458333334 0.49407224609375 0.5044674333333333 0.520747509375 0.5044674333333333 0.520747509375 0.4876289458333334
6 0.5010310101562501 0.4536083222222222 0.5010310101562501 0.47422688194444446 0.51494853828125 0.47422688194444446 0.51494853828125 0.4536083222222222
6 0.5056701875 0.5065292874999999 0.5056701875 0.5353952722222223 0.5219073023437499 0.5353952722222223 0.5219073023437499 0.5065292874999999
6 0.14149486875 0.27319592083333333 0.14149486875 0.3453608819444444 0.1635309546875 0.3453608819444444 0.1635309546875 0.27319592083333333