2 0.051432184375 0.3615307763888889 0.051432184375 0.43500019583333327 0.11256103906249999 0.43500019583333327 0.11256103906249999 0.3615307763888889
2 0 0.36000016249999994 0 0.4380614208333333 0.05831994296875 0.4380614208333333 0.05831994296875 0.36000016249999994
2 0.2201822609375 0.35846954999999997 0.2201822609375 0.4074491638888889 0.26495268828124996 0.4074491638888889 0.26495268828124996 0.35846954999999997
2 0.40270785234375 0.34622464583333334 0.40270785234375 0.3814287444444444 0.423371128125 0.3814287444444444 0.423371128125 0.34622464583333334
2 0.42595403671875004 0.33397974305555556 0.42595403671875004 0.36612261388888884 0.44059052265625 0.36612261388888884 0.44059052265625 0.33397974305555556
2 0.42681500546875 0.3263266791666667 0.42681500546875 0.46102061805555555 0.51635586171875 0.46102061805555555 0.51635586171875 0.3263266791666667
2 0.8998318015625 0.291122575 0.8998318015625 0.38448996388888884 0.9971213851562499 0.38448996388888884 0.9971213851562499 0.291122575
9 0.56158435078125 0.040603097222222224 0.56158435078125 0.4860114583333333 0.85000922578125 0.4860114583333333 0.85000922578125 0.040603097222222224
6 0.45608797812499996 0.2482654152777778 0.45608797812499996 0.2727552236111111 0.4621147671875 0.2727552236111111 0.4621147671875 0.2482654152777778
6 0.40959561093749997 0.2696939944444444 0.40959561093749997 0.2895919625 0.41648336796874996 0.2895919625 0.41648336796874996 0.2696939944444444
6 0.38204457812500003 0.32173483194444447 0.38204457812500003 0.34010218888888893 0.39237621484375 0.34010218888888893 0.39237621484375 0.32173483194444447
2 0.33210833046875 0.35081648055555553 0.33210833046875 0.3768369 0.34416190703125 0.3768369 0.34416190703125 0.35081648055555553
4 0.54901173046875 0.3387756680555556 0.54901173046875 0.3709185388888889 0.55762142890625 0.3709185388888889 0.55762142890625 0.3387756680555556
4 0.5680835195312499 0.3348259263888889 0.5680835195312499 0.38074431388888885 0.5784151578125 0.38074431388888885 0.5784151578125 0.3348259263888889
0 0.84161813359375 0.3085022097222222 0.84161813359375 0.3681961138888889 0.8855275914062499 0.3681961138888889 0.8855275914062499 0.3085022097222222
7 0.87618023125 0.21468440416666665 0.87618023125 0.24223543472222223 0.88909477734375 0.24223543472222223 0.88909477734375 0.21468440416666665