7 0.6264015421875 0.1528123875 0.6264015421875 0.24890607361111114 0.729233503125 0.24890607361111114 0.729233503125 0.1528123875
7 0.42337433906250005 0.10828116805555556 0.42337433906250005 0.24890607361111114 0.56048361953125 0.24890607361111114 0.56048361953125 0.10828116805555556
7 0.5354348085937499 0.4082809625 0.5354348085937499 0.4387496902777777 0.55652854375 0.4387496902777777 0.55652854375 0.4082809625
7 0.32977088671875 0.38953097500000006 0.32977088671875 0.41296845972222224 0.346909546875 0.41296845972222224 0.346909546875 0.38953097500000006
7 0.34822790625 0.39187472361111114 0.34822790625 0.4129684611111111 0.36272984921874996 0.4129684611111111 0.36272984921874996 0.39187472361111114
7 0.1913432484375 0.37312473611111113 0.1913432484375 0.4106247111111111 0.2453959453125 0.4106247111111111 0.2453959453125 0.37312473611111113
6 0.23616743593749998 0.30515603333333335 0.23616743593749998 0.3332810138888889 0.24407758671875 0.3332810138888889 0.24407758671875 0.30515603333333335
6 0.22562056875 0.30749978194444444 0.22562056875 0.3309372652777778 0.23616743593749998 0.3309372652777778 0.23616743593749998 0.30749978194444444
6 0.4088723953125 0.316874775 0.4088723953125 0.34734350416666665 0.41546418828125004 0.34734350416666665 0.41546418828125004 0.316874775
6 0.6145363164062501 0.3426560069444444 0.6145363164062501 0.3707809888888889 0.625083184375 0.3707809888888889 0.625083184375 0.3426560069444444
6 0.5209328656250001 0.34734350416666665 0.5209328656250001 0.38015598194444444 0.5301613749999999 0.38015598194444444 0.5301613749999999 0.34734350416666665
7 0.39173373515625 0.3239060208333333 0.39173373515625 0.3426560069444444 0.42996613124999994 0.3426560069444444 0.42996613124999994 0.3239060208333333
7 0.6356300523437499 0.36140599444444443 0.6356300523437499 0.3754684833333333 0.66595229765625 0.3754684833333333 0.66595229765625 0.36140599444444443
7 0.74241708828125 0.3192185236111111 0.74241708828125 0.35437475 0.75691903125 0.35437475 0.75691903125 0.3192185236111111
6 0.7503272390625 0.4223434527777778 0.7503272390625 0.4457809347222222 0.76219246484375 0.4457809347222222 0.76219246484375 0.4223434527777778
2 0.30340371796875 0.42937469722222227 0.30340371796875 0.47156217083333335 0.33768103828124996 0.47156217083333335 0.33768103828124996 0.42937469722222227
2 0.38514194296875004 0.4082809625 0.38514194296875004 0.43171844583333335 0.4088723953125 0.43171844583333335 0.4088723953125 0.4082809625
2 0.42469269687500005 0.42703095 0.42469269687500005 0.4504684333333333 0.43787628203124995 0.4504684333333333 0.43787628203124995 0.42703095
2 0.6593605046875 0.45515593055555553 0.6593605046875 0.49499965277777774 0.7015479757812499 0.49499965277777774 0.7015479757812499 0.45515593055555553
2 0.7015479757812499 0.4574996777777778 0.7015479757812499 0.48562466111111113 0.71736827734375 0.48562466111111113 0.71736827734375 0.4574996777777778
2 0.725278428125 0.464530925 0.725278428125 0.4903121555555555 0.7371436546875 0.4903121555555555 0.7371436546875 0.464530925
9 0.6264015421875 0.43171844583333335 0.6264015421875 0.48328091111111116 0.655405428125 0.48328091111111116 0.655405428125 0.43171844583333335
9 0.44446807421875 0.4246872013888889 0.44446807421875 0.45515592916666664 0.461606734375 0.45515592916666664 0.461606734375 0.4246872013888889
9 0.7872412757812499 0.3848434777777778 0.7872412757812499 0.6051558277777778 0.9612645929687501 0.6051558277777778 0.9612645929687501 0.3848434777777778
9 0.776694409375 0.4481246847222222 0.776694409375 0.5090621430555555 0.8096533703125001 0.5090621430555555 0.8096533703125001 0.4481246847222222
2 0.038413665624999996 0.3848434777777778 0.038413665624999996 0.4739059180555556 0.13860890859375 0.4739059180555556 0.13860890859375 0.3848434777777778
2 0.20189011640625001 0.387187225 0.20189011640625001 0.4809371611111111 0.2823099828125 0.4809371611111111 0.2823099828125 0.387187225
2 0.46951688515625 0.44343718749999994 0.46951688515625 0.4692184208333333 0.48929226249999996 0.4692184208333333 0.48929226249999996 0.44343718749999994
2 0.5815773546874999 0.4481246847222222 0.5815773546874999 0.4762496652777778 0.6000343734375 0.4762496652777778 0.6000343734375 0.4481246847222222
2 0 0.3942184722222223 0 0.45281218194444445 0.04500545859375 0.45281218194444445 0.04500545859375 0.3942184722222223