2 0.439556784375 0.5257381819444444 0.439556784375 0.6016875194444444 0.49699346953125 0.6016875194444444 0.49699346953125 0.5257381819444444
2 0.42246818359375 0.5243317263888889 0.42246818359375 0.5839660111111111 0.45253146640624997 0.5839660111111111 0.45253146640624997 0.5243317263888889
2 0.41677198203125 0.5265820666666667 0.41677198203125 0.5755271930555556 0.43006311640624995 0.5755271930555556 0.43006311640624995 0.5265820666666667
2 0.40727831640625 0.5299575944444445 0.40727831640625 0.5721516680555556 0.42056945234375 0.5721516680555556 0.42056945234375 0.5299575944444445
2 0.36930364765625 0.5291137097222222 0.36930364765625 0.5662444958333334 0.40253148281250006 0.5662444958333334 0.40253148281250006 0.5291137097222222
2 0.23164547578125 0.5105483166666667 0.23164547578125 0.5611812055555556 0.26392394375 0.5611812055555556 0.26392394375 0.5105483166666667
2 0.19746827421875 0.5139238430555556 0.19746827421875 0.5679322611111111 0.23164547578125 0.5679322611111111 0.23164547578125 0.5139238430555556
2 0.1680379046875 0.5139238430555556 0.1680379046875 0.5746833124999999 0.20886067421875 0.5746833124999999 0.20886067421875 0.5139238430555556
2 0.10632907109375 0.4987339736111111 0.10632907109375 0.5864976513888889 0.17183537421875 0.5864976513888889 0.17183537421875 0.4987339736111111
2 0.06265820234375 0.5037972638888889 0.06265820234375 0.5966242319444445 0.13291133828124999 0.5966242319444445 0.13291133828124999 0.5037972638888889
2 0 0.49367068611111115 0 0.61856515 0.0664556703125 0.61856515 0.0664556703125 0.49367068611111115
2 0.887183184375 0.5527423902777777 0.887183184375 0.6135018611111112 0.91281608515625 0.6135018611111112 0.91281608515625 0.5527423902777777
6 0.22689864218750003 0.4514766111111111 0.22689864218750003 0.47510529305555554 0.23544294453124998 0.47510529305555554 0.23544294453124998 0.4514766111111111
6 0.27721507578125004 0.5105483166666667 0.27721507578125004 0.5274259472222222 0.28575937812499996 0.5274259472222222 0.28575937812499996 0.5105483166666667
7 0.337974546875 0.534177 0.337974546875 0.5510546291666667 0.35031631406249997 0.5510546291666667 0.35031631406249997 0.534177
7 0.54113902109375 0.4565399 0.54113902109375 0.47510529305555554 0.5696200218749999 0.47510529305555554 0.5696200218749999 0.4565399
7 0.54113902109375 0.48016858194444445 0.54113902109375 0.4953584472222222 0.5686706554687501 0.4953584472222222 0.5686706554687501 0.48016858194444445
7 0.5995250734375001 0.4109702972222222 0.5995250734375001 0.4447255597222222 0.6185124078124999 0.4447255597222222 0.6185124078124999 0.4109702972222222
7 0.51408206953125 0.36540069583333334 0.51408206953125 0.4227846375 0.57579090546875 0.4227846375 0.57579090546875 0.36540069583333334
4 0.50648713828125 0.5240504222222222 0.50648713828125 0.5871534805555555 0.5197782734375 0.5871534805555555 0.5197782734375 0.5240504222222222
7 0.142535540625 0.3780589194444445 0.142535540625 0.4455694388888889 0.15962414140625 0.4455694388888889 0.15962414140625 0.3780589194444445
2 0.35058756640625 0.46172374583333337 0.35058756640625 0.49379124722222223 0.368625534375 0.49379124722222223 0.368625534375 0.46172374583333337
4 0.669244190625 0.5127424 0.669244190625 0.6055693666666667 0.6901302578124999 0.6055693666666667 0.6901302578124999 0.5127424