7 0.20971233281249999 0.3923279333333333 0.20971233281249999 0.4420916555555556 0.22334950625 0.4420916555555556 0.22334950625 0.3923279333333333
2 0.3554147671875 0.473991475 0.3554147671875 0.5173752319444445 0.3841246046875 0.5173752319444445 0.3841246046875 0.473991475
2 0.29943058046875 0.45995555416666667 0.29943058046875 0.5250311916666667 0.34249533906249996 0.5250311916666667 0.34249533906249996 0.45995555416666667
2 0.30732578671875 0.48292342638888885 0.30732578671875 0.5275831805555555 0.33388238828125 0.5275831805555555 0.33388238828125 0.48292342638888885
2 0.288664390625 0.4816474333333334 0.288664390625 0.5352391333333334 0.32168070625 0.5352391333333334 0.32168070625 0.4816474333333334
2 0.46431640390625006 0.4893033902777778 0.46431640390625006 0.5148232472222222 0.48010681484375006 0.5148232472222222 0.48010681484375006 0.4893033902777778
2 0.47867132421875 0.4867514027777778 0.47867132421875 0.5148232458333333 0.49087300546875 0.5148232458333333 0.49087300546875 0.4867514027777778
2 0.48871976874999995 0.48292342638888885 0.48871976874999995 0.5160992416666667 0.503792434375 0.5160992416666667 0.503792434375 0.48292342638888885
2 0.49876821171875 0.46888750416666664 0.49876821171875 0.5186512277777777 0.52963128828125 0.5186512277777777 0.52963128828125 0.46888750416666664
2 0.5124053843749999 0.4790954458333333 0.5124053843749999 0.5224792041666666 0.5317845265625001 0.5224792041666666 0.5317845265625001 0.4790954458333333
2 0.523171575 0.4561275736111111 0.523171575 0.5288591694444444 0.5633653515625 0.5288591694444444 0.5633653515625 0.4561275736111111
2 0.53178452734375 0.4586795611111111 0.53178452734375 0.5301351625 0.5726960515624999 0.5301351625 0.5726960515624999 0.4586795611111111
2 0.5633653515625 0.44464364166666664 0.5633653515625 0.5454470763888889 0.62868023359375 0.5454470763888889 0.62868023359375 0.44464364166666664
2 0.6107365859375 0.45229959722222224 0.6107365859375 0.5658629625 0.71409200625 0.5658629625 0.71409200625 0.45229959722222224
2 0.6875354070312499 0.45995555416666667 0.6875354070312499 0.5939348069444444 0.8210361609374999 0.5939348069444444 0.8210361609374999 0.45995555416666667
2 0.79852503203125 0.46761151111111116 0.79852503203125 0.65773445 0.9980584171875 0.65773445 0.9980584171875 0.46761151111111116
9 0.23842217109375002 0.47781945555555555 0.23842217109375002 0.5569310138888889 0.29799508750000003 0.5569310138888889 0.29799508750000003 0.47781945555555555
9 0.076211578125 0.509719275 0.076211578125 0.6296626055555555 0.20899458593750003 0.6296626055555555 0.20899458593750003 0.509719275
2 0.00031898671875 0.5111281805555555 0.00031898671875 0.7050790930555556 0.057738665625 0.7050790930555556 0.057738665625 0.5111281805555555