7 0.5177209015625001 0.35619334166666666 0.5177209015625001 0.37250754166666666 0.54410401953125 0.37250754166666666 0.54410401953125 0.35619334166666666
7 0.49248487578125 0.4255286861111111 0.49248487578125 0.44184288194444443 0.49707324609375 0.44184288194444443 0.49707324609375 0.4255286861111111
6 0.4890436 0.35347430416666664 0.4890436 0.3799848763888889 0.495926153125 0.3799848763888889 0.495926153125 0.35347430416666664
6 0.35559854296875 0.3697885041666667 0.35559854296875 0.39018125 0.36133400312499997 0.39018125 0.36133400312499997 0.3697885041666667
6 0.48521994765625004 0.35347430416666664 0.48521994765625004 0.37590632777777777 0.4898083171875 0.37590632777777777 0.4898083171875 0.35347430416666664
6 0.48063158046875004 0.3575528541666667 0.48063158046875004 0.3779456013888889 0.48636703984374996 0.3779456013888889 0.48636703984374996 0.3575528541666667
7 0.4890436 0.3799848763888889 0.4890436 0.40241689999999997 0.49936742890624997 0.40241689999999997 0.49936742890624997 0.3799848763888889
7 0.32883306328125 0.3962990763888889 0.32883306328125 0.42077037222222224 0.34259816718749997 0.42077037222222224 0.34259816718749997 0.3962990763888889
6 0.6649310640625 0.34327793194444445 0.6649310640625 0.3942598 0.6809903523437499 0.3942598 0.6809903523437499 0.34327793194444445
4 0.03900113125 0.44660118055555553 0.03900113125 0.5077794222222222 0.05047205234375 0.5077794222222222 0.05047205234375 0.44660118055555553
4 0.1181504828125 0.4404833569444444 0.1181504828125 0.5098187013888889 0.130768496875 0.5098187013888889 0.130768496875 0.4404833569444444
4 0.37395201562499997 0.4479607083333333 0.37395201562499997 0.48874620694444443 0.38198166015625 0.48874620694444443 0.38198166015625 0.4479607083333333
4 0.560928025 0.45407853472222226 0.560928025 0.49078548055555554 0.5712518531249999 0.49078548055555554 0.5712518531249999 0.45407853472222226
2 0.32424469921875 0.44388215833333333 0.32424469921875 0.48262838055555557 0.3403039875 0.48262838055555557 0.3403039875 0.44388215833333333
2 0.34030398906250003 0.4499999819444444 0.34030398906250003 0.4724320041666667 0.3655400140625 0.4724320041666667 0.3655400140625 0.4499999819444444
2 0.34145108046875 0.45407853472222226 0.34145108046875 0.49486403055555556 0.3655400140625 0.49486403055555556 0.3655400140625 0.45407853472222226
2 0.43513027187500003 0.45203925833333336 0.43513027187500003 0.47651055416666666 0.44774828515625 0.47651055416666666 0.44774828515625 0.45203925833333336
2 0.4546308375 0.4459214319444444 0.4546308375 0.47854982777777777 0.47183721875 0.47854982777777777 0.47183721875 0.4459214319444444
2 0.49630852890625 0.4479607083333333 0.49630852890625 0.47854983055555556 0.51351491015625 0.47854983055555556 0.51351491015625 0.4479607083333333
2 0.5938113546875 0.46223563194444445 0.5938113546875 0.48670693055555553 0.6087235515625 0.48670693055555553 0.6087235515625 0.46223563194444445
2 0.6110177359375 0.45203925833333336 0.6110177359375 0.47854983055555556 0.637400853125 0.47854983055555556 0.637400853125 0.45203925833333336
2 0.5983997234375 0.4499999819444444 0.5983997234375 0.5417673458333334 0.68328453828125 0.5417673458333334 0.68328453828125 0.4499999819444444
2 0.7154031148437501 0.44184288194444443 0.7154031148437501 0.4703927291666667 0.787669915625 0.4703927291666667 0.787669915625 0.44184288194444443
2 0.65919560234375 0.4744712805555556 0.65919560234375 0.5703171972222222 0.7727577171875 0.5703171972222222 0.7727577171875 0.4744712805555556
2 0.84693632734375 0.4398036083333333 0.84693632734375 0.5213745999999999 0.96049844296875 0.5213745999999999 0.96049844296875 0.4398036083333333
1 0.40492350234375 0.44728094444444444 0.40492350234375 0.4697129666666667 0.41983570078125 0.4697129666666667 0.41983570078125 0.44728094444444444
1 0.6358713859375 0.3949395638888889 0.6358713859375 0.47854983055555556 0.96049844296875 0.47854983055555556 0.96049844296875 0.3949395638888889
2 0.41371788125000003 0.4561178083333334 0.41371788125000003 0.5009818527777777 0.44468936640625 0.5009818527777777 0.44468936640625 0.4561178083333334
2 0.47221957734375 0.45407853472222226 0.47221957734375 0.48262838055555557 0.48942595703125 0.48262838055555557 0.48942595703125 0.45407853472222226
2 0.7402567640625 0.4629153805555556 0.7402567640625 0.611782438888889 0.9100263914062501 0.611782438888889 0.9100263914062501 0.4629153805555556