2 0.30220404765625003 0.5594922166666667 0.30220404765625003 0.6028077472222222 0.32555382421875 0.6028077472222222 0.32555382421875 0.5594922166666667
2 0.2849455171875 0.5631018444444444 0.2849455171875 0.5847596097222223 0.3001736328125 0.5847596097222223 0.3001736328125 0.5631018444444444
2 0.26565657109375 0.5703210930555556 0.26565657109375 0.5991981152777778 0.28697593125 0.5991981152777778 0.28697593125 0.5703210930555556
2 0.25550449453125 0.5649066541666667 0.25550449453125 0.5919788611111111 0.26464136328125 0.5919788611111111 0.26464136328125 0.5649066541666667
2 0.24129158671875 0.5703210930555556 0.24129158671875 0.5955884861111111 0.25550449453125 0.5955884861111111 0.25550449453125 0.5703210930555556
2 0.22098743359375 0.5703210930555556 0.22098743359375 0.6046125527777778 0.24129158671875 0.6046125527777778 0.24129158671875 0.5703210930555556
2 0.2108353578125 0.5919788583333333 0.2108353578125 0.6118318069444445 0.21902877578125 0.6118318069444445 0.21902877578125 0.5919788583333333
2 0.18870653125 0.5770308458333333 0.18870653125 0.6215620652777777 0.21375534218749997 0.6215620652777777 0.21375534218749997 0.5770308458333333
2 0.0001812703125 0.6192183166666667 0.0001812703125 0.8465619111111111 0.1412456265625 0.8465619111111111 0.1412456265625 0.6192183166666667
7 0.1952983234375 0.5489058652777777 0.1952983234375 0.5676558527777777 0.216392059375 0.5676558527777777 0.216392059375 0.5489058652777777
2 0.32581581171875 0.5418746208333333 0.32581581171875 0.5676558527777777 0.3363626796875 0.5676558527777777 0.3363626796875 0.5418746208333333