6 0.60398944921875 0.4546871875 0.60398944921875 0.48984341388888886 0.6184913921875 0.48984341388888886 0.6184913921875 0.4546871875
6 0.4497415078125 0.3070310388888889 0.4497415078125 0.35624975555555555 0.461606734375 0.35624975555555555 0.461606734375 0.3070310388888889
6 0.28758341640624996 0.2976560458333333 0.28758341640624996 0.34218726527777776 0.3007670015625 0.34218726527777776 0.3007670015625 0.2976560458333333
6 0.38514194296875004 0.4640621805555556 0.38514194296875004 0.48281216805555555 0.39041537734375 0.48281216805555555 0.39041537734375 0.4640621805555556
6 0.34031775546875 0.4593746847222222 0.34031775546875 0.48281216805555555 0.34427283046875 0.48281216805555555 0.34427283046875 0.4593746847222222
7 0.443149715625 0.5320308847222222 0.443149715625 0.5554683680555556 0.4550149421875 0.5554683680555556 0.4550149421875 0.5320308847222222
7 0.44578643281249997 0.5085934 0.44578643281249997 0.5296871361111111 0.4550149421875 0.5296871361111111 0.4550149421875 0.5085934
7 0.55784690234375 0.36796849722222225 0.55784690234375 0.3890622319444444 0.5934425812499999 0.3890622319444444 0.5934425812499999 0.36796849722222225
7 0.5868507890625 0.48515591666666663 0.5868507890625 0.5226558902777777 0.6053078078125 0.5226558902777777 0.6053078078125 0.48515591666666663
7 0.47479031875000005 0.2578123222222222 0.47479031875000005 0.27656230972222223 0.524887940625 0.27656230972222223 0.524887940625 0.2578123222222222
7 0.35086462265625 0.2320310902777778 0.35086462265625 0.26249981944444445 0.402280603125 0.26249981944444445 0.402280603125 0.2320310902777778
7 0.357456415625 0.44296844583333334 0.357456415625 0.4546871875 0.37459507421875 0.4546871875 0.37459507421875 0.44296844583333334
7 0.31131386875 0.4453121944444444 0.31131386875 0.4593746847222222 0.3297708875 0.4593746847222222 0.3297708875 0.4453121944444444
7 0.2862650578125 0.47343717500000004 0.2862650578125 0.48281216805555555 0.30340371796875 0.48281216805555555 0.30340371796875 0.47343717500000004
7 0.23353071953125001 0.4921871611111111 0.23353071953125001 0.5039059041666667 0.2453959453125 0.5039059041666667 0.2453959453125 0.4921871611111111
2 0.298130284375 0.5343746319444445 0.298130284375 0.5671871097222223 0.32054237812499997 0.5671871097222223 0.32054237812499997 0.5343746319444445
2 0.3363626796875 0.5390621291666666 0.3363626796875 0.5742183555555556 0.35613805703125 0.5742183555555556 0.35613805703125 0.5390621291666666
2 0.35613805703125 0.5484371236111111 0.35613805703125 0.5835933486111111 0.366684925 0.5835933486111111 0.366684925 0.5484371236111111
2 0.4088723953125 0.5390621291666666 0.4088723953125 0.5953120902777778 0.43260284765624996 0.5953120902777778 0.43260284765624996 0.5390621291666666
2 0.36932164140625 0.5296871361111111 0.36932164140625 0.5953120902777778 0.4075540375 0.5953120902777778 0.4075540375 0.5296871361111111
2 0.30867715234375004 0.5437496263888889 0.30867715234375004 0.5953120902777778 0.33899939687499997 0.5953120902777778 0.33899939687499997 0.5437496263888889
2 0 0.5624996138888889 0 0.6754682763888888 0.06082576015625 0.6754682763888888 0.06082576015625 0.5624996138888889
2 0.7635108234375 0.5390621291666666 0.7635108234375 0.6632807944444444 0.8650244257812499 0.6632807944444444 0.8650244257812499 0.5390621291666666
2 0.665952296875 0.5390621291666666 0.665952296875 0.7171870069444444 0.78328620078125 0.7171870069444444 0.78328620078125 0.5390621291666666
2 0.7872412757812499 0.5226558902777777 0.7872412757812499 0.8765618972222222 0.99949698984375 0.8765618972222222 0.99949698984375 0.5226558902777777
2 0.6118996 0.5484371236111111 0.6118996 0.5835933486111111 0.6461769203125 0.5835933486111111 0.6461769203125 0.5484371236111111
7 0.5354348085937499 0.2512498208333333 0.5354348085937499 0.2887497944444445 0.55125511015625 0.2887497944444445 0.55125511015625 0.2512498208333333