6 0.47375661328124996 0.13517335416666668 0.47375661328124996 0.20622601527777779 0.4893535390625 0.20622601527777779 0.4893535390625 0.13517335416666668
6 0.45718488046875 0.13170737083333334 0.45718488046875 0.21315798055555557 0.47765584531250005 0.21315798055555557 0.47765584531250005 0.13170737083333334
7 0.4630337265625 0.2148909736111111 0.4630337265625 0.23741986666666667 0.48447950000000006 0.23741986666666667 0.48447950000000006 0.2148909736111111
4 0.44061314609375 0.28074465972222223 0.44061314609375 0.3812581791666667 0.45913449531249995 0.3812581791666667 0.45913449531249995 0.28074465972222223
4 0.5449175859375 0.27381269444444445 0.5449175859375 0.32753543749999997 0.5575900875 0.32753543749999997 0.5575900875 0.27381269444444445
2 0.9475132273437501 0.1992940486111111 0.9475132273437501 0.21835695555555554 0.9640849593749999 0.21835695555555554 0.9640849593749999 0.1992940486111111
2 0.9133949507812501 0.2044930236111111 0.9133949507812501 0.2304879 0.92801706953125 0.2304879 0.92801706953125 0.2044930236111111
2 0.91631937578125 0.21315798333333333 0.91631937578125 0.25474978472222226 0.9455636109375 0.25474978472222226 0.9455636109375 0.21315798333333333
2 0.8519820570312501 0.23395388333333333 0.8519820570312501 0.27034670972222224 0.8763522539062499 0.27034670972222224 0.8763522539062499 0.23395388333333333
2 0.8471080171875001 0.24088585 0.8471080171875001 0.28247765138888886 0.8675789828125 0.28247765138888886 0.8675789828125 0.24088585
2 0.81298974375 0.23741986666666667 0.81298974375 0.2946085930555556 0.8519820570312501 0.2946085930555556 0.8519820570312501 0.23741986666666667
2 0.7632745437499999 0.24088585 0.7632745437499999 0.29287560138888885 0.8178637835937501 0.29287560138888885 0.8178637835937501 0.24088585
2 0.71940819140625 0.27381269444444445 0.71940819140625 0.35006432916666663 0.7817958929687501 0.35006432916666663 0.7817958929687501 0.27381269444444445
2 0.6248518296875 0.24955080694444445 0.6248518296875 0.32926842638888887 0.7008868421875001 0.32926842638888887 0.7008868421875001 0.24955080694444445
2 0.5429679703125 0.2876766263888889 0.5429679703125 0.37779219444444445 0.63362510078125 0.37779219444444445 0.63362510078125 0.2876766263888889
2 0.765224159375 0.27034670972222224 0.765224159375 0.3725932194444444 0.8519820570312501 0.3725932194444444 0.8519820570312501 0.27034670972222224
2 0.627776253125 0.28594363472222223 0.627776253125 0.38299116944444445 0.723307421875 0.38299116944444445 0.723307421875 0.28594363472222223
2 0.10917847890625001 0.27901166944444444 0.10917847890625001 0.5372274361111111 0.24857600078125 0.5372274361111111 0.24857600078125 0.27901166944444444