6 0.45105986640625 0.19453111666666664 0.45105986640625 0.24374983194444444 0.46292509296875 0.24374983194444444 0.46292509296875 0.19453111666666664
6 0.19661668203125 0.2203123486111111 0.19661668203125 0.2718748125 0.21243698359375 0.2718748125 0.21243698359375 0.2203123486111111
6 0.20848190781249998 0.2226560972222222 0.20848190781249998 0.27656230972222223 0.22166549375 0.27656230972222223 0.22166549375 0.2226560972222222
6 0.18738817265625002 0.2226560972222222 0.18738817265625002 0.2789060597222222 0.19925339921875002 0.2789060597222222 0.19925339921875002 0.2226560972222222
6 0.43392120624999997 0.32109352916666667 0.43392120624999997 0.3468747611111111 0.44051299843749997 0.3468747611111111 0.44051299843749997 0.32109352916666667
6 0.38514194296875004 0.3328122694444444 0.38514194296875004 0.35624975555555555 0.39041537734375 0.35624975555555555 0.39041537734375 0.3328122694444444
2 0.42469269765625006 0.3796872388888889 0.42469269765625006 0.400780975 0.435239565625 0.400780975 0.435239565625 0.3796872388888889
2 0.37195835859375 0.39843722638888884 0.37195835859375 0.42656220694444447 0.38777866015625 0.42656220694444447 0.38777866015625 0.39843722638888884
2 0.2823099828125 0.41015596805555554 0.2823099828125 0.4640621777777778 0.324497453125 0.4640621777777778 0.324497453125 0.41015596805555554
2 0.019521196875 0.48412567500000003 0.019521196875 0.5535343736111111 0.089829646875 0.5535343736111111 0.089829646875 0.48412567500000003
2 0.44578643281249997 0.37031224583333333 0.44578643281249997 0.40312472222222223 0.46951688515625 0.40312472222222223 0.46951688515625 0.37031224583333333
2 0.44051299843749997 0.37031224583333333 0.44051299843749997 0.40312472222222223 0.44710478984375 0.40312472222222223 0.44710478984375 0.37031224583333333
6 0.51565943125 0.29531229722222224 0.51565943125 0.33281227361111115 0.52356958203125 0.33281227361111115 0.52356958203125 0.29531229722222224
2 0.48006375312499994 0.2882810513888889 0.48006375312499994 0.6726557875 0.779331125 0.6726557875 0.779331125 0.2882810513888889
7 0.08587457109374999 0.24843732916666666 0.08587457109374999 0.2882810513888889 0.16761279765624998 0.2882810513888889 0.16761279765624998 0.24843732916666666
7 0.54202660078125 0.17343738055555555 0.54202660078125 0.1992186125 0.56971212890625 0.1992186125 0.56971212890625 0.17343738055555555
7 0.54466331796875 0.20156235972222222 0.54466331796875 0.2507810763888889 0.58025899609375 0.2507810763888889 0.58025899609375 0.20156235972222222
7 0.030503515624999998 0.3257810263888889 0.030503515624999998 0.3515622583333334 0.050278891406250005 0.3515622583333334 0.050278891406250005 0.3257810263888889
7 0.02654843984375 0.22734359305555557 0.02654843984375 0.27656230972222223 0.0450054578125 0.27656230972222223 0.0450054578125 0.22734359305555557
6 0.21375534140625 0.38437473611111117 0.21375534140625 0.41484346527777777 0.2243022109375 0.41484346527777777 0.2243022109375 0.38437473611111117
6 0.027329674999999998 0.39215914861111106 0.027329674999999998 0.4338043680555555 0.05270723046875 0.4338043680555555 0.05270723046875 0.39215914861111106
2 0.33576458124999997 0.4025704541666667 0.33576458124999997 0.4424804555555556 0.36504637578125 0.4424804555555556 0.36504637578125 0.4025704541666667
2 0.31429126484375003 0.3956295847222222 0.31429126484375003 0.4442156736111111 0.342597 0.4442156736111111 0.342597 0.3956295847222222
2 0.40506482890625 0.39215914861111106 0.40506482890625 0.4060408888888889 0.4158014875 0.4060408888888889 0.4158014875 0.39215914861111106
2 0.39530423046875 0.3869534972222222 0.39530423046875 0.40951132361111114 0.40701694843749997 0.40951132361111114 0.40701694843749997 0.3869534972222222
2 0.38456757265624997 0.39042393194444447 0.38456757265624997 0.4147169763888889 0.396280290625 0.4147169763888889 0.396280290625 0.39042393194444447
7 0.22058952109375 0.34357305972222224 0.22058952109375 0.37827740972222224 0.24401495703124998 0.37827740972222224 0.24401495703124998 0.34357305972222224