5 0.20506320859375 0.5054850277777778 0.20506320859375 0.6135018624999999 0.24398724453125 0.6135018624999999 0.24398724453125 0.5054850277777778
3 0.20126574062499997 0.5392402861111112 0.20126574062499997 0.6543781402777777 0.2453170546875 0.6543781402777777 0.2453170546875 0.5392402861111112
2 0.32943024609375 0.5658225569444445 0.32943024609375 0.6147676833333333 0.36740491484375004 0.6147676833333333 0.36740491484375004 0.5658225569444445
2 0.256329009375 0.5691980805555555 0.256329009375 0.5995778138888889 0.27911380937499997 0.5995778138888889 0.27911380937499997 0.5691980805555555
2 0.4604428515625 0.5270040069444444 0.4604428515625 0.6907170208333333 0.56487318828125 0.6907170208333333 0.56487318828125 0.5270040069444444
2 0.445252984375 0.5405061125 0.445252984375 0.6603372861111111 0.47753145234375005 0.6603372861111111 0.47753145234375005 0.5405061125
9 0.41962008281249996 0.5160335444444445 0.41962008281249996 0.6282697861111111 0.4623415859375 0.6282697861111111 0.4623415859375 0.5160335444444445
2 0.24683534296874998 0.5784807777777778 0.24683534296874998 0.6037972236111111 0.25822774453125 0.6037972236111111 0.25822774453125 0.5784807777777778
2 0.04651896875 0.5549364875 0.04651896875 0.5988183291666667 0.074050603125 0.5988183291666667 0.074050603125 0.5549364875
2 0.034177201562499995 0.5532487263888889 0.034177201562499995 0.5937550361111111 0.044620234375 0.5937550361111111 0.044620234375 0.5532487263888889
2 0.1746834734375 0.5785651722222221 0.1746834734375 0.6038816152777777 0.1908227078125 0.6038816152777777 0.1908227078125 0.5785651722222221
2 0.40917704921875 0.5963429513888888 0.40917704921875 0.6182838708333332 0.41962008281249996 0.6182838708333332 0.41962008281249996 0.5963429513888888
2 0.38006314531249996 0.5980307166666666 0.38006314531249996 0.6182838736111111 0.391455546875 0.6182838736111111 0.391455546875 0.5980307166666666
2 0 0.5457100638888889 0 0.5946551916666667 0.017088600781249998 0.5946551916666667 0.017088600781249998 0.5457100638888889
2 0.27974672734375 0.5777775625 0.27974672734375 0.6014062458333334 0.2920884953125 0.6014062458333334 0.2920884953125 0.5777775625
2 0.78512626328125 0.5777775625 0.78512626328125 0.6722922902777778 0.84398699921875 0.6722922902777778 0.84398699921875 0.5777775625
2 0.71012629453125 0.5440223 0.71012629453125 0.6537268986111111 0.843037634375 0.6537268986111111 0.843037634375 0.5440223