7 0.45811185937500004 0.3413257472222222 0.45811185937500004 0.3600285263888888 0.46863217265625 0.3600285263888888 0.46863217265625 0.3413257472222222
7 0.46385021171874996 0.3736305472222223 0.46385021171874996 0.3940335805555556 0.47915248671875005 0.3940335805555556 0.47915248671875005 0.3736305472222223
7 0.38351326796874996 0.38383206527777775 0.38351326796874996 0.3974340875 0.40168471953124996 0.3974340875 0.40168471953124996 0.38383206527777775
7 0.0679038453125 0.2758660125 0.0679038453125 0.2928685388888889 0.10233396328125 0.2928685388888889 0.10233396328125 0.2758660125
7 0.086075296875 0.32347309166666666 0.086075296875 0.345576375 0.10520313984375 0.345576375 0.10520313984375 0.32347309166666666
7 0.0105203140625 0.3472766305555556 0.0105203140625 0.3829819416666667 0.04590682578125 0.3829819416666667 0.04590682578125 0.3472766305555556
2 0.32134777578125 0.4441910388888889 0.32134777578125 0.46119356666666667 0.34143201171875004 0.46119356666666667 0.34143201171875004 0.4441910388888889
2 0.32326056015625004 0.44929179722222223 0.32326056015625004 0.47649584305555553 0.34143201171875004 0.47649584305555553 0.34143201171875004 0.44929179722222223
2 0.24101083124999997 0.44376597361111114 0.24101083124999997 0.4726702708333333 0.25535671484375 0.4726702708333333 0.25535671484375 0.44376597361111114
2 0.197016790625 0.4220877527777778 0.197016790625 0.4985991277777778 0.2448364 0.4985991277777778 0.2448364 0.4220877527777778
2 0.43324566171875 0.43526471111111115 0.43324566171875 0.6596980805555556 0.60061429453125 0.6596980805555556 0.60061429453125 0.43526471111111115
2 0.37299295390625 0.47097001944444444 0.37299295390625 0.5712849375 0.45237350546875 0.5712849375 0.45237350546875 0.47097001944444444
2 0 0.3811966680555555 0 0.6515368597222222 0.11859263125 0.6515368597222222 0.11859263125 0.3811966680555555
2 0.5217119390625 0.3916248958333333 0.5217119390625 0.8645785388888888 0.9999080328125001 0.8645785388888888 0.9999080328125001 0.3916248958333333
2 0.239098046875 0.4349246666666667 0.239098046875 0.5760456472222222 0.33091169609375004 0.5760456472222222 0.33091169609375004 0.4349246666666667
2 0.33602720625 0.44630372916666666 0.33602720625 0.5086753680555556 0.3718908984375 0.5086753680555556 0.3718908984375 0.44630372916666666