1 0.15290134921875 0.45554731527777775 0.15290134921875 0.6032361722222223 0.24650696328125 0.6032361722222223 0.24650696328125 0.45554731527777775
2 0.24182668359375 0.5408324319444445 0.24182668359375 0.5574734277777778 0.26639815625 0.5574734277777778 0.26639815625 0.5408324319444445
2 0.26288794609375 0.5366721819444444 0.26288794609375 0.5574734277777778 0.283949209375 0.5574734277777778 0.283949209375 0.5366721819444444
2 0.29681998125 0.5408324319444445 0.29681998125 0.5969958013888889 0.3319220859375 0.5969958013888889 0.3319220859375 0.5408324319444445
2 0.32022138515625 0.5533131777777778 0.32022138515625 0.6177970458333333 0.36702419296875 0.6177970458333333 0.36702419296875 0.5533131777777778
2 0.34830306875 0.5470728083333334 0.34830306875 0.6489989180555555 0.41733721015625 0.6489989180555555 0.41733721015625 0.5470728083333334
2 0.221935490625 0.5449926805555555 0.221935490625 0.6531591680555556 0.30969075234375 0.6531591680555556 0.30969075234375 0.5449926805555555
2 0.05120413359375 0.5075504375 0.05120413359375 0.6979251555555556 0.21374500078124997 0.6979251555555556 0.21374500078124997 0.5075504375
2 0.53668436484375 0.5553933055555555 0.53668436484375 0.6427585430555556 0.5928477328125 0.6427585430555556 0.5928477328125 0.5553933055555555
2 0.47467064765625 0.5512330555555556 0.47467064765625 0.6843610388888889 0.55423541796875 0.6843610388888889 0.55423541796875 0.5512330555555556
2 0.6536913828124999 0.46178769027777783 0.6536913828124999 0.9443766305555557 0.9988620812500001 0.9443766305555557 0.9988620812500001 0.46178769027777783
5 0.60337836484375 0.5345920597222222 0.60337836484375 0.7155629138888888 0.65135124140625 0.7155629138888888 0.65135124140625 0.5345920597222222
3 0.60454843359375 0.5678740513888889 0.60454843359375 0.7197231555555557 0.651351240625 0.7197231555555557 0.651351240625 0.5678740513888889
5 0.45594952343750006 0.5408324319444445 0.45594952343750006 0.5907554263888889 0.4723305046875 0.5907554263888889 0.4723305046875 0.5408324319444445
3 0.454779453125 0.5761945527777778 0.454779453125 0.6219572986111112 0.4723305046875 0.6219572986111112 0.4723305046875 0.5761945527777778
7 0.44658896171875 0.5470728083333334 0.44658896171875 0.5699541791666667 0.45711959375 0.5699541791666667 0.45711959375 0.5470728083333334
7 0.20087422734375 0.2953777125 0.20087422734375 0.40770444722222227 0.268738296875 0.40770444722222227 0.268738296875 0.2953777125
7 0.5226435242187499 0.4888293125 0.5226435242187499 0.5241914333333333 0.53785443671875 0.5241914333333333 0.53785443671875 0.4888293125
7 0.48754141874999996 0.5158709347222222 0.48754141874999996 0.5491529305555556 0.5132829609375 0.5491529305555556 0.5132829609375 0.5158709347222222
7 0.34128264765625 0.5241914361111112 0.34128264765625 0.5470728083333334 0.35298334921875 0.5470728083333334 0.35298334921875 0.5241914361111112
7 0.27575871640625 0.5117106847222223 0.27575871640625 0.5325119319444445 0.28745941796875 0.5325119319444445 0.28745941796875 0.5117106847222223