2 0.09822547968749999 0.31677174166666666 0.09822547968749999 0.3529134861111111 0.1341014734375 0.3529134861111111 0.1341014734375 0.31677174166666666
2 0.10659654453125 0.3146457555555555 0.10659654453125 0.4060631013888889 0.19987412890625 0.4060631013888889 0.19987412890625 0.3146457555555555
2 0.18432786484375 0.3103937888888889 0.18432786484375 0.3401575763888889 0.20944106171875002 0.3401575763888889 0.20944106171875002 0.3103937888888889
2 0.20824519453125 0.3103937888888889 0.20824519453125 0.33377962083333335 0.21781212734375002 0.33377962083333335 0.21781212734375002 0.3103937888888889
2 0.2213997265625 0.3146457555555555 0.2213997265625 0.33377961805555556 0.242925321875 0.33377961805555556 0.242925321875 0.3146457555555555
2 0.2548839859375 0.3146457555555555 0.2548839859375 0.33377961805555556 0.27880131640625 0.33377961805555556 0.27880131640625 0.3146457555555555
2 0.27880131640625 0.3146457555555555 0.27880131640625 0.3380315902777778 0.29195584765625 0.3380315902777778 0.29195584765625 0.3146457555555555
2 0.3350070390625 0.30826780277777777 0.3350070390625 0.34228355972222224 0.35653263515625 0.34228355972222224 0.35653263515625 0.30826780277777777
2 0.374470634375 0.3103937888888889 0.374470634375 0.3401575763888889 0.40197556328125 0.3401575763888889 0.40197556328125 0.3103937888888889
2 0.39599623125 0.3103937888888889 0.39599623125 0.37204734861111116 0.43785155781249996 0.37204734861111116 0.43785155781249996 0.3103937888888889
2 0.42948049218750006 0.3103937888888889 0.42948049218750006 0.3465355319444444 0.44861435624999996 0.3465355319444444 0.44861435624999996 0.3103937888888889
2 0.43785155781249996 0.3146457555555555 0.43785155781249996 0.36141742222222223 0.47372755234374997 0.36141742222222223 0.47372755234374997 0.3146457555555555
2 0.51438701171875 0.31889772638888886 0.51438701171875 0.3677953777777778 0.5562423390625 0.3677953777777778 0.5562423390625 0.31889772638888886
2 0.581355534375 0.3040158305555556 0.581355534375 0.33377962083333335 0.63995299140625 0.33377962083333335 0.63995299140625 0.3040158305555556
2 0.54667540703125 0.3231496944444444 0.54667540703125 0.45070878472222226 0.66267445546875 0.45070878472222226 0.66267445546875 0.3231496944444444
7 0.66147858671875 0.27637802777777776 0.66147858671875 0.3040158305555556 0.67702485078125 0.3040158305555556 0.67702485078125 0.27637802777777776
2 0.8157453625000001 0.3231496944444444 0.8157453625000001 0.5144883305555555 0.99871293203125 0.5144883305555555 0.99871293203125 0.3231496944444444
2 0.07311228359375001 0.3146457555555555 0.07311228359375001 0.3316536333333333 0.092246146875 0.3316536333333333 0.092246146875 0.3146457555555555