7 0.6581247703125 0.48562483055555555 0.6581247703125 0.5081248194444444 0.6834372601562501 0.5081248194444444 0.6834372601562501 0.48562483055555555
2 0.45773421484375004 0.5621248083333333 0.45773421484375004 0.5883748 0.47249983437500004 0.5883748 0.47249983437500004 0.5621248083333333
2 0.4693357734375 0.5639998083333333 0.4693357734375 0.5958747986111111 0.491484203125 0.5958747986111111 0.491484203125 0.5639998083333333
2 0.48515608046875 0.5696248069444445 0.48515608046875 0.5996247972222222 0.5136326328124999 0.5996247972222222 0.5136326328124999 0.5696248069444445
2 0.41976547890625 0.5621248083333333 0.41976547890625 0.5939997986111111 0.43031234765625 0.5939997986111111 0.43031234765625 0.5621248083333333
2 0.3965623609375 0.5564998111111111 0.3965623609375 0.6052497930555556 0.42609360078125 0.6052497930555556 0.42609360078125 0.5564998111111111
2 0.36703112265625004 0.5564998111111111 0.36703112265625004 0.6164997902777778 0.40183579609375003 0.6164997902777778 0.40183579609375003 0.5564998111111111
2 0.3501561265625 0.5658748083333334 0.3501561265625 0.6427497833333333 0.37968736640625 0.6427497833333333 0.37968736640625 0.5658748083333334
2 0.4811980109375 0.5828318277777778 0.4811980109375 0.6334568111111112 0.5370964265625 0.6334568111111112 0.5370964265625 0.5828318277777778
2 0.2871355765625 0.5622068347222222 0.2871355765625 0.6615818 0.36518242421874997 0.6615818 0.36518242421874997 0.5622068347222222
2 0.53815111640625 0.588456825 0.53815111640625 0.7084567833333334 0.62463546015625 0.7084567833333334 0.62463546015625 0.588456825
2 0 0.51908185 0 0.6109568194444445 0.039284103125 0.6109568194444445 0.039284103125 0.51908185
2 0.91019499375 0.6993747541666667 0.91019499375 0.8174997125 0.99878871328125 0.8174997125 0.99878871328125 0.6993747541666667