7 0.14722583125 0.45714307083333333 0.14722583125 0.5122451375 0.1661671671875 0.5122451375 0.1661671671875 0.45714307083333333
7 0.5028063484375 0.4693879736111111 0.5028063484375 0.48163287916666664 0.52433059296875 0.48163287916666664 0.52433059296875 0.4693879736111111
7 0.5725449 0.4974492027777778 0.5725449 0.5066328847222222 0.5811545984375 0.5066328847222222 0.5811545984375 0.4974492027777778
6 0.3498407203125 0.45561245694444447 0.3498407203125 0.4770410361111111 0.3558675078125 0.4770410361111111 0.3558675078125 0.45561245694444447
6 0.4807081328125 0.4602042944444444 0.4807081328125 0.4770410388888889 0.4858739515625 0.4770410388888889 0.4858739515625 0.4602042944444444
6 0.35615450078125 0.4561226555555556 0.35615450078125 0.4775512347222222 0.36218128828124996 0.4775512347222222 0.36218128828124996 0.4561226555555556
6 0.34496189374999997 0.4545920388888889 0.34496189374999997 0.4790818458333333 0.3501277125 0.4790818458333333 0.3501277125 0.4545920388888889
6 0.48616093671874994 0.45918388055555553 0.48616093671874994 0.4775512347222222 0.49132675625 0.4775512347222222 0.49132675625 0.45918388055555553
6 0.4766902703125 0.4607144930555555 0.4766902703125 0.4790818458333333 0.4818560890625 0.4790818458333333 0.4818560890625 0.4607144930555555
2 0.16100134765625002 0.5617349472222222 0.16100134765625002 0.5969390430555556 0.19802304843750002 0.5969390430555556 0.19802304843750002 0.5617349472222222
2 0.365051184375 0.5311226888888889 0.365051184375 0.6229594652777778 0.42618003828125 0.6229594652777778 0.42618003828125 0.5311226888888889
2 0.52346962265625 0.5510206541666667 0.52346962265625 0.5724492333333333 0.53466223046875 0.5724492333333333 0.53466223046875 0.5510206541666667
2 0.527774471875 0.5418369777777777 0.527774471875 0.5938778152777777 0.55102065390625 0.5938778152777777 0.55102065390625 0.5418369777777777
2 0.5398280484375 0.5280614611111111 0.5398280484375 0.6137757875 0.59837399296875 0.6137757875 0.59837399296875 0.5280614611111111
2 0.55963035390625 0.5448982055555556 0.55963035390625 0.6229594680555556 0.611288540625 0.6229594680555556 0.611288540625 0.5448982055555556
2 0.18683044140625 0.5408165833333334 0.18683044140625 0.6096941625000001 0.25398608359375 0.6096941625000001 0.25398608359375 0.5408165833333334
7 0.139477103125 0.5744900694444445 0.139477103125 0.5943880375 0.14722583125 0.5943880375 0.14722583125 0.5744900694444445
2 0.0008609703125 0.5505104819444444 0.0008609703125 0.611735 0.051658188281249996 0.611735 0.051658188281249996 0.5505104819444444
2 0.22700903593750002 0.5193880041666666 0.22700903593750002 0.6846942013888889 0.38026165546875 0.6846942013888889 0.38026165546875 0.5193880041666666
2 0.41929228046875 0.5224492291666667 0.41929228046875 0.6984697152777778 0.5398280468750001 0.6984697152777778 0.5398280468750001 0.5224492291666667
2 0.5837375070312499 0.5454084236111112 0.5837375070312499 0.6571431694444444 0.6810270914062501 0.6571431694444444 0.6810270914062501 0.5454084236111112
7 0.6744442242187499 0.23877561805555556 0.6744442242187499 0.3413266833333333 0.7123268953124999 0.3413266833333333 0.7123268953124999 0.23877561805555556