2 0.47233050624999995 0.5533131805555556 0.47233050624999995 0.5803548013888888 0.48169106796875 0.5803548013888888 0.48169106796875 0.5533131805555556
2 0.4840312078125 0.5574734305555555 0.4840312078125 0.5782746777777779 0.49339176953125 0.5782746777777779 0.49339176953125 0.5574734305555555
2 0.48988155859375004 0.5491529319444445 0.48988155859375004 0.5824349277777777 0.500412190625 0.5824349277777777 0.500412190625 0.5491529319444445
2 0.49807205000000004 0.5491529319444445 0.49807205000000004 0.5803548013888888 0.5121128921875 0.5803548013888888 0.5121128921875 0.5491529319444445
2 0.5074326109375 0.5491529319444445 0.5074326109375 0.586595175 0.52849387421875 0.586595175 0.52849387421875 0.5491529319444445
2 0.521473453125 0.5449926819444444 0.521473453125 0.5928355513888889 0.547214996875 0.5928355513888889 0.547214996875 0.5449926819444444
2 0.53902450546875 0.5408324333333334 0.53902450546875 0.6032361749999999 0.5823171015625 0.6032361749999999 0.5823171015625 0.5408324333333334
2 0.55189527734375 0.5512330569444445 0.55189527734375 0.6115566736111111 0.5893375226562501 0.6115566736111111 0.5893375226562501 0.5512330569444445
2 0.41850727890624995 0.5470728069444445 0.41850727890624995 0.5574734305555555 0.43020798046875 0.5574734305555555 0.43020798046875 0.5470728069444445
2 0.4114868578125 0.5470728069444445 0.4114868578125 0.5616336805555556 0.42084741875000004 0.5616336805555556 0.42084741875000004 0.5470728069444445
2 0.40329636640625 0.5595535541666666 0.40329636640625 0.5699541777777778 0.412656928125 0.5699541777777778 0.412656928125 0.5595535541666666
2 0.39393580625 0.5616336805555556 0.39393580625 0.5741144291666667 0.4044664375 0.5741144291666667 0.4044664375 0.5616336805555556
2 0.3834051734375 0.5574734305555555 0.3834051734375 0.5741144291666667 0.39393580625 0.5741144291666667 0.39393580625 0.5574734305555555
2 0.34596292812499996 0.5491529319444445 0.34596292812499996 0.586595175 0.37872489296875 0.586595175 0.37872489296875 0.5491529319444445
2 0.33426222656250004 0.5533131805555556 0.33426222656250004 0.5845150527777778 0.34479285859375 0.5845150527777778 0.34479285859375 0.5533131805555556
2 0.32022138437500003 0.5533131805555556 0.32022138437500003 0.5824349277777777 0.33309215625 0.5824349277777777 0.33309215625 0.5533131805555556
2 0.28277913906249996 0.5408324333333334 0.28277913906249996 0.5865951763888889 0.32139145468749997 0.5865951763888889 0.32139145468749997 0.5408324333333334
2 0.14237071953125 0.5345920583333333 0.14237071953125 0.6053163013888889 0.17162247343749998 0.6053163013888889 0.17162247343749998 0.5345920583333333
4 0.19034359609375 0.5408324333333334 0.19034359609375 0.5699541805555556 0.200874228125 0.5699541805555556 0.200874228125 0.5408324333333334
2 0.1844932453125 0.5325119333333334 0.1844932453125 0.6240374222222222 0.27575871875 0.6240374222222222 0.27575871875 0.5325119333333334
2 0.0288739140625 0.5241914347222222 0.0288739140625 0.6323579208333333 0.15173128125 0.6323579208333333 0.15173128125 0.5241914347222222
2 0.42786783984375 0.5366721833333333 0.42786783984375 0.607396425 0.47233050546875 0.607396425 0.47233050546875 0.5366721833333333
2 0.57997696171875 0.5449926819444444 0.57997696171875 0.6406784222222222 0.64784103125 0.6406784222222222 0.64784103125 0.5449926819444444
7 0.77771881953125 0.29953796250000003 0.77771881953125 0.3494609583333333 0.8046304328125 0.3494609583333333 0.8046304328125 0.29953796250000003
7 0.774208609375 0.34738083194444447 0.774208609375 0.3785827027777778 0.8139909953125001 0.3785827027777778 0.8139909953125001 0.34738083194444447
7 0.78707938125 0.5033901888888889 0.78707938125 0.5533131819444445 0.7976100125000001 0.5533131819444445 0.7976100125000001 0.5033901888888889
4 0.02536370234375 0.5366721833333333 0.02536370234375 0.5845150527777778 0.04174468515625 0.5845150527777778 0.04174468515625 0.5366721833333333
2 0.41733720859375 0.5574734305555555 0.41733720859375 0.5741144291666667 0.42903791015625004 0.5741144291666667 0.42903791015625004 0.5574734305555555