7 0.10804751171875 0.4485488888888889 0.10804751171875 0.45699216111111113 0.1234828703125 0.45699216111111113 0.1234828703125 0.4485488888888889
7 0.12467020546875 0.4717678902777778 0.12467020546875 0.48232197916666664 0.13416888828125 0.48232197916666664 0.13416888828125 0.4717678902777778
7 0.15672825859375 0.49498689166666665 0.15672825859375 0.5160950736111112 0.1638522703125 0.5160950736111112 0.1638522703125 0.49498689166666665
7 0.08667547656249999 0.5013193458333334 0.08667547656249999 0.5203167111111111 0.10329817031249999 0.5203167111111111 0.10329817031249999 0.5013193458333334
6 0.22796837656250002 0.372031725 0.22796837656250002 0.403694 0.23627972343749998 0.403694 0.23627972343749998 0.372031725
6 0.0023746703125 0.47124018472222223 0.0023746703125 0.49445918611111106 0.01306068828125 0.49445918611111106 0.01306068828125 0.47124018472222223
6 0.3775726234375 0.45435363888888886 0.3775726234375 0.4754618222222222 0.38944597578125 0.4754618222222222 0.38944597578125 0.45435363888888886
6 0.47374678203125004 0.3635884513888889 0.47374678203125004 0.39313990833333334 0.48205812890625 0.39313990833333334 0.48205812890625 0.3635884513888889
6 0.489182140625 0.3973615444444444 0.489182140625 0.4226913638888889 0.49630615234375003 0.4226913638888889 0.49630615234375003 0.3973615444444444
6 0.5675462703124999 0.3910290902777778 0.5675462703124999 0.41424809166666665 0.5746702820312499 0.41424809166666665 0.5746702820312499 0.3910290902777778
2 0.40883913203125 0.5016711597222222 0.40883913203125 0.5312226166666666 0.41715047890625 0.5312226166666666 0.41715047890625 0.5016711597222222
2 0.37440640859375 0.5058927972222222 0.37440640859375 0.5396658888888889 0.40052778515625 0.5396658888888889 0.40052778515625 0.5058927972222222
2 0.349472365625 0.5143360694444444 0.349472365625 0.5438875263888889 0.36609506015625 0.5438875263888889 0.36609506015625 0.5143360694444444
2 0.3304750015625 0.5143360694444444 0.3304750015625 0.5417767083333334 0.34234835390625 0.5417767083333334 0.34234835390625 0.5143360694444444
2 0.3102903015625 0.5164468888888889 0.3102903015625 0.5481091625 0.33166233749999996 0.5481091625 0.33166233749999996 0.5164468888888889
2 0.5730871921875 0.39824106388888886 0.5730871921875 0.5797714374999999 0.6562006625000001 0.5797714374999999 0.6562006625000001 0.39824106388888886
2 0.64412939609375 0.23188844444444442 0.64412939609375 0.7303431305555554 0.9991426492187501 0.7303431305555554 0.9991426492187501 0.23188844444444442
2 0.389841765625 0.42075645277777773 0.389841765625 0.8401056833333332 0.6562006617187499 0.8401056833333332 0.6562006617187499 0.42075645277777773