6 0.41445887187499997 0.5222368430555556 0.41445887187499997 0.5471052694444445 0.42045393750000004 0.5471052694444445 0.42045393750000004 0.5222368430555556
7 0.41246051718750004 0.5488815819444445 0.41246051718750004 0.5577631583333333 0.42644900390625 0.5577631583333333 0.42644900390625 0.5488815819444445
6 0.5723289375 0.4902631625 0.5723289375 0.5169079000000001 0.58431906953125 0.5169079000000001 0.58431906953125 0.4902631625
2 0.5283651234375 0.6252631611111111 0.5283651234375 0.6501315833333333 0.549347853125 0.6501315833333333 0.549347853125 0.6252631611111111
2 0.52037170234375 0.6305921097222222 0.52037170234375 0.6483552694444444 0.5293643 0.6483552694444444 0.5293643 0.6305921097222222
2 0.48839801796875 0.6075000013888888 0.48839801796875 0.6448026347222222 0.51637499140625 0.6448026347222222 0.51637499140625 0.6075000013888888
2 0.43344324765625003 0.6003947416666667 0.43344324765625003 0.6501315833333333 0.468414465625 0.6501315833333333 0.468414465625 0.6003947416666667
4 0.60030591171875 0.5915131597222222 0.60030591171875 0.6625657902777777 0.62028946484375 0.6625657902777777 0.62028946484375 0.5915131597222222
9 0.54834867578125 0.5417763194444445 0.54834867578125 0.6696710583333333 0.60130508984375 0.6696710583333333 0.60130508984375 0.5417763194444445
2 0.62828288515625 0.593289476388889 0.62828288515625 0.6607894791666666 0.68623518828125 0.6607894791666666 0.68623518828125 0.593289476388889
2 0.7232047632812499 0.6003947416666667 0.7232047632812499 0.7069736875 0.7961447296874999 0.7069736875 0.7961447296874999 0.6003947416666667
2 0.7911488398437501 0.5293421097222223 0.7911488398437501 0.7531578999999999 0.98399012421875 0.7531578999999999 0.98399012421875 0.5293421097222223
2 0.9480197289062501 0.6785526361111112 0.9480197289062501 0.9982894805555556 0.9994969890625001 0.9982894805555556 0.9994969890625001 0.6785526361111112
2 0 0.6146052666666666 0 0.9982894805555556 0.26358304921875 0.9982894805555556 0.26358304921875 0.6146052666666666