7 0.326319321875 0.5100996486111111 0.326319321875 0.5517021125 0.3397751171875 0.5517021125 0.3397751171875 0.5100996486111111
7 0.6821503796874999 0.4393754597222222 0.6821503796874999 0.4643369347222222 0.7032116296875001 0.4643369347222222 0.7032116296875001 0.4393754597222222
7 0.6031707015625 0.4362552736111111 0.6031707015625 0.4861782402777778 0.6207217421875 0.4861782402777778 0.6207217421875 0.4362552736111111
6 0.39418333906249997 0.5267406347222222 0.39418333906249997 0.552742175 0.40003368437500003 0.552742175 0.40003368437500003 0.5267406347222222
6 0.5416120703125 0.48201798611111113 0.5416120703125 0.5132198347222222 0.54863248671875 0.5132198347222222 0.54863248671875 0.48201798611111113
6 0.47725825859375004 0.5163400180555555 0.47725825859375004 0.5413014958333333 0.48018343359375004 0.5413014958333333 0.48018343359375004 0.5163400180555555
6 0.47140791171874996 0.5184201402777777 0.47140791171874996 0.5413015 0.47725825703125 0.5413015 0.47725825703125 0.5184201402777777
2 0.5094351640625 0.6047452527777778 0.5094351640625 0.6505079569444444 0.5310814460937501 0.6505079569444444 0.5310814460937501 0.6047452527777778
2 0.514700478125 0.5839440222222223 0.514700478125 0.6775495652777778 0.55506786796875 0.6775495652777778 0.55506786796875 0.5839440222222223
2 0.5304964125 0.5829039583333333 0.5304964125 0.6796296861111111 0.553312765625 0.6796296861111111 0.553312765625 0.5829039583333333
2 0.53693179296875 0.5745834666666666 0.53693179296875 0.6879501805555556 0.59485022265625 0.6879501805555556 0.59485022265625 0.5745834666666666
2 0.5591631085937501 0.5808238402777778 0.5591631085937501 0.7035511111111111 0.6053808453125 0.7035511111111111 0.6053808453125 0.5808238402777778
2 0.57495904453125 0.5298608194444445 0.57495904453125 0.7472336930555555 0.7159523937500001 0.7472336930555555 0.7159523937500001 0.5298608194444445
2 0.67630003203125 0.4216944152777778 0.67630003203125 0.8814016375 0.9939738421875 0.8814016375 0.9939738421875 0.4216944152777778
2 0.29836765 0.6130657458333333 0.29836765 0.6338669763888889 0.3112384125 0.6338669763888889 0.3112384125 0.6130657458333333
2 0.17317023828125 0.5912244527777778 0.17317023828125 0.7773954777777777 0.30480303203125 0.7773954777777777 0.30480303203125 0.5912244527777778
2 0 0.6206730055555556 0 0.9108501902777778 0.24616475390625 0.9108501902777778 0.24616475390625 0.6206730055555556
2 0 0.7610813208333334 0 0.9982153652777778 0.03847745546875 0.9982153652777778 0.03847745546875 0.7610813208333334
2 0.9575668804687499 0.5738702347222222 0.9575668804687499 0.9940551180555556 0.9985193070312499 0.9940551180555556 0.9985193070312499 0.5738702347222222
2 0.2490899265625 0.5634696180555555 0.2490899265625 0.9982153652777778 0.55038276875 0.9982153652777778 0.55038276875 0.5634696180555555