2 0 0.3894762361111111 0 0.8759750208333332 0.29392634921875 0.8759750208333332 0.29392634921875 0.3894762361111111
1 0.5285996421875 0.3575973972222222 0.5285996421875 0.7276691236111111 0.693104840625 0.7276691236111111 0.693104840625 0.3575973972222222
2 0.6884269671875 0.5807492625 0.6884269671875 0.6306465763888889 0.7196127867187501 0.6306465763888889 0.7196127867187501 0.5807492625
2 0.73364640546875 0.5946096263888888 0.73364640546875 0.6389627888888889 0.81394988984375 0.6389627888888889 0.81394988984375 0.5946096263888888
2 0.8186277640625 0.5959956625 0.8186277640625 0.6486650472222222 0.873202946875 0.6486650472222222 0.873202946875 0.5959956625
4 0.78900123515625 0.5571866430555555 0.78900123515625 0.6542091930555556 0.8155091820312499 0.6542091930555556 0.8155091820312499 0.5571866430555555
7 0.77418797109375 0.3880901986111111 0.77418797109375 0.47263841944444446 0.824864928125 0.47263841944444446 0.824864928125 0.3880901986111111
7 0.785882653125 0.31463026805555555 0.785882653125 0.38670416249999995 0.82174634609375 0.38670416249999995 0.82174634609375 0.31463026805555555
2 0.3999581359375 0.4878848222222222 0.3999581359375 0.9092398958333334 0.66191902109375 0.9092398958333334 0.66191902109375 0.4878848222222222
2 0.247927265625 0.5280798777777778 0.247927265625 0.5987677361111111 0.2752148578125 0.5987677361111111 0.2752148578125 0.5280798777777778
2 0.26585911171875 0.5100614041666667 0.26585911171875 0.5266938416666667 0.3219935890625 0.5266938416666667 0.3219935890625 0.5100614041666667
2 0.267418403125 0.4934289680555556 0.267418403125 0.7415294875 0.43738112031250004 0.7415294875 0.43738112031250004 0.4934289680555556
1 0.24324939296874998 0.4657082388888889 0.24324939296874998 0.5710470069444444 0.45141473828125 0.5710470069444444 0.45141473828125 0.4657082388888889
6 0.33212897890625 0.40056452777777773 0.33212897890625 0.43382940138888887 0.34148472421875 0.43382940138888887 0.34148472421875 0.40056452777777773
6 0.34148472421875 0.4033366 0.34148472421875 0.4366014736111111 0.34772188828125 0.4366014736111111 0.34772188828125 0.4033366
6 0.323552878125 0.40056452777777773 0.323552878125 0.43382940138888887 0.3313493328125 0.43382940138888887 0.3313493328125 0.40056452777777773
7 0.12162469609375 0.21622168194444444 0.12162469609375 0.3063140513888889 0.1660644890625 0.3063140513888889 0.1660644890625 0.21622168194444444