2 0.0659179234375 0.4687496777777778 0.0659179234375 0.49453090833333335 0.1028319609375 0.49453090833333335 0.1028319609375 0.4687496777777778
2 0.14370107265625 0.4804684194444444 0.14370107265625 0.5109371486111112 0.158203015625 0.5109371486111112 0.158203015625 0.4804684194444444
2 0.113378828125 0.4781246708333333 0.113378828125 0.5132808972222223 0.150292865625 0.5132808972222223 0.150292865625 0.4781246708333333
2 0.2293943734375 0.4921871611111111 0.2293943734375 0.532030886111111 0.24257795859375003 0.532030886111111 0.24257795859375003 0.4921871611111111
2 0.21621078906250002 0.48984341527777775 0.21621078906250002 0.5390621305555555 0.23598616484375 0.5390621305555555 0.23598616484375 0.48984341527777775
2 0.17006824296875 0.4664059291666667 0.17006824296875 0.5578121166666666 0.22675765703125 0.5578121166666666 0.22675765703125 0.4664059291666667
2 0.15952137500000002 0.48749966666666666 0.15952137500000002 0.5179683944444444 0.17666003515625 0.5179683944444444 0.17666003515625 0.48749966666666666
2 0.24389631640624998 0.4992184055555556 0.24389631640624998 0.5296871347222222 0.2597166171875 0.5296871347222222 0.2597166171875 0.4992184055555556
2 0 0.4453121944444444 0 0.6374995611111112 0.10019524296875 0.6374995611111112 0.10019524296875 0.4453121944444444
2 0.245214675 0.48984341527777775 0.245214675 0.5671871097222223 0.30190408984375 0.5671871097222223 0.30190408984375 0.48984341527777775
2 0.3427732015625 0.50624965 0.3427732015625 0.5695308569444444 0.37045873046875 0.5695308569444444 0.37045873046875 0.50624965
2 0.2860837875 0.5015621555555556 0.2860837875 0.5953120902777778 0.3612302203125 0.5953120902777778 0.3612302203125 0.5015621555555556
7 0.05141598125 0.19218736805555559 0.05141598125 0.29296855 0.07646479218749999 0.29296855 0.07646479218749999 0.19218736805555559
7 0.19248033671875 0.39140598055555553 0.19248033671875 0.43593719999999997 0.21093735390625 0.43593719999999997 0.21093735390625 0.39140598055555553
7 0.22807601484375 0.4640621791666667 0.22807601484375 0.48984341249999996 0.24389631640624998 0.48984341249999996 0.24389631640624998 0.4640621791666667
7 0.44956023749999996 0.43593719999999997 0.44956023749999996 0.48281216805555555 0.47197233203125 0.48281216805555555 0.47197233203125 0.43593719999999997
7 0.61962848046875 0.3328122708333333 0.61962848046875 0.4335934527777777 0.6644526671875 0.4335934527777777 0.6644526671875 0.3328122708333333
7 0.4774270359375 0.2789060583333333 0.4774270359375 0.37499974166666666 0.49852077109375 0.37499974166666666 0.49852077109375 0.2789060583333333