2 0.10164865000000001 0.5010237708333334 0.10164865000000001 0.5626773291666667 0.16861717265625 0.5626773291666667 0.16861717265625 0.5010237708333334
2 0.070556121875 0.5010237708333334 0.070556121875 0.5796852097222223 0.149483309375 0.5796852097222223 0.149483309375 0.5010237708333334
2 0.20449316718750002 0.5159056638888888 0.20449316718750002 0.5796852111111112 0.313317015625 0.5796852111111112 0.313317015625 0.5159056638888888
2 0.39025110390625 0.5116536958333333 0.39025110390625 0.5605513472222222 0.41895189921875 0.5605513472222222 0.41895189921875 0.5116536958333333
2 0.45203752578125 0.504567075 0.45203752578125 0.5300788930555556 0.501068053125 0.5300788930555556 0.501068053125 0.504567075
2 0.471171390625 0.5003151041666667 0.471171390625 0.5237009361111111 0.49150112031250004 0.5237009361111111 0.49150112031250004 0.5003151041666667
2 0.4783465890625 0.5088190430555556 0.4783465890625 0.56409465 0.5118308515625001 0.56409465 0.5118308515625001 0.5088190430555556
2 0.44007886406249996 0.5194489694444445 0.44007886406249996 0.56409465 0.46040859296875 0.56409465 0.46040859296875 0.5194489694444445
0 0.18575792890625 0.5279529083333334 0.18575792890625 0.6023623791666667 0.22043805546875 0.6023623791666667 0.22043805546875 0.5279529083333334
0 0.09208171953125 0.5329135444444444 0.09208171953125 0.5903151347222223 0.1470915765625 0.5903151347222223 0.1470915765625 0.5329135444444444
0 0.0956693171875 0.5456694527777778 0.0956693171875 0.596693088888889 0.1339370453125 0.596693088888889 0.1339370453125 0.5456694527777778
0 0.10284451562500001 0.5605513472222222 0.10284451562500001 0.596693088888889 0.1315453109375 0.596693088888889 0.1315453109375 0.5605513472222222
4 0.05261812421874999 0.5052757402777778 0.05261812421874999 0.6222049083333333 0.0789271875 0.6222049083333333 0.0789271875 0.5052757402777778
7 0.21605321484375 0.4521261208333333 0.21605321484375 0.4776379402777778 0.22681601406250002 0.4776379402777778 0.22681601406250002 0.4521261208333333
7 0.1873524203125 0.4074804388888889 0.1873524203125 0.43086627222222224 0.210073884375 0.43086627222222224 0.210073884375 0.4074804388888889
6 0.18535930390625 0.4322835902777778 0.18535930390625 0.4748032847222222 0.19612210234375 0.4748032847222222 0.19612210234375 0.4322835902777778
6 0.19970970078125 0.43582689305555555 0.19970970078125 0.48047257499999996 0.20927663203125002 0.48047257499999996 0.20927663203125002 0.43582689305555555
7 0.4488485625 0.15094492361111111 0.4488485625 0.1892126513888889 0.47276589140625 0.1892126513888889 0.47276589140625 0.15094492361111111
7 0.515817084375 0.42732295277777776 0.515817084375 0.4825985583333333 0.52777574921875 0.4825985583333333 0.52777574921875 0.42732295277777776
7 0.363144790625 0.4570867402777778 0.363144790625 0.47834659027777776 0.37629932187500004 0.47834659027777776 0.37629932187500004 0.4570867402777778
7 0.37590070781249996 0.45000013611111106 0.37590070781249996 0.48188990833333334 0.38546763984375 0.48188990833333334 0.38546763984375 0.45000013611111106
7 0.365137909375 0.42874028750000004 0.365137909375 0.45000013611111106 0.37590070781249996 0.45000013611111106 0.37590070781249996 0.42874028750000004
6 0.45323339296875 0.19204729444444446 0.45323339296875 0.2792126722222222 0.4747589890625 0.2792126722222222 0.4747589890625 0.19204729444444446
4 0.921614453125 0.47196863472222217 0.921614453125 0.5548820430555556 0.9443359156250001 0.5548820430555556 0.9443359156250001 0.47196863472222217
0 0.56564484296875 0.5265355902777777 0.56564484296875 0.5818111958333334 0.5907580390625 0.5818111958333334 0.5907580390625 0.5265355902777777
0 0.53495094765625 0.5385828319444445 0.53495094765625 0.581102525 0.56963107421875 0.581102525 0.56963107421875 0.5385828319444445
2 0.4081891015625 0.5088190430555556 0.4081891015625 0.5768505569444444 0.45124029453125003 0.5768505569444444 0.45124029453125003 0.5088190430555556