7 0.44548718515625 0.2408858513888889 0.44548718515625 0.3084725277777778 0.46985738125000004 0.3084725277777778 0.46985738125000004 0.2408858513888889
7 0.69698761015625 0.2148909736111111 0.69698761015625 0.2946085930555556 0.72720665234375 0.2946085930555556 0.72720665234375 0.2148909736111111
7 0.6414235625 0.39165612916666664 0.6414235625 0.43324793055555555 0.65604568046875 0.43324793055555555 0.65604568046875 0.39165612916666664
7 0.57903586015625 0.4384469069444445 0.57903586015625 0.4644417819444444 0.58975874765625 0.4644417819444444 0.58975874765625 0.4384469069444445
6 0.48642911484375 0.4471118652777778 0.48642911484375 0.45404383333333337 0.5000764249999999 0.45404383333333337 0.5000764249999999 0.4471118652777778
6 0.52542142890625 0.44364588194444443 0.52542142890625 0.4540438305555556 0.5419931625000001 0.4540438305555556 0.5419931625000001 0.44364588194444443
7 0.6833403 0.46097579722222226 0.6833403 0.4731067416666667 0.70381126484375 0.4731067416666667 0.70381126484375 0.46097579722222226
2 0 0.5233635000000001 0 0.7070606236111111 0.11697694140624999 0.7070606236111111 0.11697694140624999 0.5233635000000001
2 0.0009748078125000001 0.4661747736111111 0.0009748078125000001 0.5302954694444445 0.06433731796875 0.5302954694444445 0.06433731796875 0.4661747736111111
9 0.11405251796875 0.2668807263888889 0.11405251796875 0.703594638888889 0.3899231390625 0.703594638888889 0.3899231390625 0.2668807263888889
2 0.38212467499999997 0.5164315333333334 0.38212467499999997 0.6030811194444444 0.41429333359375003 0.6030811194444444 0.41429333359375003 0.5164315333333334
9 0.40357044843749995 0.48350469166666665 0.40357044843749995 0.5753532527777778 0.44646199375 0.5753532527777778 0.44646199375 0.48350469166666665
1 0.4474368015625 0.49043665833333333 0.4474368015625 0.5788192361111111 0.49032834609375 0.5788192361111111 0.49032834609375 0.49043665833333333
9 0.5956075937499999 0.4956356333333334 0.5956075937499999 0.6724007916666667 0.74767761796875 0.6724007916666667 0.74767761796875 0.4956356333333334
9 0.5488168171875001 0.5233635000000001 0.5488168171875001 0.5926831708333333 0.5985320171875 0.5926831708333333 0.5985320171875 0.5233635000000001
9 0.5010512328125001 0.47830571805555555 0.5010512328125001 0.5788192361111111 0.54589239375 0.5788192361111111 0.54589239375 0.47830571805555555