7 0.14955343828125 0.39988524305555556 0.14955343828125 0.44423843055555556 0.1624175953125 0.44423843055555556 0.1624175953125 0.39988524305555556
7 0.09030035234375 0.37424355694444444 0.09030035234375 0.43522918888888895 0.10745256171874999 0.43522918888888895 0.10745256171874999 0.37424355694444444
7 0.06496186015625 0.4227548569444444 0.06496186015625 0.44493145138888884 0.07236849609375 0.44493145138888884 0.07236849609375 0.4227548569444444
7 0.10628309218750001 0.4227548569444444 0.10628309218750001 0.44701050555555555 0.11446937421875 0.44701050555555555 0.11446937421875 0.4227548569444444
7 0.15851936640625 0.4158246708333333 0.15851936640625 0.45000004722222225 0.16631582421875 0.45000004722222225 0.16631582421875 0.4158246708333333
7 0.13902821953125 0.4213688194444445 0.13902821953125 0.4504755986111111 0.14565521015625 0.4504755986111111 0.14565521015625 0.4213688194444445
2 0.19894774531249998 0.4576232513888889 0.19894774531249998 0.4721766430555555 0.212981371875 0.4721766430555555 0.212981371875 0.4576232513888889
2 0.1743889 0.44861401111111116 0.1743889 0.46247438333333335 0.189202171875 0.46247438333333335 0.189202171875 0.44861401111111116
2 0.0434083921875 0.4576232513888889 0.0434083921875 0.4694045680555556 0.059001309375 0.4694045680555556 0.059001309375 0.4576232513888889
2 0.0067650359374999995 0.4569302333333334 0.0067650359374999995 0.465939475 0.014951317187499999 0.465939475 0.014951317187499999 0.4569302333333334
2 0 0.4555441944444445 0 0.4687115458333333 0.00559556796875 0.4687115458333333 0.00559556796875 0.4555441944444445