6 0.6145363164062501 0 0.6145363164062501 0.04265621527777778 0.6264015429687501 0.04265621527777778 0.6264015429687501 0
6 0.58816914765625 0 0.58816914765625 0.04031246805555556 0.60398944921875 0.04031246805555556 0.60398944921875 0
6 0.2506693796875 0.1739061222222222 0.2506693796875 0.21140609583333334 0.27176311484375 0.21140609583333334 0.27176311484375 0.1739061222222222
6 0.75955574921875 0.20203110416666664 0.75955574921875 0.2301560847222222 0.7780127664062501 0.2301560847222222 0.7780127664062501 0.20203110416666664
6 0.27176311484375 0.18093736805555555 0.27176311484375 0.21374984305555556 0.28890177499999997 0.21374984305555556 0.28890177499999997 0.18093736805555555
7 0.26253460546874996 0.1364061486111111 0.26253460546874996 0.15749988472222223 0.29285685 0.15749988472222223 0.29285685 0.1364061486111111
7 0.7358252960937499 0.1364061486111111 0.7358252960937499 0.15749988472222223 0.766147540625 0.15749988472222223 0.766147540625 0.1364061486111111
7 0.75560067265625 0.1176561625 0.75560067265625 0.1364061486111111 0.7780127671875 0.1364061486111111 0.7780127671875 0.1176561625
7 0.615854675 0.17859362083333336 0.615854675 0.21140609583333334 0.63035661953125 0.21140609583333334 0.63035661953125 0.17859362083333336
7 0.67518080625 0.12468740694444445 0.67518080625 0.15515613472222223 0.7002296171875 0.15515613472222223 0.7002296171875 0.12468740694444445
4 0.13992726796875 0.2512498194444444 0.13992726796875 0.35203100555555555 0.16497607890625 0.35203100555555555 0.16497607890625 0.2512498194444444
4 0.03973202421875 0.21374984444444445 0.03973202421875 0.48796840555555554 0.08719292890625 0.48796840555555554 0.08719292890625 0.21374984444444445
4 0.9006201046875001 0.2629685625 0.9006201046875001 0.35437475 0.91380369140625 0.35437475 0.91380369140625 0.2629685625
4 0.8650244257812499 0.31218727777777777 0.8650244257812499 0.3520310013888889 0.8874365195312499 0.3520310013888889 0.8874365195312499 0.31218727777777777
4 0.766147540625 0.2582810652777778 0.766147540625 0.316874775 0.7846045593750001 0.316874775 0.7846045593750001 0.2582810652777778
4 0.74637216328125 0.2770310527777778 0.74637216328125 0.3520310013888889 0.766147540625 0.3520310013888889 0.766147540625 0.2770310527777778
5 0.76746589921875 0.27468730416666665 0.76746589921875 0.40124971666666664 0.79383306953125 0.40124971666666664 0.79383306953125 0.27468730416666665
5 0.8294287468749999 0.28640604583333334 0.8294287468749999 0.36609349166666666 0.8452490484374999 0.36609349166666666 0.8452490484374999 0.28640604583333334
4 0.59871601484375 0.31453102638888886 0.59871601484375 0.37078098333333337 0.61980975078125 0.37078098333333337 0.61980975078125 0.31453102638888886
4 0.61980975078125 0.2770310527777778 0.61980975078125 0.3239060208333333 0.6356300523437499 0.3239060208333333 0.6356300523437499 0.2770310527777778
0 0.8202002374999999 0.3285935166666667 0.8202002374999999 0.37078099166666667 0.8597509921875 0.37078099166666667 0.8597509921875 0.3285935166666667
0 0.7503272390625 0.31453102638888886 0.7503272390625 0.3895309708333333 0.81360844375 0.3895309708333333 0.81360844375 0.31453102638888886
1 0.46819852656250005 0.21843734305555557 0.46819852656250005 0.2582810652777778 0.51697778984375 0.2582810652777778 0.51697778984375 0.21843734305555557
2 0.5288430156249999 0.2629685625 0.5288430156249999 0.30046853611111113 0.54070824140625 0.30046853611111113 0.54070824140625 0.2629685625
2 0.59871601484375 0.26765605833333334 0.59871601484375 0.3356247625 0.61980975078125 0.3356247625 0.61980975078125 0.26765605833333334
2 0.4629250921875 0.25359356805555555 0.4629250921875 0.3824997277777778 0.54202660234375 0.3824997277777778 0.54202660234375 0.25359356805555555
2 0.54466331796875 0.25593731666666664 0.54466331796875 0.3520310013888889 0.60398944921875 0.3520310013888889 0.60398944921875 0.25593731666666664
2 0.6184913921875 0.26765605833333334 0.6184913921875 0.39187472500000003 0.73450693671875 0.39187472500000003 0.73450693671875 0.26765605833333334
2 0.26648968125 0.21140609722222223 0.26648968125 0.5301558805555556 0.49324733671875 0.5301558805555556 0.49324733671875 0.21140609722222223
2 0 0.28640604583333334 0 0.5207808847222223 0.02523008203125 0.5207808847222223 0.02523008203125 0.28640604583333334