2 0.3870701765625 0.44062484444444444 0.3870701765625 0.45749984027777774 0.3976170484375 0.45749984027777774 0.3976170484375 0.44062484444444444
2 0.36914049609375 0.43687484722222225 0.36914049609375 0.45374984305555555 0.37968736718749996 0.45374984305555555 0.37968736718749996 0.43687484722222225
2 0.3554295625 0.43687484722222225 0.3554295625 0.45749984027777774 0.37335924375 0.45749984027777774 0.37335924375 0.43687484722222225
2 0.3417186296875 0.43124985 0.3417186296875 0.45374984305555555 0.3575389375 0.45374984305555555 0.3575389375 0.43124985
2 0.333281134375 0.43124985 0.333281134375 0.45374984305555555 0.34910144140625 0.45374984305555555 0.34910144140625 0.43124985
2 0.31640613828125 0.4349998472222222 0.31640613828125 0.45749984027777774 0.331171759375 0.45749984027777774 0.331171759375 0.4349998472222222
2 0.39972642265624997 0.4349998472222222 0.39972642265624997 0.45749984027777774 0.41343735625000005 0.45749984027777774 0.41343735625000005 0.4349998472222222
2 0.06539060234375 0.39749986111111113 0.06539060234375 0.473124825 0.16242181875 0.473124825 0.16242181875 0.39749986111111113
2 0.0063281234374999995 0.41249985277777773 0.0063281234374999995 0.47999983055555556 0.07593747421875 0.47999983055555556 0.07593747421875 0.41249985277777773
2 0.00105468828125 0.42499984583333333 0.00105468828125 0.46812483194444443 0.021093743749999998 0.46812483194444443 0.021093743749999998 0.42499984583333333
2 0.16031244375 0.40374984999999997 0.16031244375 0.4674998263888889 0.21937492265624997 0.4674998263888889 0.21937492265624997 0.40374984999999997
2 0.8542965765625 0.4068748555555556 0.8542965765625 0.48937482777777774 0.9682027859375 0.48937482777777774 0.9682027859375 0.4068748555555556
4 0.9639840375000001 0.41187483750000004 0.9639840375000001 0.48124981527777777 0.9745309093750001 0.48124981527777777 0.9745309093750001 0.41187483750000004
4 0.9217965523437501 0.40624985416666665 0.9217965523437501 0.48312482777777777 0.9418356078125001 0.48312482777777777 0.9418356078125001 0.40624985416666665
7 0.4514060921875 0.35124986666666663 0.4514060921875 0.3981248527777778 0.4619529640625 0.3981248527777778 0.4619529640625 0.35124986666666663
7 0.4514060921875 0.3193748791666667 0.4514060921875 0.3512498694444444 0.4619529640625 0.3512498694444444 0.4619529640625 0.3193748791666667
7 0.42820297578125005 0.3062498819444444 0.42820297578125005 0.35874986527777775 0.45562484062499997 0.35874986527777775 0.45562484062499997 0.3062498819444444
7 0.42820297578125005 0.2556249027777778 0.42820297578125005 0.3024998847222222 0.45773421484375004 0.3024998847222222 0.45773421484375004 0.2556249027777778
6 0.4408592203125 0.21999991527777776 0.4408592203125 0.26124989722222225 0.44718734453125003 0.26124989722222225 0.44718734453125003 0.21999991527777776
6 0.37757799140625 0.3849998555555556 0.37757799140625 0.3999998513888889 0.3860154890625 0.3999998513888889 0.3860154890625 0.3849998555555556
6 0.17191400234375 0.11874995 0.17191400234375 0.17312493194444445 0.18351556093750002 0.17312493194444445 0.18351556093750002 0.11874995
6 0.18351556093750002 0.11874995 0.18351556093750002 0.18062492777777778 0.19828118125 0.18062492777777778 0.19828118125 0.11874995
6 0.15609369765625 0.11874995 0.15609369765625 0.18249992638888887 0.1719140046875 0.18249992638888887 0.1719140046875 0.11874995
7 0.10863277421874999 0.2887498972222222 0.10863277421874999 0.3187498888888889 0.12550776875 0.3187498888888889 0.12550776875 0.2887498972222222
7 0.11074214921875 0.3693748722222222 0.11074214921875 0.4068748555555556 0.12656245703125 0.4068748555555556 0.12656245703125 0.3693748722222222
7 0.1117968359375 0.3237498819444445 0.1117968359375 0.3499998736111111 0.12550776875 0.3499998736111111 0.12550776875 0.3237498819444445
2 0.6644528921874999 0.4274998486111111 0.6644528921874999 0.45562483888888894 0.68449194765625 0.45562483888888894 0.68449194765625 0.4274998486111111
6 0.09703121640625 0.3299998875 0.09703121640625 0.3524998777777778 0.1086327734375 0.3524998777777778 0.1086327734375 0.3299998875
6 0.8627340734375 0.1706249388888889 0.8627340734375 0.22124992083333336 0.8764450070312501 0.22124992083333336 0.8764450070312501 0.1706249388888889
7 0.934452796875 0.19874993055555557 0.934452796875 0.2249999236111111 0.9945699625 0.2249999236111111 0.9945699625 0.19874993055555557