2 0.00017545703125 0.3612060111111111 0.00017545703125 0.6618990972222222 0.11457295625 0.6618990972222222 0.11457295625 0.3612060111111111
2 0.00017545703125 0.33874760416666666 0.00017545703125 0.5171671527777778 0.15738429062499998 0.5171671527777778 0.15738429062499998 0.33874760416666666
6 0.05912876953125 0.28384928333333337 0.05912876953125 0.31129844444444443 0.08720177578125 0.31129844444444443 0.08720177578125 0.28384928333333337
6 0.20089744999999998 0.061760613888888885 0.20089744999999998 0.1253927611111111 0.214933953125 0.1253927611111111 0.214933953125 0.061760613888888885
6 0.39530301562500003 0.30630768750000004 0.39530301562500003 0.3225276472222222 0.400215790625 0.3225276472222222 0.400215790625 0.30630768750000004
6 0.6356781296875 0.2801062138888889 0.6356781296875 0.3075553763888889 0.658136534375 0.3075553763888889 0.658136534375 0.2801062138888889
6 0.21633760234375 0.06550368194444443 0.21633760234375 0.12664044861111112 0.23107592890625 0.12664044861111112 0.23107592890625 0.06550368194444443
6 0.18686094609374998 0.0692467486111111 0.18686094609374998 0.12539275972222222 0.20019562421875 0.12539275972222222 0.20019562421875 0.0692467486111111
6 0.40126852890625003 0.3075553763888889 0.40126852890625003 0.32127995555555555 0.40407582968750005 0.32127995555555555 0.40407582968750005 0.3075553763888889
6 0.43776343593749995 0.3462337388888889 0.43776343593749995 0.35621525416666666 0.44618533828125007 0.35621525416666666 0.44618533828125007 0.3462337388888889
6 0.39109206484375003 0.33874760416666666 0.39109206484375003 0.34997680694444444 0.396706665625 0.34997680694444444 0.396706665625 0.33874760416666666
7 0.0500050421875 0.18278645833333332 0.0500050421875 0.19900641805555555 0.0801835234375 0.19900641805555555 0.0801835234375 0.18278645833333332
7 0.43109609843749996 0.3237753375 0.43109609843749996 0.33126146944444446 0.44021982421874994 0.33126146944444446 0.44021982421874994 0.3237753375
7 0.4353070484375 0.3150415111111111 0.4353070484375 0.3225276472222222 0.44583442578125 0.3225276472222222 0.44583442578125 0.3150415111111111
7 0.42337602187499995 0.3399952944444445 0.42337602187499995 0.3474814291666667 0.43109609843749996 0.3474814291666667 0.43109609843749996 0.3399952944444445
7 0.9858888789062499 0.08671439444444445 0.9858888789062499 0.16032805833333333 0.99922355703125 0.16032805833333333 0.99922355703125 0.08671439444444445
7 0.98237975390625 0.0006238444444444445 0.98237975390625 0.02932069583333333 0.9992235578124999 0.02932069583333333 0.9992235578124999 0.0006238444444444445
4 0.191773721875 0.35746294305555554 0.191773721875 0.4348196708333333 0.20581022578125002 0.4348196708333333 0.20581022578125002 0.35746294305555554
4 0.49671675000000004 0.3661967666666667 0.49671675000000004 0.43981042777777773 0.51215690390625 0.43981042777777773 0.51215690390625 0.3661967666666667
4 0.543037209375 0.3462337388888889 0.543037209375 0.43731505 0.5605828390625 0.43731505 0.5605828390625 0.3462337388888889
4 0.66901482421875 0.33500453611111114 0.66901482421875 0.4198473986111111 0.688665928125 0.4198473986111111 0.688665928125 0.33500453611111114
4 0.59672683515625 0.3437383611111111 0.59672683515625 0.44230580555555554 0.6170797632812499 0.44230580555555554 0.6170797632812499 0.3437383611111111
4 0.45425632812499994 0.36494907916666663 0.45425632812499994 0.4036274416666667 0.46267822968749994 0.4036274416666667 0.46267822968749994 0.36494907916666663
4 0.23318140703124998 0.3549675652777778 0.23318140703124998 0.43232429305555553 0.24581425859375 0.43232429305555553 0.24581425859375 0.3549675652777778
4 0.69252596640625 0.33500453611111114 0.69252596640625 0.42359046805555556 0.719195321875 0.42359046805555556 0.719195321875 0.33500453611111114
4 0.58374306875 0.3462337388888889 0.58374306875 0.42359046666666667 0.60128869765625 0.42359046666666667 0.60128869765625 0.3462337388888889
4 0.5633901390625 0.34249067222222224 0.5633901390625 0.4285812236111111 0.5795321171875 0.4285812236111111 0.5795321171875 0.34249067222222224
4 0.53531713203125 0.35247218611111114 0.53531713203125 0.4185997125 0.5493536367187499 0.4185997125 0.5493536367187499 0.35247218611111114
4 0.49040032343749995 0.35871063194444447 0.49040032343749995 0.39115055 0.49952404921875004 0.39115055 0.49952404921875004 0.35871063194444447
4 0.44057073828125004 0.36744445694444444 0.44057073828125004 0.4023797555555555 0.4482908140625 0.4023797555555555 0.4482908140625 0.36744445694444444
2 0.39881214140625 0.3661967666666667 0.39881214140625 0.4111135763888889 0.40583039374999996 0.4111135763888889 0.40583039374999996 0.3661967666666667
2 0.3882847640625 0.3599583208333333 0.3882847640625 0.4123612638888889 0.398812140625 0.4123612638888889 0.398812140625 0.3599583208333333
2 0.3763537375 0.35621525416666666 0.3763537375 0.43357198055555557 0.39881214296875 0.43357198055555557 0.39881214296875 0.35621525416666666
2 0.71498437109375 0.3437383611111111 0.71498437109375 0.43232429166666664 0.7816577609375 0.43232429166666664 0.7816577609375 0.3437383611111111
2 0.7739376835937499 0.2601431888888889 0.7739376835937499 0.4822318597222222 0.9978199062499999 0.4822318597222222 0.9978199062499999 0.2601431888888889
2 0.27037813828125 0.3225276472222222 0.27037813828125 0.4972041277777777 0.39249571328125 0.4972041277777777 0.39249571328125 0.3225276472222222
4 0.249323384375 0.3612060111111111 0.249323384375 0.44105811666666667 0.26335988828125 0.44105811666666667 0.26335988828125 0.3612060111111111