9 0.45801685859374996 0.33590560694444443 0.45801685859374996 0.36566939444444446 0.4747589890625 0.36566939444444446 0.4747589890625 0.33590560694444443
2 0.42812019765625 0.3571654513888889 0.42812019765625 0.3933071958333333 0.45801686015625 0.3933071958333333 0.45801686015625 0.3571654513888889
2 0.3802855375 0.34440954444444444 0.3802855375 0.4018111333333333 0.42931606406249995 0.4018111333333333 0.42931606406249995 0.34440954444444444
9 0.18655516875 0.28700795416666663 0.18655516875 0.4400788638888889 0.31212114921875 0.4400788638888889 0.31212114921875 0.28700795416666663
2 0 0.3348426125 0 0.5623229902777778 0.10164865000000001 0.5623229902777778 0.10164865000000001 0.3348426125
2 0.23438982890625 0.29019693055555557 0.23438982890625 0.5134253388888889 0.39583180234375004 0.5134253388888889 0.39583180234375004 0.29019693055555557
2 0.452635459375 0.17539374861111112 0.452635459375 0.6792521555555555 0.78508633984375 0.6792521555555555 0.78508633984375 0.17539374861111112
9 0.77432354140625 0.2455512486111111 0.77432354140625 0.3858662472222222 0.9560952453124999 0.3858662472222222 0.9560952453124999 0.2455512486111111
2 0.9429407140625001 0.26681109583333334 0.9429407140625001 0.3858662472222222 0.9979505718749999 0.3858662472222222 0.9979505718749999 0.26681109583333334
9 0.44178724062499997 0.33690215833333337 0.44178724062499997 0.37022506388888893 0.46450870312500003 0.37022506388888893 0.46450870312500003 0.33690215833333337
4 0.16434621875 0.357772875 0.16434621875 0.4470642388888889 0.18467594921875 0.4470642388888889 0.18467594921875 0.357772875
4 0.17778548046875 0.3628347388888889 0.17778548046875 0.4329922388888889 0.19452761093749998 0.4329922388888889 0.19452761093749998 0.3628347388888889
4 0.12636322109375 0.36496072500000004 0.12636322109375 0.44787413472222226 0.14908468359375 0.44787413472222226 0.14908468359375 0.36496072500000004
4 0.12755908671875 0.3628347388888889 0.12755908671875 0.4521261027777778 0.1490846828125 0.4521261027777778 0.1490846828125 0.3628347388888889
4 0.109621090625 0.3692126958333333 0.109621090625 0.4457481486111111 0.12755908671875 0.4457481486111111 0.12755908671875 0.3692126958333333
4 0.092878959375 0.36708671111111113 0.092878959375 0.45000011944444446 0.1108169578125 0.45000011944444446 0.1108169578125 0.36708671111111113
4 0.08450789453125 0.35858277083333334 0.08450789453125 0.44787413472222226 0.1036417578125 0.44787413472222226 0.1036417578125 0.35858277083333334
4 0.07135336249999999 0.35858277083333334 0.07135336249999999 0.45850405833333335 0.1000541578125 0.45850405833333335 0.1000541578125 0.35858277083333334
4 0.7494096531250001 0.23102368055555556 0.7494096531250001 0.29905519583333334 0.769739384375 0.29905519583333334 0.769739384375 0.23102368055555556
4 0.7649559179687501 0.2459055736111111 0.7649559179687501 0.46488201250000005 0.79485258046875 0.46488201250000005 0.79485258046875 0.2459055736111111
4 0.7828939148437499 0.2437795902777778 0.7828939148437499 0.41385837777777773 0.8187699078125 0.41385837777777773 0.8187699078125 0.2437795902777778
4 0.811594709375 0.1842520138888889 0.811594709375 0.435118225 0.8594293687500001 0.435118225 0.8594293687500001 0.1842520138888889
4 0.8474707039062499 0.2182677722222222 0.8474707039062499 0.2777953486111111 0.86301696875 0.2777953486111111 0.86301696875 0.2182677722222222
4 0.8379037726562499 0.22677170972222221 0.8379037726562499 0.46700799722222225 0.9024805625000001 0.46700799722222225 0.9024805625000001 0.22677170972222221
7 0.45135417265625 0.2997638472222222 0.45135417265625 0.3188977111111111 0.4633128375 0.3188977111111111 0.4633128375 0.2997638472222222