2 0.15023776093750002 0.33597540972222223 0.15023776093750002 0.39973311805555556 0.18259306484374999 0.39973311805555556 0.18259306484374999 0.33597540972222223
2 0.00015592890624999999 0.3560729486111111 0.00015592890624999999 0.4246817861111111 0.042256807812500005 0.4246817861111111 0.042256807812500005 0.3560729486111111
2 0.50287159140625 0.3338963430555556 0.50287159140625 0.3588450125 0.5141764570312499 0.3588450125 0.5141764570312499 0.3338963430555556
2 0.5098884046875 0.3283521944444444 0.5098884046875 0.3643891597222222 0.52314238515625 0.3643891597222222 0.52314238515625 0.3283521944444444
2 0.51768486328125 0.3235010652777778 0.51768486328125 0.36716123472222223 0.5441928234375 0.36716123472222223 0.5441928234375 0.3235010652777778
2 0.4419032984375 0.3394404916666667 0.4419032984375 0.35260784444444443 0.44814046640624994 0.35260784444444443 0.44814046640624994 0.3394404916666667
2 0.42942896484375004 0.33528238055555554 0.42942896484375004 0.3484497333333333 0.43488648515625006 0.3484497333333333 0.43488648515625006 0.33528238055555554
2 0.46139444531249996 0.33528238055555554 0.46139444531249996 0.36231010416666665 0.46958072734374995 0.36231010416666665 0.46958072734374995 0.33528238055555554
2 0.03495818203125 0.34165815 0.03495818203125 0.4262064138888889 0.13163427109375 0.4262064138888889 0.13163427109375 0.34165815
2 0.5355192625 0.3198280652777778 0.5355192625 0.37319049444444446 0.574111734375 0.37319049444444446 0.574111734375 0.3198280652777778
2 0.46613077968749994 0.3122048625 0.46613077968749994 0.37734860694444444 0.50589271953125 0.37734860694444444 0.50589271953125 0.3122048625
2 0.6078314179687501 0.2532982833333333 0.6078314179687501 0.4274211625 0.74123059375 0.4274211625 0.74123059375 0.2532982833333333
9 0.16606457109375 0.004049827777777778 0.16606457109375 0.5260010861111111 0.43249082578125 0.5260010861111111 0.43249082578125 0.004049827777777778
7 0.5818497328125 0.2202413 0.5818497328125 0.2313295986111111 0.59939176484375 0.2313295986111111 0.59939176484375 0.2202413
7 0.5736634515625 0.1405441638888889 0.5736634515625 0.17935320416666667 0.586527609375 0.17935320416666667 0.586527609375 0.1405441638888889
7 0.5736634515625 0.2590503388888889 0.5736634515625 0.2715246736111111 0.5876970781249999 0.2715246736111111 0.5876970781249999 0.2590503388888889
6 0.44644472109375 0.281019025 0.44644472109375 0.29349335972222224 0.45034295156250004 0.29349335972222224 0.45034295156250004 0.281019025
6 0.47685091015625 0.28864222916666665 0.47685091015625 0.3038886375 0.48230843203124996 0.3038886375 0.48230843203124996 0.28864222916666665
6 0.48035931640624996 0.2907212847222222 0.48035931640624996 0.3038886375 0.48464736875 0.3038886375 0.48464736875 0.2907212847222222
2 0.44527525234375 0.3371535277777778 0.44527525234375 0.3627952152777778 0.461647815625 0.3627952152777778 0.461647815625 0.3371535277777778
7 0.9350877757812499 0.046085734722222216 0.9350877757812499 0.0966760888888889 0.9693921937500001 0.0966760888888889 0.9693921937500001 0.046085734722222216
7 0.16463754531250002 0.27215829444444445 0.16463754531250002 0.2984929986111111 0.17282382578125 0.2984929986111111 0.17282382578125 0.27215829444444445