4 0.10192157109375 0.3701056305555555 0.10192157109375 0.4842244291666667 0.13470037421875 0.4842244291666667 0.13470037421875 0.3701056305555555
4 0.3067890921875 0.3482530930555556 0.3067890921875 0.40409846111111114 0.32317849453125 0.40409846111111114 0.32317849453125 0.3482530930555556
4 0.3723466984375 0.36282145 0.3723466984375 0.38710204444444446 0.38190718359375003 0.38710204444444446 0.38190718359375003 0.36282145
4 0.77661860703125 0.28512354444444443 0.77661860703125 0.3433969722222222 0.7998369265624999 0.3433969722222222 0.7998369265624999 0.28512354444444443
4 0.8175921117187499 0.35553727222222226 0.8175921117187499 0.4259509986111111 0.8449077820312499 0.4259509986111111 0.8449077820312499 0.35553727222222226
4 0.81076319453125 0.2802674277777778 0.81076319453125 0.425951 0.85310248125 0.425951 0.85310248125 0.2802674277777778
6 0.25898666953125 0.3045480208333333 0.25898666953125 0.3215444388888889 0.27401028906249997 0.3215444388888889 0.27401028906249997 0.3045480208333333
6 0.3627862140625 0.1394399763888889 0.3627862140625 0.19042922499999998 0.3724934109375 0.19042922499999998 0.3724934109375 0.1394399763888889
6 0.5908720546875 0.07631042916666667 0.5908720546875 0.13458385555555555 0.6031641046875 0.13458385555555555 0.6031641046875 0.07631042916666667
6 0.4105886359375 0.3312566777777778 0.4105886359375 0.3506811527777778 0.41741755390625 0.3506811527777778 0.41741755390625 0.3312566777777778
6 0.7096952171875001 0.2122817625 0.7096952171875001 0.24870265555555554 0.72198726796875 0.24870265555555554 0.72198726796875 0.2122817625
6 0.82715259609375 0.25598683194444444 0.82715259609375 0.2875516055555556 0.8421762140625001 0.2875516055555556 0.8421762140625001 0.25598683194444444
2 0.46112262499999995 0.16857669166666667 0.46112262499999995 0.6177677 0.73427931875 0.6177677 0.73427931875 0.16857669166666667
2 0.4201491203125 0.3361127944444445 0.4201491203125 0.40409846111111114 0.45975684140624995 0.40409846111111114 0.45975684140624995 0.3361127944444445
2 0.72608461796875 0.2899796652777778 0.72608461796875 0.3288286180555556 0.78344752421875 0.3288286180555556 0.78344752421875 0.2899796652777778
7 0.25625510390625 0.24870265416666668 0.25625510390625 0.2681271291666667 0.2781076390625 0.2681271291666667 0.2781076390625 0.24870265416666668
7 0.7370108867187499 0.08359460694444444 0.7370108867187499 0.12244355833333334 0.758863421875 0.12244355833333334 0.758863421875 0.08359460694444444
7 0.731547753125 0.13215579722222223 0.731547753125 0.18296052916666666 0.74518666953125 0.18296052916666666 0.74518666953125 0.13215579722222223
7 0.74818420234375 0.13144736944444443 0.74818420234375 0.19361842361111112 0.7721644664062499 0.19361842361111112 0.7721644664062499 0.13144736944444443
6 0.58431906953125 0.09236842222222222 0.58431906953125 0.14032894861111112 0.5903141359374999 0.14032894861111112 0.5903141359374999 0.09236842222222222
6 0.3724934109375 0.14388157916666666 0.3724934109375 0.18473684444444444 0.37748929921875 0.18473684444444444 0.37748929921875 0.14388157916666666
2 0.45342679921875 0.3499342125 0.45342679921875 0.3801315805555555 0.47241117421874995 0.3801315805555555 0.47241117421874995 0.3499342125