1 0 0.3025362152777778 0 0.6788854388888889 0.19995069999999998 0.6788854388888889 0.19995069999999998 0.3025362152777778
1 0.1890244328125 0.39965859583333335 0.1890244328125 0.5987594763888889 0.26004517265625 0.5987594763888889 0.26004517265625 0.39965859583333335
2 0.2559478234375 0.5113493333333333 0.2559478234375 0.5599105222222223 0.27233722421875 0.5599105222222223 0.27233722421875 0.5113493333333333
2 0.23955842187499998 0.4700723222222222 0.23955842187499998 0.7444430472222223 0.42667075703124996 0.7444430472222223 0.42667075703124996 0.4700723222222222
2 0.39935508828125 0.27097144166666665 0.39935508828125 0.5793349999999999 0.57417537265625 0.5793349999999999 0.57417537265625 0.27097144166666665
2 0.57963850703125 0.4797845597222222 0.57963850703125 0.6230400708333333 0.7230457718750001 0.6230400708333333 0.7230457718750001 0.4797845597222222
2 0.5823700734374999 0.46764426388888886 0.5823700734374999 0.5720508208333334 0.6547565976562499 0.5720508208333334 0.6547565976562499 0.46764426388888886
2 0.7107537203125001 0.44372787499999994 0.7107537203125001 0.7104502138888888 0.99872916328125 0.7104502138888888 0.99872916328125 0.44372787499999994
2 0.93747377734375 0.5914752972222223 0.93747377734375 0.7808639416666666 0.99893403359375 0.7808639416666666 0.99893403359375 0.5914752972222223
2 0.44753593828125 0.3917269222222222 0.44753593828125 0.622392575 0.6360140578125 0.622392575 0.6360140578125 0.3917269222222222
9 0.30851108437499997 0.44572779305555554 0.30851108437499997 0.4770282013888889 0.34525504140624996 0.4770282013888889 0.34525504140624996 0.44572779305555554