7 0.456210071875 0.4488448569444444 0.456210071875 0.4817717 0.47180699765625 0.4817717 0.47180699765625 0.4488448569444444
7 0.97090861484375 0.15250327222222224 0.97090861484375 0.38472416111111113 0.9982032343749999 0.38472416111111113 0.9982032343749999 0.15250327222222224
6 0.372376596875 0.41765100555555557 0.372376596875 0.4471118652777778 0.3801750609375 0.4471118652777778 0.3801750609375 0.41765100555555557
6 0.39187275390625 0.43671391527777775 0.39187275390625 0.4627087888888889 0.39967121796875 0.4627087888888889 0.39967121796875 0.43671391527777775
6 0.41429333437500004 0.4228499805555555 0.41429333437500004 0.4471118652777778 0.42209179687500004 0.4471118652777778 0.42209179687500004 0.4228499805555555
6 0.42599102890624996 0.4384469069444445 0.42599102890624996 0.4644417805555555 0.43476429921875 0.4644417805555555 0.43476429921875 0.4384469069444445
2 0.66189452734375 0.46964075833333335 0.66189452734375 0.49910161527777774 0.6882143390625 0.49910161527777774 0.6882143390625 0.46964075833333335
2 0.57611143671875 0.47483973333333335 0.57611143671875 0.49910161666666664 0.597557209375 0.49910161666666664 0.597557209375 0.47483973333333335
2 0.34800640078125 0.47483973333333335 0.34800640078125 0.5129655513888889 0.38017506015625 0.5129655513888889 0.38017506015625 0.47483973333333335
2 0.39187275390625 0.46790776666666667 0.39187275390625 0.5008346069444444 0.4172177578125 0.5008346069444444 0.4172177578125 0.46790776666666667
2 0.42599102890624996 0.4817717 0.42599102890624996 0.5008346083333333 0.44548718593750003 0.5008346083333333 0.44548718593750003 0.4817717
9 0.6921135703125 0.4523108402777778 0.6921135703125 0.4956356333333334 0.731105884375 0.4956356333333334 0.731105884375 0.4523108402777778
9 0 0.31193851111111115 0 0.6152120624999999 0.20568445546874997 0.6152120624999999 0.20568445546874997 0.31193851111111115
9 0.9114453359375 0.37086022916666667 0.9114453359375 0.4817717 0.97773226953125 0.4817717 0.97773226953125 0.37086022916666667
9 0.776921853125 0.37952518749999997 0.776921853125 0.49216965 0.9231430296875001 0.49216965 0.9231430296875001 0.37952518749999997