2 0.00085359375 0.4113826388888889 0.00085359375 0.8387211152777777 0.3108864421875 0.8387211152777777 0.3108864421875 0.4113826388888889
2 0.66189279609375 0.3239724986111111 0.66189279609375 0.9982894805555556 0.99997696640625 0.9982894805555556 0.99997696640625 0.3239724986111111
2 0.29449703984375 0.3652495097222222 0.29449703984375 0.8047282805555556 0.5649221679687499 0.8047282805555556 0.5649221679687499 0.3652495097222222
2 0.5567274679687501 0.4720841291666667 0.5567274679687501 0.6614727708333333 0.7055978671875 0.6614727708333333 0.7055978671875 0.4720841291666667
2 0.28356660078124996 0.45751577222222223 0.28356660078124996 0.49381579166666667 0.3231784921875 0.49381579166666667 0.3231784921875 0.45751577222222223
6 0.47478045937499996 0.3094041402777778 0.47478045937499996 0.34825309444444447 0.48297516015625 0.34825309444444447 0.48297516015625 0.3094041402777778
6 0.3422994625 0.3385408555555556 0.3422994625 0.37496174861111115 0.34912838125 0.37496174861111115 0.34912838125 0.3385408555555556
6 0.3382021125 0.3416626597222222 0.3382021125 0.38293967222222225 0.3409336796875 0.38293967222222225 0.3409336796875 0.3416626597222222
6 0.34912838046875 0.3368065416666667 0.34912838046875 0.3707993722222222 0.35595729765625 0.3707993722222222 0.35595729765625 0.3368065416666667
6 0.46795154140625 0.3198101263888889 0.46795154140625 0.3538029569444444 0.47478045937499996 0.3538029569444444 0.47478045937499996 0.3198101263888889
6 0.48297516015625 0.3222381847222222 0.48297516015625 0.3513748972222222 0.48843829375 0.3513748972222222 0.48843829375 0.3222381847222222
7 0.4911698609375 0.3142602611111111 0.4911698609375 0.3336847361111111 0.53487493125 0.3336847361111111 0.53487493125 0.3142602611111111
7 0.5813115703125 0.3579653319444444 0.5813115703125 0.3773898111111111 0.59223783828125 0.3773898111111111 0.59223783828125 0.3579653319444444
7 0.07050855078125 0.3045480222222222 0.07050855078125 0.3336847361111111 0.09509265390625 0.3336847361111111 0.09509265390625 0.3045480222222222
6 0.57994578671875 0.3968142847222222 0.57994578671875 0.42352294027777776 0.59633518828125 0.42352294027777776 0.59633518828125 0.3968142847222222
7 0.6058956734375001 0.3482530930555556 0.6058956734375001 0.40652652083333335 0.61545615703125 0.40652652083333335 0.61545615703125 0.3482530930555556
2 0.26558140390624996 0.46006579166666667 0.26558140390624996 0.5062500027777778 0.2965559109375 0.5062500027777778 0.2965559109375 0.46006579166666667