2 0.00031198593749999997 0.32058330277777775 0.00031198593749999997 0.6234180486111112 0.16940858515624999 0.6234180486111112 0.16940858515624999 0.32058330277777775
2 0.208718865625 0.4004518069444445 0.208718865625 0.5269102708333334 0.33413737656250003 0.5269102708333334 0.33413737656250003 0.4004518069444445
2 0.3975040328125 0.40583976666666666 0.3975040328125 0.5356260847222222 0.5435136429687499 0.5356260847222222 0.5435136429687499 0.40583976666666666
2 0.7039637703125 0.4291347472222222 0.7039637703125 0.5711231986111112 0.8374939257812499 0.5711231986111112 0.8374939257812499 0.4291347472222222
2 0.57979320390625 0.43911830972222227 0.57979320390625 0.5090032486111111 0.6265911562500001 0.5090032486111111 0.6265911562500001 0.43911830972222227
2 0.49992470000000006 0.4134462861111111 0.49992470000000006 0.4411784041666667 0.5273795 0.4411784041666667 0.5273795 0.4134462861111111
2 0.5130281265625001 0.43563198194444447 0.5130281265625001 0.5232654819444444 0.5610740226562501 0.5232654819444444 0.5610740226562501 0.43563198194444447
2 0.5585781328125 0.4456155444444444 0.5585781328125 0.4944240736111111 0.5897767671875 0.4944240736111111 0.5897767671875 0.4456155444444444
2 0.62097540234375 0.4589269625 0.62097540234375 0.4966426472222222 0.6322069109374999 0.4966426472222222 0.6322069109374999 0.4589269625
2 0.6690212984375 0.4544898222222222 0.6690212984375 0.4910962194444444 0.69460417890625 0.4910962194444444 0.69460417890625 0.4544898222222222
2 0.6328308835937501 0.4544898222222222 0.6328308835937501 0.4766755194444444 0.672765134375 0.4766755194444444 0.672765134375 0.4544898222222222
7 0.27306603984375 0.3724027486111111 0.27306603984375 0.40124415138888886 0.30052083671875 0.40124415138888886 0.30052083671875 0.3724027486111111
7 0.24748315937499998 0.36574704027777777 0.24748315937499998 0.4001348736111111 0.27306604140625 0.4001348736111111 0.27306604140625 0.36574704027777777
7 0.22751603281250002 0.36574704027777777 0.22751603281250002 0.4001348736111111 0.24685918828125 0.4001348736111111 0.24685918828125 0.36574704027777777
6 0.61286375703125 0.3890420236111111 0.61286375703125 0.40568129444444445 0.61535964765625 0.40568129444444445 0.61535964765625 0.3890420236111111
6 0.59307490234375 0.4090091458333333 0.59307490234375 0.4234298527777777 0.5968187367187501 0.4234298527777777 0.5968187367187501 0.4090091458333333