2 0.8562107328125 0.39397686527777775 0.8562107328125 0.5382309180555556 0.99935906328125 0.5382309180555556 0.99935906328125 0.39397686527777775
2 0.5986202890625 0.4255040944444445 0.5986202890625 0.45725812499999996 0.6246472578125 0.45725812499999996 0.6246472578125 0.4255040944444445
2 0.63230224921875 0.4354839291666667 0.63230224921875 0.4518145722222222 0.6407227382812499 0.4518145722222222 0.6407227382812499 0.4354839291666667
2 0.62311626015625 0.4300403777777778 0.62311626015625 0.4531754569444445 0.6330677484375 0.4531754569444445 0.6330677484375 0.4300403777777778
2 0.565703828125 0.4300403777777778 0.565703828125 0.45861900833333336 0.591220471875 0.45861900833333336 0.591220471875 0.4300403777777778
2 0.53789071015625 0.42867949027777774 0.53789071015625 0.45997989999999994 0.5628970046874999 0.45997989999999994 0.5628970046874999 0.42867949027777774
2 0.51467056328125 0.42867949027777774 0.51467056328125 0.4613407875 0.5381458632812499 0.4613407875 0.5381458632812499 0.42867949027777774
9 0.654501721875 0.3334173819444445 0.654501721875 0.4722278819444444 0.73947212109375 0.4722278819444444 0.73947212109375 0.3334173819444445
9 0.5738691671875 0.3978327291666667 0.5738691671875 0.4514257527777778 0.599495153125 0.4514257527777778 0.599495153125 0.3978327291666667
2 0.122042425 0.2665394986111111 0.122042425 0.7020234277777777 0.47264100859375 0.7020234277777777 0.47264100859375 0.2665394986111111
4 0.4747625453125 0.4387500680555556 0.4747625453125 0.4646069277777778 0.48165203749999996 0.4646069277777778 0.48165203749999996 0.4387500680555556
6 0.49341885234375005 0.32622412083333335 0.49341885234375005 0.35616364027777775 0.49954284531250004 0.35616364027777775 0.49954284531250004 0.32622412083333335
6 0.48641999140625 0.33302855833333334 0.48641999140625 0.35752453055555555 0.4902474875 0.35752453055555555 0.4902474875 0.33302855833333334
6 0.615570634375 0.34411007222222223 0.615570634375 0.3590798319444445 0.62169462734375 0.3590798319444445 0.62169462734375 0.34411007222222223
7 0.8983557 0.20763453750000002 0.8983557 0.32058817916666665 0.91672767890625 0.32058817916666665 0.91672767890625 0.20763453750000002
7 0.9034179039062501 0.32325151944444447 0.9034179039062501 0.3385634361111111 0.9199260609375 0.3385634361111111 0.9199260609375 0.32325151944444447