4 0.0959733703125 0.256948625 0.0959733703125 0.7871600736111112 0.23821278671875 0.7871600736111112 0.23821278671875 0.256948625
4 0.06309006406249999 0.29773412083333334 0.06309006406249999 0.5655588777777777 0.11356211640625 0.5655588777777777 0.11356211640625 0.29773412083333334
4 0.42269387421875004 0.3507552666666667 0.42269387421875004 0.4282477083333333 0.44257680156249996 0.4282477083333333 0.44257680156249996 0.3507552666666667
4 0 0.27462234166666666 0 0.6851963347222222 0.042624032812500004 0.6851963347222222 0.042624032812500004 0.27462234166666666
4 0.87831884765625 0.4064954416666667 0.87831884765625 0.49078546944444446 0.90890796875 0.49078546944444446 0.90890796875 0.4064954416666667
4 0.86235834609375 0.3208459 0.86235834609375 0.4459214222222222 0.886064915625 0.4459214222222222 0.886064915625 0.3208459
4 0.8264161281250001 0.3793051152777778 0.8264161281250001 0.4486404583333334 0.878417634375 0.4486404583333334 0.878417634375 0.3793051152777778
4 0.7996506476562499 0.38882172777777774 0.7996506476562499 0.4445619069444444 0.83559286640625 0.4445619069444444 0.83559286640625 0.38882172777777774
4 0.769826253125 0.3330815513888889 0.769826253125 0.47854981944444447 0.8348281375 0.47854981944444447 0.8348281375 0.3330815513888889
4 0.69411817578125 0.34803623194444444 0.69411817578125 0.4771903027777778 0.7140011054687501 0.4771903027777778 0.7140011054687501 0.34803623194444444
4 0.6688821500000001 0.35619333333333336 0.6688821500000001 0.4010573777777777 0.69411817578125 0.4010573777777777 0.69411817578125 0.35619333333333336
4 0.64594030859375 0.3507552666666667 0.64594030859375 0.47311175555555557 0.6688821500000001 0.47311175555555557 0.6688821500000001 0.3507552666666667
2 0.25949771484375 0.3380664527777778 0.25949771484375 0.44410874305555553 0.341323615625 0.44410874305555553 0.341323615625 0.3380664527777778
2 0.5116030648437501 0.34463744444444444 0.5116030648437501 0.48058909583333337 0.60974317265625 0.48058909583333337 0.60974317265625 0.34463744444444444
2 0.38756419062499997 0.36326281388888887 0.38756419062499997 0.3850150763888889 0.3952114703125 0.3850150763888889 0.3952114703125 0.36326281388888887
2 0.43880096953125003 0.3700603972222222 0.43880096953125003 0.3890936291666666 0.44721297734375 0.3890936291666666 0.44721297734375 0.3700603972222222
2 0.444154065625 0.3673413638888888 0.444154065625 0.3918126611111111 0.45638971406250006 0.3918126611111111 0.45638971406250006 0.3673413638888888
2 0.44950716249999995 0.36870087916666666 0.44950716249999995 0.3999697597222222 0.46862536484375 0.3999697597222222 0.46862536484375 0.36870087916666666
2 0.37532854140625 0.3605437791666667 0.37532854140625 0.4067673416666666 0.39215255859375 0.4067673416666666 0.39215255859375 0.3605437791666667
2 0.348563059375 0.3537461986111111 0.348563059375 0.41764347361111115 0.38297582265624996 0.41764347361111115 0.38297582265624996 0.3537461986111111
2 0.32179757890625 0.34558909722222225 0.32179757890625 0.43259815555555553 0.36079870937499997 0.43259815555555553 0.36079870937499997 0.34558909722222225
2 0.23171259921875 0.31160118472222226 0.23171259921875 0.41492444166666664 0.286008290625 0.41492444166666664 0.286008290625 0.31160118472222226
2 0.2118296703125 0.34151054861111113 0.2118296703125 0.4285196069444444 0.25006607421875 0.4285196069444444 0.25006607421875 0.34151054861111113
2 0.021412384375 0.3483081333333333 0.021412384375 0.45299090694444444 0.1445336015625 0.45299090694444444 0.1445336015625 0.3483081333333333
4 0.05429569140625 0.34422958333333337 0.05429569140625 0.35782474722222224 0.065001884375 0.35782474722222224 0.065001884375 0.34422958333333337
2 0.411678609375 0.37114801249999996 0.411678609375 0.4064954416666667 0.4353851796875 0.4064954416666667 0.4353851796875 0.37114801249999996
2 0.46444484375000006 0.34803623194444444 0.46444484375000006 0.42416915833333335 0.515681625 0.42416915833333335 0.515681625 0.34803623194444444
6 0.423353453125 0.30317218888888886 0.423353453125 0.32356493611111115 0.42870654999999996 0.32356493611111115 0.42870654999999996 0.30317218888888886
6 0.423353453125 0.3058912222222222 0.423353453125 0.3276434847222222 0.42870654999999996 0.3276434847222222 0.42870654999999996 0.3058912222222222
7 0.47000186484375 0.31404831944444445 0.47000186484375 0.3385196166666667 0.48453169765625 0.3385196166666667 0.48453169765625 0.31404831944444445
7 0.45697964453125 0.336189025 0.45697964453125 0.3511437069444444 0.46386219687499997 0.3511437069444444 0.46386219687499997 0.336189025
7 0.49674550234375003 0.29132498055555556 0.49674550234375003 0.31443675972222224 0.50974587890625 0.31443675972222224 0.50974587890625 0.29132498055555556
7 0.29638675390625 0.2763702986111111 0.29638675390625 0.31851531111111114 0.31168131484375 0.31851531111111114 0.31168131484375 0.2763702986111111
6 0.41660141640625004 0.29812489583333335 0.41660141640625004 0.3262498861111111 0.4250389140625 0.3262498861111111 0.4250389140625 0.29812489583333335