7 0.1612113671875 0.4769760138888889 0.1612113671875 0.4996564291666667 0.17512889453125 0.4996564291666667 0.17512889453125 0.4769760138888889
7 0.22731962499999997 0.4357388930555556 0.22731962499999997 0.4460481736111111 0.23659797734375002 0.4460481736111111 0.23659797734375002 0.4357388930555556
7 0.45811863203125 0.4460481736111111 0.45811863203125 0.4728523013888889 0.470876365625 0.4728523013888889 0.470876365625 0.4460481736111111
7 0.37577325781250004 0.5079038527777777 0.37577325781250004 0.5285224138888889 0.38389181484375 0.5285224138888889 0.38389181484375 0.5079038527777777
7 0.2922680890625 0.5243987013888889 0.2922680890625 0.54089355 0.298067059375 0.54089355 0.298067059375 0.5243987013888889
6 0.23659797734375002 0.4930781361111111 0.23659797734375002 0.5079038527777777 0.25167529843750003 0.5079038527777777 0.25167529843750003 0.4930781361111111
6 0.23659797734375002 0.5079038527777777 0.23659797734375002 0.5264605555555556 0.24703612265625 0.5264605555555556 0.24703612265625 0.5079038527777777
6 0.35953614140625 0.47903786944444443 0.35953614140625 0.5037801416666666 0.36649490546874997 0.5037801416666666 0.36649490546874997 0.47903786944444443
7 0.47551554218750003 0.5079038527777777 0.47551554218750003 0.5223368458333334 0.4894330703125 0.5223368458333334 0.4894330703125 0.5079038527777777
7 0.34213923203125 0.5202749888888889 0.34213923203125 0.532646125 0.354896965625 0.532646125 0.354896965625 0.5202749888888889
6 0.17396910078125 0.5360825625 0.17396910078125 0.5587629791666667 0.184407246875 0.5587629791666667 0.184407246875 0.5360825625
6 0.08350516875 0.45154646666666665 0.08350516875 0.4721650263888889 0.099742284375 0.4721650263888889 0.099742284375 0.45154646666666665
6 0.12293816484375 0.5237114263888889 0.12293816484375 0.540206275 0.12989692890625 0.540206275 0.12989692890625 0.5237114263888889
2 0.01043814609375 0.5470791180555555 0.01043814609375 0.5903780944444444 0.039432995312500004 0.5903780944444444 0.039432995312500004 0.5470791180555555
2 0.03827320234375 0.5532646861111111 0.03827320234375 0.5945018055555555 0.08234537421875 0.5945018055555555 0.08234537421875 0.5532646861111111
2 0.09510310859375 0.5532646861111111 0.09510310859375 0.5945018055555555 0.11365981249999998 0.5945018055555555 0.11365981249999998 0.5532646861111111
2 0.1206185765625 0.5512028291666666 0.1206185765625 0.5903780944444444 0.155412396875 0.5903780944444444 0.155412396875 0.5512028291666666
2 0.155412396875 0.545017261111111 0.155412396875 0.5759451013888889 0.169329925 0.5759451013888889 0.169329925 0.545017261111111
2 0.3201031453125 0.5347079819444445 0.3201031453125 0.5532646861111111 0.3317010859375 0.5532646861111111 0.3317010859375 0.5347079819444445
2 0.32938149765625 0.5347079819444445 0.32938149765625 0.5553265416666666 0.33981964374999996 0.5553265416666666 0.33981964374999996 0.5347079819444445
2 0.33634026171875 0.5367698375000001 0.33634026171875 0.5573883972222222 0.3479382015625 0.5573883972222222 0.3479382015625 0.5367698375000001
2 0.3456186140625 0.5388316930555556 0.3456186140625 0.5573883972222222 0.3572165546875 0.5573883972222222 0.3572165546875 0.5388316930555556
2 0.36417531796875 0.5367698375000001 0.36417531796875 0.5573883972222222 0.38041243359375 0.5573883972222222 0.38041243359375 0.5367698375000001
2 0.37925263984375 0.5367698375000001 0.37925263984375 0.5635739652777778 0.39085057968750003 0.5635739652777778 0.39085057968750003 0.5367698375000001
2 0.38505161015625 0.5099657097222222 0.38505161015625 0.5512028291666666 0.42216501796875 0.5512028291666666 0.42216501796875 0.5099657097222222
2 0.37925263984375 0.5367698375000001 0.37925263984375 0.5986255180555555 0.42216501796875 0.5986255180555555 0.42216501796875 0.5367698375000001
2 0.25283509296875 0.5512028291666666 0.25283509296875 0.5759451013888889 0.269072209375 0.5759451013888889 0.269072209375 0.5512028291666666
2 0.2609536515625 0.5532646861111111 0.2609536515625 0.5780069583333334 0.267912415625 0.5780069583333334 0.267912415625 0.5532646861111111
2 0.30734541171875 0.5347079819444445 0.30734541171875 0.5615121097222222 0.32010314453125 0.5615121097222222 0.32010314453125 0.5347079819444445
7 0.2250000375 0.42709874444444446 0.2250000375 0.45390287083333336 0.24007735859374998 0.45390287083333336 0.24007735859374998 0.42709874444444446
7 0.16005157265625 0.5013255597222223 0.16005157265625 0.5301915444444444 0.169329925 0.5301915444444444 0.169329925 0.5013255597222223
4 0.72785359609375 0.5054492722222222 0.72785359609375 0.6106039291666667 0.74177112421875 0.6106039291666667 0.74177112421875 0.5054492722222222
1 0.43326591875 0.5013255597222223 0.43326591875 0.5858616569444445 0.49241541328125005 0.5858616569444445 0.49241541328125005 0.5013255597222223
9 0.4982143828125 0.2951399597222222 0.4982143828125 0.7116348736111111 0.69012804921875 0.7116348736111111 0.69012804921875 0.2951399597222222
2 0.39664955 0.5549338166666666 0.39664955 0.6147276402777778 0.44304131015625003 0.6147276402777778 0.44304131015625003 0.5549338166666666
2 0.22731962499999997 0.5322534 0.22731962499999997 0.5817379444444444 0.24935571015625002 0.5817379444444444 0.24935571015625002 0.5322534
2 0.17976807109374998 0.5446245361111111 0.17976807109374998 0.5755523763888889 0.21572168515625 0.5755523763888889 0.21572168515625 0.5446245361111111
2 0.2180412734375 0.5487482486111112 0.2180412734375 0.5776142319444445 0.22963921328125 0.5776142319444445 0.22963921328125 0.5487482486111112
2 0.7904824726562499 0.4394698805555556 0.7904824726562499 0.8724596416666667 0.9980855992187501 0.8724596416666667 0.9980855992187501 0.4394698805555556
7 0.96213198515625 0.209425625 0.96213198515625 0.3372606972222222 0.9980855992187501 0.3372606972222222 0.9980855992187501 0.209425625
6 0.30038664765625 0.4892489736111111 0.30038664765625 0.5057438222222223 0.30386602890625 0.5057438222222223 0.30386602890625 0.4892489736111111
6 0.25747426953125 0.47452143194444446 0.25747426953125 0.5013255583333334 0.269072209375 0.5013255583333334 0.269072209375 0.47452143194444446
7 0.00538796640625 0.31899252916666665 0.00538796640625 0.3514324472222222 0.19207345625 0.3514324472222222 0.19207345625 0.31899252916666665
7 0.25874684531250003 0.31899252916666665 0.25874684531250003 0.35392782500000003 0.3141910328125 0.35392782500000003 0.3141910328125 0.31899252916666665
7 0.3738461703125 0.31899252916666665 0.3738461703125 0.35392782500000003 0.48473454374999997 0.35392782500000003 0.48473454374999997 0.31899252916666665