2 0.162386090625 0.40194907638888894 0.162386090625 0.4766948277777778 0.23446234765625001 0.4766948277777778 0.23446234765625001 0.40194907638888894
2 0.2301720953125 0.4263558513888889 0.2301720953125 0.4553388972222222 0.24733311015625 0.4553388972222222 0.24733311015625 0.4263558513888889
2 0.25419751640625 0.41567788749999995 0.25419751640625 0.44771177916666666 0.2747907328125 0.44771177916666666 0.2747907328125 0.41567788749999995
2 0.28508733984375 0.4126270416666667 0.28508733984375 0.4583897458333333 0.3151191140625 0.4583897458333333 0.3151191140625 0.4126270416666667
2 0.3134030125 0.4111016166666666 0.3134030125 0.4309321208333333 0.32627377265625 0.4309321208333333 0.32627377265625 0.4111016166666666
2 0.46871018671875 0.4034745 0.46871018671875 0.42025415555555556 0.47729069296875004 0.42025415555555556 0.47729069296875004 0.4034745
2 0.53563813828125 0.40194907638888894 0.53563813828125 0.41415246666666666 0.54078644296875 0.41415246666666666 0.54078644296875 0.40194907638888894
2 0.62916566484375 0.4065253458333333 0.62916566484375 0.42330500416666667 0.64289447578125 0.42330500416666667 0.64289447578125 0.4065253458333333
2 0.6446105765625 0.40805077083333335 0.6446105765625 0.4248304263888889 0.6557652359375 0.4248304263888889 0.6557652359375 0.40805077083333335
2 0.76430864765625 0.3973728055555556 0.76430864765625 0.4126270416666667 0.78661796484375 0.4126270416666667 0.78661796484375 0.3973728055555556
2 0.787476015625 0.40194907638888894 0.787476015625 0.4126270416666667 0.7977726234375 0.4126270416666667 0.7977726234375 0.40194907638888894
2 0.8003467757812499 0.3943219597222222 0.8003467757812499 0.41567788749999995 0.8140755859375 0.41567788749999995 0.8140755859375 0.3943219597222222
2 0.9848276734375 0.3866948416666666 0.9848276734375 0.41567788749999995 0.998556484375 0.41567788749999995 0.998556484375 0.3866948416666666
9 0.8672747289062499 0.3088982472222222 0.8672747289062499 0.43398296805555553 0.9839696218749999 0.43398296805555553 0.9839696218749999 0.3088982472222222
2 0.7428573804687499 0.3988982291666667 0.7428573804687499 0.4111016180555555 0.75830229375 0.4111016180555555 0.75830229375 0.3988982291666667
2 0.72398026484375 0.3973728055555556 0.72398026484375 0.4126270416666667 0.73856712734375 0.4126270416666667 0.73856712734375 0.3973728055555556
2 0.82523024609375 0.38364399583333336 0.82523024609375 0.404999925 0.8458234609374999 0.404999925 0.8458234609374999 0.38364399583333336
7 0.23789455234374998 0.28296604861111113 0.23789455234374998 0.43398296805555553 0.32198351953125004 0.43398296805555553 0.32198351953125004 0.28296604861111113
7 0.42966888046875 0.40957619305555554 0.42966888046875 0.4187287347222222 0.4365332859375 0.4187287347222222 0.4365332859375 0.40957619305555554
7 0.38161804296875 0.4111016166666666 0.38161804296875 0.42330500416666667 0.387624396875 0.42330500416666667 0.387624396875 0.4111016166666666