6 0.21554848515625 0.341232 0.21554848515625 0.3860187013888889 0.23033160078125 0.3860187013888889 0.23033160078125 0.341232
6 0.28671485703125 0.3156396027777778 0.28671485703125 0.3561609027777778 0.29631200703125 0.3561609027777778 0.29631200703125 0.3156396027777778
6 0.38388600156249997 0.33270120138888887 0.38388600156249997 0.3646917013888889 0.3910838640625 0.3646917013888889 0.3910838640625 0.33270120138888887
6 0.3778877828125 0.3390993 0.3778877828125 0.36895709861111115 0.38628528828125 0.36895709861111115 0.38628528828125 0.3390993
6 0.5602336328125 0.33270120138888887 0.5602336328125 0.3582936027777777 0.5674314953125 0.3582936027777777 0.5674314953125 0.33270120138888887
6 0.2807166375 0.3164926847222222 0.2807166375 0.3506158847222222 0.29031378750000003 0.3506158847222222 0.29031378750000003 0.3164926847222222
6 0.55303576953125 0.32928888472222223 0.55303576953125 0.34848318472222223 0.56143327578125 0.34848318472222223 0.56143327578125 0.32928888472222223
7 0.12116401875 0.3438978763888889 0.12116401875 0.3588267763888889 0.14035831953125 0.3588267763888889 0.14035831953125 0.3438978763888889
8 0.22913195703125 0.3481632763888889 0.22913195703125 0.37802107638888893 0.24592696875 0.37802107638888893 0.24592696875 0.3481632763888889
7 0.57462935859375 0.3646917013888889 0.57462935859375 0.39881489999999997 0.58662579609375 0.39881489999999997 0.58662579609375 0.3646917013888889
7 0.34189846953125 0.3476301013888889 0.34189846953125 0.3625590013888889 0.3694902765625 0.3625590013888889 0.3694902765625 0.3476301013888889
2 0.42587353281249996 0.4441347763888889 0.42587353281249996 0.46332907638888887 0.44146890234375 0.46332907638888887 0.44146890234375 0.4441347763888889
2 0.41987531328124994 0.4420020763888889 0.41987531328124994 0.4675944763888889 0.43307139531249994 0.4675944763888889 0.43307139531249994 0.4420020763888889
2 0.3922835078125 0.4249404763888889 0.3922835078125 0.4675944763888889 0.42227460156249996 0.4675944763888889 0.42227460156249996 0.4249404763888889
2 0.3814867140625 0.433471275 0.3814867140625 0.47825797638888895 0.4054795890625 0.47825797638888895 0.4054795890625 0.433471275
2 0.47385928359375 0.44840017777777774 0.47385928359375 0.46546177638888886 0.48225678906249997 0.46546177638888886 0.48225678906249997 0.44840017777777774
2 0.4810571453125 0.4441347763888889 0.4810571453125 0.4675944763888889 0.49545287109374997 0.4675944763888889 0.49545287109374997 0.4441347763888889
2 0.4390696140625 0.433471275 0.4390696140625 0.488921475 0.47745821484375 0.488921475 0.47745821484375 0.433471275
2 0.55423541328125 0.4249404763888889 0.55423541328125 0.47399257777777776 0.58422650703125 0.47399257777777776 0.58422650703125 0.4249404763888889
2 0.5110482390625 0.4228077763888889 0.5110482390625 0.49958497638888893 0.56383256328125 0.49958497638888893 0.56383256328125 0.4228077763888889
9 0.24232803828125 0.37162297777777775 0.24232803828125 0.49105417777777777 0.3562941953125 0.49105417777777777 0.3562941953125 0.37162297777777775
9 0.5926240140625 0.27565147500000003 0.5926240140625 0.5209119763888889 0.758174853125 0.5209119763888889 0.758174853125 0.27565147500000003
2 0.05398396875 0.45693097638888885 0.05398396875 0.508115775 0.10916758124999999 0.508115775 0.10916758124999999 0.45693097638888885
2 0.01559536953125 0.4292058777777778 0.01559536953125 0.5102484777777777 0.07557755703124999 0.5102484777777777 0.07557755703124999 0.4292058777777778
4 0.23992875078125003 0.42725090555555556 0.23992875078125003 0.5061608055555555 0.2555241203125 0.5061608055555555 0.2555241203125 0.42725090555555556
4 0.22793231328125 0.44431250833333336 0.22793231328125 0.5061608083333333 0.24232803828125 0.5061608083333333 0.24232803828125 0.44431250833333336
4 0.78536678359375 0.4037912083333333 0.78536678359375 0.44004710694444443 0.79736322109375 0.44004710694444443 0.79736322109375 0.4037912083333333
4 0.80816001484375 0.40165850694444444 0.80816001484375 0.45710870694444444 0.83335253359375 0.45710870694444444 0.83335253359375 0.40165850694444444
0 0.07752696015625 0.4728500597222222 0.07752696015625 0.5368310597222222 0.107518053125 0.5368310597222222 0.107518053125 0.4728500597222222
0 0.00194940234375 0.47924815833333334 0.00194940234375 0.5624234583333333 0.03194049609375 0.5624234583333333 0.03194049609375 0.47924815833333334