6 0.7182088734375001 0.0017763152777777779 0.7182088734375001 0.060394737500000004 0.746185846875 0.060394737500000004 0.746185846875 0.0017763152777777779
6 0.7491833796875 0 0.7491833796875 0.07815789583333334 0.7821562421875 0.07815789583333334 0.7821562421875 0
6 0.5033856812499999 0.21848684305555557 0.5033856812499999 0.2948684222222222 0.5203717007812501 0.2948684222222222 0.5203717007812501 0.21848684305555557
6 0.48340212734375 0.2255921055555556 0.48340212734375 0.32506579166666666 0.5053840359375 0.32506579166666666 0.5053840359375 0.2255921055555556
7 0.4044670953125 0.33572368750000003 0.4044670953125 0.3783552666666667 0.42844735859374994 0.3783552666666667 0.42844735859374994 0.33572368750000003
7 0.40746462812499995 0.3801315805555555 0.40746462812499995 0.39967105416666665 0.41945475937500004 0.39967105416666665 0.41945475937500004 0.3801315805555555
7 0.3724934109375 0.3907894763888889 0.3724934109375 0.40855263194444447 0.38348436484375 0.40855263194444447 0.38348436484375 0.3907894763888889
7 0.312542753125 0.3694736875 0.312542753125 0.3854605291666667 0.32353370703125 0.3854605291666667 0.32353370703125 0.3694736875
2 0.6542615046875 0.5098026347222222 0.6542615046875 0.6252631611111111 0.72420393984375 0.6252631611111111 0.72420393984375 0.5098026347222222
2 0.81213157109375 0.5719736875 0.81213157109375 0.6963157930555556 0.902057559375 0.6963157930555556 0.902057559375 0.5719736875
2 0.91105015625 0.6092763194444444 0.91105015625 0.7425000055555556 0.9989777882812501 0.7425000055555556 0.9989777882812501 0.6092763194444444