7 0.35288043984375 0.31575108749999997 0.35288043984375 0.3313480125 0.3675025578125 0.3313480125 0.3675025578125 0.31575108749999997
2 0.28756831484375 0.34521194722222226 0.28756831484375 0.35734289027777777 0.29829120078125004 0.35734289027777777 0.29829120078125004 0.34521194722222226
9 0.27099658125000003 0.32614903749999996 0.27099658125000003 0.3625418638888889 0.28951793046874996 0.3625418638888889 0.28951793046874996 0.32614903749999996
2 0.26027369453125 0.3469449388888889 0.26027369453125 0.36427485416666666 0.28171946796874997 0.36427485416666666 0.28171946796874997 0.3469449388888889
2 0.24175234609375 0.35560989722222225 0.24175234609375 0.36947383055555555 0.25734927109375 0.36947383055555555 0.25734927109375 0.35560989722222225
2 0.19691118515625 0.34867793055555557 0.19691118515625 0.3764057972222222 0.22615542031250002 0.3764057972222222 0.22615542031250002 0.34867793055555557
2 0.15401963984375 0.3382799791666667 0.15401963984375 0.3850707555555556 0.19886080078124999 0.3850707555555556 0.19886080078124999 0.3382799791666667
2 0.10332963203125001 0.3365469875 0.10332963203125001 0.3920027236111111 0.1598684875 0.3920027236111111 0.1598684875 0.3365469875
2 0.06823654921875 0.3365469875 0.06823654921875 0.3954687069444444 0.10722886328125 0.3954687069444444 0.10722886328125 0.3365469875
2 0.39089794609375 0.35560989722222225 0.39089794609375 0.3954687069444444 0.4055200640625 0.3954687069444444 0.4055200640625 0.35560989722222225
2 0.3694521734375 0.3521439138888889 0.3694521734375 0.3989346902777778 0.39674679375 0.3989346902777778 0.39674679375 0.3521439138888889
2 0.43476429921875 0.3521439138888889 0.43476429921875 0.40933264027777777 0.47278180625 0.40933264027777777 0.47278180625 0.3521439138888889
2 0.47765584453125004 0.37120682222222223 0.47765584453125004 0.5202441111111111 0.6121793273437499 0.5202441111111111 0.6121793273437499 0.37120682222222223
2 0.29244235390625 0.3296150208333333 0.29244235390625 0.47172034305555555 0.38504909921874997 0.47172034305555555 0.38504909921874997 0.3296150208333333
9 0.7379295390625 0.23256748472222222 0.7379295390625 0.6536844736111111 0.9991780421875 0.6536844736111111 0.9991780421875 0.23256748472222222