7 0.8403138171875 0.2847426486111111 0.8403138171875 0.31549100555555554 0.8510208359375 0.31549100555555554 0.8510208359375 0.2847426486111111
6 0.8230178640625001 0.2422806236111111 0.8230178640625001 0.2788858166666667 0.83619573359375 0.2788858166666667 0.83619573359375 0.2422806236111111
7 0.34284923984375004 0.25838690833333333 0.34284923984375004 0.27595740138888886 0.3757939125 0.27595740138888886 0.3757939125 0.25838690833333333
6 0.635233221875 0.25985111666666666 0.635233221875 0.2862068555555556 0.64346938984375 0.2862068555555556 0.64346938984375 0.25985111666666666
6 0.40791497109375 0.25838690833333333 0.40791497109375 0.2862068555555556 0.41120943828125 0.2862068555555556 0.41120943828125 0.25838690833333333
6 0.40050241875000003 0.32281205 0.40050241875000003 0.3433109569444444 0.40873858828125 0.3433109569444444 0.40873858828125 0.32281205
6 0.46803900078125 0.32427625694444445 0.46803900078125 0.3433109569444444 0.47462793437500006 0.3433109569444444 0.47462793437500006 0.32427625694444445
6 0.5034545257812499 0.32866888055555554 0.5034545257812499 0.3433109541666667 0.5083962265624999 0.3433109541666667 0.5083962265624999 0.32866888055555554
7 0.67147236328125 0.27742160972222224 0.67147236328125 0.29352789444444444 0.681355765625 0.29352789444444444 0.681355765625 0.27742160972222224
4 0.8757293421875 0.4004150583333333 0.8757293421875 0.4838749013888889 0.8880835953125 0.4838749013888889 0.8880835953125 0.4004150583333333
4 0.8567861546875 0.3989508513888889 0.8567861546875 0.49412435416666667 0.87737657578125 0.49412435416666667 0.87737657578125 0.3989508513888889
4 0.8361957328124999 0.39162981249999995 0.8361957328124999 0.47948227777777774 0.85678615390625 0.47948227777777774 0.85678615390625 0.39162981249999995
2 0.505925375 0.35941724305555556 0.505925375 0.4004150555555555 0.5240449453125 0.4004150555555555 0.5240449453125 0.35941724305555556
2 0.5314574984375 0.3740593194444444 0.5314574984375 0.3989508513888889 0.54545898515625 0.3989508513888889 0.54545898515625 0.3740593194444444
2 0.4581555984375 0.36527407500000003 0.4581555984375 0.4018792666666667 0.47627516875 0.4018792666666667 0.47627516875 0.36527407500000003
2 0.2440152171875 0.35941724305555556 0.2440152171875 0.4677686152777778 0.27943074140625 0.4677686152777778 0.27943074140625 0.35941724305555556
9 0.0636431265625 0.2686363625 0.0636431265625 0.5043738083333333 0.2522513859375 0.5043738083333333 0.2522513859375 0.2686363625
9 0.55698962109375 0.2686363625 0.55698962109375 0.47069703055555556 0.6747668296875 0.47069703055555556 0.6747668296875 0.2686363625
2 0.47874601953124996 0.3389183347222222 0.47874601953124996 0.40480767777777776 0.5067489921874999 0.40480767777777776 0.5067489921874999 0.3389183347222222
2 0.40050241875000003 0.35795303472222223 0.40050241875000003 0.4619117847222222 0.46145006640624997 0.4619117847222222 0.46145006640624997 0.35795303472222223
2 0.34779093984375 0.3725951111111111 0.34779093984375 0.4135929291666666 0.37991199921874996 0.4135929291666666 0.37991199921874996 0.3725951111111111
2 0.0002246296875 0.32281205 0.0002246296875 0.5632223111111111 0.12087617265624999 0.5632223111111111 0.12087617265624999 0.32281205
6 0.62485182890625 0.24435183333333335 0.62485182890625 0.27381269305555556 0.6336250999999999 0.27381269305555556 0.6336250999999999 0.24435183333333335
2 0.74767761796875 0.37952518749999997 0.74767761796875 0.42458297222222224 0.8012920492187501 0.42458297222222224 0.8012920492187501 0.37952518749999997
2 0.7281814609375 0.37779219583333334 0.7281814609375 0.42804895694444445 0.76327454296875 0.42804895694444445 0.76327454296875 0.37779219583333334
2 0.71355934296875 0.3725932208333333 0.71355934296875 0.41938399722222225 0.7379295390625 0.41938399722222225 0.7379295390625 0.3725932208333333
2 0.69601280234375 0.37605920416666666 0.69601280234375 0.4211169888888889 0.7184333820312501 0.4211169888888889 0.7184333820312501 0.37605920416666666
6 0.8246874375000001 0.3535303125 0.8246874375000001 0.3725932208333333 0.8354103242187501 0.3725932208333333 0.8354103242187501 0.3535303125
2 0.66774337421875 0.37432621250000003 0.66774337421875 0.41938399722222225 0.69601280234375 0.41938399722222225 0.69601280234375 0.37432621250000003
7 0.8237126296874999 0.2980745763888889 0.8237126296874999 0.3171374861111111 0.83930955546875 0.3171374861111111 0.83930955546875 0.2980745763888889