6 0.47347196015625004 0.26531231111111114 0.47347196015625004 0.3239060236111111 0.48797390390624995 0.3239060236111111 0.48797390390624995 0.26531231111111114
6 0.2216654921875 0.4106247125 0.2216654921875 0.44812468611111106 0.23089400234375002 0.44812468611111106 0.23089400234375002 0.4106247125
6 0.4774270359375 0.46687467222222223 0.4774270359375 0.4996871486111111 0.48270046953124995 0.4996871486111111 0.48270046953124995 0.46687467222222223
6 0.48779263359374997 0.49499965277777774 0.48779263359374997 0.5123433944444444 0.49438442578124997 0.5123433944444444 0.49438442578124997 0.49499965277777774
6 0.6857276742187499 0.43171844444444446 0.6857276742187499 0.47859341388888893 0.7041846921875 0.47859341388888893 0.7041846921875 0.43171844444444446
6 0.702866334375 0.43171844444444446 0.702866334375 0.4832809069444444 0.7252784296875 0.4832809069444444 0.7252784296875 0.43171844444444446
6 0.03182187265625 0.3965622194444444 0.03182187265625 0.4270309486111111 0.042368739843749996 0.4270309486111111 0.042368739843749996 0.3965622194444444
6 0.15574756875 0.537187125 0.15574756875 0.5676558527777777 0.16893115234375 0.5676558527777777 0.16893115234375 0.537187125
6 0.23221236015625002 0.41765595555555557 0.23221236015625002 0.4434371861111111 0.2414408703125 0.4434371861111111 0.2414408703125 0.41765595555555557
6 0.4550149421875 0.26765605694444444 0.4550149421875 0.32624976944444445 0.46819852578125004 0.32624976944444445 0.46819852578125004 0.26765605694444444
6 0.5868507890625 0.3496872527777778 0.5868507890625 0.3895309763888889 0.5987160164062499 0.3895309763888889 0.5987160164062499 0.3496872527777778
7 0.05423396796875 0.3989059694444444 0.05423396796875 0.41765595555555557 0.0674175515625 0.41765595555555557 0.0674175515625 0.3989059694444444
7 0.68309095703125 0.31218727777777777 0.68309095703125 0.33328101805555554 0.72132335234375 0.33328101805555554 0.72132335234375 0.31218727777777777
7 0.6804542398437501 0.3332810138888889 0.6804542398437501 0.352031 0.69363782421875 0.352031 0.69363782421875 0.3332810138888889
7 0.66067886328125 0.3567184986111111 0.66067886328125 0.3824997319444445 0.70418469296875 0.3824997319444445 0.70418469296875 0.3567184986111111
7 0.6672706546875 0.3871872263888889 0.6672706546875 0.41296845555555556 0.67913588359375 0.41296845555555556 0.67913588359375 0.3871872263888889
7 0.53807152578125 0.24890607083333333 0.53807152578125 0.3121872763888889 0.54861839140625 0.3121872763888889 0.54861839140625 0.24890607083333333
7 0.17402331796874998 0.49124965694444445 0.17402331796874998 0.5006246527777778 0.19379869375 0.5006246527777778 0.19379869375 0.49124965694444445
7 0.170753653125 0.5006246527777778 0.170753653125 0.5176021805555555 0.1898436203125 0.5176021805555555 0.1898436203125 0.5006246527777778
7 0.20434556171875 0.4326559472222223 0.20434556171875 0.4490621861111111 0.21621078906250002 0.4490621861111111 0.21621078906250002 0.4326559472222223
4 0.5563472734375 0.5402340041666667 0.5563472734375 0.6691401680555555 0.5866695203125001 0.6691401680555555 0.5866695203125001 0.5402340041666667
4 0.49965785937499996 0.5121090208333333 0.49965785937499996 0.6292964416666667 0.5220699546875001 0.6292964416666667 0.5220699546875001 0.5121090208333333
4 0.11074211171875 0.5355465069444444 0.11074211171875 0.6339839416666666 0.13315420625000002 0.6339839416666666 0.13315420625000002 0.5355465069444444
4 0.072509715625 0.5472652472222223 0.072509715625 0.6644526680555555 0.10019524531249999 0.6644526680555555 0.10019524531249999 0.5472652472222223
4 0.08964837578125 0.5332027569444444 0.08964837578125 0.6339839416666666 0.10810539374999999 0.6339839416666666 0.10810539374999999 0.5332027569444444
4 0.148341559375 0.4941647 0.148341559375 0.9933831027777777 0.24853680234375003 0.9933831027777777 0.24853680234375003 0.4941647
6 0.16811693671875 0.5199459305555555 0.16811693671875 0.5363521708333333 0.1799821640625 0.5363521708333333 0.1799821640625 0.5199459305555555
4 0.48515591562499993 0.5240621361111112 0.48515591562499993 0.5943745861111112 0.49965785937499996 0.5943745861111112 0.49965785937499996 0.5240621361111112
4 0.46274382265625 0.5287496319444445 0.46274382265625 0.5709371013888889 0.47988248203125006 0.5709371013888889 0.47988248203125006 0.5287496319444445
4 0.40869112421875 0.5217183875 0.40869112421875 0.5756245999999999 0.42451142734375 0.5756245999999999 0.42451142734375 0.5217183875
4 0.38891574921875 0.5264058819444444 0.38891574921875 0.5779683458333333 0.40209933359375 0.5779683458333333 0.40209933359375 0.5264058819444444
4 0.138427640625 0.5542964958333333 0.138427640625 0.5892852972222222 0.14765614765625 0.5892852972222222 0.14765614765625 0.5542964958333333
2 0.3612302203125 0.5472652472222223 0.3612302203125 0.5803120958333333 0.39155246328125004 0.5803120958333333 0.39155246328125004 0.5472652472222223
2 0.34804663515625 0.5545308652777778 0.34804663515625 0.5779683486111111 0.3612302203125 0.5779683486111111 0.3612302203125 0.5545308652777778
2 0.3164060328125 0.5568746138888889 0.3164060328125 0.5779683486111111 0.3427732015625 0.5779683486111111 0.3427732015625 0.5568746138888889
2 0.28740214609375003 0.5545308652777778 0.28740214609375003 0.5920308375 0.3164060328125 0.5920308375 0.3164060328125 0.5545308652777778
2 0.19793503984375 0.5826558486111111 0.19793503984375 0.9974993152777778 0.5631203375 0.9974993152777778 0.5631203375 0.5826558486111111
4 0.3717770875 0.5472652472222223 0.3717770875 0.5753902305555555 0.38232395546875 0.5753902305555555 0.38232395546875 0.5472652472222223
2 0.0019496156250000001 0.6065471041666667 0.0019496156250000001 0.9982032347222222 0.10722886328125 0.9982032347222222 0.10722886328125 0.6065471041666667
4 0.43476429921875 0.5372274347222222 0.43476429921875 0.5805522277777778 0.45426045625 0.5805522277777778 0.45426045625 0.5372274347222222