7 0.42110794921875006 0.3817026027777778 0.42110794921875006 0.3900230958333333 0.43456374609375 0.3900230958333333 0.43456374609375 0.3817026027777778
7 0.40648208203124997 0.3900230958333333 0.40648208203124997 0.4191448208333333 0.43397871171875 0.4191448208333333 0.43397871171875 0.3900230958333333
7 0.4550399578125 0.44098611527777776 0.4550399578125 0.45658704027777774 0.463815478125 0.45658704027777774 0.463815478125 0.44098611527777776
7 0.47142092734374996 0.42850537777777775 0.47142092734374996 0.4482665472222222 0.47961141328125 0.4482665472222222 0.47961141328125 0.42850537777777775
7 0.4287133984375 0.4576270986111111 0.4287133984375 0.4680277152777778 0.435733815625 0.4680277152777778 0.435733815625 0.4576270986111111
7 0.38717593828124997 0.4472264833333333 0.38717593828124997 0.4638674666666667 0.398291596875 0.4638674666666667 0.398291596875 0.4472264833333333
7 0.32984254453125 0.4576270986111111 0.32984254453125 0.4701078375 0.33510785625 0.4701078375 0.33510785625 0.4576270986111111
7 0.32048198828125 0.45450691527777776 0.32048198828125 0.46698765416666665 0.32867247421875 0.46698765416666665 0.32867247421875 0.45450691527777776
7 0.30936633203124997 0.46386746944444446 0.30936633203124997 0.4732280236111111 0.31287653984374997 0.4732280236111111 0.31287653984374997 0.46386746944444446
7 0.669561725 0.3215276236111111 0.669561725 0.3974521194444444 0.7017386296875 0.3974521194444444 0.7017386296875 0.3215276236111111
2 0.345170440625 0.46594759166666666 0.345170440625 0.5522727041666666 0.398993628125 0.5522727041666666 0.398993628125 0.46594759166666666
2 0.25671321328125 0.4859167902777778 0.25671321328125 0.49943758888888884 0.268998940625 0.49943758888888884 0.268998940625 0.4859167902777778
2 0.3269173703125 0.4775962972222222 0.3269173703125 0.4952773444444445 0.33978813359375 0.4952773444444445 0.33978813359375 0.4775962972222222
2 0.31463164374999997 0.48383666527777774 0.31463164374999997 0.49943758888888884 0.33569289062499996 0.49943758888888884 0.33569289062499996 0.48383666527777774
2 0.344468409375 0.47135592638888885 0.344468409375 0.49111709583333335 0.351488825 0.49111709583333335 0.351488825 0.47135592638888885
2 0.39010109375 0.46927580416666664 0.39010109375 0.4983975277777778 0.39946164687499996 0.4983975277777778 0.39946164687499996 0.46927580416666664
2 0.40531199453125 0.4744761097222222 0.40531199453125 0.5108782666666667 0.42754331093750003 0.5108782666666667 0.42754331093750003 0.4744761097222222
2 0.42239501484374997 0.47426808472222226 0.42239501484374997 0.5262711638888888 0.45808212812500004 0.5262711638888888 0.45808212812500004 0.47426808472222226
2 0.49084406718749996 0.47738827222222224 0.49084406718749996 0.5377118430555556 0.5382318734375 0.5377118430555556 0.5382318734375 0.47738827222222224