2 0.0007993296875 0.4245394763888889 0.0007993296875 0.4902631611111111 0.05075821171875 0.4902631611111111 0.05075821171875 0.4245394763888889
6 0.49239472734375 0.04440789444444444 0.49239472734375 0.14921052638888888 0.51137910234375 0.14921052638888888 0.51137910234375 0.04440789444444444
6 0.696226965625 0.1811842111111111 0.696226965625 0.3108552638888889 0.71521134140625 0.3108552638888889 0.71521134140625 0.1811842111111111
6 0.2825674234375 0.39434210555555554 0.2825674234375 0.41565789583333335 0.28756331171875 0.41565789583333335 0.28756331171875 0.39434210555555554
6 0.30854604218750004 0.4050000027777778 0.30854604218750004 0.4209868458333333 0.31454110703125 0.4209868458333333 0.31454110703125 0.4050000027777778
6 0.5123782796875 0.08171052638888888 0.5123782796875 0.15276315833333334 0.5283651218750001 0.15276315833333334 0.5283651218750001 0.08171052638888888
7 0.54834867421875 0.13322368472222224 0.54834867421875 0.17052631666666668 0.64027301640625 0.17052631666666668 0.64027301640625 0.13322368472222224
6 0.8710830515625 0.27532894722222223 0.8710830515625 0.323289475 0.8980608476562499 0.323289475 0.8980608476562499 0.27532894722222223
6 0.7062187421874999 0.323289475 0.7062187421874999 0.36059210555555554 0.7252031171875 0.36059210555555554 0.7252031171875 0.323289475
7 0.7012228539062499 0.1669736847222222 0.7012228539062499 0.18828947499999998 0.73219736015625 0.18828947499999998 0.73219736015625 0.1669736847222222
7 0.67524423515625 0.15276315833333334 0.67524423515625 0.1811842111111111 0.69322943203125 0.1811842111111111 0.69322943203125 0.15276315833333334
2 0.400470384375 0.43164473888888893 0.400470384375 0.4511842125 0.41445887265625 0.4511842125 0.41445887265625 0.43164473888888893
2 0.44443420078124996 0.429868425 0.44443420078124996 0.4653947388888889 0.46142022109375 0.4653947388888889 0.46142022109375 0.429868425
2 0.45042926640625 0.43164473888888893 0.45042926640625 0.47960526666666664 0.47241117421874995 0.47960526666666664 0.47241117421874995 0.43164473888888893
2 0.5053840359375 0.4263157916666666 0.5053840359375 0.5009210555555555 0.56633387265625 0.5009210555555555 0.56633387265625 0.4263157916666666
2 0.350511503125 0.4227631597222222 0.350511503125 0.44407895000000003 0.36449998984375 0.44407895000000003 0.36449998984375 0.4227631597222222
2 0.32653123984375 0.429868425 0.32653123984375 0.46006579305555556 0.3405197265625 0.46006579305555556 0.3405197265625 0.429868425
2 0.29755508828125 0.4263157916666666 0.29755508828125 0.4476315805555556 0.30454933203125 0.4476315805555556 0.30454933203125 0.4263157916666666
2 0.29056084531250004 0.4263157916666666 0.29056084531250004 0.4529605291666666 0.29955344375 0.4529605291666666 0.29955344375 0.4263157916666666
2 0.281568246875 0.429868425 0.281568246875 0.4529605305555555 0.29056084531250004 0.4529605305555555 0.29056084531250004 0.429868425
2 0.26857893671875 0.43342105555555555 0.26857893671875 0.45651315972222223 0.2825674234375 0.45651315972222223 0.2825674234375 0.43342105555555555
2 0.1866463703125 0.4351973708333333 0.1866463703125 0.4653947388888889 0.2116258109375 0.4653947388888889 0.2116258109375 0.4351973708333333
2 0.1157047578125 0.4351973708333333 0.1157047578125 0.44230263333333336 0.13368995546875 0.44230263333333336 0.13368995546875 0.4351973708333333
2 0.1037146265625 0.43697368750000004 0.1037146265625 0.45828947638888884 0.12869406640625 0.45828947638888884 0.12869406640625 0.43697368750000004
2 0.0907253171875 0.43342105555555555 0.0907253171875 0.44940789722222224 0.10471380390625 0.44940789722222224 0.10471380390625 0.43342105555555555
1 0.13468913359375 0.41565789722222224 0.13468913359375 0.45651315972222223 0.17665459375 0.45651315972222223 0.17665459375 0.41565789722222224
2 0.35151068046875 0.43697368750000004 0.35151068046875 0.47072368750000004 0.37349258828125 0.47072368750000004 0.37349258828125 0.43697368750000004
2 0.298554265625 0.429868425 0.298554265625 0.4778289513888889 0.33252630546875 0.4778289513888889 0.33252630546875 0.429868425
2 0.24659702890625002 0.429868425 0.24659702890625002 0.47427631805555553 0.2705772921875 0.47427631805555553 0.2705772921875 0.429868425
2 0.23860360859375002 0.44052631805555553 0.23860360859375002 0.4511842125 0.2515929171875 0.4511842125 0.2515929171875 0.44052631805555553
2 0.049759034375 0.429868425 0.049759034375 0.48315789722222224 0.09871873828125 0.48315789722222224 0.09871873828125 0.429868425
2 0.12769488906249998 0.44230263333333336 0.12769488906249998 0.46717105555555555 0.1536735078125 0.46717105555555555 0.1536735078125 0.44230263333333336
2 0.5613379843749999 0.4192105291666667 0.5613379843749999 0.5293421083333334 0.6632541023437499 0.5293421083333334 0.6632541023437499 0.4192105291666667
2 0.46042104296874997 0.43697368750000004 0.46042104296874997 0.48848684583333335 0.5073823914062501 0.48848684583333335 0.5073823914062501 0.43697368750000004
2 0.41246051640625003 0.429868425 0.41246051640625003 0.46717105555555555 0.43444242421875 0.46717105555555555 0.43444242421875 0.429868425