7 0.5839099 0.3171374861111111 0.5839099 0.3933891222222222 0.62095259765625 0.3933891222222222 0.62095259765625 0.3171374861111111
7 0.02924423515625 0.4037870736111111 0.02924423515625 0.41765100555555557 0.046790776562500004 0.41765100555555557 0.046790776562500004 0.4037870736111111
7 0.025345003906250003 0.41938399722222225 0.025345003906250003 0.44884485555555553 0.0409419296875 0.44884485555555553 0.0409419296875 0.41938399722222225
7 0.11990136484375 0.41938399722222225 0.11990136484375 0.4523108402777778 0.13452348281249998 0.4523108402777778 0.13452348281249998 0.41938399722222225
7 0.40844448828125 0.44537887361111117 0.40844448828125 0.45750981527777773 0.41916737421874994 0.45750981527777773 0.41916737421874994 0.44537887361111117
7 0.2758706203125 0.4540438305555556 0.2758706203125 0.46964075694444446 0.29049273828125 0.46964075694444446 0.29049273828125 0.4540438305555556
7 0.45133603203124995 0.3448653541666667 0.45133603203124995 0.3535303111111111 0.464008534375 0.3535303111111111 0.464008534375 0.3448653541666667
7 0.45133603203124995 0.3569962958333333 0.45133603203124995 0.37605920277777777 0.46303372578125 0.37605920277777777 0.46303372578125 0.3569962958333333
7 0.4532856484375 0.37952518749999997 0.4532856484375 0.3899231375 0.4630337265625 0.3899231375 0.4630337265625 0.37952518749999997
7 0.450361225 0.39165613194444443 0.450361225 0.4193839986111111 0.46595815078124997 0.4193839986111111 0.46595815078124997 0.39165613194444443
7 0.45133603203124995 0.4211169875 0.45133603203124995 0.4401798986111111 0.46498334140625 0.4401798986111111 0.46498334140625 0.4211169875
2 0.4630337265625 0.4055200638888889 0.4630337265625 0.6412069375 0.64629760234375 0.6412069375 0.64629760234375 0.4055200638888889
2 0.29926600937500003 0.4609758 0.29926600937500003 0.5372274361111111 0.36457813515625 0.5372274361111111 0.36457813515625 0.4609758
2 0.36652775000000004 0.4679077652777778 0.36652775000000004 0.5112325597222223 0.40454525546875003 0.5112325597222223 0.40454525546875003 0.4679077652777778
2 0.20665926328125 0.47137375 0.20665926328125 0.5233635013888889 0.24467676875 0.5233635013888889 0.24467676875 0.47137375
2 0.116976940625 0.47830571666666666 0.116976940625 0.5233635013888889 0.177415028125 0.5233635013888889 0.177415028125 0.47830571666666666
2 0.07993424375 0.4817717013888889 0.07993424375 0.5216305097222222 0.11600213359375 0.5216305097222222 0.11600213359375 0.4817717013888889
2 0.6307006765625001 0.43498092222222223 0.6307006765625001 0.47830571666666666 0.6852899156250001 0.47830571666666666 0.6852899156250001 0.43498092222222223