7 0.35158474296875003 0.31889772638888886 0.35158474296875003 0.34228355972222224 0.37071860703125 0.34228355972222224 0.37071860703125 0.31889772638888886
6 0.571624175 0.44220484722222225 0.571624175 0.4570867402777778 0.58597457265625 0.4570867402777778 0.58597457265625 0.44220484722222225
6 0.53694404609375 0.44220484722222225 0.53694404609375 0.4655906805555555 0.5441192445312499 0.4655906805555555 0.5441192445312499 0.44220484722222225
2 0.5357481796875 0.5017324236111111 0.5357481796875 0.5123623472222222 0.5453151109375 0.5123623472222222 0.5453151109375 0.5017324236111111
2 0.5261812484374999 0.5017324236111111 0.5261812484374999 0.5229922722222222 0.53574818046875 0.5229922722222222 0.53574818046875 0.5017324236111111
2 0.5154184500000001 0.4974804513888889 0.5154184500000001 0.5357481791666667 0.52857298046875 0.5357481791666667 0.52857298046875 0.4974804513888889
2 0.4891093875 0.4762206041666666 0.4891093875 0.550630076388889 0.5249853828125 0.550630076388889 0.5249853828125 0.4762206041666666
2 0.47954245546875 0.48685053055555555 0.47954245546875 0.5570080291666666 0.5154184500000001 0.5570080291666666 0.5154184500000001 0.48685053055555555
2 0.44366646171874996 0.4634646944444444 0.44366646171874996 0.578267875 0.49987218593750005 0.578267875 0.49987218593750005 0.4634646944444444
2 0.55966550859375 0.4974804513888889 0.55966550859375 0.5208662847222223 0.571624175 0.5208662847222223 0.571624175 0.4974804513888889
2 0.56803657578125 0.4570867402777778 0.56803657578125 0.5442521180555555 0.60750016875 0.5442521180555555 0.60750016875 0.4570867402777778
2 0.59912910234375 0.4996064375 0.59912910234375 0.5548820430555556 0.6314174968749999 0.5548820430555556 0.6314174968749999 0.4996064375
2 0.6194588328124999 0.4996064375 0.6194588328124999 0.5676379527777777 0.6421802960937499 0.5676379527777777 0.6421802960937499 0.4996064375
2 0.6302216320312499 0.4762206041666666 0.6302216320312499 0.5782678777777778 0.6768604234375 0.5782678777777778 0.6768604234375 0.4762206041666666
2 0.54411924609375 0.5081103763888889 0.54411924609375 0.5336221958333334 0.5632531078125 0.5336221958333334 0.5632531078125 0.5081103763888889
2 0.30614181640625 0.4326379152777778 0.30614181640625 0.6494883666666666 0.4687796578125 0.6494883666666666 0.4687796578125 0.4326379152777778
2 0.0005125117187500001 0.27485947083333334 0.0005125117187500001 0.8850171194444444 0.2767576671875 0.8850171194444444 0.2767576671875 0.27485947083333334
9 0.648377065625 0 0.648377065625 0.9959574597222223 0.9987659421874999 0.9959574597222223 0.9987659421874999 0