7 0.73302093203125 0.19781479305555555 0.73302093203125 0.3262208861111111 0.759374546875 0.3262208861111111 0.759374546875 0.19781479305555555
7 0.61394163203125 0.11973000555555555 0.61394163203125 0.1700513138888889 0.63443888828125 0.1700513138888889 0.63443888828125 0.11973000555555555
7 0.489982034375 0.31754479583333334 0.489982034375 0.33836740416666666 0.50462293125 0.33836740416666666 0.50462293125 0.31754479583333334
7 0.43141844453125 0.3158095805555556 0.43141844453125 0.34357305972222224 0.44703540156250005 0.34357305972222224 0.44703540156250005 0.3158095805555556
7 0.42849026484374997 0.2845756638888889 0.42849026484374997 0.31754479583333334 0.448987521875 0.31754479583333334 0.448987521875 0.2845756638888889
7 0.4870538546875 0.24293044444444445 0.4870538546875 0.25334175 0.4958383921875 0.25334175 0.4958383921875 0.24293044444444445
7 0.48297516015625 0.2608429513888889 0.48297516015625 0.30366305833333335 0.49936456171875 0.30366305833333335 0.49936456171875 0.2608429513888889
7 0.43922692421875 0.35571958333333337 0.43922692421875 0.3661308888888889 0.448987521875 0.3661308888888889 0.448987521875 0.35571958333333337
7 0.32209974375 0.3019278402777778 0.32209974375 0.35571958333333337 0.33186034296875 0.35571958333333337 0.33186034296875 0.3019278402777778
7 0.1913077265625 0.26201783888888885 0.1913077265625 0.2758995763888889 0.21278104296875 0.2758995763888889 0.21278104296875 0.26201783888888885
7 0.1913077265625 0.2169021833333333 0.1913077265625 0.2568121861111111 0.21180498281250001 0.2568121861111111 0.21180498281250001 0.2169021833333333
7 0.07613266640625001 0.15443435555555554 0.07613266640625001 0.17699218194444444 0.08784538359375 0.17699218194444444 0.08784538359375 0.15443435555555554
7 0.0439226921875 0.20302044583333334 0.0439226921875 0.21516696805555557 0.08394114531249999 0.21516696805555557 0.08394114531249999 0.20302044583333334
7 0.0644199484375 0.21863740138888887 0.0644199484375 0.27242914444444444 0.09565386406250001 0.27242914444444444 0.09565386406250001 0.21863740138888887
7 0.06637206875 0.26722349166666665 0.06637206875 0.30886870833333335 0.08784538515625 0.30886870833333335 0.08784538515625 0.26722349166666665
1 0.56221046171875 0.2741643611111111 0.56221046171875 0.4320691513888889 0.73594911171875 0.4320691513888889 0.73594911171875 0.2741643611111111
2 0.48607779453125 0.3661308888888889 0.48607779453125 0.39910002083333335 0.510479290625 0.39910002083333335 0.510479290625 0.3661308888888889
2 0.45093964140625 0.37307175694444444 0.45093964140625 0.4060408888888889 0.49095809375000005 0.4060408888888889 0.49095809375000005 0.37307175694444444
2 0.41970572578125004 0.37133653888888885 0.41970572578125004 0.4129817583333333 0.45484387968749995 0.4129817583333333 0.45484387968749995 0.37133653888888885
2 0.37285485390625 0.37827740972222224 0.37285485390625 0.4268634986111111 0.38456757109375 0.4268634986111111 0.38456757109375 0.37827740972222224
2 0.37675909375 0.37133653888888885 0.37675909375 0.449421325 0.42751420546874996 0.449421325 0.42751420546874996 0.37133653888888885
2 0.24206283828125003 0.3661308888888889 0.24206283828125003 0.4338043694444445 0.26256009453125 0.4338043694444445 0.26256009453125 0.3661308888888889
2 0.21278104296875 0.3574548013888889 0.21278104296875 0.43901002222222224 0.2518234359375 0.43901002222222224 0.2518234359375 0.3574548013888889
2 0.1307920171875 0.3522491486111111 0.1307920171875 0.4511565430555556 0.22058952187499997 0.4511565430555556 0.22058952187499997 0.3522491486111111
6 0.3338124609375 0.34877871250000003 0.3338124609375 0.3591900152777778 0.34454911875 0.3591900152777778 0.34454911875 0.34877871250000003
7 0.0978242203125 0.2729832486111111 0.0978242203125 0.2875516055555556 0.11148205546875001 0.2875516055555556 0.11148205546875001 0.2729832486111111