2 0 0.15556290833333333 0 0.4756291208333333 0.19492299375 0.4756291208333333 0.19492299375 0.15556290833333333
2 0.9422284289062499 0.35582780138888886 0.9422284289062499 0.5471522972222223 0.9985529296875001 0.5471522972222223 0.9985529296875001 0.35582780138888886
2 0.8486895257812501 0.284304625 0.8486895257812501 0.40947018333333335 0.9985529312500001 0.40947018333333335 0.9985529312500001 0.284304625
2 0.2653286203125 0.23423840277777777 0.2653286203125 0.3915893888888889 0.3719428546875 0.3915893888888889 0.3719428546875 0.23423840277777777
2 0.5318642062500001 0.28966886388888885 0.5318642062500001 0.3808609125 0.591206090625 0.3808609125 0.591206090625 0.28966886388888885
2 0.24219534296875 0.29145694305555553 0.24219534296875 0.3594039597222222 0.27538656796875 0.3594039597222222 0.27538656796875 0.29145694305555553
6 0.66462910234375 0.22708608472222222 0.66462910234375 0.2646357513888889 0.679716021875 0.2646357513888889 0.679716021875 0.22708608472222222
6 0.91306038515625 0.0768874138888889 0.91306038515625 0.14841059027777778 0.9462516093750001 0.14841059027777778 0.9462516093750001 0.0768874138888889
6 0.5197946703125 0.008940397222222222 0.5197946703125 0.06794701666666667 0.53287000078125 0.06794701666666667 0.53287000078125 0.008940397222222222
6 0.15267961796875001 0.19132449583333333 0.15267961796875001 0.22708608472222222 0.1788302796875 0.22708608472222222 0.1788302796875 0.19132449583333333
6 0.6455190039062499 0.22708608472222222 0.6455190039062499 0.25927151388888886 0.65356536171875 0.25927151388888886 0.65356536171875 0.22708608472222222
7 0.1697781265625 0.18059601944444445 0.1697781265625 0.1984768125 0.19995196640625 0.1984768125 0.19995196640625 0.18059601944444445
7 0.6636233078125 0.1466225111111111 0.6636233078125 0.1680794638888889 0.68575078984375 0.1680794638888889 0.68575078984375 0.1466225111111111
7 0.6455190039062499 0.1662913861111111 0.6455190039062499 0.19132449583333333 0.67569284375 0.19132449583333333 0.67569284375 0.1662913861111111
2 0.3649022921875 0.2932450222222222 0.3649022921875 0.33794700555555557 0.38803556953124996 0.33794700555555557 0.38803556953124996 0.2932450222222222
2 0.52381784921875 0.28966886388888885 0.52381784921875 0.35582780138888886 0.5439337421875 0.35582780138888886 0.5439337421875 0.28966886388888885
2 0.5087309289062499 0.3057615763888889 0.5087309289062499 0.3486754833333333 0.5258294382812501 0.3486754833333333 0.5258294382812501 0.3057615763888889
2 0.4956555984375 0.3039734986111111 0.4956555984375 0.34152316666666666 0.5127541078125 0.34152316666666666 0.5127541078125 0.3039734986111111
9 0.44134268671875 0.25211919583333336 0.44134268671875 0.3504635625 0.49263821484375 0.3504635625 0.49263821484375 0.25211919583333336
1 0.387029775 0.25211919583333336 0.387029775 0.3486754833333333 0.44033689296875 0.3486754833333333 0.44033689296875 0.25211919583333336