6 0.40512550234375 0.25841489166666665 0.40512550234375 0.2972638444444444 0.41058863515625 0.2972638444444444 0.41058863515625 0.25841489166666665
6 0.5526301171875 0.2948357847222222 0.5526301171875 0.3288286180555556 0.5580932515625 0.3288286180555556 0.5580932515625 0.2948357847222222
6 0.41195441953125 0.2705551888888889 0.41195441953125 0.3021199638888889 0.4228806875 0.3021199638888889 0.4228806875 0.2705551888888889
7 0.33820211171875003 0.3506811527777778 0.33820211171875003 0.3628214527777778 0.35732308046875 0.3628214527777778 0.35732308046875 0.3506811527777778
7 0.6468691773437499 0.3652495097222222 0.6468691773437499 0.37738980972222225 0.6632585789062501 0.37738980972222225 0.6632585789062501 0.3652495097222222
7 0.7329135359375 0.35553727222222226 0.7329135359375 0.3701056291666666 0.7588634226562501 0.3701056291666666 0.7588634226562501 0.35553727222222226
7 0.7506687210937499 0.3288286180555556 0.7506687210937499 0.3433969736111111 0.76978968984375 0.3433969736111111 0.76978968984375 0.3288286180555556
7 0.74383980390625 0.3142602611111111 0.74383980390625 0.3288286180555556 0.7574976390625 0.3288286180555556 0.7574976390625 0.3142602611111111
7 0.8435419976562499 0.3336847361111111 0.8435419976562499 0.3531092125 0.858565615625 0.3531092125 0.858565615625 0.3336847361111111
7 0.9172943054687501 0.3676775694444444 0.9172943054687501 0.4113826388888889 0.92548900625 0.4113826388888889 0.92548900625 0.3676775694444444
6 0.5731168695312501 0.3094041402777778 0.5731168695312501 0.33611279583333337 0.58267735390625 0.33611279583333337 0.58267735390625 0.3094041402777778
7 0.38873610078125 0.36802444305555554 0.38873610078125 0.3971611569444444 0.39829658515625 0.3971611569444444 0.39829658515625 0.36802444305555554
6 0.27947342265624997 0.2851235458333333 0.27947342265624997 0.3264005583333333 0.29313125703125 0.3264005583333333 0.29313125703125 0.2851235458333333
4 0.3586888640625 0.4016704027777778 0.3586888640625 0.45994383055555554 0.3723467 0.45994383055555554 0.3723467 0.4016704027777778
4 0.62501664140625 0.43080711666666666 0.62501664140625 0.45265965138888886 0.62911399140625 0.45265965138888886 0.62911399140625 0.43080711666666666
4 0.62774820859375 0.425951 0.62774820859375 0.46722800972222217 0.63321134140625 0.46722800972222217 0.63321134140625 0.425951
4 0.6332113421875001 0.42352293888888887 0.6332113421875001 0.46479994999999996 0.6427718265625 0.46479994999999996 0.6427718265625 0.42352293888888887
4 0.64004026015625 0.43080711666666666 0.64004026015625 0.48179636527777775 0.6482349609375 0.48179636527777775 0.6482349609375 0.43080711666666666
4 0.64960074453125 0.43080711666666666 0.64960074453125 0.48179636527777775 0.65916122890625 0.48179636527777775 0.65916122890625 0.43080711666666666
4 0.7561318554687501 0.43323517638888887 0.7561318554687501 0.46722800972222217 0.76432655625 0.46722800972222217 0.76432655625 0.43323517638888887
4 0.6864768984375 0.4356632361111111 0.6864768984375 0.4842244263888889 0.6987689484375 0.4842244263888889 0.6987689484375 0.4356632361111111
4 0.71788991796875 0.43323517638888887 0.71788991796875 0.5012208430555556 0.7356451039062499 0.5012208430555556 0.7356451039062499 0.43323517638888887
6 0.7493029382812499 0.37981786666666667 0.7493029382812499 0.40895458194444445 0.76705812421875 0.40895458194444445 0.76705812421875 0.37981786666666667
7 0.11967675625 0.33611279583333337 0.11967675625 0.36524950833333336 0.129237240625 0.36524950833333336 0.129237240625 0.33611279583333337
6 0.48980407734375 0.394386225 0.48980407734375 0.41138264166666666 0.5007303453125 0.41138264166666666 0.5007303453125 0.394386225
2 0.45975684140624995 0.3992423430555555 0.45975684140624995 0.43323517638888887 0.47751202656249997 0.43323517638888887 0.47751202656249997 0.3992423430555555
2 0.48570672734375 0.4113826388888889 0.48570672734375 0.43323517500000003 0.5143881796875001 0.43323517500000003 0.5143881796875001 0.4113826388888889
2 0.50892504609375 0.4113826388888889 0.50892504609375 0.4283790555555556 0.5239486648437499 0.4283790555555556 0.5239486648437499 0.4113826388888889
2 0.54853276640625 0.394386225 0.54853276640625 0.4987927833333333 0.60452988984375 0.4987927833333333 0.60452988984375 0.394386225
6 0.5458012 0.39195816527777777 0.5458012 0.42837905694444445 0.555361684375 0.42837905694444445 0.555361684375 0.39195816527777777
2 0.60452988984375 0.43323517638888887 0.60452988984375 0.4793683083333333 0.62774820859375 0.4793683083333333 0.62774820859375 0.43323517638888887
2 0.470683109375 0.41623875972222224 0.470683109375 0.4745121875 0.5061934796875 0.4745121875 0.5061934796875 0.41623875972222224
2 0.42834382109374997 0.40652652222222224 0.42834382109374997 0.4380912972222222 0.4379043046875 0.4380912972222222 0.4379043046875 0.40652652222222224
9 0.39283345078125 0.37738980833333335 0.39283345078125 0.44780353194444444 0.43107538828124997 0.44780353194444444 0.43107538828124997 0.37738980833333335
2 0.39829658515625 0.41381070000000003 0.39829658515625 0.45265965416666665 0.41741755390625 0.45265965416666665 0.41741755390625 0.41381070000000003
2 0.28630233984375 0.3968142833333333 0.28630233984375 0.49393666249999996 0.34639681328125 0.49393666249999996 0.34639681328125 0.3968142833333333
2 0.19206328125 0.37496174861111115 0.19206328125 0.5182172597222222 0.305423309375 0.5182172597222222 0.305423309375 0.37496174861111115
2 0.43653852187500003 0.4016704027777778 0.43653852187500003 0.44537547222222224 0.46112262421874994 0.44537547222222224 0.46112262421874994 0.4016704027777778
2 0.3723467 0.42109487916666666 0.3723467 0.45994383055555554 0.405125503125 0.45994383055555554 0.405125503125 0.42109487916666666
2 0.49390142812500004 0.425951 0.49390142812500004 0.5522100944444445 0.5867747046875 0.5522100944444445 0.5867747046875 0.425951
2 0.76432655625 0.40895458194444445 0.76432655625 0.6153396402777778 0.9869492624999999 0.6153396402777778 0.9869492624999999 0.40895458194444445
4 0.9828519117187501 0.4696560694444445 0.9828519117187501 0.5813468069444444 0.9992413140625 0.5813468069444444 0.9992413140625 0.4696560694444445
4 0.7807159578125 0.43323517638888887 0.7807159578125 0.5716345680555556 0.8134947609375001 0.5716345680555556 0.8134947609375001 0.43323517638888887
9 0.00221937734375 0.3652495097222222 0.00221937734375 0.5789187472222223 0.23576835156249998 0.5789187472222223 0.23576835156249998 0.3652495097222222