7 0.71160972734375 0.3517973208333333 0.71160972734375 0.3933891222222222 0.7379295390625 0.3933891222222222 0.7379295390625 0.3517973208333333
7 0.70576088046875 0.39165613055555554 0.70576088046875 0.49910161527777774 0.79154397109375 0.49910161527777774 0.79154397109375 0.39165613055555554
2 0.80324166484375 0.4661747736111111 0.80324166484375 0.4817717 0.84028436328125 0.4817717 0.84028436328125 0.4661747736111111
2 0.79056916328125 0.47830571666666666 0.79056916328125 0.49043665833333333 0.83833474765625 0.49043665833333333 0.83833474765625 0.47830571666666666
2 0.79056916328125 0.4887036666666667 0.79056916328125 0.5164315347222223 0.84223397890625 0.5164315347222223 0.84223397890625 0.4887036666666667
2 0.71550895859375 0.49390264166666664 0.71550895859375 0.5250964916666667 0.76424935078125 0.5250964916666667 0.76424935078125 0.49390264166666664
2 0.70186164921875 0.5025676 0.70186164921875 0.5996151375 0.8120149359375001 0.5996151375 0.8120149359375001 0.5025676
2 0.7554760804687499 0.49216965 0.7554760804687499 0.6238770236111111 0.9475132265624999 0.6238770236111111 0.9475132265624999 0.49216965
1 0.56636335859375 0.44364588194444443 0.56636335859375 0.5129655513888889 0.69991203359375 0.5129655513888889 0.69991203359375 0.44364588194444443
2 0.69698761015625 0.4800387083333333 0.69698761015625 0.5060335819444445 0.71063491953125 0.5060335819444445 0.71063491953125 0.4800387083333333
2 0.47278180546875 0.49043665833333333 0.47278180546875 0.5632223111111111 0.52737104453125 0.5632223111111111 0.52737104453125 0.49043665833333333
2 0.33240947578125 0.4956356333333334 0.33240947578125 0.5996151375 0.4386635296875 0.5996151375 0.4386635296875 0.4956356333333334
4 0.45815968749999997 0.47483973333333335 0.45815968749999997 0.5510913722222223 0.47180699765625 0.5510913722222223 0.47180699765625 0.47483973333333335
4 0.356779671875 0.47483973333333335 0.356779671875 0.5025676013888889 0.36652775000000004 0.5025676013888889 0.36652775000000004 0.47483973333333335
2 0.4971520015625 0.4661747736111111 0.4971520015625 0.7885112347222222 0.7223326140624999 0.7885112347222222 0.7223326140624999 0.4661747736111111
7 0.2251806125 0.31193851111111115 0.2251806125 0.38299116944444445 0.2359034984375 0.38299116944444445 0.2359034984375 0.31193851111111115