2 0.354638428125 0.40781220138888885 0.354638428125 0.43124968611111114 0.37441380546874997 0.43124968611111114 0.37441380546874997 0.40781220138888885
2 0.35595678671875 0.4265621875 0.35595678671875 0.45937466527777776 0.37573216249999997 0.45937466527777776 0.37573216249999997 0.4265621875
2 0.3717770875 0.4148434472222222 0.3717770875 0.4429684277777778 0.39023410625 0.4429684277777778 0.39023410625 0.4148434472222222
2 0.35991186171875 0.44296842500000005 0.35991186171875 0.4804684027777778 0.37441380546874997 0.4804684027777778 0.37441380546874997 0.44296842500000005
2 0.36914037187500004 0.44296842500000005 0.36914037187500004 0.4874996472222222 0.38627903125 0.4874996472222222 0.38627903125 0.44296842500000005
2 0.3836423140625 0.4359371805555556 0.3836423140625 0.4921871430555556 0.40473605 0.4921871430555556 0.40473605 0.4359371805555556
2 0.43505829531250007 0.42187469166666663 0.43505829531250007 0.46640591388888886 0.4535153125 0.46640591388888886 0.4535153125 0.42187469166666663
2 0.4456051625 0.42421844166666667 0.4456051625 0.4804684027777778 0.47065397343750004 0.4804684027777778 0.47065397343750004 0.42421844166666667
2 0.45615203125 0.4171871972222222 0.45615203125 0.48984339583333336 0.50888636953125 0.48984339583333336 0.50888636953125 0.4171871972222222
2 0.39682589921875 0.4406246763888889 0.39682589921875 0.5109371291666667 0.45087859609375 0.5109371291666667 0.45087859609375 0.4406246763888889
2 0.57084921640625 0.40546845277777777 0.57084921640625 0.5367183625 0.70927685703125 0.5367183625 0.70927685703125 0.40546845277777777
0 0.3071775234375 0.46640591249999996 0.3071775234375 0.5390621111111111 0.32431618281249996 0.5390621111111111 0.32431618281249996 0.46640591249999996
0 0.18588854375 0.4874996458333334 0.18588854375 0.6210933041666666 0.242577959375 0.6210933041666666 0.242577959375 0.4874996458333334
0 0.24389631640624998 0.49921838749999997 0.24389631640624998 0.5812495819444444 0.26367169375 0.5812495819444444 0.26367169375 0.49921838749999997
0 0.06064448984375 0.4874996458333334 0.06064448984375 0.6773432638888889 0.18193346875 0.6773432638888889 0.18193346875 0.4874996458333334
7 0.18325182734375 0.2554685388888889 0.18325182734375 0.3187497458333333 0.22016586484374998 0.3187497458333333 0.22016586484374998 0.2554685388888889
7 0.17666003515625 0.18984358333333332 0.17666003515625 0.2601560347222222 0.21884750468749997 0.2601560347222222 0.21884750468749997 0.18984358333333332
7 0.518114878125 0.36093721666666667 0.518114878125 0.3867184472222222 0.5299801046875 0.3867184472222222 0.5299801046875 0.36093721666666667
7 0.707958496875 0.274218525 0.707958496875 0.32109349444444446 0.730370590625 0.32109349444444446 0.730370590625 0.274218525
7 0.730370590625 0.276562275 0.730370590625 0.31640599444444445 0.7514643265625 0.31640599444444445 0.7514643265625 0.276562275
4 0.7343256671875 0.3964282875 0.7343256671875 0.4831469805555556 0.7514643265625 0.4831469805555556 0.7514643265625 0.3964282875
4 0.777831496875 0.38002205 0.777831496875 0.46205324583333335 0.80156194921875 0.46205324583333335 0.80156194921875 0.38002205