7 0.06531212578125 0.07625163611111112 0.06531212578125 0.1334403625 0.11307771015625001 0.1334403625 0.11307771015625001 0.07625163611111112
7 0.38797352265625 0.38299117222222223 0.38797352265625 0.3899231402777778 0.39869640859375 0.3899231402777778 0.39869640859375 0.38299117222222223
6 0.47960546015625 0.34139936944444443 0.47960546015625 0.3691272375 0.48740392187500003 0.3691272375 0.48740392187500003 0.34139936944444443
6 0.48837873046875 0.3431323597222222 0.48837873046875 0.3708602277777778 0.4971520015625 0.3708602277777778 0.4971520015625 0.3431323597222222
6 0.62192740625 0.3639282611111111 0.62192740625 0.38472416111111113 0.627776253125 0.38472416111111113 0.627776253125 0.3639282611111111
6 0.6297258679687501 0.3639282611111111 0.6297258679687501 0.38645715416666665 0.635574715625 0.38645715416666665 0.635574715625 0.3639282611111111
2 0.15694406328125 0.36219527083333336 0.15694406328125 0.6429399291666666 0.4172177578125 0.6429399291666666 0.4172177578125 0.36219527083333336
2 0.39089794609375 0.4315149402777778 0.39089794609375 0.5493583777777777 0.4698573828125 0.5493583777777777 0.4698573828125 0.4315149402777778
2 0.4474368015625 0.43671391666666665 0.4474368015625 0.5250964944444445 0.48642911484375 0.5250964944444445 0.48642911484375 0.43671391666666665
2 0.47765584531250005 0.4540438305555556 0.47765584531250005 0.5164315319444445 0.50495046484375 0.5164315319444445 0.50495046484375 0.4540438305555556
2 0.7028364578125 0.4731067416666667 0.7028364578125 0.6412069375 0.85880571328125 0.6412069375 0.85880571328125 0.4731067416666667
2 0.9138036890624999 0.5372274333333333 0.9138036890624999 0.7382544736111112 0.99917804296875 0.7382544736111112 0.99917804296875 0.5372274333333333
2 0.6326502921875 0.4644417819444444 0.6326502921875 0.5510913694444444 0.69991203359375 0.5510913694444444 0.69991203359375 0.4644417819444444
2 0.5176229671875 0.4419128888888889 0.5176229671875 0.5718872680555556 0.6053556734375001 0.5718872680555556 0.6053556734375001 0.4419128888888889
2 0.50202603984375 0.4644417819444444 0.50202603984375 0.4887036666666667 0.5283458515625 0.4887036666666667 0.5283458515625 0.4644417819444444
2 0.5985320171875 0.476572725 0.5985320171875 0.4956356333333334 0.6082800953125 0.4956356333333334 0.6082800953125 0.476572725
4 0.9397147632812499 0.4679077652777778 0.9397147632812499 0.5736202611111112 0.9718834226562499 0.5736202611111112 0.9718834226562499 0.4679077652777778