2 0.56737124140625 0.6964949666666667 0.56737124140625 0.7129898138888889 0.57433000546875 0.7129898138888889 0.57433000546875 0.6964949666666667
2 0.57548979921875 0.6964949666666667 0.57548979921875 0.7150516694444445 0.58708773984375 0.7150516694444445 0.58708773984375 0.6964949666666667
2 0.58708773984375 0.6923712541666667 0.58708773984375 0.7212372402777777 0.6021650617187501 0.7212372402777777 0.6021650617187501 0.6923712541666667
2 0.5986856796875 0.6964949666666667 0.5986856796875 0.733608375 0.6160825898437501 0.733608375 0.6160825898437501 0.6964949666666667
2 0.6114434140625 0.6655671597222222 0.6114434140625 0.7501032541666667 0.64855682265625 0.7501032541666667 0.64855682265625 0.6655671597222222
2 0.48247430625 0.7006187097222222 0.48247430625 0.7171135583333333 0.48827327656249997 0.7171135583333333 0.48827327656249997 0.7006187097222222
2 0.47551554218750003 0.7006187097222222 0.47551554218750003 0.7171135583333333 0.4813145125 0.7171135583333333 0.4813145125 0.7006187097222222
2 0.45579904453125 0.7026805680555556 0.45579904453125 0.7212372694444444 0.46507739687500005 0.7212372694444444 0.46507739687500005 0.7026805680555556
2 0.4302835765625 0.696495 0.4302835765625 0.7232991277777777 0.44536089921875 0.7232991277777777 0.44536089921875 0.696495
2 0.40708769609375006 0.7047424222222222 0.40708769609375006 0.7459795430555556 0.43608254609374997 0.7459795430555556 0.43608254609374997 0.7047424222222222
2 0.33193304921875 0.7109279888888889 0.33193304921875 0.7439176861111111 0.3632474875 0.7439176861111111 0.3632474875 0.7109279888888889
2 0.31453613984375 0.7171135583333333 0.31453613984375 0.7583506791666667 0.35396913671874997 0.7583506791666667 0.35396913671874997 0.7171135583333333
2 0.24378870546875003 0.7171135583333333 0.24378870546875003 0.7645362472222222 0.28206190703125 0.7645362472222222 0.28206190703125 0.7171135583333333
2 0.8088403671875 0.6449485972222223 0.8088403671875 0.8676290458333333 0.999046584375 0.8676290458333333 0.999046584375 0.6449485972222223
9 0.638489678125 0.5222386694444444 0.638489678125 0.8129603694444444 0.8055597953125 0.8129603694444444 0.8055597953125 0.5222386694444444
6 0.4622607703125 0.6294551819444445 0.4622607703125 0.6562593125 0.4680597390625 0.6562593125 0.4680597390625 0.6294551819444445
6 0.5004741914062499 0.6257088666666667 0.5004741914062499 0.65457485 0.50975254375 0.65457485 0.50975254375 0.6257088666666667
6 0.610979503125 0.6309279375 0.610979503125 0.6515464972222222 0.6167784734375 0.6515464972222222 0.6167784734375 0.6309279375
2 0.5553093921875 0.694845475 0.5553093921875 0.7195877472222222 0.5657475375 0.7195877472222222 0.5657475375 0.694845475
2 0.485567096875 0.6962200569444444 0.485567096875 0.7457046027777778 0.5192011226562501 0.7457046027777778 0.5192011226562501 0.6962200569444444
2 0.5250000921875 0.6941581986111112 0.5250000921875 0.7539520236111111 0.5667526765625001 0.7539520236111111 0.5667526765625001 0.6941581986111112