2 0.41654422343749997 0.5322395138888889 0.41654422343749997 0.5527384180555556 0.42560400859375 0.5527384180555556 0.42560400859375 0.5322395138888889
2 0.3901884828125 0.5219900555555556 0.3901884828125 0.5600594583333334 0.41654422343749997 0.5600594583333334 0.41654422343749997 0.5219900555555556
2 0.38277593125 0.5293110944444445 0.38277593125 0.5732373291666667 0.40501358671875 0.5732373291666667 0.40501358671875 0.5293110944444445
2 0.36383274375 0.5263826805555555 0.36383274375 0.5732373263888889 0.38854124921875 0.5732373263888889 0.38854124921875 0.5263826805555555
2 0.34983125703125 0.5278468888888889 0.34983125703125 0.5893436152777778 0.3786578453125 0.5893436152777778 0.3786578453125 0.5278468888888889
2 0.30288509609375003 0.5205258513888888 0.30288509609375003 0.6083783125 0.3630091265625 0.6083783125 0.3630091265625 0.5205258513888888
2 0.45772506484375003 0.5293110944444445 0.45772506484375003 0.5512742125 0.4651376171875 0.5512742125 0.4651376171875 0.5293110944444445
2 0.464314 0.5205258513888888 0.464314 0.5556668347222222 0.47502101874999997 0.5556668347222222 0.47502101874999997 0.5205258513888888
2 0.468432084375 0.5161332263888889 0.468432084375 0.5585952513888889 0.49314058984375003 0.5585952513888889 0.49314058984375003 0.5161332263888889
2 0.48737527187499996 0.504419563888889 0.48737527187499996 0.577629951388889 0.514554628125 0.577629951388889 0.514554628125 0.504419563888889
2 0.49808229062500003 0.5000269416666667 0.49808229062500003 0.5922720305555556 0.5549118539062501 0.5922720305555556 0.5549118539062501 0.5000269416666667
2 0.23617213203124998 0.5380963444444444 0.23617213203124998 0.6630179902777777 0.33401699921875 0.6630179902777777 0.33401699921875 0.5380963444444444
2 0.5178490953125 0.5366321347222223 0.5178490953125 0.6303414305555555 0.5969163140625 0.6303414305555555 0.5969163140625 0.5366321347222223
2 0.9788119804687501 0.5332102513888889 0.9788119804687501 0.6170860222222222 0.99903203359375 0.6170860222222222 0.99903203359375 0.5332102513888889