6 0.56674731484375 0.06533799166666666 0.56674731484375 0.1406441 0.590510065625 0.1406441 0.590510065625 0.06533799166666666
6 0.37251266171875 0.15166450416666666 0.37251266171875 0.21595020555555555 0.38697694375 0.21595020555555555 0.38697694375 0.15166450416666666
6 0.38904327109375003 0.15166450416666666 0.38904327109375003 0.20860326805555557 0.39834173906250003 0.20860326805555557 0.39834173906250003 0.15166450416666666
6 0.55228303125 0.0745216625 0.55228303125 0.13513389583333332 0.56571415078125 0.13513389583333332 0.56571415078125 0.0745216625
6 0.36218103125 0.1479910361111111 0.36218103125 0.21227673611111111 0.37561215078125 0.21227673611111111 0.37561215078125 0.1479910361111111
6 0.45027125078125 0.39392210972222225 0.45027125078125 0.4196363888888889 0.462669209375 0.4196363888888889 0.462669209375 0.39392210972222225
6 0.4234090109375 0.43984046805555554 0.4234090109375 0.4600445444444445 0.43477380390625 0.4600445444444445 0.43477380390625 0.43984046805555554
6 0.405845240625 0.4324935305555556 0.405845240625 0.44902413888888887 0.4110110546875 0.44902413888888887 0.4110110546875 0.4324935305555556
7 0.40687840234375 0.41779965416666665 0.40687840234375 0.4306567944444445 0.41617687109375 0.4306567944444445 0.41617687109375 0.41779965416666665
7 0.228141196875 0.27820784861111114 0.228141196875 0.2965751916666667 0.25810292265625 0.2965751916666667 0.25810292265625 0.27820784861111114
7 0.025641239062499998 0.30208539444444443 0.025641239062499998 0.32412620694444444 0.05973561953124999 0.32412620694444444 0.05973561953124999 0.30208539444444443
7 0.35513688593750004 0.39306114166666667 0.35513688593750004 0.4261223583333333 0.37166749140625 0.4261223583333333 0.37166749140625 0.39306114166666667
6 0.232190484375 0.34897951666666666 0.232190484375 0.38938767083333337 0.255953234375 0.38938767083333337 0.255953234375 0.34897951666666666
6 0.78468733359375 0.2883672875 0.78468733359375 0.3287754402777778 0.80431743125 0.3287754402777778 0.80431743125 0.2883672875
6 0.69583531171875 0.3765305305555556 0.69583531171875 0.3948978763888889 0.7061669421875 0.3948978763888889 0.7061669421875 0.3765305305555556
2 0.45717464921874995 0.3214285041666667 0.45717464921874995 0.6410202680555556 0.654508790625 0.6410202680555556 0.654508790625 0.3214285041666667