7 0.637709753125 0.36729143472222225 0.637709753125 0.39830715555555557 0.6533196390625 0.39830715555555557 0.6533196390625 0.36729143472222225
9 0.45222757812500003 0.3411729319444444 0.45222757812500003 0.4799274736111111 0.5174218078124999 0.4799274736111111 0.5174218078124999 0.3411729319444444
2 0.51834003671875 0.40483678055555555 0.51834003671875 0.46197100694444443 0.5477233515625 0.46197100694444443 0.5477233515625 0.40483678055555555
2 0.5504780375 0.41952843888888885 0.5504780375 0.46523581666666664 0.57802489375 0.46523581666666664 0.57802489375 0.41952843888888885
2 0.581697809375 0.42116084444444446 0.581697809375 0.4685006291666666 0.6184269515625 0.4685006291666666 0.6184269515625 0.42116084444444446
2 0.37601460546875 0.3950423430555556 0.37601460546875 0.5582829805555556 0.45681872109375005 0.5582829805555556 0.45681872109375005 0.3950423430555556
2 0.18318660312499999 0.38524790416666665 0.18318660312499999 0.6480653305555555 0.40998906249999995 0.6480653305555555 0.40998906249999995 0.38524790416666665
2 0.676275353125 0.40320437499999995 0.676275353125 0.5468561361111112 0.7451424984374999 0.5468561361111112 0.7451424984374999 0.40320437499999995
2 0.70474043984375 0.3966747486111111 0.70474043984375 0.6284764541666666 0.897568440625 0.6284764541666666 0.897568440625 0.3966747486111111
2 0.0022955710937499997 0.36565902777777776 0.0022955710937499997 0.9043531319444446 0.2125699203125 0.9043531319444446 0.2125699203125 0.36565902777777776
2 0.84339295625 0.2970979597222222 0.84339295625 0.7427449 0.9985735859375 0.7427449 0.9985735859375 0.2970979597222222
2 0.61755972421875 0.40413960277777783 0.61755972421875 0.4857599222222222 0.6708169820312501 0.4857599222222222 0.6708169820312501 0.40413960277777783