7 0.3430964546875 0.5173471708333334 0.3430964546875 0.5571431069444445 0.36117681953125 0.5571431069444445 0.36117681953125 0.5173471708333334
7 0.61516290390625 0.47908184722222225 0.61516290390625 0.5142859458333333 0.62721648046875 0.5142859458333333 0.62721648046875 0.47908184722222225
7 0.6401310273437499 0.5035716555555556 0.6401310273437499 0.5602043333333333 0.65562848203125 0.5602043333333333 0.65562848203125 0.5035716555555556
2 0.30994911953125 0.5732145444444444 0.30994911953125 0.5915819 0.32716851406249997 0.5915819 0.32716851406249997 0.5732145444444444
2 0.2608738421875 0.5732145444444444 0.2608738421875 0.6160717083333334 0.28153711718749996 0.6160717083333334 0.28153711718749996 0.5732145444444444
2 0.18166462187500002 0.5747451541666666 0.18166462187500002 0.6313778333333333 0.23073989921875002 0.6313778333333333 0.23073989921875002 0.5747451541666666
2 0.23073989921875002 0.5732145444444444 0.23073989921875002 0.6206635458333333 0.2677616 0.6206635458333333 0.2677616 0.5732145444444444
2 0.1196747984375 0.5823982222222223 0.1196747984375 0.6451533541666667 0.1868304421875 0.6451533541666667 0.1868304421875 0.5823982222222223
7 0.21071159296875003 0.5724492361111111 0.21071159296875003 0.6153063999999999 0.2339577765625 0.6153063999999999 0.2339577765625 0.5724492361111111
7 0.20985062187499998 0.4974492027777778 0.20985062187499998 0.5479594319444445 0.23481874609375 0.5479594319444445 0.23481874609375 0.4974492027777778
2 0.4466173109375 0.5602043333333333 0.4466173109375 0.5923472069444444 0.46986349453125 0.5923472069444444 0.46986349453125 0.5602043333333333
2 0.47181143593749997 0.5647961722222222 0.47181143593749997 0.6045921069444444 0.48472598359374997 0.6045921069444444 0.48472598359374997 0.5647961722222222
2 0.4786991953125 0.5586737208333333 0.4786991953125 0.6045921097222222 0.49505762109375 0.6045921097222222 0.49505762109375 0.5586737208333333
2 0.48300404453125 0.5540818833333334 0.48300404453125 0.6214288527777777 0.516581865625 0.6214288527777777 0.516581865625 0.5540818833333334
2 0.5045282875 0.5494900444444445 0.5045282875 0.6336737555555556 0.56135229296875 0.6336737555555556 0.56135229296875 0.5494900444444445
2 0.52260865234375 0.5663267847222222 0.52260865234375 0.6489798833333333 0.57684974765625 0.6489798833333333 0.57684974765625 0.5663267847222222
2 0.5571704625 0.5490527388888888 0.5571704625 0.6730323875 0.6510161679687501 0.6730323875 0.6510161679687501 0.5490527388888888
2 0.6165773757812499 0.5337466083333333 0.6165773757812499 0.7403793527777778 0.7913542398437501 0.7403793527777778 0.7913542398437501 0.5337466083333333
2 0.74359088515625 0.4280879847222222 0.74359088515625 0.8459453166666667 0.99870909609375 0.8459453166666667 0.99870909609375 0.4280879847222222