7 0.30714746171875 0.18772673194444447 0.30714746171875 0.22690448472222222 0.3236755765625 0.22690448472222222 0.3236755765625 0.18772673194444447
7 0.72126855390625 0.19262395277777777 0.72126855390625 0.22690448472222222 0.7396331257812501 0.22690448472222222 0.7396331257812501 0.19262395277777777
6 0.47151037890624997 0.19588876666666666 0.47151037890624997 0.21874245555555555 0.482529121875 0.21874245555555555 0.482529121875 0.19588876666666666
6 0.55323272265625 0.19915357777777778 0.55323272265625 0.2301692986111111 0.5660879234375 0.2301692986111111 0.5660879234375 0.19915357777777778
2 0.51558535078125 0.2595526138888889 0.51558535078125 0.2856711138888889 0.530277009375 0.2856711138888889 0.530277009375 0.2595526138888889
2 0.49446609375 0.2709794583333333 0.49446609375 0.30036277361111113 0.51374889375 0.30036277361111113 0.51374889375 0.2709794583333333
2 0.46049163593750003 0.28077389722222224 0.46049163593750003 0.3101572111111111 0.4843655796875 0.3101572111111111 0.4843655796875 0.28077389722222224
2 0.47518329296874995 0.2938331486111111 0.47518329296874995 0.34443774583333336 0.51466712265625 0.34443774583333336 0.51466712265625 0.2938331486111111
2 0.41549843515624996 0.28893592777777777 0.41549843515624996 0.3395405263888889 0.45039112187499997 0.3395405263888889 0.45039112187499997 0.28893592777777777
2 0.16395480234374998 0.24649336111111111 0.16395480234374998 0.4253608847222222 0.34204014765625 0.4253608847222222 0.34204014765625 0.24649336111111111
2 0.51466712265625 0.27750908333333335 0.51466712265625 0.44401453194444446 0.6358732953125 0.44401453194444446 0.6358732953125 0.27750908333333335
2 0.01616911484375 0.22306099305555555 0.01616911484375 0.2589413666666667 0.0830243421875 0.2589413666666667 0.0830243421875 0.22306099305555555