2 0.15576921171875 0.3692307388888889 0.15576921171875 0.4557691930555556 0.21268488593749998 0.4557691930555556 0.21268488593749998 0.3692307388888889
2 0.4072466375 0.35041415416666666 0.4072466375 0.3650591208333333 0.41922888281250004 0.3650591208333333 0.41922888281250004 0.35041415416666666
2 0.40649774687500007 0.35840232083333334 0.40649774687500007 0.37571000972222224 0.41922888515625 0.37571000972222224 0.41922888515625 0.35840232083333334
2 0.38477992421875 0.33843190694444447 0.38477992421875 0.3703845652777778 0.407995528125 0.3703845652777778 0.407995528125 0.33843190694444447
2 0.3660576625 0.35840232083333334 0.3660576625 0.3836981763888889 0.3825332515625 0.3836981763888889 0.3825332515625 0.35840232083333334
2 0.35107985390624996 0.3530768763888889 0.35107985390624996 0.4063313027777778 0.37055100625000004 0.4063313027777778 0.37055100625000004 0.3530768763888889
2 0.315882003125 0.34908279305555556 0.315882003125 0.41032538888888886 0.362313209375 0.41032538888888886 0.362313209375 0.34908279305555556
2 0.27274589765625 0.3610650430555556 0.27274589765625 0.43029580416666663 0.32591711796875 0.43029580416666663 0.32591711796875 0.3610650430555556
2 0.48134933281250003 0.3508135652777778 0.48134933281250003 0.41338752361111114 0.5113049507812499 0.41338752361111114 0.5113049507812499 0.3508135652777778
2 0.562603946875 0.3521449277777778 0.562603946875 0.4253697708333333 0.5985506890625001 0.4253697708333333 0.5985506890625001 0.3521449277777778
2 0.44278147421874997 0.3255177138888889 0.44278147421874997 0.33883132222222223 0.45251705078125 0.33883132222222223 0.45251705078125 0.3255177138888889
2 0.4203147609375 0.32019226944444446 0.4203147609375 0.3335058777777778 0.42930144531250003 0.3335058777777778 0.42930144531250003 0.32019226944444446
2 0.453265940625 0.3428254027777778 0.453265940625 0.3588017347222222 0.46375040859374994 0.3588017347222222 0.46375040859374994 0.3428254027777778
2 0.4615037359375 0.33616859722222225 0.4615037359375 0.3441567638888889 0.47797932578125 0.3441567638888889 0.47797932578125 0.33616859722222225
2 0.4607548453125 0.3414940444444444 0.4607548453125 0.3747780638888889 0.481723778125 0.3747780638888889 0.481723778125 0.3414940444444444
2 0.477230434375 0.3428254027777778 0.477230434375 0.3681212569444444 0.49295713359375004 0.3681212569444444 0.49295713359375004 0.3428254027777778
2 0.477230434375 0.3348372388888889 0.477230434375 0.3441567638888889 0.489961571875 0.3441567638888889 0.489961571875 0.3348372388888889
2 0.18722261093749998 0.3605325055555555 0.18722261093749998 0.4630472875 0.293565053125 0.4630472875 0.293565053125 0.3605325055555555
2 0.38193412734375 0.3639940513888889 0.38193412734375 0.3906212680555556 0.4073964015625 0.3906212680555556 0.4073964015625 0.3639940513888889
2 0.41563419453124995 0.35733725 0.41563419453124995 0.38795854444444444 0.43884979921875 0.38795854444444444 0.43884979921875 0.35733725
2 0.4306120046875 0.33470411527777777 0.4306120046875 0.348017725 0.43959869140625 0.348017725 0.43959869140625 0.33470411527777777
2 0.41937864921875 0.3373668375 0.41937864921875 0.3493490847222222 0.42836533359375 0.3493490847222222 0.42836533359375 0.3373668375
2 0.50040860390625 0.3373668375 0.50040860390625 0.43189345416666663 0.5700554140625 0.43189345416666663 0.5700554140625 0.3373668375
2 0.4427440390625 0.3360354736111111 0.4427440390625 0.3480177208333333 0.45173072578125 0.3480177208333333 0.45173072578125 0.3360354736111111
2 0.4679067625 0.3147337041666667 0.4679067625 0.32671595277777776 0.47464677890624996 0.32671595277777776 0.47464677890624996 0.3147337041666667
2 0.48063790156249997 0.3240532277777778 0.48063790156249997 0.33470411527777777 0.48962458828125 0.33470411527777777 0.48962458828125 0.3240532277777778
2 0.46116674921875 0.3147337041666667 0.46116674921875 0.32671595277777776 0.46715787265625003 0.32671595277777776 0.46715787265625003 0.3147337041666667
2 0.45517562578125004 0.31340234305555553 0.45517562578125004 0.3253845902777778 0.46116675 0.3253845902777778 0.46116675 0.31340234305555553
2 0.42522000859375 0.3333727527777778 0.42522000859375 0.3426922777777778 0.43196002265625 0.3426922777777778 0.43196002265625 0.3333727527777778
6 0.3242695640625 0.3053254111111111 0.3242695640625 0.3213017402777778 0.330260684375 0.3213017402777778 0.330260684375 0.3053254111111111
6 0.36396075625 0.2707100291666667 0.36396075625 0.2840236388888889 0.37144966171875 0.2840236388888889 0.37144966171875 0.2707100291666667
6 0.49276991171875 0.2618342888888889 0.49276991171875 0.2871301444444444 0.5002588171875 0.2871301444444444 0.5002588171875 0.2618342888888889
6 0.5459411335937501 0.27914198055555556 0.5459411335937501 0.29778103055555555 0.5504344773437501 0.29778103055555555 0.5504344773437501 0.27914198055555556
6 0.681739965625 0.17130175555555557 0.681739965625 0.2751478958333333 0.6952199921875 0.2751478958333333 0.6952199921875 0.17130175555555557
6 0.68748142734375 0.2800295569444445 0.68748142734375 0.31331357499999996 0.7002125648437499 0.31331357499999996 0.7002125648437499 0.2800295569444445
6 0.9787998101562501 0.17640530277777777 0.9787998101562501 0.24031062083333335 0.9990198515625 0.24031062083333335 0.9990198515625 0.17640530277777777
6 0.92862415078125 0.0006656805555555555 0.92862415078125 0.15909761249999999 0.964570890625 0.15909761249999999 0.964570890625 0.0006656805555555555
6 0.97355757578125 0.0006656805555555555 0.97355757578125 0.1524408125 0.99827096171875 0.1524408125 0.99827096171875 0.0006656805555555555
7 0.6710058375 0.14378696666666668 0.6710058375 0.16375737777777777 0.69796589375 0.16375737777777777 0.69796589375 0.14378696666666668
7 0.83376472421875 0.10872779583333333 0.83376472421875 0.1539940611111111 0.85772921796875 0.1539940611111111 0.85772921796875 0.10872779583333333
7 0.8427514109375001 0.23520706944444442 0.8427514109375001 0.26582836805555554 0.93186937265625 0.26582836805555554 0.93186937265625 0.23520706944444442
7 0.8307691625 0.14999997916666666 0.8307691625 0.2312129888888889 0.94609829140625 0.2312129888888889 0.94609829140625 0.14999997916666666