2 0.42238514921875003 0.43258768888888893 0.42238514921875003 0.4587061916666667 0.43891326406250003 0.4587061916666667 0.43891326406250003 0.43258768888888893
2 0.39851120546874996 0.42442565694444445 0.39851120546874996 0.4750302541666667 0.4288127484375 0.4750302541666667 0.4288127484375 0.42442565694444445
2 0.330562290625 0.43617897777777775 0.330562290625 0.45740026111111115 0.343417490625 0.45740026111111115 0.343417490625 0.43617897777777775
2 0.31219771953125003 0.44107619722222224 0.31219771953125003 0.46229747916666664 0.32505291953125004 0.46229747916666664 0.32505291953125004 0.44107619722222224
2 0.268122746875 0.4394437916666667 0.268122746875 0.47045951249999995 0.29383314765625 0.47045951249999995 0.29383314765625 0.4394437916666667
2 0.25159463203125 0.44107619722222224 0.25159463203125 0.46882710555555557 0.26720451796875 0.46882710555555557 0.26720451796875 0.44107619722222224
2 0.20935611718749997 0.44760582361111106 0.20935611718749997 0.47535673194444444 0.22863891796875002 0.47535673194444444 0.22863891796875002 0.44760582361111106
2 0.22312954609375 0.4394437916666667 0.22312954609375 0.47535673194444444 0.25251286093749997 0.47535673194444444 0.25251286093749997 0.4394437916666667
2 0.14875303125 0.43781138472222225 0.14875303125 0.48351876250000003 0.17446343125 0.48351876250000003 0.17446343125 0.43781138472222225
2 0.0890681734375 0.4427086041666667 0.0890681734375 0.5014752333333333 0.16160823124999998 0.5014752333333333 0.16160823124999998 0.4427086041666667
2 0.08447702968750001 0.43617897777777775 0.08447702968750001 0.4639298861111111 0.11569680156249999 0.4639298861111111 0.11569680156249999 0.43617897777777775
2 0 0.4420556472222222 0 0.5155139347222222 0.06954434140625 0.5155139347222222 0.06954434140625 0.4420556472222222
7 0.62953752421875 0.3411729319444444 0.62953752421875 0.3607618083333333 0.6460656375 0.3607618083333333 0.6460656375 0.3411729319444444
7 0.5395511234375 0.36239421527777776 0.5395511234375 0.37871827916666667 0.55516100859375 0.37871827916666667 0.55516100859375 0.36239421527777776
7 0.5349599796875 0.37871827916666667 0.5349599796875 0.39340993750000003 0.54781518046875 0.39340993750000003 0.54781518046875 0.37871827916666667
7 0.5413875796875 0.3966747486111111 0.5413875796875 0.41299881250000003 0.54965163671875 0.41299881250000003 0.54965163671875 0.3966747486111111
7 0.47160220703125005 0.39177753055555553 0.47160220703125005 0.40646918750000005 0.48813032109375004 0.40646918750000005 0.48813032109375004 0.39177753055555553
2 0.34669687890625 0.41043360833333337 0.34669687890625 0.49695114583333333 0.40821819296874995 0.49695114583333333 0.40821819296874995 0.41043360833333337
2 0.4302556796875 0.41206601249999997 0.4302556796875 0.5377613041666667 0.51840562421875 0.5377613041666667 0.51840562421875 0.41206601249999997