7 0.09455014375000001 0.2714968152777778 0.09455014375000001 0.31588459027777777 0.122962146875 0.31588459027777777 0.122962146875 0.2714968152777778
7 0.14018154140625 0.32812949583333334 0.14018154140625 0.3449662402777778 0.14965221015625002 0.3449662402777778 0.14965221015625002 0.32812949583333334
7 0.089384325 0.4169050458333333 0.089384325 0.45517036944444444 0.11435245000000001 0.45517036944444444 0.11435245000000001 0.4169050458333333
7 0.6249075234375 0.31282336666666666 0.6249075234375 0.3556805277777778 0.64901467734375 0.3556805277777778 0.64901467734375 0.31282336666666666
7 0.64643176796875 0.5072112097222222 0.64643176796875 0.5271091736111111 0.66537310390625 0.5271091736111111 0.66537310390625 0.5072112097222222
7 0.63782207109375 0.4582315972222223 0.63782207109375 0.49802753055555554 0.65762437578125 0.49802753055555554 0.65762437578125 0.4582315972222223
6 0.1040208109375 0.32200704444444445 0.1040208109375 0.4199662736111111 0.122962146875 0.4199662736111111 0.122962146875 0.32200704444444445
6 0.62576849375 0.3510886916666667 0.62576849375 0.4521091444444444 0.64729273984375 0.4521091444444444 0.64729273984375 0.3510886916666667
7 0.56636158046875 0.5194561083333333 0.56636158046875 0.534762238888889 0.5723883695312499 0.534762238888889 0.5723883695312499 0.5194561083333333
7 0.35198010625 0.45210914027777777 0.35198010625 0.47353771944444445 0.36661659140624997 0.47353771944444445 0.36661659140624997 0.45210914027777777
7 0.35198010625 0.5240479486111111 0.35198010625 0.5408846902777777 0.36489465234375 0.5408846902777777 0.36489465234375 0.5240479486111111
6 0.352841075 0.4704764944444444 0.352841075 0.5133336569444444 0.3640336796875 0.5133336569444444 0.3640336796875 0.4704764944444444
2 0.296878040625 0.5393540763888889 0.296878040625 0.5929255277777778 0.32529004296875 0.5929255277777778 0.32529004296875 0.5393540763888889
2 0.24952470234375 0.5424153013888889 0.24952470234375 0.5929255277777778 0.2934341609375 0.5929255277777778 0.2934341609375 0.5424153013888889
2 0.3115145265625 0.534762238888889 0.3115145265625 0.6296602402777778 0.3846969578125 0.6296602402777778 0.3846969578125 0.534762238888889
2 0.49748399765625007 0.5470071388888889 0.49748399765625007 0.6051704305555555 0.53020084921875 0.6051704305555555 0.53020084921875 0.5470071388888889
2 0.70669965390625 0.5577214319444445 0.70669965390625 0.6235377902777778 0.78074305234375 0.6235377902777778 0.78074305234375 0.5577214319444445
2 0.52073018203125 0.5470071388888889 0.52073018203125 0.6556806569444444 0.6447098296875 0.6556806569444444 0.6447098296875 0.5470071388888889
2 0.37264338046875 0.5286397861111112 0.37264338046875 0.7398643722222222 0.51470339140625 0.7398643722222222 0.51470339140625 0.5286397861111112
7 0.18300389687500002 0.4495165666666667 0.18300389687500002 0.5000267930555555 0.20194523125 0.5000267930555555 0.20194523125 0.4495165666666667