2 0 0.6056274013888889 0 0.7950160444444445 0.23576835234375002 0.7950160444444445 0.23576835234375002 0.6056274013888889
4 0.48980407734375 0.6493324736111111 0.48980407734375 0.7221742583333334 0.49936456171875 0.7221742583333334 0.49936456171875 0.6493324736111111
4 0.4720488921875 0.6444763541666666 0.4720488921875 0.7221742583333334 0.48843829453125 0.7221742583333334 0.48843829453125 0.6444763541666666
2 0.52941179765625 0.6590447111111112 0.52941179765625 0.7343145555555556 0.593603621875 0.7343145555555556 0.593603621875 0.6590447111111112
2 0.7547660710937499 0.6590447111111112 0.7547660710937499 0.7100339611111111 0.7889106578125 0.7100339611111111 0.7889106578125 0.6590447111111112
2 0.82988416328125 0.6590447111111112 0.82988416328125 0.7246023180555555 0.88178393515625 0.7246023180555555 0.88178393515625 0.6590447111111112
2 0.5867747046875 0.6663288888888889 0.5867747046875 0.7148900791666667 0.623650859375 0.7148900791666667 0.623650859375 0.6663288888888889
2 0.6154561578125 0.6736130680555555 0.6154561578125 0.7124620194444445 0.64004026015625 0.7124620194444445 0.64004026015625 0.6736130680555555
2 0.8121289781250001 0.6711850069444444 0.8121289781250001 0.7124620194444445 0.8380788640624999 0.7124620194444445 0.8380788640624999 0.6711850069444444
2 0.80256849375 0.6663288888888889 0.80256849375 0.7051778416666666 0.8244210296875 0.7051778416666666 0.8244210296875 0.6663288888888889
2 0.7902764421875 0.6639008305555556 0.7902764421875 0.7051778416666666 0.8053000593749999 0.7051778416666666 0.8053000593749999 0.6639008305555556
9 0.614090375 0.6226238194444444 0.614090375 0.6954656041666667 0.6605270125 0.6954656041666667 0.6605270125 0.6226238194444444
2 0.65779544609375 0.6736130680555555 0.65779544609375 0.6954656041666667 0.66735593046875 0.6954656041666667 0.66735593046875 0.6736130680555555
2 0.6659901460937501 0.6711850069444444 0.6659901460937501 0.6954656027777778 0.6782821976562501 0.6954656027777778 0.6782821976562501 0.6711850069444444
9 0.67008749609375 0.6614727708333333 0.67008749609375 0.6857533666666668 0.68784268125 0.6857533666666668 0.68784268125 0.6614727708333333
2 0.6864768984375 0.6736130680555555 0.6864768984375 0.688181425 0.697403165625 0.688181425 0.697403165625 0.6736130680555555
7 0.1879659296875 0.4817963666666667 0.1879659296875 0.5449259152777778 0.20708689921875 0.5449259152777778 0.20708689921875 0.4817963666666667
2 0.69603738203125 0.6687569486111111 0.69603738203125 0.6857533666666668 0.7069636499999999 0.6857533666666668 0.7069636499999999 0.6687569486111111