6 0.43307139531249994 0.5422389763888888 0.43307139531249994 0.5678313777777778 0.4426685453125 0.5678313777777778 0.4426685453125 0.5422389763888888
6 0.5146471703125 0.5507697763888889 0.5146471703125 0.574229475 0.5242443203125 0.574229475 0.5242443203125 0.5507697763888889
6 0.41027816406250006 0.5966228277777778 0.41027816406250006 0.6115517277777778 0.41987531406249995 0.6115517277777778 0.41987531406249995 0.5966228277777778
6 0.4654617765625 0.5944901263888889 0.4654617765625 0.6158171263888889 0.4738592828125 0.6158171263888889 0.4738592828125 0.5944901263888889
6 0.5062496640624999 0.5497034263888889 0.5062496640624999 0.5731631263888889 0.5146471703125 0.5731631263888889 0.5146471703125 0.5497034263888889
6 0.6094190265625 0.5283764263888888 0.6094190265625 0.5646323263888889 0.62261510859375 0.5646323263888889 0.62261510859375 0.5283764263888888
6 0.62501439609375 0.6051536263888888 0.62501439609375 0.6286133263888889 0.63821047734375 0.6286133263888889 0.63821047734375 0.6051536263888888
7 0.6190161773437499 0.5694309013888889 0.6190161773437499 0.5822271 0.6358111890625 0.5822271 0.6358111890625 0.5694309013888889
7 0.6202158210937501 0.5822271 0.6202158210937501 0.5950233 0.63341190234375 0.5950233 0.63341190234375 0.5822271
7 0.9510775718750001 0.4679143847222222 0.9510775718750001 0.5766820847222222 0.98106866640625 0.5766820847222222 0.98106866640625 0.4679143847222222
7 0.5827869382812499 0.5937436847222222 0.5827869382812499 0.6086725861111111 0.60797945703125 0.6086725861111111 0.60797945703125 0.5937436847222222
2 0.34237832734375 0.6385303847222222 0.34237832734375 0.6598573847222222 0.362772271875 0.6598573847222222 0.362772271875 0.6385303847222222
2 0.31238723359375 0.6299995847222222 0.31238723359375 0.6747862833333333 0.3507758328125 0.6747862833333333 0.3507758328125 0.6299995847222222
2 0.25480433359375 0.6321322847222223 0.25480433359375 0.6662554847222223 0.28959400234375 0.6662554847222223 0.28959400234375 0.6321322847222223
2 0.2344103890625 0.6236014847222222 0.2344103890625 0.6662554847222223 0.26800041484375 0.6662554847222223 0.26800041484375 0.6236014847222222
2 0.21641573359375 0.6214687847222222 0.21641573359375 0.6577246861111111 0.256003978125 0.6577246861111111 0.256003978125 0.6214687847222222
2 0.1456367515625 0.6065398847222222 0.1456367515625 0.6982459847222222 0.2596029078125 0.6982459847222222 0.2596029078125 0.6065398847222222
2 0.1456367515625 0.6150706847222221 0.1456367515625 0.7046440875000001 0.2416082515625 0.7046440875000001 0.2416082515625 0.6150706847222221
2 0.0412677453125 0.5980090847222221 0.0412677453125 0.7131748874999999 0.21401644609375 0.7131748874999999 0.21401644609375 0.5980090847222221
2 0.0268720203125 0.6193360833333333 0.0268720203125 0.7323691847222221 0.1732285578125 0.7323691847222221 0.1732285578125 0.6193360833333333
2 0.00047985781250000004 0.6406630847222222 0.00047985781250000004 0.7515634861111111 0.04006810234375 0.7515634861111111 0.04006810234375 0.6406630847222222
2 0.4578640390625 0.6398100013888889 0.4578640390625 0.6696678027777778 0.4734594078125 0.6696678027777778 0.4734594078125 0.6398100013888889
2 0.49265370781250006 0.6142176013888889 0.49265370781250006 0.6739332027777778 0.5286430203125 0.6739332027777778 0.5286430203125 0.6142176013888889
2 0.39068398828125 0.636255523611111 0.39068398828125 0.6618479236111111 0.40148078203125 0.6618479236111111 0.40148078203125 0.636255523611111
2 0.36069289453125003 0.636255523611111 0.36069289453125003 0.6938384222222223 0.39668220703125 0.6938384222222223 0.39668220703125 0.636255523611111
2 0.38828470078125 0.6170612236111112 0.38828470078125 0.725828925 0.4590636828125 0.725828925 0.4590636828125 0.6170612236111112
2 0.46266261484375004 0.6405209236111111 0.46266261484375004 0.695971123611111 0.50225085859375 0.695971123611111 0.50225085859375 0.6405209236111111
2 0.5178462265625 0.6021323236111111 0.5178462265625 0.6981038222222222 0.5706305515625 0.6981038222222222 0.5706305515625 0.6021323236111111
2 0.6198159453125001 0.6426536222222222 0.6198159453125001 0.7130327236111111 0.64740775234375 0.7130327236111111 0.64740775234375 0.6426536222222222
2 0.6414095328125 0.6405209236111111 0.6414095328125 0.7194308236111111 0.694193859375 0.7194308236111111 0.694193859375 0.6405209236111111
2 0.66300312109375 0.6469190236111111 0.66300312109375 0.7343597236111111 0.748177828125 0.7343597236111111 0.748177828125 0.6469190236111111
2 0.74217960859375 0.6405209236111111 0.74217960859375 0.6938384236111111 0.810559303125 0.6938384236111111 0.810559303125 0.6405209236111111
2 0.77816892109375 0.6511844236111111 0.77816892109375 0.7642175236111112 0.929324034375 0.7642175236111112 0.929324034375 0.6511844236111111
2 0.8981332953125 0.6490517236111112 0.8981332953125 0.7919426250000001 1 0.7919426250000001 1 0.6490517236111112
2 0.5214451578125 0.619193923611111 0.5214451578125 0.7663502222222222 0.64140953203125 0.7663502222222222 0.64140953203125 0.619193923611111
7 0.09126636953125 0.34585563055555557 0.09126636953125 0.49489291944444447 0.11368695 0.49489291944444447 0.11368695 0.34585563055555557