2 0.0023195890625 0.5745705361111111 0.0023195890625 0.6158076583333333 0.053350524218749994 0.6158076583333333 0.053350524218749994 0.5745705361111111
2 0.06262887578125001 0.5704468222222222 0.06262887578125001 0.6116839472222222 0.09974228359375001 0.6116839472222222 0.09974228359375001 0.5704468222222222
2 0.16585054296875 0.57869425 0.16585054296875 0.6096220902777778 0.1925258046875 0.6096220902777778 0.1925258046875 0.57869425
2 0.21224230390624998 0.5807561041666667 0.21224230390624998 0.605498373611111 0.23195880156249998 0.605498373611111 0.23195880156249998 0.5807561041666667
2 0.2632732375 0.5807561041666667 0.2632732375 0.6034365194444444 0.27603097265625 0.6034365194444444 0.27603097265625 0.5807561041666667
2 0.27371138515625 0.5814433958333334 0.27371138515625 0.6082475236111111 0.28414953125000003 0.6082475236111111 0.28414953125000003 0.5814433958333334
2 0.30154644140625 0.5828179583333334 0.30154644140625 0.6034365194444444 0.31546396953125 0.6034365194444444 0.31546396953125 0.5828179583333334
2 0.32938149765625 0.5828179583333334 0.32938149765625 0.5993128083333333 0.33981964374999996 0.5993128083333333 0.33981964374999996 0.5828179583333334
7 0.006958765625 0.48865987499999997 0.006958765625 0.5484536986111112 0.037113409375 0.5484536986111112 0.037113409375 0.48865987499999997
2 0.59149494375 0.5890035263888889 0.59149494375 0.6116839444444444 0.60425267734375 0.6116839444444444 0.60425267734375 0.5890035263888889
2 0.57061865 0.5869416722222223 0.57061865 0.6137458013888889 0.5868557671875 0.6137458013888889 0.5868557671875 0.5869416722222223
2 0.5265464796875 0.5725086791666667 0.5265464796875 0.6261169375 0.5590207125 0.6261169375 0.5590207125 0.5725086791666667
2 0.44652069218749996 0.5621994 0.44652069218749996 0.6281787944444445 0.49175265703125 0.6281787944444445 0.49175265703125 0.5621994
2 0.70283516640625 0.5993128083333333 0.70283516640625 0.6158076583333333 0.73067022265625 0.6158076583333333 0.73067022265625 0.5993128083333333
2 0.7817011609375 0.605498373611111 0.7817011609375 0.6219932236111111 0.7909795125 0.6219932236111111 0.7909795125 0.605498373611111
2 0.8072166281250001 0.597250951388889 0.8072166281250001 0.6219932236111111 0.82113415625 0.6219932236111111 0.82113415625 0.597250951388889
2 0.9301547921875001 0.6116839444444444 0.9301547921875001 0.6405499277777778 0.96378881796875 0.6405499277777778 0.96378881796875 0.6116839444444444
7 0.6170104109375 0.5436426972222222 0.6170104109375 0.5725086791666667 0.6657217585937499 0.5725086791666667 0.6657217585937499 0.5436426972222222
7 0.6715207296875 0.5457045527777779 0.6715207296875 0.5725086819444445 0.6831186703125 0.5725086819444445 0.6831186703125 0.5457045527777779
7 0.70283516640625 0.5477664083333333 0.70283516640625 0.5745705388888889 0.7353093992187499 0.5745705388888889 0.7353093992187499 0.5477664083333333
7 0.77010321875 0.5580756875 0.77010321875 0.57869425 0.8106960101562499 0.57869425 0.8106960101562499 0.5580756875
7 0.8025774531250001 0.4859107277777778 0.8025774531250001 0.5415808402777778 0.875644475 0.5415808402777778 0.875644475 0.4859107277777778
7 0.88028365 0.4859107277777778 0.88028365 0.5436426972222222 0.9417527328125 0.5436426972222222 0.9417527328125 0.4859107277777778