7 0.49192897890625 0.26765605694444444 0.49192897890625 0.2840622972222222 0.50379420546875 0.2840622972222222 0.50379420546875 0.26765605694444444
7 0.40359896093750003 0.2629685625 0.40359896093750003 0.2840622972222222 0.41810090468750005 0.2840622972222222 0.41810090468750005 0.2629685625
2 0.34559118906249997 0.2817185486111111 0.34559118906249997 0.3239060236111111 0.37459507578125 0.3239060236111111 0.37459507578125 0.2817185486111111
2 0.31263222812499997 0.26765605694444444 0.31263222812499997 0.33328101250000003 0.35218298203125 0.33328101250000003 0.35218298203125 0.26765605694444444
2 0.41282747109375 0.2817185486111111 0.41282747109375 0.3028122847222222 0.42337433906250005 0.3028122847222222 0.42337433906250005 0.2817185486111111
2 0.42337433906250005 0.2770310527777778 0.42337433906250005 0.3098435305555556 0.43523956484375 0.3098435305555556 0.43523956484375 0.2770310527777778
2 0.4774270359375 0.2840622972222222 0.4774270359375 0.30515603333333335 0.4932473375 0.30515603333333335 0.4932473375 0.2840622972222222
2 0.4642434515625 0.2887497944444445 0.4642434515625 0.31453102638888886 0.48138211015625 0.31453102638888886 0.48138211015625 0.2887497944444445
9 0.43523956484375 0.26531231111111114 0.43523956484375 0.2817185472222222 0.44842315 0.2817185472222222 0.44842315 0.26531231111111114
9 0.45105986640625 0.26531231111111114 0.45105986640625 0.28640604583333334 0.4642434515625 0.28640604583333334 0.4642434515625 0.26531231111111114
2 0.37855015078125 0.2817185486111111 0.37855015078125 0.316874775 0.402280603125 0.316874775 0.402280603125 0.2817185486111111
2 0.42996613124999994 0.27937480138888887 0.42996613124999994 0.33328101250000003 0.46688016875000005 0.33328101250000003 0.46688016875000005 0.27937480138888887
2 0.2229838515625 0.2512498208333333 0.2229838515625 0.3707809888888889 0.3271341703125 0.3707809888888889 0.3271341703125 0.2512498208333333