6 0.14554682421875 0.38062486666666673 0.14554682421875 0.40874985416666665 0.1655858796875 0.40874985416666665 0.1655858796875 0.38062486666666673
6 0.35859362421875 0.1818749361111111 0.35859362421875 0.2456249138888889 0.37230455625 0.2456249138888889 0.37230455625 0.1818749361111111
6 0.6475778984375 0.05249998333333333 0.6475778984375 0.13874994999999998 0.6623435171875001 0.13874994999999998 0.6623435171875001 0.05249998333333333
6 0.723515371875 0.40874985694444443 0.723515371875 0.43874984722222227 0.7393356773437499 0.43874984722222227 0.7393356773437499 0.40874985694444443
6 0.3374998828125 0.18937493472222222 0.3374998828125 0.2474999152777778 0.3533201890625 0.2474999152777778 0.3533201890625 0.18937493472222222
6 0.61488259765625 0.05624998055555556 0.61488259765625 0.14249994861111112 0.635976340625 0.14249994861111112 0.635976340625 0.05624998055555556
6 0.70664037734375 0.41062485555555556 0.70664037734375 0.43874984305555553 0.71824193515625 0.43874984305555553 0.71824193515625 0.41062485555555556
6 0.17085931484375 0.37874986805555555 0.17085931484375 0.4124998555555555 0.17824212578125 0.4124998555555555 0.17824212578125 0.37874986805555555
7 0.1645311921875 0.34687487916666665 0.1645311921875 0.3712498666666667 0.18035149921875 0.3712498666666667 0.18035149921875 0.34687487916666665
7 0.16136713125 0.3206248875 0.16136713125 0.34312488055555557 0.19722649296875 0.34312488055555557 0.19722649296875 0.3206248875
7 0.7129685007812501 0.32999988333333335 0.7129685007812501 0.3562498736111111 0.72667943203125 0.3562498736111111 0.72667943203125 0.32999988333333335
7 0.7087497515625001 0.38249986666666663 0.7087497515625001 0.4012498583333333 0.72246068359375 0.4012498583333333 0.72246068359375 0.38249986666666663
4 0.028476553124999998 0.44812484166666666 0.028476553124999998 0.5381248097222222 0.04535154609375 0.5381248097222222 0.04535154609375 0.44812484166666666
4 0.8353122078125 0.46874983472222226 0.8353122078125 0.5456248111111112 0.8532418890625 0.5456248111111112 0.8532418890625 0.46874983472222226
4 0.8205465875 0.4649998375 0.8205465875 0.5399998125000001 0.8353122078125 0.5399998125000001 0.8353122078125 0.4649998375
4 0.83636689375 0.4593748388888889 0.83636689375 0.6768747625 0.8817184398437499 0.6768747625 0.8817184398437499 0.4593748388888889
4 0.9302340492187501 0.41812485416666667 0.9302340492187501 0.6674997680555556 0.9808590328125 0.6674997680555556 0.9808590328125 0.41812485416666667
4 0.7899606609375 0.4743748333333333 0.7899606609375 0.506249823611111 0.8015622195312501 0.506249823611111 0.8015622195312501 0.4743748333333333
4 0.7994528453124999 0.47249983472222223 0.7994528453124999 0.5493748097222222 0.81210908984375 0.5493748097222222 0.81210908984375 0.47249983472222223
4 0.705585690625 0.46874983472222226 0.705585690625 0.5493748069444445 0.7192966226562499 0.5493748069444445 0.7192966226562499 0.46874983472222226
4 0.534726375 0.39374986250000005 0.534726375 0.8737496944444445 0.6022263515625 0.8737496944444445 0.6022263515625 0.39374986250000005
4 0.8226559617187499 0.44249984444444446 0.8226559617187499 0.7499997361111111 0.92496061484375 0.7499997361111111 0.92496061484375 0.44249984444444446
4 0.7730856671875 0.4762498333333333 0.7730856671875 0.5474998097222222 0.7867966 0.5474998097222222 0.7867966 0.4762498333333333
4 0.76148410859375 0.4612498388888889 0.76148410859375 0.5437498097222222 0.774140353125 0.5437498097222222 0.774140353125 0.4612498388888889
4 0.00210937421875 0.41437485555555553 0.00210937421875 0.5774997972222222 0.03796873671875 0.5774997972222222 0.03796873671875 0.41437485555555553
4 0.9291793625 0.44812484166666666 0.9291793625 0.7068747527777778 0.99878871328125 0.7068747527777778 0.99878871328125 0.44812484166666666
2 0.37652330625 0.43687484722222225 0.37652330625 0.5306248138888889 0.42820297500000004 0.5306248138888889 0.42820297500000004 0.43687484722222225
2 0.37863267968750003 0.4499998416666667 0.37863267968750003 0.5812497972222223 0.6285935289062501 0.5812497972222223 0.6285935289062501 0.4499998416666667
4 0.6022263515625 0.4762498333333333 0.6022263515625 0.5024998222222222 0.6138279101562499 0.5024998222222222 0.6138279101562499 0.4762498333333333
2 0.89121062578125 0.4612498388888889 0.89121062578125 0.5456248097222223 0.9471090437499999 0.5456248097222223 0.9471090437499999 0.4612498388888889
2 0.98296840625 0.42937484861111114 0.98296840625 0.5249998166666666 0.9987887125 0.5249998166666666 0.9987887125 0.42937484861111114