2 0.678506553125 0.2559740486111111 0.678506553125 0.9660390458333332 0.9980358031250001 0.9660390458333332 0.9980358031250001 0.2559740486111111
2 0.6144034640625 0.3962338027777778 0.6144034640625 0.7293507152777778 0.7810714984375 0.7293507152777778 0.7810714984375 0.3962338027777778
2 0.602569046875 0.48214290000000004 0.602569046875 0.5662987486111111 0.6360998921875 0.5662987486111111 0.6360998921875 0.48214290000000004
2 0.43984581718750004 0.4611039388888889 0.43984581718750004 0.5522727763888888 0.50789371328125 0.5522727763888888 0.50789371328125 0.4611039388888889
2 0.3076948328125 0.4681169236111111 0.3076948328125 0.5119480958333333 0.3609497078125 0.5119480958333333 0.3609497078125 0.4681169236111111
2 0.51874192890625 0.4768831569444444 0.51874192890625 0.5119480972222222 0.5414245609375 0.5119480972222222 0.5414245609375 0.4768831569444444
2 0.5019765054687501 0.4698701708333334 0.5019765054687501 0.49967537083333335 0.5217005328125001 0.49967537083333335 0.5217005328125001 0.4698701708333334
2 0.57199680390625 0.4593506902777778 0.57199680390625 0.5014286166666666 0.59566563671875 0.5014286166666666 0.59566563671875 0.4593506902777778
2 0.5522727765625 0.4698701708333334 0.5522727765625 0.5049351097222222 0.57396920703125 0.5049351097222222 0.57396920703125 0.4698701708333334
7 0.6627273312499999 0.2174026166666667 0.6627273312499999 0.2647402833333333 0.69329957421875 0.2647402833333333 0.69329957421875 0.2174026166666667
7 0.66469973359375 0.17357144444444444 0.66469973359375 0.2121428777777778 0.69329957421875 0.2121428777777778 0.69329957421875 0.17357144444444444
6 0.25345375703125 0.2559740486111111 0.25345375703125 0.29805197361111113 0.27120538125000004 0.29805197361111113 0.27120538125000004 0.2559740486111111
6 0.04635146484375 0.40324678888888893 0.04635146484375 0.4348052319444445 0.07692370859375 0.4348052319444445 0.07692370859375 0.40324678888888893
6 0.5512865734375 0.33311691250000003 0.5512865734375 0.3541558736111111 0.56410719296875 0.3541558736111111 0.56410719296875 0.33311691250000003
2 0.5010512328125001 0.4141850222222222 0.5010512328125001 0.4471118652777778 0.52737104453125 0.4471118652777778 0.52737104453125 0.4141850222222222
2 0.543942778125 0.4141850222222222 0.543942778125 0.4471118652777778 0.56538855078125 0.4471118652777778 0.56538855078125 0.4141850222222222