6 0.5014502984375 0.12748788055555554 0.5014502984375 0.17046538611111112 0.5097727515625 0.17046538611111112 0.5097727515625 0.12748788055555554
6 0.30947357109375 0.11484743750000001 0.30947357109375 0.15276876666666667 0.3190513140625 0.15276876666666667 0.3190513140625 0.11484743750000001
7 0.53415744453125 0.1451845013888889 0.53415744453125 0.17046538611111112 0.568286640625 0.17046538611111112 0.568286640625 0.1451845013888889
7 0.59957173671875 0.12279286944444444 0.59957173671875 0.17082655277777778 0.6137922351562499 0.17082655277777778 0.6137922351562499 0.12279286944444444
7 0.24548132968749997 0.12495979305555556 0.24548132968749997 0.1451845013888889 0.283876675 0.1451845013888889 0.283876675 0.12495979305555556
6 0.11662917578125001 0.17046538888888887 0.11662917578125001 0.1982743638888889 0.12887324453125 0.1982743638888889 0.12887324453125 0.17046538888888887
6 0.69627112421875 0.21597098194444445 0.69627112421875 0.23872377916666668 0.720445971875 0.23872377916666668 0.720445971875 0.21597098194444445
6 0.12887324375 0.0567014 0.12887324375 0.11737552361111112 0.1416716921875 0.11737552361111112 0.1416716921875 0.0567014
2 0.5014502984375 0.24883613333333332 0.5014502984375 0.3196226138888889 0.5625984414062499 0.3196226138888889 0.5625984414062499 0.24883613333333332
2 0.43461395625000004 0.22608333472222222 0.43461395625000004 0.3272068791666667 0.49860619921874993 0.3272068791666667 0.49860619921874993 0.22608333472222222
2 0.31373972109375 0.18816200555555554 0.31373972109375 0.38029674027777777 0.41754935859375 0.38029674027777777 0.41754935859375 0.18816200555555554
2 0.6607198789062501 0.24630804444444443 0.6607198789062501 0.36765629583333337 0.77021771640625 0.36765629583333337 0.77021771640625 0.24630804444444443
2 0.24974747890625001 0.22861142499999998 0.24974747890625001 0.2943417277777778 0.31800587187499996 0.2943417277777778 0.31800587187499996 0.22861142499999998
2 0.07910149921875001 0.21597098194444445 0.07910149921875001 0.3246787916666667 0.18717728671875 0.3246787916666667 0.18717728671875 0.21597098194444445
2 0 0.22608333472222222 0 0.34490349722222224 0.11749684453125 0.34490349722222224 0.11749684453125 0.22608333472222222
7 0.46882029609375 0.21425284861111113 0.46882029609375 0.2246534722222222 0.48169106796875 0.2246534722222222 0.48169106796875 0.21425284861111113
2 0.4220174890625 0.24129446944444446 0.4220174890625 0.2870572138888889 0.43605833125000004 0.2870572138888889 0.43605833125000004 0.24129446944444446