2 0.31562960234375004 0.3757799486111111 0.31562960234375004 0.3953688236111111 0.33399417265625 0.3953688236111111 0.33399417265625 0.3757799486111111
2 0.29267388671875 0.3627206986111111 0.29267388671875 0.4002660458333333 0.3147113734375 0.4002660458333333 0.3147113734375 0.3627206986111111
2 0.27522754374999997 0.3725151375 0.27522754374999997 0.4100604819444444 0.29910148593749997 0.4100604819444444 0.29910148593749997 0.3725151375
2 0.2623723421875 0.3823095736111111 0.2623723421875 0.41822251527777776 0.2834916 0.41822251527777776 0.2834916 0.3823095736111111
2 0.252271828125 0.3872067930555555 0.252271828125 0.42148732777777775 0.265127028125 0.42148732777777775 0.265127028125 0.3872067930555555
2 0.21921560078125002 0.37904476111111113 0.21921560078125002 0.4361789847222223 0.25594474296874997 0.4361789847222223 0.25594474296874997 0.37904476111111113
2 0.20085102890625 0.39536882638888887 0.20085102890625 0.4476058291666667 0.22472497109375 0.4476058291666667 0.22472497109375 0.39536882638888887
2 0.11912868437499999 0.3774123541666667 0.11912868437499999 0.47209192222222224 0.1999328 0.47209192222222224 0.1999328 0.3774123541666667
2 0.41112537421875006 0.3627206986111111 0.41112537421875006 0.39536882638888887 0.43224463203125 0.39536882638888887 0.43224463203125 0.3627206986111111
2 0.418471203125 0.3676179180555556 0.418471203125 0.3970012319444445 0.43775400390624997 0.3970012319444445 0.43775400390624997 0.3676179180555556
2 0.43132640312500004 0.3692503236111111 0.43132640312500004 0.4100604819444444 0.46070971796875 0.4100604819444444 0.46070971796875 0.3692503236111111
2 0.44050868984375 0.3774123541666667 0.44050868984375 0.4198549194444445 0.46346440468749994 0.4198549194444445 0.46346440468749994 0.3774123541666667
2 0.4524456609375 0.3823095736111111 0.4524456609375 0.4312817652777778 0.46897377578125 0.4312817652777778 0.46897377578125 0.3823095736111111
2 0.45795503203125004 0.38067716805555557 0.45795503203125004 0.44434101666666664 0.49284771796875004 0.44434101666666664 0.49284771796875004 0.38067716805555557
2 0.46989200390625 0.37904476111111113 0.46989200390625 0.4737243291666667 0.53416800546875 0.4737243291666667 0.53416800546875 0.37904476111111113
2 0.48917480390624996 0.4084280763888889 0.48917480390624996 0.49494561388888886 0.56538777578125 0.49494561388888886 0.56538777578125 0.4084280763888889
2 0.0153688546875 0.41822251527777776 0.0153688546875 0.5210641180555555 0.12096514140625 0.5210641180555555 0.12096514140625 0.41822251527777776
2 0.9361929195312501 0.3834763680555555 0.9361929195312501 0.497725075 0.9978347601562501 0.497725075 0.9978347601562501 0.3834763680555555