7 0.55125511015625 0.2629685625 0.55125511015625 0.37312473611111113 0.72527842734375 0.37312473611111113 0.72527842734375 0.2629685625
7 0.4141458296875 0.25593731666666664 0.4141458296875 0.36609349166666666 0.55257346796875 0.36609349166666666 0.55257346796875 0.25593731666666664
7 0.5354348078125 0.44343718749999994 0.5354348078125 0.47156217083333335 0.55521018515625 0.47156217083333335 0.55521018515625 0.44343718749999994
7 0.55652854375 0.4457809361111111 0.55652854375 0.4739059166666667 0.5776222796875 0.4739059166666667 0.5776222796875 0.4457809361111111
7 0.57103048828125 0.48562465972222224 0.57103048828125 0.5020308958333334 0.58157735546875 0.5020308958333334 0.58157735546875 0.48562465972222224
7 0.44974150859375 0.49499965277777774 0.44974150859375 0.5137496416666667 0.4602883765625 0.5137496416666667 0.4602883765625 0.49499965277777774
9 0.49852077109375 0.48796840694444443 0.49852077109375 0.5489058652777777 0.53016137421875 0.5489058652777777 0.53016137421875 0.48796840694444443
2 0.5367531671875 0.5067183944444444 0.5367531671875 0.5278121305555555 0.5473000359375 0.5278121305555555 0.5473000359375 0.5067183944444444
2 0.4642434515625 0.5184371361111111 0.4642434515625 0.5512496138888889 0.48533718671875 0.5512496138888889 0.48533718671875 0.5184371361111111
2 0.4932473375 0.5231246319444445 0.4932473375 0.567655851388889 0.5262062992187501 0.567655851388889 0.5262062992187501 0.5231246319444445
2 0.6118996 0.5207808847222223 0.6118996 0.5746870958333333 0.65145035390625 0.5746870958333333 0.65145035390625 0.5207808847222223