7 0.29851984531250003 0.26856952083333335 0.29851984531250003 0.2953907138888889 0.3548443453125 0.2953907138888889 0.3548443453125 0.26856952083333335
7 0.53789897421875 0.2953907111111111 0.53789897421875 0.3561854097222222 0.59221188671875 0.3561854097222222 0.59221188671875 0.2953907111111111
6 0.59221188515625 0.32399998194444446 0.59221188515625 0.3597615722222222 0.59925244921875 0.3597615722222222 0.59925244921875 0.32399998194444446
6 0.5841655296875 0.32578806250000003 0.5841655296875 0.35260925277777777 0.5912060929687499 0.35260925277777777 0.5912060929687499 0.32578806250000003
7 0.2582880578125 0.35260925277777777 0.2582880578125 0.36870196805555555 0.27438077109375 0.36870196805555555 0.27438077109375 0.35260925277777777
7 0.22308524453124998 0.32936422083333333 0.22308524453124998 0.34188077638888886 0.2432011375 0.34188077638888886 0.2432011375 0.32936422083333333
6 0.5117483132812499 0.3561854125 0.5117483132812499 0.3740662069444445 0.5298526171875 0.3740662069444445 0.5298526171875 0.3561854125
6 0.44938904375 0.34903309444444447 0.44938904375 0.3651258083333333 0.46548175859374996 0.3651258083333333 0.46548175859374996 0.34903309444444447
7 0.3266820953125 0.17916555 0.3266820953125 0.2667814416666667 0.40111090000000005 0.2667814416666667 0.40111090000000005 0.17916555
2 0.33975742578125 0.4241324291666667 0.33975742578125 0.4759867319444444 0.37596603359374997 0.4759867319444444 0.37596603359374997 0.4241324291666667
2 0.22207944999999998 0.4187681916666667 0.22207944999999998 0.49565560694444444 0.29047348671875 0.49565560694444444 0.29047348671875 0.4187681916666667
2 0.3950761328125 0.3990993180555556 0.3950761328125 0.6172450027777778 0.5278410289062501 0.6172450027777778 0.5278410289062501 0.3990993180555556
2 0.8104693289062499 0.4169801111111111 0.8104693289062499 0.47419865277777773 0.8738343914062501 0.47419865277777773 0.8738343914062501 0.4169801111111111
2 0.9382052507812499 0.42949666805555553 0.9382052507812499 0.46525825555555556 0.99452975234375 0.46525825555555556 0.99452975234375 0.42949666805555553
2 0.7863302562500001 0.43486090555555557 0.7863302562500001 0.48135096944444444 0.83360260546875 0.48135096944444444 0.83360260546875 0.43486090555555557
2 0.775266515625 0.44022514444444444 0.775266515625 0.5045960027777778 0.8265620421875 0.5045960027777778 0.8265620421875 0.44022514444444444
2 0.77627231015625 0.4491655402777778 0.77627231015625 0.554662226388889 0.80644615 0.554662226388889 0.80644615 0.4491655402777778
2 0.77627231015625 0.47956289027777776 0.77627231015625 0.6744635472222222 0.9985529296875001 0.6744635472222222 0.9985529296875001 0.47956289027777776
2 0.51375990234375 0.44022514444444444 0.51375990234375 0.4831390513888889 0.527841028125 0.4831390513888889 0.527841028125 0.44022514444444444
2 0.520800465625 0.4330728263888889 0.520800465625 0.49386752638888887 0.54795692109375 0.49386752638888887 0.54795692109375 0.4330728263888889
2 0.5258294382812501 0.42949666805555553 0.5258294382812501 0.5224767958333333 0.5851713242187501 0.5224767958333333 0.5851713242187501 0.42949666805555553
2 0.5630438390625 0.4598940166666667 0.5630438390625 0.5385695125 0.5851713226562499 0.5385695125 0.5851713226562499 0.4598940166666667
9 0.57511337734375 0.24261884166666667 0.57511337734375 0.6369138763888889 0.8195214804687501 0.6369138763888889 0.8195214804687501 0.24261884166666667
2 0.735034728125 0.3186357444444444 0.735034728125 0.33830461805555556 0.773254925 0.33830461805555556 0.773254925 0.3186357444444444
2 0 0.4241324291666667 0 0.5671787833333333 0.08931455390625001 0.5671787833333333 0.08931455390625001 0.4241324291666667
4 0.29550246015625004 0.42055627083333336 0.29550246015625004 0.48135096944444444 0.30556040625 0.48135096944444444 0.30556040625 0.42055627083333336
4 0.30556040703125 0.4241324291666667 0.30556040703125 0.46347017777777777 0.314612559375 0.46347017777777777 0.314612559375 0.4241324291666667
6 0.321653121875 0.38837084166666663 0.321653121875 0.4080397125 0.32668209453124997 0.4080397125 0.32668209453124997 0.38837084166666663
2 0.39306454375 0.4312847458333333 0.39306454375 0.4527416986111111 0.4121746421875 0.4527416986111111 0.4121746421875 0.4312847458333333
4 0.07603501171875 0.3985880972222222 0.07603501171875 0.4887036666666667 0.10138001562500001 0.4887036666666667 0.10138001562500001 0.3985880972222222
2 0.13452348281249998 0.42458297222222224 0.13452348281249998 0.476572725 0.20178522421874998 0.476572725 0.20178522421874998 0.42458297222222224
9 0.4016208328125 0.23222089166666665 0.4016208328125 0.3084725277777778 0.60925490390625 0.3084725277777778 0.60925490390625 0.23222089166666665
2 0.8763522531250001 0.42631596527777776 0.8763522531250001 0.47137375 0.9055964890625001 0.47137375 0.9055964890625001 0.42631596527777776