2 0.4616348140625 0.47185289444444445 0.4616348140625 0.5058457277777778 0.4711952984375 0.5058457277777778 0.4711952984375 0.47185289444444445
2 0.4479769796875 0.4645687166666667 0.4479769796875 0.5107018458333333 0.46436638203124997 0.5107018458333333 0.46436638203124997 0.4645687166666667
2 0.435684928125 0.45485647777777777 0.435684928125 0.5107018458333333 0.44934276328125 0.5107018458333333 0.44934276328125 0.45485647777777777
2 0.51490036953125 0.47185289444444445 0.51490036953125 0.5058457277777778 0.523095071875 0.5058457277777778 0.523095071875 0.47185289444444445
2 0.473926865625 0.46942483611111113 0.473926865625 0.5082737875000001 0.4903162671875 0.5082737875000001 0.4903162671875 0.46942483611111113
2 0.48403366328124997 0.45161906944444447 0.48403366328124997 0.5074644361111111 0.51681246640625 0.5074644361111111 0.51681246640625 0.45161906944444447
2 0.38842882031250003 0.4419068305555555 0.38842882031250003 0.5196047347222222 0.4498890765625 0.5196047347222222 0.4498890765625 0.4419068305555555
2 0.5304703015625 0.44433489027777784 0.5304703015625 0.5341730930555555 0.6410987632812499 0.5341730930555555 0.6410987632812499 0.44433489027777784
6 0.5140809 0.4370507125 0.5140809 0.4564751861111111 0.5250071671875001 0.4564751861111111 0.5250071671875001 0.4370507125
6 0.53183608515625 0.4370507125 0.53183608515625 0.45890324722222225 0.5372992187500001 0.45890324722222225 0.5372992187500001 0.4370507125
7 0.7940665124999999 0.2428059513888889 0.7940665124999999 0.34235639027777776 0.837771584375 0.34235639027777776 0.837771584375 0.2428059513888889
7 0.7981638625 0.34235639027777776 0.7981638625 0.37149310555555554 0.8268453156250001 0.37149310555555554 0.8268453156250001 0.34235639027777776
7 0.8036269960937499 0.3690650458333333 0.8036269960937499 0.4224823555555556 0.8200163984375 0.4224823555555556 0.8200163984375 0.3690650458333333
7 0.8200163984375 0.3642089263888889 0.8200163984375 0.38606146249999995 0.8623556859375 0.38606146249999995 0.8623556859375 0.3642089263888889
7 0.10298007421875 0.30836355833333334 0.10298007421875 0.34964057083333333 0.12210104296874999 0.34964057083333333 0.12210104296874999 0.30836355833333334
7 0.15761141328125 0.274370725 0.15761141328125 0.3035074402777778 0.17536659765625 0.3035074402777778 0.17536659765625 0.274370725
2 0.85689255234375 0.43802193611111107 0.85689255234375 0.8095150402777778 0.99893403359375 0.8095150402777778 0.99893403359375 0.43802193611111107