6 0.60454843515625 0.3993839513888889 0.60454843515625 0.4222653236111111 0.61156885546875 0.4222653236111111 0.61156885546875 0.3993839513888889
7 0.4629699453125 0.3161789611111111 0.4629699453125 0.32865970972222225 0.47935092734375007 0.32865970972222225 0.47935092734375007 0.3161789611111111
7 0.71921531171875 0.24337459444444443 0.71921531171875 0.2745764652777778 0.7437867835937501 0.2745764652777778 0.7437867835937501 0.24337459444444443
7 0.75314734609375 0.34946095694444446 0.75314734609375 0.37234232916666665 0.76718818828125 0.37234232916666665 0.76718818828125 0.34946095694444446
7 0.61156885625 0.4118646986111111 0.61156885625 0.4243454472222222 0.63146004921875 0.4243454472222222 0.63146004921875 0.4118646986111111
2 0.5331741546875 0.4347460722222222 0.5331741546875 0.4784286888888889 0.54721499765625 0.4784286888888889 0.54721499765625 0.4347460722222222
9 0.64667096171875 0.4368261972222222 0.64667096171875 0.48258893888888893 0.675922715625 0.48258893888888893 0.675922715625 0.4368261972222222
2 0.6712424343750001 0.4222653222222222 0.6712424343750001 0.5117106861111111 0.72740580234375 0.5117106861111111 0.72740580234375 0.4222653222222222
2 0.47701078671874997 0.4451466944444445 0.47701078671874997 0.4825889402777778 0.485201278125 0.4825889402777778 0.485201278125 0.4451466944444445
2 0.43956854140625 0.42850569722222226 0.43956854140625 0.46594793888888886 0.47701078671874997 0.46594793888888886 0.47701078671874997 0.42850569722222226
9 0.024193632031250002 0.29953796250000003 0.024193632031250002 0.5907554263888889 0.324901665625 0.5907554263888889 0.324901665625 0.29953796250000003
9 0 0.26209571666666664 0 0.6261175472222222 0.01249293046875 0.6261175472222222 0.01249293046875 0.26209571666666664
2 0.4840312078125 0.41810507361111116 0.4840312078125 0.4909094388888889 0.5355142953125 0.4909094388888889 0.5355142953125 0.41810507361111116
2 0.3939358046875 0.44098644444444446 0.3939358046875 0.5345920597222222 0.47935092656249995 0.5345920597222222 0.47935092656249995 0.44098644444444446
2 0.2312960515625 0.42018519722222225 0.2312960515625 0.5782746777777779 0.37053440000000004 0.5782746777777779 0.37053440000000004 0.42018519722222225
2 0.7063445390624999 0.43266594444444445 0.7063445390624999 0.5720343055555556 0.83739239921875 0.5720343055555556 0.83739239921875 0.43266594444444445
4 0.86196387109375 0.4160249486111111 0.86196387109375 0.5054703138888889 0.88653534453125 0.5054703138888889 0.88653534453125 0.4160249486111111
2 0.99067158984375 0.5033901861111112 0.99067158984375 0.5657939305555555 0.99886208046875 0.5657939305555555 0.99886208046875 0.5033901861111112
2 0.36702419140625003 0.4576274430555556 0.36702419140625003 0.5096305611111112 0.37872489296875 0.5096305611111112 0.37872489296875 0.4576274430555556
2 0.5682762593749999 0.46178769305555556 0.5682762593749999 0.47218831388888893 0.58582731328125 0.47218831388888893 0.58582731328125 0.46178769305555556