7 0.23917329453125 0.1663583125 0.23917329453125 0.2471457361111111 0.264286490625 0.2471457361111111 0.264286490625 0.1663583125
7 0.52259364921875 0.1387205111111111 0.52259364921875 0.1854921763888889 0.54651097734375 0.1854921763888889 0.54651097734375 0.1387205111111111
7 0.48432592109375 0.10045278472222222 0.48432592109375 0.18124020972222224 0.53455231328125 0.18124020972222224 0.53455231328125 0.10045278472222222
7 0.48671765625 0.18974414861111114 0.48671765625 0.21738195000000002 0.53096471484375 0.21738195000000002 0.53096471484375 0.18974414861111114
7 0.7405403125000001 0.276909525 0.7405403125000001 0.3087992972222222 0.75489071171875 0.3087992972222222 0.75489071171875 0.276909525
4 0.31451288359374996 0.34706702500000003 0.31451288359374996 0.3789567958333333 0.326471546875 0.3789567958333333 0.326471546875 0.34706702500000003
4 0.24515262734375 0.3406890722222222 0.24515262734375 0.37895680000000004 0.25352369218750004 0.37895680000000004 0.25352369218750004 0.3406890722222222
4 0.23319396171875 0.33856308611111113 0.23319396171875 0.3853347541666666 0.243956759375 0.3853347541666666 0.243956759375 0.33856308611111113
4 0.172204771875 0.34706702500000003 0.172204771875 0.37045285555555557 0.1841634375 0.37045285555555557 0.1841634375 0.34706702500000003
4 0.7067570859375001 0.3662008888888889 0.7067570859375001 0.4108465708333333 0.7163240171874999 0.4108465708333333 0.7163240171874999 0.3662008888888889
4 0.67805628984375 0.37683081111111105 0.67805628984375 0.3959646763888889 0.687623221875 0.3959646763888889 0.687623221875 0.37683081111111105
4 0.6433761625 0.3534449791666667 0.6433761625 0.42998043472222225 0.65294309453125 0.42998043472222225 0.65294309453125 0.3534449791666667
4 0.64815962890625 0.3576969513888889 0.64815962890625 0.44911429722222224 0.66131415859375 0.44911429722222224 0.66131415859375 0.3576969513888889
4 0.60152083671875 0.3343111166666667 0.60152083671875 0.4576182388888889 0.6206546984375 0.4576182388888889 0.6206546984375 0.3343111166666667
4 0.65533482734375 0.3449410402777778 0.65533482734375 0.46612217638888886 0.674468690625 0.46612217638888886 0.674468690625 0.3449410402777778
4 0.6098919 0.3300591486111111 0.6098919 0.4703741458333333 0.64457202734375 0.4703741458333333 0.64457202734375 0.3300591486111111
2 0.76057107578125 0.37045285694444446 0.76057107578125 0.41297255416666667 0.7773132078125 0.41297255416666667 0.7773132078125 0.37045285694444446
2 0.8526527953124999 0.3598229361111111 0.8526527953124999 0.37257884583333334 0.8765701234375 0.37257884583333334 0.8765701234375 0.3598229361111111
2 0.8550445281249999 0.3747048291666667 0.8550445281249999 0.4108465708333333 0.88254945859375 0.4108465708333333 0.88254945859375 0.3747048291666667
2 0.8347147984375001 0.3640749027777778 0.8347147984375001 0.42360248055555555 0.8562403953125 0.42360248055555555 0.8562403953125 0.3640749027777778
2 0.87417839296875 0.36832687361111116 0.87417839296875 0.43210642083333334 0.89450812265625 0.43210642083333334 0.89450812265625 0.36832687361111116
2 0.88852878984375 0.3258071763888889 0.88852878984375 0.4512402819444445 0.939951046875 0.4512402819444445 0.939951046875 0.3258071763888889
2 0.75967417734375 0.3598229361111111 0.75967417734375 0.4788780861111111 0.8517558953125001 0.4788780861111111 0.8517558953125001 0.3598229361111111
2 0.22392599609375 0.3279331611111111 0.22392599609375 0.5213977819444444 0.5707272742187499 0.5213977819444444 0.5707272742187499 0.3279331611111111
2 0.9007864218750001 0.3406890722222222 0.9007864218750001 0.5022639194444445 0.998847471875 0.5022639194444445 0.998847471875 0.3406890722222222
6 0.47322144843749997 0.2192801513888889 0.47322144843749997 0.2532959083333333 0.49474704453124996 0.2532959083333333 0.49474704453124996 0.2192801513888889
6 0.50397229765625 0.21563560138888888 0.50397229765625 0.2645332527777778 0.51951856171875 0.2645332527777778 0.51951856171875 0.21563560138888888