1 0 0.38299117083333334 0 0.7330554986111111 0.2203065734375 0.7330554986111111 0.2203065734375 0.38299117083333334
2 0.631675484375 0.49043665833333333 0.631675484375 0.5926831708333333 0.7086853039062501 0.5926831708333333 0.7086853039062501 0.49043665833333333
2 0.5390687390625 0.49910161666666664 0.5390687390625 0.5164315347222223 0.55369085625 0.5164315347222223 0.55369085625 0.49910161666666664
2 0.25345003984375 0.46964075833333335 0.25345003984375 0.5094995680555556 0.3197369734375 0.5094995680555556 0.3197369734375 0.46964075833333335
2 0.3597040953125 0.46790776666666667 0.3597040953125 0.5302954680555556 0.40746967968750003 0.5302954680555556 0.40746967968750003 0.46790776666666667
2 0.4172177578125 0.48697067499999996 0.4172177578125 0.5216305124999999 0.448411609375 0.5216305124999999 0.448411609375 0.48697067499999996
2 0.44451237734375004 0.49043665833333333 0.44451237734375004 0.5164315333333334 0.45621007109375 0.5164315333333334 0.45621007109375 0.49043665833333333
2 0.4493864171875 0.48523768194444444 0.4493864171875 0.5164315333333334 0.47278180625 0.5164315333333334 0.47278180625 0.48523768194444444
2 0.70478607265625 0.5129655513888889 0.70478607265625 0.5857512027777777 0.76327454453125 0.5857512027777777 0.76327454453125 0.5129655513888889
2 0.6235520906249999 0.5066112527777779 0.6235520906249999 0.5516690375 0.6449978640625 0.5516690375 0.6449978640625 0.5066112527777779
2 0.6099047804687501 0.49967928472222223 0.6099047804687501 0.5430040791666667 0.64109863125 0.5430040791666667 0.64109863125 0.49967928472222223
2 0.60503074140625 0.5048782611111111 0.60503074140625 0.5378051027777778 0.61965286015625 0.5378051027777778 0.61965286015625 0.5048782611111111
2 0.59723227890625 0.5014122777777777 0.59723227890625 0.5343391194444445 0.6167284351562501 0.5343391194444445 0.6167284351562501 0.5014122777777777
2 0.5923582390625 0.49967928472222223 0.5923582390625 0.5308731347222222 0.607955165625 0.5308731347222222 0.607955165625 0.49967928472222223
2 0.5884590078125 0.49967928472222223 0.5884590078125 0.5256741611111111 0.6021063171875001 0.5256741611111111 0.6021063171875001 0.49967928472222223
2 0.5796857375 0.49621330138888886 0.5796857375 0.5239411680555556 0.59040862421875 0.5239411680555556 0.59040862421875 0.49621330138888886
2 0.57383688984375 0.49967928472222223 0.57383688984375 0.5222081777777778 0.5835849695312499 0.5222081777777778 0.5835849695312499 0.49967928472222223
2 0.5689628507812501 0.5014122777777777 0.5689628507812501 0.5222081791666666 0.5787109312500001 0.5222081791666666 0.5787109312500001 0.5014122777777777
2 0.56311400390625 0.5014122777777777 0.56311400390625 0.5204751875 0.5728620828125 0.5204751875 0.5728620828125 0.5014122777777777
2 0.5553155414062501 0.5014122777777777 0.5553155414062501 0.5204751875 0.56506361953125 0.5204751875 0.56506361953125 0.5014122777777777
2 0.51729803515625 0.49967928472222223 0.51729803515625 0.5135432180555556 0.52607130625 0.5135432180555556 0.52607130625 0.49967928472222223
2 0.52704611328125 0.49621330138888886 0.52704611328125 0.5152762111111111 0.53776900078125 0.5152762111111111 0.53776900078125 0.49621330138888886
7 0.35093082421875 0.2963415847222222 0.35093082421875 0.32060346944444446 0.39772160078124996 0.32060346944444446 0.39772160078124996 0.2963415847222222
7 0.44646199375 0.2946085930555556 0.44646199375 0.31367150416666667 0.47570622890625 0.31367150416666667 0.47570622890625 0.2946085930555556
7 0.30998889531249996 0.31540449444444446 0.30998889531249996 0.3604622791666667 0.395771984375 0.3604622791666667 0.395771984375 0.31540449444444446
7 0.39772160078124996 0.3084725277777778 0.39772160078124996 0.3847241625 0.4737566125 0.3847241625 0.4737566125 0.3084725277777778
7 0.49325277031250003 0.45924280694444447 0.49325277031250003 0.47830571944444444 0.5030008484375 0.47830571944444444 0.5030008484375 0.45924280694444447
7 0.7964180101562499 0.4089860472222222 0.7964180101562499 0.4540438319444445 0.8090905109375001 0.4540438319444445 0.8090905109375001 0.4089860472222222
7 0.024370196093749998 0.26861371805555556 0.024370196093749998 0.2876766277777778 0.0370426984375 0.2876766277777778 0.0370426984375 0.26861371805555556
7 0.0409419296875 0.2876766263888889 0.0409419296875 0.3015405583333334 0.06726174140624999 0.3015405583333334 0.06726174140624999 0.2876766263888889