7 0.12410696562500001 0.36843724027777774 0.12410696562500001 0.3824997319444445 0.1491557765625 0.3824997319444445 0.1491557765625 0.36843724027777774
7 0.20848190937500002 0.38015598194444444 0.20848190937500002 0.4340621944444445 0.279673265625 0.4340621944444445 0.279673265625 0.38015598194444444
7 0.12410696562500001 0.38015598194444444 0.12410696562500001 0.42703095 0.187388171875 0.42703095 0.187388171875 0.38015598194444444
7 0.48797390390624995 0.4645309236111111 0.48797390390624995 0.48328091111111116 0.49720241328125 0.48328091111111116 0.49720241328125 0.4645309236111111
2 0.2610349765625 0.5015621555555556 0.2610349765625 0.5132808972222223 0.27290020312499996 0.5132808972222223 0.27290020312499996 0.5015621555555556
2 0.24125960000000002 0.4992184069444444 0.24125960000000002 0.5132808972222223 0.25576154296875 0.5132808972222223 0.25576154296875 0.4992184069444444
2 0.19643541171875 0.5039059041666667 0.19643541171875 0.5156246444444444 0.21357407187500002 0.5156246444444444 0.21357407187500002 0.5039059041666667
2 0.15292958203125 0.4945309097222222 0.15292958203125 0.5179683958333333 0.18457018515625 0.5179683958333333 0.18457018515625 0.4945309097222222
2 0.11865226250000001 0.5015621555555556 0.11865226250000001 0.5179683958333333 0.14897450703124998 0.5179683958333333 0.14897450703124998 0.5015621555555556
2 0.06723628203125001 0.4992184069444444 0.06723628203125001 0.5179683930555556 0.09228509296875001 0.5179683930555556 0.09228509296875001 0.4992184069444444
2 0.27158184453125 0.48515591666666663 0.27158184453125 0.5390621291666666 0.29531229609375 0.5390621291666666 0.29531229609375 0.48515591666666663
2 0.53525353828125 0.47578092222222224 0.53525353828125 0.546093375 0.589306234375 0.546093375 0.589306234375 0.47578092222222224
2 0.7409174593750001 0.48984341388888886 0.7409174593750001 0.6070308333333334 0.930761078125 0.6070308333333334 0.930761078125 0.48984341388888886
2 0.46010710546875 0.48281216805555555 0.46010710546875 0.5273433875 0.48779263281249996 0.5273433875 0.48779263281249996 0.48281216805555555
2 0.3612302203125 0.4804684208333333 0.3612302203125 0.548437125 0.4060544078125 0.548437125 0.4060544078125 0.4804684208333333
2 0.276855278125 0.47578092222222224 0.276855278125 0.5742183555555556 0.3612302203125 0.5742183555555556 0.3612302203125 0.47578092222222224
1 0.40473605 0.4570309375 0.40473605 0.5249996388888889 0.4456051625 0.5249996388888889 0.4456051625 0.4570309375
2 0 0.4762496652777778 0 0.5840620916666667 0.09510307968750001 0.5840620916666667 0.09510307968750001 0.4762496652777778