7 0.63957074765625 0.09516615833333333 0.63957074765625 0.18489424861111112 0.6541005796875 0.18489424861111112 0.6541005796875 0.09516615833333333
7 0.0036229007812499997 0.14003020277777778 0.0036229007812499997 0.20800602916666666 0.034976750781249996 0.20800602916666666 0.034976750781249996 0.14003020277777778
7 0.02108464453125 0.004661197222222222 0.02108464453125 0.1202201013888889 0.059321046875000005 0.1202201013888889 0.059321046875000005 0.004661197222222222
7 0.08761598515624999 0.21810529444444443 0.08761598515624999 0.26432885694444447 0.13349966875 0.26432885694444447 0.13349966875 0.21810529444444443
7 0.5536631078124999 0.00019421111111111113 0.5536631078124999 0.027384543055555557 0.58425223046875 0.027384543055555557 0.58425223046875 0.00019421111111111113
6 0.53825930390625 0.002913244444444444 0.53825930390625 0.03962019027777778 0.55125968125 0.03962019027777778 0.55125968125 0.002913244444444444
6 0.6590863351562499 0.17304703194444443 0.6590863351562499 0.2301467263888889 0.669792528125 0.2301467263888889 0.669792528125 0.17304703194444443
6 0.00349589921875 0.22198962777777775 0.00349589921875 0.2750107722222222 0.015731549218749998 0.2750107722222222 0.015731549218749998 0.22198962777777775
6 0.39383495859375 0.29831676805555557 0.39383495859375 0.30647386666666665 0.3999527828125 0.30647386666666665 0.3999527828125 0.29831676805555557
6 0.4343655453125 0.3295856486111111 0.4343655453125 0.3431808152777778 0.44124809921874997 0.3431808152777778 0.44124809921874997 0.3295856486111111
7 0.40148223828124996 0.3010358027777778 0.40148223828124996 0.3119119388888889 0.40607060703125003 0.3119119388888889 0.40607060703125003 0.3010358027777778
4 0.9551453343749999 0.30686230555555555 0.9551453343749999 0.5515752805555556 0.9994995617187501 0.5515752805555556 0.9994995617187501 0.30686230555555555
4 0.07767451953125 0.35017261944444444 0.07767451953125 0.4276650597222222 0.0975574484375 0.4276650597222222 0.0975574484375 0.35017261944444444
4 0.16791243046874998 0.3569702013888889 0.16791243046874998 0.38959859722222223 0.18320699296875 0.38959859722222223 0.18320699296875 0.3569702013888889
4 0.9444391421875 0.29598617083333334 0.9444391421875 0.49991365138888894 0.9803813601562499 0.49991365138888894 0.9803813601562499 0.29598617083333334
4 0.1059694578125 0.3571644152777778 0.1059694578125 0.41698314305555556 0.12355820234374999 0.41698314305555556 0.12355820234374999 0.3571644152777778
4 0.13579385156249998 0.3585239333333333 0.13579385156249998 0.4183426597222222 0.15261786875 0.4183426597222222 0.15261786875 0.3585239333333333
4 0.18550117578125 0.3585239333333333 0.18550117578125 0.40474749583333336 0.19544263984375002 0.40474749583333336 0.19544263984375002 0.3585239333333333
4 0.49521604609375 0.31773843749999997 0.49521604609375 0.4645662222222222 0.5204520718750001 0.4645662222222222 0.5204520718750001 0.31773843749999997
4 0.9138500210937501 0.30841604305555553 0.9138500210937501 0.5313767555555556 0.9620278875 0.5313767555555556 0.9620278875 0.30841604305555553
6 0.3093871203125 0.3313336013888889 0.3093871203125 0.34628828333333334 0.31550494375000004 0.34628828333333334 0.31550494375000004 0.3313336013888889
5 0.35909445390625 0.3095813375 0.35909445390625 0.4781613888888889 0.4049781390625 0.4781613888888889 0.4049781390625 0.3095813375
3 0.3659769953125 0.38979281388888887 0.3659769953125 0.4903970388888889 0.39886030156249996 0.4903970388888889 0.39886030156249996 0.38979281388888887
7 0.24285577890624999 0.33385841944444444 0.24285577890624999 0.3488131013888889 0.250503059375 0.3488131013888889 0.250503059375 0.33385841944444444
2 0.234443775 0.35561068333333334 0.234443775 0.41135086388888886 0.2589150734375 0.41135086388888886 0.2589150734375 0.35561068333333334
2 0.43218060312500006 0.36648681527777777 0.43218060312500006 0.38552004444444443 0.44212206640625 0.38552004444444443 0.44212206640625 0.36648681527777777
2 0.5030818140625 0.35561068333333334 0.5030818140625 0.429024575 0.54284767265625 0.429024575 0.54284767265625 0.35561068333333334
9 0.65307775546875 0.3530858652777778 0.65307775546875 0.45912815555555553 0.83040084609375 0.45912815555555553 0.83040084609375 0.3530858652777778
2 0.8518926109375 0.2992365361111111 0.8518926109375 0.4814117513888889 0.99901291328125 0.4814117513888889 0.99901291328125 0.2992365361111111
2 0.1949361421875 0.3568306055555555 0.1949361421875 0.4207278805555556 0.24770237812499998 0.4207278805555556 0.24770237812499998 0.3568306055555555
2 0.3379402875 0.3595496388888889 0.3379402875 0.37994238194444446 0.35399957578125 0.37994238194444446 0.35399957578125 0.3595496388888889
2 0.44423748593749995 0.36362818888888887 0.44423748593749995 0.39489706944444447 0.46259096015625 0.39489706944444447 0.46259096015625 0.36362818888888887
5 0.80747629765625 0.34459599444444444 0.80747629765625 0.43374701805555554 0.8504598265625001 0.43374701805555554 0.8504598265625001 0.34459599444444444
0 0.7960140234375 0.40463648333333335 0.7960140234375 0.4657686138888889 0.8733843757812499 0.4657686138888889 0.8733843757812499 0.40463648333333335