2 0 0.3951221138888889 0 0.47830571666666666 0.07018616484375 0.47830571666666666 0.07018616484375 0.3951221138888889
2 0.19788599296875 0.40032108888888884 0.19788599296875 0.4540438319444445 0.25442484765625 0.4540438319444445 0.25442484765625 0.40032108888888884
2 0.2300546515625 0.38645715555555554 0.2300546515625 0.5961491541666667 0.41429333437500004 0.5961491541666667 0.41429333437500004 0.38645715555555554
6 0.5946327859375 0.3292684277777778 0.5946327859375 0.3552633041666667 0.5985320171875 0.3552633041666667 0.5985320171875 0.3292684277777778
6 0.47180699765625 0.32406945277777777 0.47180699765625 0.33620039444444444 0.48155507578125 0.33620039444444444 0.48155507578125 0.32406945277777777
6 0.39772160078124996 0.32580244444444445 0.39772160078124996 0.34139936944444443 0.4094192953125 0.34139936944444443 0.4094192953125 0.32580244444444445
7 0.09163193750000001 0.3431323611111111 0.09163193750000001 0.37779219583333334 0.10722886328125 0.37779219583333334 0.10722886328125 0.3431323611111111
7 0.0887075140625 0.3847241625 0.0887075140625 0.4072530555555555 0.10235482343749999 0.4072530555555555 0.10235482343749999 0.3847241625
6 0.13744790625 0.36739424583333335 0.13744790625 0.3847241625 0.147195984375 0.3847241625 0.147195984375 0.36739424583333335
2 0.46205891875000005 0.40378707222222227 0.46205891875000005 0.48350469166666665 0.5156733515624999 0.48350469166666665 0.5156733515624999 0.40378707222222227
7 0.45815968749999997 0.37779219583333334 0.45815968749999997 0.3968551055555556 0.47278180546875 0.3968551055555556 0.47278180546875 0.37779219583333334
2 0.5449175859375 0.4107190388888889 0.5449175859375 0.49216965 0.61022971171875 0.49216965 0.61022971171875 0.4107190388888889
2 0.649222025 0.3985880972222222 0.649222025 0.5216305097222222 0.75157684921875 0.5216305097222222 0.75157684921875 0.3985880972222222
2 0.52054738984375 0.4055200638888889 0.52054738984375 0.4540438319444445 0.54589239375 0.4540438319444445 0.54589239375 0.4055200638888889
2 0.872453021875 0.4055200638888889 0.872453021875 0.6827987402777778 0.9991780421875 0.6827987402777778 0.9991780421875 0.4055200638888889
2 0.8480828257812499 0.3517973208333333 0.8480828257812499 0.5510913694444444 0.9982032343749999 0.5510913694444444 0.9982032343749999 0.3517973208333333
2 0.74280357890625 0.3951221138888889 0.74280357890625 0.5025675986111111 0.83443551640625 0.5025675986111111 0.83443551640625 0.3951221138888889
2 0.723307421875 0.39165613055555554 0.723307421875 0.4176510041666667 0.76035011953125 0.4176510041666667 0.76035011953125 0.39165613055555554
2 0.62485182890625 0.3847241625 0.62485182890625 0.5025676 0.696012803125 0.5025676 0.696012803125 0.3847241625
2 0.60535567265625 0.4072530555555555 0.60535567265625 0.4817717 0.6345999078125 0.4817717 0.6345999078125 0.4072530555555555
2 0.37042698125 0.39165613055555554 0.37042698125 0.4401798986111111 0.40746967968750003 0.4401798986111111 0.40746967968750003 0.39165613055555554
2 0.41136891093749994 0.4055200638888889 0.41136891093749994 0.4211169888888889 0.42696583671875 0.4211169888888889 0.42696583671875 0.4055200638888889
2 0.42891545234375006 0.40378707222222227 0.42891545234375006 0.41938399722222225 0.4445123765625 0.41938399722222225 0.4445123765625 0.40378707222222227