7 0.4925216640625 0.5103660638888889 0.4925216640625 0.5467588888888889 0.5276147484375 0.5467588888888889 0.5276147484375 0.5103660638888889
7 0.5129926289062501 0.5017011013888889 0.5129926289062501 0.5086330708333333 0.5217659015625 0.5086330708333333 0.5217659015625 0.5017011013888889
7 0.37140178828125003 0.26457007777777775 0.37140178828125003 0.3789475319444444 0.4883787296875 0.3789475319444444 0.4883787296875 0.26457007777777775
7 0.47570622812499996 0.5961491541666667 0.47570622812499996 0.6030811208333333 0.48545430625 0.6030811208333333 0.48545430625 0.5961491541666667
2 0.08675789765625 0.6192557277777778 0.08675789765625 0.6365856444444444 0.11502732499999999 0.6365856444444444 0.11502732499999999 0.6192557277777778
2 0.1130777109375 0.5828629000000001 0.1130777109375 0.643517611111111 0.1783898359375 0.643517611111111 0.1783898359375 0.5828629000000001
2 0.035093083593750005 0.6227217125 0.035093083593750005 0.6591145388888889 0.058488471875 0.6591145388888889 0.058488471875 0.6227217125
2 0.28951793046874996 0.611168425 0.28951793046874996 0.6284983388888888 0.310963703125 0.6284983388888888 0.310963703125 0.611168425
2 0.30998889531249996 0.6163674 0.30998889531249996 0.6336973180555555 0.32948505234375 0.6336973180555555 0.32948505234375 0.6163674
2 0.37237659765625 0.6157897430555556 0.37237659765625 0.6331196597222223 0.38894833125 0.6331196597222223 0.38894833125 0.6157897430555556
2 0.35580486484375 0.6123237611111111 0.35580486484375 0.6296536777777777 0.37140178828125003 0.6296536777777777 0.37140178828125003 0.6123237611111111
2 0.4133185265625 0.6140567527777777 0.4133185265625 0.6452506013888889 0.42209179687500004 0.6452506013888889 0.42209179687500004 0.6140567527777777
2 0.45815968828125 0.6105907708333334 0.45815968828125 0.6417846194444444 0.46693295859374995 0.6417846194444444 0.46693295859374995 0.6105907708333334
2 0.44353756953124995 0.6157897430555556 0.44353756953124995 0.643517611111111 0.46108411171875 0.643517611111111 0.46108411171875 0.6157897430555556
2 0.50007642421875 0.6192557277777778 0.50007642421875 0.6383186347222223 0.50690007890625 0.6383186347222223 0.50690007890625 0.6192557277777778
2 0.50690007890625 0.6209887180555556 0.50690007890625 0.6400516263888889 0.51762296640625 0.6400516263888889 0.51762296640625 0.6209887180555556
9 0.3333842828125 0.6001928166666667 0.3333842828125 0.6331196597222223 0.35580486328125 0.6331196597222223 0.35580486328125 0.6001928166666667
2 0.41819256640624997 0.6088577791666667 0.41819256640624997 0.6539155638888889 0.4464619953125 0.6539155638888889 0.4464619953125 0.6088577791666667
2 0.46010930234374997 0.6053917930555556 0.46010930234374997 0.6695124875 0.50397565703125 0.6695124875 0.50397565703125 0.6053917930555556
2 0.11990136484375 0.5932608513888888 0.11990136484375 0.7232352305555556 0.26319811953125 0.7232352305555556 0.26319811953125 0.5932608513888888
2 0.63242208125 0.1946727263888889 0.63242208125 0.7284710777777779 0.99788844609375 0.7284710777777779 0.99788844609375 0.1946727263888889