6 0.30676375703125 0.3416901388888889 0.30676375703125 0.36046186944444447 0.31732285390625 0.36046186944444447 0.31732285390625 0.3416901388888889
6 0.33228157578125 0.33073996527777777 0.33228157578125 0.3526403166666667 0.3375611234375 0.3526403166666667 0.3375611234375 0.33073996527777777
6 0.37011833984375003 0.3244827236111111 0.37011833984375003 0.34012583055555556 0.37715773750000003 0.34012583055555556 0.37715773750000003 0.3244827236111111
6 0.39651608359375 0.34638307222222225 0.39651608359375 0.3620261805555555 0.40355548203125 0.3620261805555555 0.40355548203125 0.34638307222222225
6 0.42291382578125003 0.3432544513888889 0.42291382578125003 0.35733324583333337 0.42907329843750003 0.35733324583333337 0.42907329843750003 0.3432544513888889
6 0.47042976249999996 0.3510760027777778 0.47042976249999996 0.3698477333333333 0.47922901171875 0.3698477333333333 0.47922901171875 0.3510760027777778
7 0.5725010351562501 0.2701788041666667 0.5725010351562501 0.30772225833333333 0.5944991546875 0.30772225833333333 0.5944991546875 0.2701788041666667
7 0.4440320203125 0.3749876194444444 0.4440320203125 0.38906641666666664 0.45283126874999996 0.38906641666666664 0.45283126874999996 0.3749876194444444
7 0.274206540625 0.3859377944444444 0.274206540625 0.40627383194444444 0.28388571328125 0.40627383194444444 0.28388571328125 0.3859377944444444
2 0.3815573609375 0.4000165902777778 0.3815573609375 0.4203526263888889 0.39035661015625 0.4203526263888889 0.39035661015625 0.4000165902777778
2 0.36659864140625 0.3984522805555556 0.36659864140625 0.42348125138888887 0.38243728671875 0.42348125138888887 0.38243728671875 0.3984522805555556
2 0.29884443359375 0.40314521388888885 0.29884443359375 0.42817418611111113 0.31820277890625 0.42817418611111113 0.31820277890625 0.40314521388888885
2 0.26716714296875 0.40940245694444444 0.26716714296875 0.4328671152777778 0.28916526171875 0.4328671152777778 0.28916526171875 0.40940245694444444
2 0.25924781953125 0.40940245694444444 0.25924781953125 0.42817418472222224 0.2715667671875 0.42817418472222224 0.2715667671875 0.40940245694444444
2 0.21173188281250002 0.40783814444444444 0.21173188281250002 0.45320315277777773 0.25044857187499997 0.45320315277777773 0.25044857187499997 0.40783814444444444
2 0.1950133125 0.42035262777777777 0.1950133125 0.44851022222222225 0.21613150546874998 0.44851022222222225 0.21613150546874998 0.42035262777777777
2 0.16509586953125 0.42348125138888887 0.16509586953125 0.44068866805555557 0.18621406406250002 0.44068866805555557 0.18621406406250002 0.42348125138888887
2 0.132538653125 0.4313028041666667 0.132538653125 0.4594603986111111 0.1659757953125 0.4594603986111111 0.1659757953125 0.4313028041666667
9 0.030467381249999998 0.3984522805555556 0.030467381249999998 0.48761798749999996 0.13869812734375 0.48761798749999996 0.13869812734375 0.3984522805555556
2 0.0005499398437499999 0.4375600486111111 0.0005499398437499999 0.48761799027777775 0.0357469296875 0.48761799027777775 0.0357469296875 0.4375600486111111
2 0.545726196875 0.3765519319444444 0.545726196875 0.40627383333333333 0.58532281015625 0.40627383333333333 0.58532281015625 0.3765519319444444
2 0.71467175078125 0.34213709444444446 0.71467175078125 0.42035263055555555 0.772746784375 0.42035263055555555 0.772746784375 0.34213709444444446
2 0.7604278382812499 0.32180105555555555 0.7604278382812499 0.42348125138888887 0.8633790343750001 0.42348125138888887 0.8633790343750001 0.32180105555555555
2 0.84754038984375 0.33900847361111114 0.84754038984375 0.37029468888888883 0.8704184343750001 0.37029468888888883 0.8704184343750001 0.33900847361111114
2 0.9175572624999999 0.32492967638888887 0.9175572624999999 0.3562158930555555 0.9597936515625 0.3562158930555555 0.9597936515625 0.32492967638888887
2 0.389630675 0.40046353611111113 0.389630675 0.4176709541666667 0.3984299234375 0.4176709541666667 0.3984299234375 0.40046353611111113
2 0.39842992109375 0.40046353611111113 0.39842992109375 0.41454233333333335 0.40898901796875 0.41454233333333335 0.40898901796875 0.40046353611111113