2 0.00030607031250000003 0.3243047416666667 0.00030607031250000003 0.5528416333333334 0.1178393296875 0.5528416333333334 0.1178393296875 0.3243047416666667
2 0.10284160390625 0.3816566111111111 0.10284160390625 0.4469528708333333 0.1707905171875 0.4469528708333333 0.1707905171875 0.3816566111111111
2 0.14140720390625 0.37708587638888885 0.14140720390625 0.42442565833333334 0.17721811953125 0.42442565833333334 0.17721811953125 0.37708587638888885
2 0.17354520234374998 0.3836155041666667 0.17354520234374998 0.42442565833333334 0.201092059375 0.42442565833333334 0.201092059375 0.3836155041666667
2 0.1845639453125 0.38198309305555556 0.1845639453125 0.4227932555555555 0.22496600312499998 0.4227932555555555 0.22496600312499998 0.38198309305555556
2 0.20292851640624998 0.377902075 0.20292851640624998 0.4089177944444445 0.22772069140625 0.4089177944444445 0.22772069140625 0.377902075
2 0.229557146875 0.3811668916666667 0.229557146875 0.415447425 0.26628629296875 0.415447425 0.26628629296875 0.3811668916666667
2 0.25802223203125 0.3746372625 0.25802223203125 0.40402057916666667 0.2791414890625 0.40402057916666667 0.2791414890625 0.3746372625
2 0.2763868046875 0.3419891388888889 0.2763868046875 0.4448307402777778 0.36453674453125 0.4448307402777778 0.36453674453125 0.3419891388888889
2 0.35535446406250004 0.3681076319444444 0.35535446406250004 0.3991233569444444 0.384737778125 0.3991233569444444 0.384737778125 0.3681076319444444
9 0.40861172031250004 0.3566808 0.40861172031250004 0.3779020791666667 0.42238514687500006 0.3779020791666667 0.42238514687500006 0.3566808
2 0.40952995156250005 0.3664752319444444 0.40952995156250005 0.4056529875 0.43615857968749994 0.4056529875 0.43615857968749994 0.3664752319444444
2 0.4591142921875 0.3583132027777778 0.4591142921875 0.3795344888888889 0.47105126484375 0.3795344888888889 0.47105126484375 0.3583132027777778
2 0.509616865625 0.3615780125 0.509616865625 0.3844317 0.52798143671875 0.3844317 0.52798143671875 0.3615780125
2 0.43340389140625 0.36321041944444443 0.43340389140625 0.4138150152777778 0.47013303515624993 0.4138150152777778 0.47013303515624993 0.36321041944444443
2 0.46829657812500003 0.3681076319444444 0.46829657812500003 0.4007557666666667 0.49125229453125 0.4007557666666667 0.49125229453125 0.3681076319444444
2 0.4935478640625 0.3697400416666667 0.4935478640625 0.4219770444444444 0.52935877890625 0.4219770444444444 0.52935877890625 0.3697400416666667
7 0.49978028984374995 0.3449209541666667 0.49978028984374995 0.3598794111111111 0.5145050195312499 0.3598794111111111 0.5145050195312499 0.3449209541666667