6 0.2963670828125 0.21187492777777778 0.2963670828125 0.27749990277777775 0.30796864140625 0.27749990277777775 0.30796864140625 0.21187492777777778
6 0.4640623375 0.29249989722222225 0.4640623375 0.3374998819444444 0.47249983437500004 0.3374998819444444 0.47249983437500004 0.29249989722222225
6 0.45878890156249996 0.42562485138888884 0.45878890156249996 0.45374984027777776 0.47039046015624997 0.45374984027777776 0.47039046015624997 0.42562485138888884
6 0.419765478125 0.4593748388888889 0.419765478125 0.4781248347222222 0.42398422578124995 0.4781248347222222 0.42398422578124995 0.4593748388888889
6 0.42398422656249996 0.4556248402777778 0.42398422656249996 0.48187483194444447 0.42820297500000004 0.48187483194444447 0.42820297500000004 0.4556248402777778
6 0.34488269140625 0.4668748347222222 0.34488269140625 0.48562483194444445 0.35015612734375 0.48562483194444445 0.35015612734375 0.4668748347222222
6 0.26367178203125 0.4649998375 0.26367178203125 0.4799998319444444 0.26789053046875 0.4799998319444444 0.26789053046875 0.4649998375
6 0.8701168820312499 0.38062486666666673 0.8701168820312499 0.4162498541666667 0.8901559382812501 0.4162498541666667 0.8901559382812501 0.38062486666666673
6 0.71613256171875 0.08062497222222222 0.71613256171875 0.15562494583333333 0.73300755625 0.15562494583333333 0.73300755625 0.08062497222222222
6 0.69714819375 0.0674999763888889 0.69714819375 0.15562494444444444 0.71402318828125 0.15562494444444444 0.71402318828125 0.0674999763888889
7 0.71402318828125 0.4031248583333333 0.71402318828125 0.45749984027777774 0.73933567890625 0.45749984027777774 0.73933567890625 0.4031248583333333
7 0.9038668703124999 0.37687486805555553 0.9038668703124999 0.40687485833333337 0.9270699875 0.40687485833333337 0.9270699875 0.37687486805555553
7 0.883827815625 0.34124988055555555 0.883827815625 0.3712498694444445 0.9260153015625001 0.3712498694444445 0.9260153015625001 0.34124988055555555
7 0.37441393125 0.5118748208333334 0.37441393125 0.5268748166666667 0.38074205390625 0.5268748166666667 0.38074205390625 0.5118748208333334
6 0.1930077453125 0.47249983472222223 0.1930077453125 0.4912498277777778 0.19933586796875 0.4912498277777778 0.19933586796875 0.47249983472222223
2 0.23835929140625 0.5321248194444445 0.23835929140625 0.5546248111111111 0.24679678828124998 0.5546248111111111 0.24679678828124998 0.5321248194444445
2 0.274218653125 0.5321248194444445 0.274218653125 0.5433748152777778 0.28265615078125 0.5433748152777778 0.28265615078125 0.5321248194444445
2 0.26367178203125 0.5358748180555555 0.26367178203125 0.5452498138888888 0.27632802734375 0.5452498138888888 0.27632802734375 0.5358748180555555
2 0.35015612734375 0.5264998208333334 0.35015612734375 0.5433748152777778 0.3575389375 0.5433748152777778 0.3575389375 0.5264998208333334
2 0.34382800546875003 0.5246248222222222 0.34382800546875003 0.548999813888889 0.35226550234375 0.548999813888889 0.35226550234375 0.5246248222222222
2 0.3712498703125 0.5302498194444445 0.3712498703125 0.5377498194444444 0.37968736718749996 0.5377498194444444 0.37968736718749996 0.5302498194444445
2 0.39023423828125 0.5227498222222222 0.39023423828125 0.5396248180555556 0.3986717359375 0.5396248180555556 0.3986717359375 0.5227498222222222
2 0.41449204218749996 0.5246248222222222 0.41449204218749996 0.5414998180555556 0.42292954062500004 0.5414998180555556 0.42292954062500004 0.5246248222222222
2 0.420820165625 0.5246248222222222 0.420820165625 0.5452498152777777 0.42925766328125 0.5452498152777777 0.42925766328125 0.5246248222222222
2 0.42609360078125 0.5264998208333334 0.42609360078125 0.5452498180555555 0.4408592203125 0.5452498180555555 0.4408592203125 0.5264998208333334
2 0.44296859531250005 0.5264998208333334 0.44296859531250005 0.5433748152777778 0.4514060921875 0.5433748152777778 0.4514060921875 0.5264998208333334
2 0.45773421484375004 0.5218748097222222 0.45773421484375004 0.5537497986111112 0.48304670625 0.5537497986111112 0.48304670625 0.5218748097222222
2 0.49675763828125 0.5218748097222222 0.49675763828125 0.5631247944444445 0.524179503125 0.5631247944444445 0.524179503125 0.5218748097222222
2 0.74199338125 0.5022068555555556 0.74199338125 0.5697068319444445 0.83902459765625 0.5697068319444445 0.83902459765625 0.5022068555555556
2 0.13765765703125 0.5397068416666667 0.13765765703125 0.5715818319444445 0.16086077265625 0.5715818319444445 0.16086077265625 0.5397068416666667
2 0.12289203671875 0.5434568416666666 0.12289203671875 0.5753318319444445 0.14187640546875 0.5753318319444445 0.14187640546875 0.5434568416666666
2 0.095470171875 0.5434568416666666 0.095470171875 0.5790818291666666 0.12605609921875 0.5790818291666666 0.12605609921875 0.5434568416666666
2 0.0701576796875 0.5453318402777777 0.0701576796875 0.5828318277777778 0.09968891796875 0.5828318277777778 0.09968891796875 0.5453318402777777
2 0.03218894296875 0.5509568388888889 0.03218894296875 0.5903318249999999 0.0796498625 0.5903318249999999 0.0796498625 0.5509568388888889
2 0.29320302265625 0.5237498069444444 0.29320302265625 0.5424998013888889 0.30374989375 0.5424998013888889 0.30374989375 0.5237498069444444
2 0.3554295640625 0.5293748041666666 0.3554295640625 0.5518747972222222 0.3723045578125 0.5518747972222222 0.3723045578125 0.5293748041666666
2 0.30374989375 0.5106248111111111 0.30374989375 0.5818747888888889 0.34910144062500004 0.5818747888888889 0.34910144062500004 0.5106248111111111
2 0.5141809617187499 0.5097068527777777 0.5141809617187499 0.5697068319444445 0.5605871953125 0.5697068319444445 0.5605871953125 0.5097068527777777
2 0.61648561328125 0.4984568569444444 0.61648561328125 0.592206825 0.7092980796874999 0.592206825 0.7092980796874999 0.4984568569444444
1 0.21781387734375 0.5209568486111111 0.21781387734375 0.5622068347222222 0.2378529328125 0.5622068347222222 0.2378529328125 0.5209568486111111
2 0.39816537734375 0.5134568500000001 0.39816537734375 0.5397068402777778 0.411876309375 0.5397068402777778 0.411876309375 0.5134568500000001