2 0.41668887109375 0.6391191500000001 0.41668887109375 0.6772420472222223 0.43056448359375 0.6772420472222223 0.43056448359375 0.6391191500000001
2 0.38574204921875 0.6193849402777778 0.38574204921875 0.6862121430555556 0.42551880703125 0.6862121430555556 0.42551880703125 0.6193849402777778
2 0.56679778671875 0.5987537291666667 0.56679778671875 0.7131224194444444 0.64500578828125 0.7131224194444444 0.64500578828125 0.5987537291666667
2 0.31503948984374996 0.6071631930555556 0.31503948984374996 0.7260169319444444 0.40207742656249995 0.7260169319444444 0.40207742656249995 0.6071631930555556
2 0.424782975 0.5129772166666666 0.424782975 0.7574122583333333 0.5698462046875 0.7574122583333333 0.5698462046875 0.5129772166666666
2 0.22100067578125 0.639567648611111 0.22100067578125 0.6821755944444444 0.24244480546874997 0.6821755944444444 0.24244480546874997 0.639567648611111
4 0.2659072078125 0.6148998944444444 0.2659072078125 0.7001157819444445 0.28735133828125 0.7001157819444445 0.28735133828125 0.6148998944444444
4 0.11731200234375001 0.6153484236111111 0.11731200234375001 0.7274745888888888 0.1475860671875 0.7274745888888888 0.1475860671875 0.6153484236111111
2 0.1602002609375 0.6261125083333333 0.1602002609375 0.6866606402777778 0.19552000234375 0.6866606402777778 0.19552000234375 0.6261125083333333
4 0.66350659296875 0.6036872763888889 0.66350659296875 0.6687204527777778 0.6824278828125 0.6687204527777778 0.6824278828125 0.6036872763888889
4 0.919827025 0.5924746583333333 0.919827025 0.7068433458333333 0.9425325750000001 0.7068433458333333 0.9425325750000001 0.5924746583333333
4 0.9450554148437501 0.590232136111111 0.9450554148437501 0.7247835375 0.9715452203125 0.7247835375 0.9715452203125 0.590232136111111
4 0.8565037562500001 0.5709464541666667 0.8565037562500001 0.7305019777777777 0.8933372187499999 0.7305019777777777 0.8933372187499999 0.5709464541666667
4 0.767699840625 0.611311875 0.767699840625 0.7077403791666667 0.78914397109375 0.7077403791666667 0.78914397109375 0.611311875
4 0.73490293671875 0.5866441180555555 0.73490293671875 0.7077403819444444 0.7659338609375 0.7077403819444444 0.7659338609375 0.5866441180555555
4 0.68823041953125 0.5978567347222222 0.68823041953125 0.7054978569444444 0.71345880703125 0.7054978569444444 0.71345880703125 0.5978567347222222
4 0.7046288710937499 0.5888866416666667 0.7046288710937499 0.7054978569444444 0.729857259375 0.7054978569444444 0.729857259375 0.5888866416666667
7 0.060548129687499994 0.4204731263888889 0.060548129687499994 0.44289835833333335 0.10595922578125001 0.44289835833333335 0.10595922578125001 0.4204731263888889
7 0.08577651796875 0.46308107083333333 0.08577651796875 0.49447639722222225 0.12866477578125 0.49447639722222225 0.12866477578125 0.46308107083333333
7 0.11352774375000001 0.44514088333333335 0.11352774375000001 0.46308106805555554 0.12614193828125 0.46308106805555554 0.12614193828125 0.44514088333333335
7 0.09239896875 0.5056890125 0.09239896875 0.5303567680555555 0.10375174453125 0.5303567680555555 0.10375174453125 0.5056890125
7 0.84641240234375 0.42271564861111116 0.84641240234375 0.454110975 0.8893006609375 0.454110975 0.8893006609375 0.42271564861111116
7 0.8489352406249999 0.454110975 0.8489352406249999 0.4832637805555556 0.871640790625 0.4832637805555556 0.871640790625 0.454110975
6 0.3733801359375 0.26760779027777776 0.3733801359375 0.33039844305555555 0.38725574921875 0.33039844305555555 0.38725574921875 0.26760779027777776
6 0.71228148203125 0.19734205416666664 0.71228148203125 0.27583037083333334 0.7324641921875 0.27583037083333334 0.7324641921875 0.19734205416666664
6 0.12134854531249999 0.5050162472222222 0.12134854531249999 0.5521092361111111 0.15162261015625 0.5521092361111111 0.15162261015625 0.5050162472222222
6 0.6821756234375 0.20451813333333332 0.6821756234375 0.28076392361111113 0.7086654296875 0.28076392361111113 0.7086654296875 0.20451813333333332
6 0.8246529171875 0.4905519791666667 0.8246529171875 0.5376449680555555 0.8536655632812501 0.5376449680555555 0.8536655632812501 0.4905519791666667