7 0.2591230515625 0.40450210138888887 0.2591230515625 0.4215637013888889 0.26991984453125 0.4215637013888889 0.26991984453125 0.40450210138888887
2 0.32750274375 0.4649286013888889 0.32750274375 0.48838830138888883 0.33590025 0.48838830138888883 0.33590025 0.4649286013888889
2 0.31910523749999997 0.4649286013888889 0.31910523749999997 0.5033172013888889 0.331101675 0.5033172013888889 0.331101675 0.4649286013888889
2 0.27711770703125 0.4478670013888889 0.27711770703125 0.5118480013888889 0.3203048828125 0.5118480013888889 0.3203048828125 0.4478670013888889
7 0.27711770703125 0.4222746013888889 0.27711770703125 0.43293810138888894 0.29391271953125 0.43293810138888894 0.29391271953125 0.4222746013888889
7 0.28071663828125 0.4350708013888889 0.28071663828125 0.44573430138888886 0.2951123640625 0.44573430138888886 0.2951123640625 0.4350708013888889
2 0.27591806328125 0.45426510277777776 0.27591806328125 0.5118480027777778 0.31070773203125 0.5118480027777778 0.31070773203125 0.45426510277777776
2 0.2507255453125 0.4563978013888889 0.2507255453125 0.5481039013888889 0.30231022578125 0.5481039013888889 0.30231022578125 0.4563978013888889
2 0.18714442578124998 0.4478670013888889 0.18714442578124998 0.5950233 0.27111948828125 0.5950233 0.27111948828125 0.4478670013888889
2 0.36709098828125 0.4649286013888889 0.36709098828125 0.48838830138888883 0.38508564375 0.48838830138888883 0.38508564375 0.4649286013888889
2 0.37068991953124997 0.4691940013888889 0.37068991953124997 0.4905210013888889 0.38508564453125 0.4905210013888889 0.38508564453125 0.4691940013888889
2 0.37428885234375 0.47132670138888894 0.37428885234375 0.4926537 0.388684578125 0.4926537 0.388684578125 0.47132670138888894
2 0.3790874265625 0.47132670138888894 0.3790874265625 0.5033171999999999 0.39948137031250003 0.5033171999999999 0.39948137031250003 0.47132670138888894
2 0.38628528984375 0.4777248013888889 0.38628528984375 0.5075826013888889 0.4078788765625 0.5075826013888889 0.4078788765625 0.4777248013888889
2 0.40188065703125 0.47132670138888894 0.40188065703125 0.5118480027777778 0.42107495781250004 0.5118480027777778 0.42107495781250004 0.47132670138888894
7 0.44386818906250003 0.4121442777777778 0.44386818906250003 0.4228077763888889 0.45946355859375 0.4228077763888889 0.45946355859375 0.4121442777777778
2 0.41747602578125004 0.45693097638888885 0.41747602578125004 0.5209119763888889 0.43786996953125 0.5209119763888889 0.43786996953125 0.45693097638888885
2 0.42947246406249995 0.4313385763888889 0.42947246406249995 0.533708175 0.49305358359375007 0.533708175 0.49305358359375007 0.4313385763888889
2 0.4606632015625 0.44616083611111107 0.4606632015625 0.5634593333333333 0.5530357703125001 0.5634593333333333 0.5530357703125001 0.44616083611111107
2 0.49985157031250005 0.4663504125 0.49985157031250005 0.5943124138888889 0.61501736953125 0.5943124138888889 0.61501736953125 0.4663504125
2 0.5827869390625 0.45725088472222225 0.5827869390625 0.6662554847222223 0.7687317218749999 0.6662554847222223 0.7687317218749999 0.45725088472222225
2 0.14470700859375002 0.43842219027777773 0.14470700859375002 0.6388959888888889 0.22628278359374998 0.6388959888888889 0.22628278359374998 0.43842219027777773
2 0.0002999109375 0.21220365000000002 0.0002999109375 0.7837672541666666 0.16705039375 0.7837672541666666 0.16705039375 0.21220365000000002
2 0.71168865625 0.35509455 0.71168865625 0.8904022527777777 0.9996031578125001 0.8904022527777777 0.9996031578125001 0.35509455
2 0.34219838046875 0.46386225277777776 0.34219838046875 0.48945465555555556 0.35779374921875 0.48945465555555556 0.35779374921875 0.46386225277777776
4 0.9120291632812499 0.11840710972222222 0.9120291632812499 0.26809904305555554 0.9468188328125 0.26809904305555554 0.9468188328125 0.11840710972222222