2 0.21421195625 0.7253862194444445 0.21421195625 0.7792067777777777 0.28359002499999997 0.7792067777777777 0.28359002499999997 0.7253862194444445
2 0.31007983125 0.7052035111111111 0.31007983125 0.7612665930555556 0.3479224125 0.7612665930555556 0.3479224125 0.7052035111111111
2 0.34792241015625003 0.7052035111111111 0.34792241015625003 0.7500539777777777 0.36305944453125 0.7500539777777777 0.36305944453125 0.7052035111111111
2 0.3605366046875 0.7209011750000001 0.3605366046875 0.7500539791666666 0.38702641249999997 0.7500539791666666 0.38702641249999997 0.7209011750000001
2 0.56362512578125 0.6513829486111111 0.56362512578125 0.7410838833333333 0.6166047390625 0.7410838833333333 0.6166047390625 0.6513829486111111
2 0.6317417703125 0.6603530444444444 0.6317417703125 0.7522965041666667 0.69859699609375 0.7522965041666667 0.69859699609375 0.6603530444444444
2 0.7528380328125001 0.6850208013888889 0.7528380328125001 0.7096885555555555 0.77554358046875 0.7096885555555555 0.77554358046875 0.6850208013888889
2 0.83861455078125 0.5213165986111111 0.83861455078125 0.8464824861111111 0.99881481015625 0.8464824861111111 0.99881481015625 0.5213165986111111
2 0.44126744609374996 0.7119310819444444 0.44126744609374996 0.736598838888889 0.4702800921875 0.736598838888889 0.4702800921875 0.7119310819444444
2 0.472802928125 0.7074460333333333 0.472802928125 0.7276287472222223 0.50181557421875 0.7276287472222223 0.50181557421875 0.7074460333333333
2 0.5062504484375 0.7106610152777778 0.5062504484375 0.7335855680555555 0.526309428125 0.7335855680555555 0.526309428125 0.7106610152777778
2 0.53920448671875 0.7098119513888889 0.53920448671875 0.730189325 0.56212903359375 0.730189325 0.56212903359375 0.7098119513888889
2 0.8243285640625 0.6741515430555556 0.8243285640625 0.7098119555555555 0.857282603125 0.7098119555555555 0.857282603125 0.6741515430555556
2 0.8071351515625 0.6817930583333334 0.8071351515625 0.7200006388888889 0.82719413203125 0.7200006388888889 0.82719413203125 0.6817930583333334
2 0.7211680921875 0.6843402305555556 0.7211680921875 0.7098119541666666 0.745525428125 0.7098119541666666 0.745525428125 0.6843402305555556
2 0.77991225 0.6843402305555556 0.77991225 0.7072647791666666 0.79424009453125 0.7072647791666666 0.79424009453125 0.6843402305555556