2 0.00057354609375 0.6688821361111111 0.00057354609375 0.8524168652777777 0.148548421875 0.8524168652777777 0.148548421875 0.6688821361111111
7 0.53607435703125 0.5635196027777778 0.53607435703125 0.5716767027777778 0.5452510953124999 0.5716767027777778 0.5452510953124999 0.5635196027777778
7 0.52919180625 0.5716767027777778 0.52919180625 0.5839123513888889 0.5429569109375 0.5839123513888889 0.5429569109375 0.5716767027777778
7 0.53607435703125 0.6124622055555555 0.53607435703125 0.6328549513888889 0.5452510953124999 0.6328549513888889 0.5452510953124999 0.6124622055555555
6 0.6473422890625 0.5213745888888889 0.6473422890625 0.5519637111111112 0.65766611875 0.5519637111111112 0.65766611875 0.5213745888888889
6 0.8389066656249999 0.5234138638888889 0.8389066656249999 0.5621600861111111 0.8503775859375 0.5621600861111111 0.8503775859375 0.5234138638888889
6 0.73796256328125 0.6029455819444445 0.73796256328125 0.6212990555555555 0.74484511484375 0.6212990555555555 0.74484511484375 0.6029455819444445
7 0.9356447687499999 0.5682779111111111 0.9356447687499999 0.5825528333333333 0.9505569656249999 0.5825528333333333 0.9505569656249999 0.5682779111111111
2 0.6825197937499999 0.6578117986111112 0.6825197937499999 0.6884009208333334 0.70316745078125 0.6884009208333334 0.70316745078125 0.6578117986111112
2 0.6687546890625 0.6598510736111112 0.6687546890625 0.6965580208333333 0.68251979453125 0.6965580208333333 0.68251979453125 0.6598510736111112
2 0.65498958359375 0.6618903472222223 0.65498958359375 0.6985972944444444 0.66990178125 0.6985972944444444 0.66990178125 0.6618903472222223
2 0.62975355859375 0.6680081694444445 0.62975355859375 0.7047151194444444 0.6595779523437499 0.7047151194444444 0.6595779523437499 0.6680081694444445
2 0.60795880859375 0.6720867194444444 0.60795880859375 0.7149114930555556 0.63663611015625 0.7149114930555556 0.63663611015625 0.6720867194444444
2 0.7536395031249999 0.6414975986111111 0.7536395031249999 0.6557725236111112 0.7651104226562501 0.6557725236111112 0.7651104226562501 0.6414975986111111
2 0.7490511343749999 0.6476154222222222 0.7490511343749999 0.6639296194444445 0.75937496328125 0.6639296194444445 0.75937496328125 0.6476154222222222
2 0.74216858203125 0.6496546972222222 0.74216858203125 0.6680081694444445 0.75363950078125 0.6680081694444445 0.75363950078125 0.6496546972222222
2 0.7352860289062499 0.6516939722222221 0.7352860289062499 0.6761652708333333 0.74675695 0.6761652708333333 0.74675695 0.6516939722222221
2 0.7318447531250001 0.6537332444444444 0.7318447531250001 0.6741259930555555 0.7433156734375 0.6741259930555555 0.7433156734375 0.6537332444444444
2 0.7846109875 0.6170263027777778 0.7846109875 0.6516939708333334 0.8132882898437501 0.6516939708333334 0.8132882898437501 0.6170263027777778
2 0.7536395031249999 0.64557615 0.7536395031249999 0.7903646583333332 0.8018173703125001 0.7903646583333332 0.8018173703125001 0.64557615
2 0.77658134375 0.6027513791666667 0.77658134375 0.9657422916666666 0.9991172078125 0.9657422916666666 0.9991172078125 0.6027513791666667
2 0.56617187421875 0.6720867194444444 0.56617187421875 0.7210293138888889 0.60976137109375 0.7210293138888889 0.60976137109375 0.6720867194444444
2 0.69923455390625 0.6496546972222222 0.69923455390625 0.7026758402777777 0.734794409375 0.7026758402777777 0.734794409375 0.6496546972222222
5 0.37116622109374997 0.6598510736111112 0.37116622109374997 0.7291864166666667 0.3941080625 0.7291864166666667 0.3941080625 0.6598510736111112
0 0.37346040546875 0.6945187416666667 0.37346040546875 0.7414220652777778 0.39869643046875003 0.7414220652777778 0.39869643046875003 0.6945187416666667
6 0.11765887265625 0.43727878750000004 0.11765887265625 0.4699071861111111 0.126835609375 0.4699071861111111 0.126835609375 0.43727878750000004
7 0.11651178046874999 0.4900086027777778 0.11651178046874999 0.5124406263888889 0.1279827015625 0.5124406263888889 0.1279827015625 0.4900086027777778