2 0.28327041484375004 0.39938576805555553 0.28327041484375004 0.45000015833333334 0.297625334375 0.45000015833333334 0.297625334375 0.39938576805555553
2 0.26317352734375 0.38747650694444447 0.26317352734375 0.4448961861111111 0.2890123828125 0.4448961861111111 0.2890123828125 0.38747650694444447
2 0.36796444140625 0.38875249999999995 0.36796444140625 0.4244802986111111 0.37873063125 0.4244802986111111 0.37873063125 0.38875249999999995
2 0.4684488796875 0.39258047916666666 0.4684488796875 0.42703228611111116 0.48998126015625 0.42703228611111116 0.48998126015625 0.39258047916666666
2 0.4885457671875 0.38875249999999995 0.4885457671875 0.41682434305555555 0.50002970234375 0.41682434305555555 0.50002970234375 0.38875249999999995
2 0.49931195703125003 0.3989604430555555 0.49931195703125003 0.42448030138888887 0.50936040078125 0.42448030138888887 0.50936040078125 0.3989604430555555
2 0.5739575453125 0.37982055000000003 0.5739575453125 0.4397922138888889 0.6041028765625 0.4397922138888889 0.6041028765625 0.37982055000000003
2 0.15395651484375 0.389177825 0.15395651484375 0.43536369166666666 0.18889769843749998 0.43536369166666666 0.18889769843749998 0.389177825
2 0.20253487187500002 0.37156404861111114 0.20253487187500002 0.4519516 0.2692852484375 0.4519516 0.2692852484375 0.37156404861111114
2 0.29512410546875 0.3613561055555556 0.29512410546875 0.4634355347222222 0.37264067109375 0.4634355347222222 0.37264067109375 0.3613561055555556
2 0.3733584171875 0.33838823472222224 0.3733584171875 0.4980625527777777 0.474190846875 0.4980625527777777 0.474190846875 0.33838823472222224
2 0.50901240859375 0.3600801125 0.50901240859375 0.46598751944444444 0.5822225000000001 0.46598751944444444 0.5822225000000001 0.3600801125
2 0.6147820601562499 0.3485961763888889 0.6147820601562499 0.4685395055555555 0.708806784375 0.4685395055555555 0.708806784375 0.3485961763888889
2 0.77483941484375 0.3166963541666667 0.77483941484375 0.44429564166666663 0.8466140140625 0.44429564166666663 0.8466140140625 0.3166963541666667
9 0.50529317578125 0.3485961763888889 0.50529317578125 0.4098438347222222 0.53759174453125 0.4098438347222222 0.53759174453125 0.3485961763888889
7 0.45925490078125 0.36201740694444445 0.45925490078125 0.37732932083333337 0.47145658203125 0.37732932083333337 0.47145658203125 0.36201740694444445
2 0 0.2756144597222222 0 0.6367204402777777 0.160416228125 0.6367204402777777 0.160416228125 0.2756144597222222