7 0.13196880703125 0.25598683194444444 0.13196880703125 0.2948357833333333 0.1852343640625 0.2948357833333333 0.1852343640625 0.25598683194444444
7 0.134700375 0.3021199625 0.134700375 0.3336847333333333 0.18250279687499998 0.3336847333333333 0.18250279687499998 0.3021199625
7 0.4638541921875 0.25841489166666665 0.4638541921875 0.3288286166666667 0.50346191328125 0.3288286166666667 0.50346191328125 0.25841489166666665
7 0.47478045937499996 0.3361127944444445 0.47478045937499996 0.3482530916666666 0.49526721171875004 0.3482530916666666 0.49526721171875004 0.3361127944444445
7 0.9459757585937499 0.2608429513888889 0.9459757585937499 0.2826954861111111 0.9623651609375001 0.2826954861111111 0.9623651609375001 0.2608429513888889
7 0.9459757585937499 0.2875516055555556 0.9459757585937499 0.3094041402777778 0.9623651609375001 0.3094041402777778 0.9623651609375001 0.2875516055555556
7 0.60452988984375 0.31426025972222227 0.60452988984375 0.3361127972222222 0.6195535078125001 0.3361127972222222 0.6195535078125001 0.31426025972222227
7 0.6072614578125 0.3409689152777778 0.6072614578125 0.36039339305555557 0.61955350859375 0.36039339305555557 0.61955350859375 0.3409689152777778
2 0.49936456093750003 0.394386225 0.49936456093750003 0.5619223319444444 0.62911399140625 0.5619223319444444 0.62911399140625 0.394386225
2 0.977388778125 0.3312566777777778 0.977388778125 0.5012208444444445 0.9992413140625 0.5012208444444445 0.9992413140625 0.3312566777777778
2 0.9391468414062499 0.3361127944444445 0.9391468414062499 0.4720841263888889 0.9883150453124999 0.4720841263888889 0.9883150453124999 0.3361127944444445
2 0.727450403125 0.38953010555555556 0.727450403125 0.45023159305555555 0.7725212578125 0.45023159305555555 0.7725212578125 0.38953010555555556
2 0.835347296875 0.37738980972222225 0.835347296875 0.42109487777777777 0.8694918843749999 0.42109487777777777 0.8694918843749999 0.37738980972222225
2 0.78208174140625 0.38953010555555556 0.78208174140625 0.41381070000000003 0.80120271015625 0.41381070000000003 0.80120271015625 0.38953010555555556
2 0.6072614578125 0.38710204722222225 0.6072614578125 0.4987927847222222 0.6755506296875 0.4987927847222222 0.6755506296875 0.38710204722222225
2 0.68784268203125 0.3846739861111111 0.68784268203125 0.45023159305555555 0.727450403125 0.45023159305555555 0.727450403125 0.3846739861111111
2 0.81076319453125 0.37253368888888894 0.81076319453125 0.4065265236111111 0.83124994765625 0.4065265236111111 0.83124994765625 0.37253368888888894
2 0.76842390703125 0.3846739861111111 0.76842390703125 0.41138264166666666 0.7807159593749999 0.41138264166666666 0.7807159593749999 0.3846739861111111
9 0.78208174140625 0.3628214513888889 0.78208174140625 0.3943862222222222 0.80256849375 0.3943862222222222 0.80256849375 0.3628214513888889