2 0.6686537875 0.6037796944444445 0.6686537875 0.9481892402777777 0.9975170671875 0.9481892402777777 0.9975170671875 0.6037796944444445
2 0.55265473828125 0.6335434833333333 0.55265473828125 0.8461419652777777 0.7475809734375 0.8461419652777777 0.7475809734375 0.6335434833333333
2 0.51438701171875 0.6335434833333333 0.51438701171875 0.7802364347222221 0.60288112890625 0.7802364347222221 0.60288112890625 0.6335434833333333
2 0.47013995234375 0.661181286111111 0.47013995234375 0.7462206819444445 0.53232500859375 0.7462206819444445 0.53232500859375 0.661181286111111
2 0.44981022187499997 0.6505513611111111 0.44981022187499997 0.7334647708333334 0.48807794921875003 0.7334647708333334 0.48807794921875003 0.6505513611111111
2 0.4390474234375 0.6739371944444444 0.4390474234375 0.7249608291666667 0.45100608828125 0.7249608291666667 0.45100608828125 0.6739371944444444
2 0.4079548953125 0.6718112097222222 0.4079548953125 0.6973230277777778 0.42230529375000003 0.6973230277777778 0.42230529375000003 0.6718112097222222
2 0.3696871671875 0.661181286111111 0.3696871671875 0.7270868180555556 0.41393422890625003 0.7270868180555556 0.41393422890625003 0.661181286111111
6 0.3995838296875 0.6144096194444445 0.3995838296875 0.6335434833333333 0.40795489453125 0.6335434833333333 0.40795489453125 0.6144096194444445
6 0.43187222500000005 0.6420474222222222 0.43187222500000005 0.6633072736111111 0.43785155781249996 0.6633072736111111 0.43785155781249996 0.6420474222222222
3 0.2680385171875 0.6590553013888889 0.2680385171875 0.718582876388889 0.30869797734375004 0.718582876388889 0.30869797734375004 0.6590553013888889