2 0.490590478125 0.5926270069444445 0.490590478125 0.6078812402777778 0.49745488515625 0.6078812402777778 0.49745488515625 0.5926270069444445
2 0.47686166640625 0.5895761611111111 0.47686166640625 0.610932088888889 0.49144852890625 0.610932088888889 0.49144852890625 0.5895761611111111
2 0.50088708671875 0.5926270069444445 0.50088708671875 0.6063558180555556 0.5068934421875 0.6063558180555556 0.5068934421875 0.5926270069444445
2 0.50431928984375 0.5911015847222222 0.50431928984375 0.6094066652777778 0.5111836953125 0.6094066652777778 0.5111836953125 0.5911015847222222
2 0.5060353921875 0.5941524291666667 0.5060353921875 0.6139829361111111 0.5146158984375 0.6139829361111111 0.5146158984375 0.5941524291666667
2 0.5111836953125 0.5941524291666667 0.5111836953125 0.6185592027777778 0.51890615234375 0.6185592027777778 0.51890615234375 0.5941524291666667
2 0.5146158984375 0.5911015847222222 0.5146158984375 0.6261863222222223 0.5377832671875 0.6261863222222223 0.5377832671875 0.5911015847222222
2 0.52920275859375 0.5895761611111111 0.52920275859375 0.6399151347222223 0.5618086859375 0.6399151347222223 0.5618086859375 0.5895761611111111
2 0.591840459375 0.6048303930555556 0.591840459375 0.62161005 0.60127901796875 0.62161005 0.60127901796875 0.6048303930555556
2 0.6390332484375 0.6094066638888889 0.6390332484375 0.6536439430555556 0.65705231171875 0.6536439430555556 0.65705231171875 0.6094066638888889
9 0.5995629164062499 0.5972032791666666 0.5995629164062499 0.6597456402777778 0.639891296875 0.6597456402777778 0.639891296875 0.5972032791666666
2 0.544218646875 0.5956778541666666 0.544218646875 0.6734744500000001 0.599991940625 0.6734744500000001 0.599991940625 0.5956778541666666
9 0.53992839140625 0.5697456555555556 0.53992839140625 0.5987287013888889 0.56223771015625 0.5987287013888889 0.56223771015625 0.5697456555555556
9 0.5253415312499999 0.5758473472222222 0.5253415312499999 0.5911015819444445 0.53907034140625 0.5911015819444445 0.53907034140625 0.5758473472222222
2 0.35287334453125 0.5514405736111111 0.35287334453125 0.7390676569444443 0.495309759375 0.7390676569444443 0.495309759375 0.5514405736111111
9 0.6484718054687499 0.26466096666666666 0.6484718054687499 0.8183896763888889 0.998556484375 0.8183896763888889 0.998556484375 0.26466096666666666
7 0.16528199999999998 0.5437044888888889 0.16528199999999998 0.5726875347222222 0.17557860859375002 0.5726875347222222 0.17557860859375002 0.5437044888888889
7 0.36263365703125 0.5726875347222222 0.36263365703125 0.5879417694444444 0.3677819625 0.5879417694444444 0.3677819625 0.5726875347222222