2 0.21377915 0.4150259152777778 0.21377915 0.4639896472222222 0.29640544765625 0.4639896472222222 0.29640544765625 0.4150259152777778
2 0.7242260671875 0.39170985416666665 0.7242260671875 0.4126943125 0.74652205234375 0.4126943125 0.74652205234375 0.39170985416666665
2 0.6819948328125001 0.38471503333333334 0.6819948328125001 0.40103627500000005 0.69642164609375 0.40103627500000005 0.69642164609375 0.38471503333333334
2 0.68592941875 0.41735752083333333 0.68592941875 0.4616580430555556 0.7200291601562501 0.4616580430555556 0.7200291601562501 0.41735752083333333
9 0.632681353125 0.3683937902777778 0.632681353125 0.4476684027777778 0.67202720859375 0.4476684027777778 0.67202720859375 0.3683937902777778
7 0.20197539375 0.31010363333333335 0.20197539375 0.3404145152777778 0.2177137359375 0.3404145152777778 0.2177137359375 0.31010363333333335
7 0.16131800859375 0.37772021527777777 0.16131800859375 0.4126943097222222 0.18230246484374998 0.4126943097222222 0.18230246484374998 0.37772021527777777
7 0.16131800859375 0.4126943097222222 0.16131800859375 0.4569948277777778 0.18230246484374998 0.4569948277777778 0.18230246484374998 0.4126943097222222
7 0.0091807 0.3683937902777778 0.0091807 0.4010362777777778 0.01704987109375 0.4010362777777778 0.01704987109375 0.3683937902777778
7 0.8876425296875 0.24481865833333333 0.8876425296875 0.37772021527777777 0.9322345000000001 0.37772021527777777 0.9322345000000001 0.24481865833333333
7 0.83518138828125 0.45233161527777777 0.83518138828125 0.5386010430555556 0.87452724375 0.5386010430555556 0.87452724375 0.45233161527777777
7 0.600942365625 0.3450777291666667 0.600942365625 0.4033678833333333 0.63110752421875 0.4033678833333333 0.63110752421875 0.3450777291666667
4 0.3819171125 0.4056994902777778 0.3819171125 0.4826424972222222 0.39896698203125 0.4826424972222222 0.39896698203125 0.4056994902777778
4 0.9099385140624999 0.39404145972222226 0.9099385140624999 0.5129533805555556 0.93616908359375 0.5129533805555556 0.93616908359375 0.39404145972222226
6 0.710334628125 0.0011658027777777778 0.710334628125 0.04193788472222222 0.7518980671875 0.04193788472222222 0.7518980671875 0.0011658027777777778
6 0.7193213171874999 0.36346166944444447 0.7193213171874999 0.39541434444444445 0.731678015625 0.39541434444444445 0.731678015625 0.36346166944444447
9 0.53060083515625 0.35347645833333335 0.53060083515625 0.43735222916666666 0.6114810421875 0.43735222916666666 0.6114810421875 0.35347645833333335
7 0.6384411109375 0.3394971638888889 0.6384411109375 0.35147941666666666 0.6597844984375001 0.35147941666666666 0.6597844984375001 0.3394971638888889