6 0.0711824015625 0.32020876666666664 0.0711824015625 0.37272300694444443 0.08415085703125 0.37272300694444443 0.08415085703125 0.32020876666666664
6 0.139627025 0.3432638 0.139627025 0.3714421722222222 0.14827266328125 0.3714421722222222 0.14827266328125 0.3432638
6 0.56070556953125 0.050592987500000006 0.56070556953125 0.15049812222222222 0.58808341796875 0.15049812222222222 0.58808341796875 0.050592987500000006
6 0.58880388984375 0.03906546805555556 0.58880388984375 0.15049812361111112 0.61329986015625 0.15049812361111112 0.61329986015625 0.03906546805555556
6 0.71920891015625 0.3439042222222222 0.71920891015625 0.3784867694444444 0.727134078125 0.3784867694444444 0.727134078125 0.3439042222222222
6 0.86006074296875 0.19532735 0.86006074296875 0.24656075416666667 0.8787929570312499 0.24656075416666667 0.8787929570312499 0.19532735
6 0.8456513484375 0.28114330000000004 0.8456513484375 0.3285341986111111 0.8593402749999999 0.3285341986111111 0.8593402749999999 0.28114330000000004
6 0.8802338960937499 0.3131641763888889 0.8802338960937499 0.3682400875 0.89464329140625 0.3682400875 0.89464329140625 0.3131641763888889
6 0.9321077164062499 0.16330647083333333 0.9321077164062499 0.23247156527777776 0.9537218093750001 0.23247156527777776 0.9537218093750001 0.16330647083333333
6 0.8459207203125001 0.38232927083333335 0.8459207203125001 0.4181926555555555 0.8643835624999999 0.4181926555555555 0.8643835624999999 0.38232927083333335
6 0.62230573125 0.46046021111111113 0.62230573125 0.4758302319444444 0.633112778125 0.4758302319444444 0.633112778125 0.46046021111111113
6 0.20821575234375 0.45981979305555554 0.20821575234375 0.47775148472222223 0.22550702734375 0.47775148472222223 0.22550702734375 0.45981979305555554
6 0.23631407265624998 0.46366229861111113 0.23631407265624998 0.4879981666666667 0.24712111953125002 0.4879981666666667 0.24712111953125002 0.46366229861111113
6 0.33717983515625 0.4089065972222222 0.33717983515625 0.43964664305555556 0.3451050015625 0.43964664305555556 0.3451050015625 0.4089065972222222
6 0.328534196875 0.36023486666666665 0.328534196875 0.38585156944444443 0.33501842578124996 0.38585156944444443 0.33501842578124996 0.36023486666666665
6 0.31988856015625 0.3589540305555556 0.31988856015625 0.3884132402777778 0.32781372890625 0.3884132402777778 0.32781372890625 0.3589540305555556
6 0.9749756656249999 0.42043411527777774 0.9749756656249999 0.44476998333333334 0.992987409375 0.44476998333333334 0.992987409375 0.42043411527777774
6 0.33447807421875 0.47294835277777775 0.33447807421875 0.4883183736111111 0.34456464921875 0.4883183736111111 0.34456464921875 0.47294835277777775
7 0.07294756015625001 0.41691181944444444 0.07294756015625001 0.4450901916666667 0.0851955453125 0.4450901916666667 0.0851955453125 0.41691181944444444
7 0.20911633984375003 0.446371025 0.20911633984375003 0.4578985402777778 0.2256871453125 0.4578985402777778 0.2256871453125 0.446371025
7 0.39139518125 0.46430271666666667 0.39139518125 0.48223440694444447 0.4014817578125 0.48223440694444447 0.4014817578125 0.46430271666666667
7 0.6187033828125 0.41306931388888884 0.6187033828125 0.4245968305555556 0.6302308984375 0.4245968305555556 0.6302308984375 0.41306931388888884
7 0.61366009453125 0.4322818402777778 0.61366009453125 0.4399668513888889 0.6251876078125 0.4399668513888889 0.6251876078125 0.4322818402777778
7 0.61366009453125 0.44380935555555556 0.61366009453125 0.4591793763888889 0.6266285500000001 0.4591793763888889 0.6266285500000001 0.44380935555555556
7 0.70443928125 0.3976992916666666 0.70443928125 0.41050764444444443 0.721010084375 0.41050764444444443 0.721010084375 0.3976992916666666
7 0.85645839453125 0.3310958680555556 0.85645839453125 0.36183590972222224 0.86870638046875 0.36183590972222224 0.86870638046875 0.3310958680555556
7 0.8586198046875 0.4245968291666667 0.8586198046875 0.4412476861111111 0.86870638046875 0.4412476861111111 0.86870638046875 0.4245968291666667
2 0.5237814953125 0.49312150694444445 0.5237814953125 0.5097723624999999 0.5331476015625001 0.5097723624999999 0.5331476015625001 0.49312150694444445
2 0.51873820625 0.4944023402777778 0.51873820625 0.5059298555555556 0.52522243515625 0.5059298555555556 0.52522243515625 0.4944023402777778
2 0.5151358578125 0.495683175 0.5151358578125 0.508491525 0.52162008515625 0.508491525 0.52162008515625 0.495683175
2 0.5100925710937501 0.49696401111111116 0.5100925710937501 0.5097723611111111 0.51657679921875 0.5097723611111111 0.51657679921875 0.49696401111111116
2 0.50649022265625 0.49824484722222223 0.50649022265625 0.5097723624999999 0.5136949203125 0.5097723624999999 0.5136949203125 0.49824484722222223
2 0.49424223749999996 0.49824484722222223 0.49424223749999996 0.5148957027777777 0.507210690625 0.5148957027777777 0.507210690625 0.49824484722222223
2 0.47046673515625 0.4905598347222222 0.47046673515625 0.5238615458333333 0.49424223749999996 0.5238615458333333 0.49424223749999996 0.4905598347222222
2 0.45677781015625 0.4995256805555555 0.45677781015625 0.5289848875000001 0.48199425078124997 0.5289848875000001 0.48199425078124997 0.4995256805555555
2 0.44885264296875 0.495683175 0.44885264296875 0.5212998763888889 0.46686438671874997 0.5212998763888889 0.46686438671874997 0.495683175
2 0.42867948984375 0.4944023402777778 0.42867948984375 0.5072106916666667 0.45245499218749996 0.5072106916666667 0.45245499218749996 0.4944023402777778
2 0.43156136953125 0.5033681875 0.43156136953125 0.5264232166666667 0.451734521875 0.5264232166666667 0.451734521875 0.5033681875
2 0.41787244531249995 0.49824484722222223 0.41787244531249995 0.5315465569444444 0.437325128125 0.5315465569444444 0.437325128125 0.49824484722222223
2 0.35158922890625 0.47903231944444447 0.35158922890625 0.5315465583333333 0.42291573125 0.5315465583333333 0.42291573125 0.47903231944444447
2 0.26153051328125 0.4867173305555556 0.26153051328125 0.5776566222222222 0.4164315046875 0.5776566222222222 0.4164315046875 0.4867173305555556
2 0.21614091953124998 0.4828748236111111 0.21614091953124998 0.5533207541666667 0.3213295015625 0.5533207541666667 0.3213295015625 0.4828748236111111
2 0.6224858484375 0.47647065000000005 0.6224858484375 0.5264232180555556 0.64554088046875 0.5264232180555556 0.64554088046875 0.47647065000000005
2 0.5273838429687501 0.47262814166666667 0.5273838429687501 0.5405124027777778 0.63401336484375 0.5405124027777778 0.63401336484375 0.47262814166666667
2 0.7197492624999999 0.48159399027777783 0.7197492624999999 0.5033681875 0.7255130203125 0.5033681875 0.7255130203125 0.48159399027777783
2 0.72407208125 0.48031315555555554 0.72407208125 0.5136148652777778 0.74496570390625 0.5136148652777778 0.74496570390625 0.48031315555555554
2 0.77666637265625 0.48031315555555554 0.77666637265625 0.5123340319444444 0.8098079789062499 0.5123340319444444 0.8098079789062499 0.48031315555555554
2 0.8309898078125 0.48031315555555554 0.8309898078125 0.508491525 0.86701329296875 0.508491525 0.86701329296875 0.48031315555555554
2 0.878540809375 0.47903231944444447 0.878540809375 0.5123340319444444 0.914564296875 0.5123340319444444 0.914564296875 0.47903231944444447
2 0.91672570546875 0.48031315555555554 0.91672570546875 0.5059298541666667 0.92825322109375 0.5059298541666667 0.92825322109375 0.48031315555555554
2 0.9260918117187501 0.47262814166666667 0.9260918117187501 0.5059298555555556 0.9498673125 0.5059298555555556 0.9498673125 0.47262814166666667
2 0.9419421460937499 0.470066475 0.9419421460937499 0.49568317222222225 0.9707609335937499 0.49568317222222225 0.9707609335937499 0.470066475
2 0.9368988578125 0.46366229861111113 0.9368988578125 0.5584440930555555 0.9995797234375001 0.5584440930555555 0.9995797234375001 0.46366229861111113
9 0.06830052265625 0.4605882958333334 0.06830052265625 0.5553700916666666 0.21311493828125 0.5553700916666666 0.21311493828125 0.4605882958333334
9 0 0.4247249152777778 0 0.5745826180555555 0.08415085624999999 0.5745826180555555 0.08415085624999999 0.4247249152777778
4 0.28994324296874996 0.4869511583333333 0.28994324296874996 0.5083400402777778 0.30005394375 0.5083400402777778 0.30005394375 0.4869511583333333
6 0.83855835546875 0.3822419680555556 0.83855835546875 0.41402868611111115 0.8459207203125001 0.41402868611111115 0.8459207203125001 0.3822419680555556