7 0.0465543875 0.56092725 0.0465543875 0.6120825069444444 0.08234747109375 0.6120825069444444 0.08234747109375 0.56092725
7 0.045618634375 0.4860659013888889 0.045618634375 0.5452401611111112 0.08234747109375 0.5452401611111112 0.08234747109375 0.4860659013888889
7 0.0149722546875 0.06933772222222223 0.0149722546875 0.23652806944444443 0.103402225 0.23652806944444443 0.103402225 0.06933772222222223
7 0.4714861484375 0.3955174625 0.4714861484375 0.43170044583333333 0.49010788203125 0.43170044583333333 0.49010788203125 0.3955174625
7 0.47303015156250006 0.4379388916666667 0.47303015156250006 0.46663574444444444 0.48636482968749994 0.46663574444444444 0.48636482968749994 0.4379388916666667
7 0.75937481171875 0.47287419166666667 0.75937481171875 0.4865987708333333 0.76920036484375 0.4865987708333333 0.76920036484375 0.47287419166666667
7 0.75797116171875 0.5215340666666667 0.75797116171875 0.5352586472222223 0.76358576171875 0.5352586472222223 0.76358576171875 0.5215340666666667
7 0.92598811953125 0.5040664180555555 0.92598811953125 0.5190386888888889 0.93370819765625 0.5190386888888889 0.93370819765625 0.5040664180555555
2 0.46320459921875 0.5302678916666667 0.46320459921875 0.5427447833333333 0.475135628125 0.5427447833333333 0.475135628125 0.5302678916666667
2 0.44285166953125 0.5315155805555556 0.44285166953125 0.54648785 0.45829182265624996 0.54648785 0.45829182265624996 0.5315155805555556
2 0.34670162421875 0.5277725125 0.34670162421875 0.5502309180555556 0.36424725234375 0.5502309180555556 0.36424725234375 0.5277725125
2 0.4779429265625 0.5277725125 0.4779429265625 0.5452401611111112 0.49338308125 0.5452401611111112 0.49338308125 0.5277725125
2 0.5053141078125 0.5290202013888888 0.5053141078125 0.5452401611111112 0.52075426015625 0.5452401611111112 0.52075426015625 0.5290202013888888
2 0.52075426015625 0.5240294444444444 0.52075426015625 0.5477355388888889 0.53970353984375 0.5477355388888889 0.53970353984375 0.5240294444444444
2 0.570583846875 0.5327632694444445 0.570583846875 0.5514786055555555 0.58321669921875 0.5514786055555555 0.58321669921875 0.5327632694444445
2 0.5797075734375 0.5265248236111111 0.5797075734375 0.5464878472222222 0.59093677578125 0.5464878472222222 0.59093677578125 0.5265248236111111
2 0.67375214375 0.5352586472222223 0.67375214375 0.5764323902777778 0.68778864765625 0.5764323902777778 0.68778864765625 0.5352586472222223
2 0.335472421875 0.5277725125 0.335472421875 0.5414970930555556 0.34459614765625 0.5414970930555556 0.34459614765625 0.5277725125
2 0.32073409375 0.5252771347222223 0.32073409375 0.5439924722222222 0.334770596875 0.5439924722222222 0.334770596875 0.5252771347222223
2 0.31090854140625 0.5302678916666667 0.31090854140625 0.5402494069444445 0.32073409375 0.5402494069444445 0.32073409375 0.5302678916666667
2 0.29687203828125003 0.5277725125 0.29687203828125003 0.5489832277777777 0.30599576640625 0.5489832277777777 0.30599576640625 0.5277725125
2 0.28143188515625 0.5290202013888888 0.28143188515625 0.5502309152777778 0.29125743671875004 0.5502309152777778 0.29125743671875004 0.5290202013888888
2 0.27300998359375 0.5302678916666667 0.27300998359375 0.5577170555555556 0.2856428359375 0.5577170555555556 0.2856428359375 0.5302678916666667
4 0.26669355703125 0.5315155805555556 0.26669355703125 0.5602124319444445 0.2751154578125 0.5602124319444445 0.2751154578125 0.5315155805555556
2 0.53689623984375 0.5252771347222223 0.53689623984375 0.5726893222222222 0.5733911468749999 0.5726893222222222 0.5733911468749999 0.5252771347222223
2 0.57619844765625 0.4965802833333333 0.57619844765625 0.6700090777777779 0.68427952109375 0.6700090777777779 0.68427952109375 0.4965802833333333
4 0.71586165234375 0.5171281638888888 0.71586165234375 0.5545588388888889 0.7256872046875 0.5545588388888889 0.7256872046875 0.5171281638888888
9 0.34508197734375 0.5181645263888889 0.34508197734375 0.5389604263888889 0.38407429140625 0.5389604263888889 0.38407429140625 0.5181645263888889