6 0.56833222734375 0 0.56833222734375 0.07815789583333334 0.5883157796875 0.07815789583333334 0.5883157796875 0
6 0.54435196484375 0.0017763166666666665 0.54435196484375 0.07460526527777778 0.5643355171875 0.07460526527777778 0.5643355171875 0.0017763166666666665
6 0.41328483515625003 0.3293796916666667 0.41328483515625003 0.3524717972222222 0.4192799 0.3524717972222222 0.4192799 0.3293796916666667
6 0.4192799 0.3263345888888889 0.4192799 0.3547556416666667 0.42427578828124995 0.3547556416666667 0.42427578828124995 0.3263345888888889
6 0.3343498015625 0.32988721944444444 0.3343498015625 0.34942669444444446 0.33934568984375 0.34942669444444446 0.33934568984375 0.32988721944444444
6 0.3283547359375 0.32988721944444444 0.3283547359375 0.34942669444444446 0.333350625 0.34942669444444446 0.333350625 0.32988721944444444
6 0.2813933859375 0.37962406388888886 0.2813933859375 0.39205827499999996 0.29238433984375 0.39205827499999996 0.29238433984375 0.37962406388888886
2 0.3663234859375 0.3986560069444445 0.3663234859375 0.42352443055555555 0.41028730234375 0.42352443055555555 0.41028730234375 0.3986560069444445
9 0.38930457265624996 0.3879981125 0.38930457265624996 0.40576127222222225 0.4062905921875 0.40576127222222225 0.4062905921875 0.3879981125
2 0.415283190625 0.4004323222222222 0.415283190625 0.42352442777777777 0.43626592109375 0.42352442777777777 0.43626592109375 0.4004323222222222
2 0.333350625 0.40220863888888886 0.333350625 0.42352443055555555 0.35333417734375 0.42352443055555555 0.35333417734375 0.40220863888888886
2 0.3033752953125 0.38977442916666666 0.3033752953125 0.4732612722222222 0.3343498015625 0.4732612722222222 0.3343498015625 0.38977442916666666
7 0.31436624765625 0.36845863749999996 0.31436624765625 0.3773402166666667 0.323358846875 0.3773402166666667 0.323358846875 0.36845863749999996
2 0.20045999765625 0.40753758611111107 0.20045999765625 0.4679323222222222 0.24442381328125 0.4679323222222222 0.24442381328125 0.40753758611111107
2 0.2324336828125 0.38977442916666666 0.2324336828125 0.4945770625 0.31536542734375 0.4945770625 0.31536542734375 0.38977442916666666
2 0.15249947265625 0.39687969166666665 0.15249947265625 0.4874717972222222 0.20345753125 0.4874717972222222 0.20345753125 0.39687969166666665
9 0 0.24411653333333333 0 0.5603007458333333 0.17548055703125 0.5603007458333333 0.17548055703125 0.24411653333333333
1 0.44226098515625 0.34359021805555556 0.44226098515625 0.4430639027777778 0.50121246796875 0.4430639027777778 0.50121246796875 0.34359021805555556
7 0.61711707265625 0.26543232222222224 0.61711707265625 0.28319548194444444 0.65208828984375 0.28319548194444444 0.65208828984375 0.26543232222222224
7 0.6351022703125 0.22990600694444444 0.6351022703125 0.24766916388888888 0.6570841781250001 0.24766916388888888 0.6570841781250001 0.22990600694444444
7 0.5971335203125 0.23345863749999998 0.5971335203125 0.2672086388888889 0.6131203617187501 0.2672086388888889 0.6131203617187501 0.23345863749999998
6 0.6430956906249999 0.29918232222222224 0.6430956906249999 0.3311560069444444 0.66507759921875 0.3311560069444444 0.66507759921875 0.29918232222222224
2 0.9570123289062501 0.39434210694444444 0.9570123289062501 0.5151315819444444 0.9999769671875001 0.5151315819444444 0.9999769671875001 0.39434210694444444