5 0.0916237265625 0.10996564305555556 0.0916237265625 0.2666667 0.14961342734375 0.2666667 0.14961342734375 0.10996564305555556
0 0.08118558125 0.18144333055555556 0.08118558125 0.29072169722222224 0.15425260390625 0.29072169722222224 0.15425260390625 0.18144333055555556
2 0 0.13608249583333334 0 0.21855673472222223 0.054510317187500004 0.21855673472222223 0.054510317187500004 0.13608249583333334
4 0.15889177968749998 0.1120275 0.15889177968749998 0.2432990097222222 0.18324745390625 0.2432990097222222 0.18324745390625 0.1120275
7 0.4944588578125 0.029553258333333332 0.4944588578125 0.07285223611111111 0.5130155601562499 0.07285223611111111 0.5130155601562499 0.029553258333333332
7 0.40360831406250003 0.019587630555555555 0.40360831406250003 0.038144336111111114 0.4314433703125 0.038144336111111114 0.4314433703125 0.019587630555555555
7 0.46507739531250003 0.040206193055555554 0.46507739531250003 0.08350516944444444 0.47899492421875 0.08350516944444444 0.47899492421875 0.040206193055555554
6 0.6117913390624999 0.05876289722222222 0.6117913390624999 0.07938145694444444 0.62106968984375 0.07938145694444444 0.62106968984375 0.05876289722222222
6 0.60657226484375 0.05463918472222222 0.60657226484375 0.07938145694444444 0.6123712343750001 0.07938145694444444 0.6123712343750001 0.05463918472222222
6 0.39201037421875 0.04845361527777778 0.39201037421875 0.08144331111111111 0.40940728515625 0.08144331111111111 0.40940728515625 0.04845361527777778
6 0.72429135625 0.04845361527777778 0.72429135625 0.0731958888888889 0.7370490890625 0.0731958888888889 0.7370490890625 0.04845361527777778
2 0.71262409921875 0.0027491319444444447 0.71262409921875 0.40893476388888883 0.9985826382812499 0.40893476388888883 0.9985826382812499 0.0027491319444444447
2 0.669201140625 0.10103094305555554 0.669201140625 0.19793817500000002 0.7318300171875001 0.19793817500000002 0.7318300171875001 0.10103094305555554
2 0.52886606640625 0.12329898055555556 0.52886606640625 0.1995876527777778 0.59381453046875 0.1995876527777778 0.59381453046875 0.12329898055555556
2 0.56018050546875 0.09226805555555556 0.56018050546875 0.1830928 0.61121144140625 0.1830928 0.61121144140625 0.09226805555555556
9 0.6216495867187499 0.061855680555555556 0.6216495867187499 0.18309280277777779 0.67268052265625 0.18309280277777779 0.67268052265625 0.061855680555555556
6 0.42912378203125 0.09072166388888889 0.42912378203125 0.1237113625 0.439561928125 0.1237113625 0.439561928125 0.09072166388888889
2 0.5729382390625 0.07164949722222222 0.5729382390625 0.17474229722222223 0.6204897921875 0.17474229722222223 0.6204897921875 0.07164949722222222
2 0.0498711421875 0.17268044027777776 0.0498711421875 0.20360828194444444 0.0765464046875 0.20360828194444444 0.0765464046875 0.17268044027777776
4 0.46443810390625 0.11239024583333332 0.46443810390625 0.17165854305555556 0.47678566640625003 0.17165854305555556 0.47678566640625003 0.11239024583333332