9 0 0.2963415847222222 0 0.7139925944444444 0.11600213359375 0.7139925944444444 0.11600213359375 0.2963415847222222
2 0.74962723359375 0.39165613194444443 0.74962723359375 0.6273430027777778 0.9991780421875 0.6273430027777778 0.9991780421875 0.39165613194444443
2 0.314862934375 0.3812581791666667 0.314862934375 0.4696407597222222 0.39382236953125 0.4696407597222222 0.39382236953125 0.3812581791666667
2 0.60633048046875 0.37605920416666666 0.60633048046875 0.44364588194444443 0.6648189515625 0.44364588194444443 0.6648189515625 0.37605920416666666
2 0.67164260546875 0.36219527083333336 0.67164260546875 0.5233635013888889 0.79349358671875 0.5233635013888889 0.79349358671875 0.36219527083333336
2 0.39187275390625 0.37605920416666666 0.39187275390625 0.4315149416666667 0.43183987578125 0.4315149416666667 0.43183987578125 0.37605920416666666
2 0.42599102968749997 0.3743262138888889 0.42599102968749997 0.4228499805555555 0.44061314609375 0.4228499805555555 0.44061314609375 0.3743262138888889
2 0.43476429921875 0.3691272375 0.43476429921875 0.41245203055555557 0.45815968828125 0.41245203055555557 0.45815968828125 0.3691272375
2 0.45426045625 0.3691272375 0.45426045625 0.40725305416666663 0.464008534375 0.40725305416666663 0.464008534375 0.3691272375
2 0.46205891875000005 0.36739424583333335 0.46205891875000005 0.3985880972222222 0.47375661328124996 0.3985880972222222 0.47375661328124996 0.36739424583333335
2 0.46985738125000004 0.36739424583333335 0.46985738125000004 0.3968551055555556 0.4805802671875 0.3968551055555556 0.4805802671875 0.36739424583333335
2 0.47960546015625 0.3656612541666666 0.47960546015625 0.3933891222222222 0.48837873046875 0.3933891222222222 0.48837873046875 0.3656612541666666
2 0.5839099 0.3725932194444444 0.5839099 0.4228499791666666 0.6141289421875 0.4228499791666666 0.6141289421875 0.3725932194444444
2 0.57318701328125 0.37086022916666667 0.57318701328125 0.40725305416666663 0.5917083625 0.40725305416666663 0.5917083625 0.37086022916666667
2 0.56246412734375 0.3639282625 0.56246412734375 0.4055200652777778 0.5839099 0.4055200652777778 0.5839099 0.3639282625
2 0.54979162421875 0.36219527083333336 0.54979162421875 0.3951221138888889 0.56636335859375 0.3951221138888889 0.56636335859375 0.36219527083333336