2 0.42835425390625004 0.33164543472222224 0.42835425390625004 0.4649787138888889 0.49177195390625006 0.4649787138888889 0.49177195390625006 0.33164543472222224
2 0.30901886171875004 0.3502108291666666 0.30901886171875004 0.3772150388888889 0.32895556328125003 0.3772150388888889 0.32895556328125003 0.3502108291666666
2 0.287183428125 0.34852306527777777 0.287183428125 0.38565385555555554 0.30996822890625003 0.38565385555555554 0.30996822890625003 0.34852306527777777
2 0.255854328125 0.34852306527777777 0.255854328125 0.39409266944444443 0.28623406171875 0.39409266944444443 0.28623406171875 0.34852306527777777
2 0.21693029218749998 0.3383964847222222 0.21693029218749998 0.39915595694444445 0.25680369375 0.39915595694444445 0.25680369375 0.3383964847222222
2 0.18560119140625 0.3451475375 0.18560119140625 0.41265806250000003 0.22357585859375 0.41265806250000003 0.22357585859375 0.3451475375
2 0.14667715546875 0.34852306527777777 0.14667715546875 0.42616016527777784 0.19604422421875 0.42616016527777784 0.19604422421875 0.34852306527777777
2 0.08971515468749999 0.3502108291666666 0.08971515468749999 0.4514766083333333 0.15901892265625 0.4514766083333333 0.15901892265625 0.3502108291666666
2 0 0.3465540152777778 0 0.47988729444444445 0.10822780390625 0.47988729444444445 0.10822780390625 0.3465540152777778
2 0.46378452578124996 0.3248416416666667 0.46378452578124996 0.49193018194444443 0.59859459765625 0.49193018194444443 0.59859459765625 0.3248416416666667
2 0.634936440625 0.28113560555555556 0.634936440625 0.8367929402777777 0.9981641765625 0.8367929402777777 0.9981641765625 0.28113560555555556
2 0.3989238859375 0.3422783472222222 0.3989238859375 0.40810110833333335 0.4093669203125 0.40810110833333335 0.4093669203125 0.3422783472222222
2 0.40462008593750004 0.34396610833333335 0.40462008593750004 0.41485215555555555 0.41886058671875004 0.41485215555555555 0.41886058671875004 0.34396610833333335
2 0.41126565312499996 0.3372150583333333 0.41126565312499996 0.4216032083333333 0.43499982265625 0.4216032083333333 0.43499982265625 0.3372150583333333
2 0.41696185390625 0.3422783472222222 0.41696185390625 0.42835426111111113 0.4435441203125 0.42835426111111113 0.4435441203125 0.3422783472222222
2 0.3685441515625 0.345653875 0.3685441515625 0.38278465972222225 0.39132895234375 0.38278465972222225 0.39132895234375 0.345653875