7 0.524887940625 0.22078109166666668 0.524887940625 0.27937480138888887 0.5459816765625 0.27937480138888887 0.5459816765625 0.22078109166666668
7 0.5327980906249999 0.32624976805555556 0.5327980906249999 0.3496872527777778 0.5459816765625 0.3496872527777778 0.5459816765625 0.32624976805555556
6 0.6527687125 0.33796851111111115 0.6527687125 0.3707809875 0.6712257312500001 0.3707809875 0.6712257312500001 0.33796851111111115
6 0.5367531671875 0.3520310013888889 0.5367531671875 0.37781223194444447 0.55257346875 0.37781223194444447 0.55257346875 0.3520310013888889
4 0.57234884609375 0.40124971666666664 0.57234884609375 0.49265590555555555 0.5881691484375 0.49265590555555555 0.5881691484375 0.40124971666666664
4 0.55784690234375 0.4082809625 0.55784690234375 0.49265590416666666 0.5736672031250001 0.49265590416666666 0.5736672031250001 0.4082809625
4 0.51170435625 0.4106247111111111 0.51170435625 0.49499965138888885 0.5301613749999999 0.49499965138888885 0.5301613749999999 0.4106247111111111
4 0.55652854375 0.4082809625 0.55652854375 0.49265590416666666 0.5670754125 0.49265590416666666 0.5670754125 0.4082809625
4 0.5499367515625 0.41765595555555557 0.5499367515625 0.4645309236111111 0.55652854375 0.4645309236111111 0.55652854375 0.41765595555555557
4 0.5433449593749999 0.41765595555555557 0.5433449593749999 0.462187175 0.55257346875 0.462187175 0.55257346875 0.41765595555555557
4 0.61058124140625 0.4106247111111111 0.61058124140625 0.47156216944444446 0.62112811015625 0.47156216944444446 0.62112811015625 0.4106247111111111
4 0.6224464671875001 0.41296845833333334 0.6224464671875001 0.4457809361111111 0.6356300523437499 0.4457809361111111 0.6356300523437499 0.41296845833333334
4 0.6316749765624999 0.4082809625 0.6316749765624999 0.4692184208333333 0.64749527734375 0.4692184208333333 0.64749527734375 0.4082809625
4 0.6501319953125 0.40359346527777773 0.6501319953125 0.4739059166666667 0.66199722265625 0.4739059166666667 0.66199722265625 0.40359346527777773
4 0.6435402031249999 0.40593721388888887 0.6435402031249999 0.4340621944444445 0.65540542890625 0.4340621944444445 0.65540542890625 0.40593721388888887
4 0.688364390625 0.39890596666666667 0.688364390625 0.44343718749999994 0.698911259375 0.44343718749999994 0.698911259375 0.39890596666666667
3 0.71736827734375 0.41296845833333334 0.71736827734375 0.47859341388888893 0.735825296875 0.47859341388888893 0.735825296875 0.41296845833333334
2 0.2862650578125 0.42703095 0.2862650578125 0.4551559319444444 0.3007670015625 0.4551559319444444 0.3007670015625 0.42703095
2 0.2638529640625 0.42703095 0.2638529640625 0.4645309236111111 0.28890177499999997 0.4645309236111111 0.28890177499999997 0.42703095
2 0.1662944375 0.44343718749999994 0.1662944375 0.4762496652777778 0.19793504140625 0.4762496652777778 0.19793504140625 0.44343718749999994
2 0.10301323124999999 0.39890596666666667 0.10301323124999999 0.48796840555555554 0.1689311546875 0.48796840555555554 0.1689311546875 0.39890596666666667
2 0.17684130546875002 0.43171844583333335 0.17684130546875002 0.5606246069444445 0.2849466984375 0.5606246069444445 0.2849466984375 0.43171844583333335
2 0.7846045593750001 0.39890596666666667 0.7846045593750001 0.4621871736111111 0.8136084453124999 0.4621871736111111 0.8136084453124999 0.39890596666666667
2 0.8887548773437499 0.38015598194444444 0.8887548773437499 0.4106247125 0.907211896875 0.4106247125 0.907211896875 0.38015598194444444
2 0.952036084375 0.3848434777777778 0.952036084375 0.4223434527777778 0.9678563859375 0.4223434527777778 0.9678563859375 0.3848434777777778
9 0.9625829515625 0.36140599444444443 0.9625829515625 0.44812468333333333 0.9994969890625001 0.44812468333333333 0.9994969890625001 0.36140599444444443
2 0.9757665375 0.387187225 0.9757665375 0.4574996763888889 0.99949698984375 0.4574996763888889 0.99949698984375 0.387187225
1 0.83733889765625 0.34734350416666665 0.83733889765625 0.4457809361111111 0.8913915953125 0.4457809361111111 0.8913915953125 0.34734350416666665
2 0.74109872890625 0.40124971666666664 0.74109872890625 0.48328091250000005 0.79910650234375 0.48328091250000005 0.79910650234375 0.40124971666666664
2 0.8149268031249999 0.3942184722222223 0.8149268031249999 0.4739059166666667 0.8729345765625001 0.4739059166666667 0.8729345765625001 0.3942184722222223
2 0.8979833875000001 0.38015598194444444 0.8979833875000001 0.4809371625 0.9652196695312499 0.4809371625 0.9652196695312499 0.38015598194444444
2 0.27308147421875 0.3543747513888889 0.27308147421875 0.7176557499999999 0.49324733828125 0.7176557499999999 0.49324733828125 0.3543747513888889
2 0 0.3942184722222223 0 0.7434369819444444 0.18738817265625002 0.7434369819444444 0.18738817265625002 0.3942184722222223
1 0.9322607078124999 0.36843724027777774 0.9322607078124999 0.38953097500000006 0.9573095195312501 0.38953097500000006 0.9573095195312501 0.36843724027777774
6 0.97541965390625 0.3186357444444444 0.97541965390625 0.33830461805555556 0.9814544218749999 0.33830461805555556 0.9814544218749999 0.3186357444444444
4 0.71089565703125 0.3973112375 0.71089565703125 0.4241324291666667 0.7169304249999999 0.4241324291666667 0.7169304249999999 0.3973112375
4 0.699831915625 0.3973112375 0.699831915625 0.42055627083333336 0.706872478125 0.42055627083333336 0.706872478125 0.3973112375