2 0.50994168203125 0.5241370611111111 0.50994168203125 0.5363391902777778 0.5186773 0.5363391902777778 0.5186773 0.5241370611111111
2 0.50307798203125 0.5252463458333333 0.50307798203125 0.5407763319444445 0.5136855179687501 0.5407763319444445 0.5136855179687501 0.5252463458333333
2 0.49995811874999996 0.5352299083333334 0.49995811874999996 0.5496506111111111 0.50869373671875 0.5496506111111111 0.50869373671875 0.5352299083333334
2 0.49621428281249996 0.5341206236111111 0.49621428281249996 0.5551970347222223 0.5080697640625 0.5551970347222223 0.5080697640625 0.5341206236111111
2 0.48872661015625 0.5441041861111111 0.48872661015625 0.5662898833333334 0.50307798203125 0.5662898833333334 0.50307798203125 0.5441041861111111
2 0.47063140234375 0.5374484777777777 0.47063140234375 0.570727023611111 0.49559030859375 0.570727023611111 0.49559030859375 0.5374484777777777
2 0.45004030390625005 0.5330113388888889 0.45004030390625005 0.5840384388888888 0.47312729140625 0.5840384388888888 0.47312729140625 0.5330113388888889
2 0.41384988749999996 0.5363391930555556 0.41384988749999996 0.5973498569444444 0.45939989531250003 0.5973498569444444 0.45939989531250003 0.5363391930555556
2 0.35332453671874997 0.5063885041666667 0.35332453671874997 0.6217541222222221 0.41821769609375004 0.6217541222222221 0.41821769609375004 0.5063885041666667
2 0.24724917890625 0.48531209305555556 0.24724917890625 0.6650162305555556 0.36767590859375 0.6650162305555556 0.36767590859375 0.48531209305555556
2 0 0.4398314166666667 0 0.7737261388888889 0.26440842734375003 0.7737261388888889 0.26440842734375003 0.4398314166666667
2 0.5283488765625 0.5319020541666666 0.5283488765625 0.5441041847222222 0.5327166851562499 0.5441041847222222 0.5327166851562499 0.5319020541666666
2 0.5327166851562499 0.5330113388888889 0.5327166851562499 0.5496506111111111 0.54145230390625 0.5496506111111111 0.54145230390625 0.5330113388888889
2 0.53396463046875 0.5407763319444445 0.53396463046875 0.5585248888888888 0.54394819375 0.5585248888888888 0.54394819375 0.5407763319444445
2 0.54082833046875 0.5385577625 0.54082833046875 0.5662898805555556 0.55143586875 0.5662898805555556 0.55143586875 0.5385577625
2 0.54582011171875 0.5429949013888888 0.54582011171875 0.5696177375 0.5582995671875 0.5696177375 0.5582995671875 0.5429949013888888
2 0.551435865625 0.5374484777777777 0.551435865625 0.5762734458333333 0.5689071007812501 0.5762734458333333 0.5689071007812501 0.5374484777777777
2 0.55642764765625 0.5352299083333334 0.55642764765625 0.5862570083333334 0.5801386117187499 0.5862570083333334 0.5801386117187499 0.5352299083333334
2 0.56765915625 0.5330113388888889 0.56765915625 0.5984591444444445 0.61133724609375 0.5984591444444445 0.61133724609375 0.5330113388888889
2 0.59823381796875 0.50306065 0.59823381796875 0.6408496763888889 0.69619752890625 0.6408496763888889 0.69619752890625 0.50306065
2 0.64191190625 0.5252463458333333 0.64191190625 0.6971854902777778 0.79416124375 0.6971854902777778 0.79416124375 0.5252463458333333