2 0.34508197734375 0.22962140277777776 0.34508197734375 0.779846275 0.79349358671875 0.779846275 0.79349358671875 0.22962140277777776
2 0.7610812265625 0.30760603194444447 0.7610812265625 0.7737808055555555 0.9999091476562499 0.7737808055555555 0.9999091476562499 0.30760603194444447
2 0.03996712109375 0.3587292861111111 0.03996712109375 0.5025676 0.1462211765625 0.5025676 0.1462211765625 0.3587292861111111
2 0.12769982734375002 0.4003210861111111 0.12769982734375002 0.5337614486111111 0.24467676953125 0.5337614486111111 0.24467676953125 0.4003210861111111
2 0.20958368671875 0.4089860472222222 0.20958368671875 0.6048141097222223 0.35970409609375 0.6048141097222223 0.35970409609375 0.4089860472222222
2 0.34215755546875004 0.4211169888888889 0.34215755546875004 0.4523108430555556 0.37432621171874997 0.4523108430555556 0.37432621171874997 0.4211169888888889
4 0.15012040859375 0.3812581805555556 0.15012040859375 0.43498092499999996 0.1647425265625 0.43498092499999996 0.1647425265625 0.3812581805555556
4 0.22907984296875 0.3639282625 0.22907984296875 0.4107190388888889 0.23980272890625 0.4107190388888889 0.23980272890625 0.3639282625
6 0.83092623046875 0.1178434375 0.83092623046875 0.20449302500000002 0.8552964265625 0.20449302500000002 0.8552964265625 0.1178434375
6 0.71102486875 0.11611044861111111 0.71102486875 0.20276003333333334 0.73539506328125 0.20276003333333334 0.73539506328125 0.11611044861111111
6 0.5745517398437501 0.15423626527777778 0.5745517398437501 0.2304879 0.6115944375 0.2304879 0.6115944375 0.15423626527777778
6 0.58854529453125 0.0011553236111111111 0.58854529453125 0.06527601944444444 0.63492485234375 0.06527601944444444 0.63492485234375 0.0011553236111111111
7 0 0.20564835138888887 0 0.2593710986111111 0.02924423515625 0.2593710986111111 0.02924423515625 0.20564835138888887
7 0.49196317578125 0.12477540416666666 0.49196317578125 0.2304879013888889 0.6674285875 0.2304879013888889 0.6674285875 0.12477540416666666
7 0.053614430468749995 0.3569962958333333 0.053614430468749995 0.3847241625 0.06433731640625 0.3847241625 0.06433731640625 0.3569962958333333