7 0.75778746328125 0.39881490277777776 0.75778746328125 0.4521324027777778 0.77458247578125 0.4521324027777778 0.77458247578125 0.39881490277777776
9 0.45187830390625 0.5033172013888889 0.45187830390625 0.5502366013888889 0.47347189062500006 0.5502366013888889 0.47347189062500006 0.5033172013888889
2 0.43268400390624995 0.5118480013888889 0.43268400390624995 0.5587674027777777 0.460275809375 0.5587674027777777 0.460275809375 0.5118480013888889
2 0.4122900609375 0.5203788013888888 0.4122900609375 0.575829 0.44947901640625 0.575829 0.44947901640625 0.5203788013888888
2 0.32711535390625 0.5203788013888888 0.32711535390625 0.5417058 0.34271072187499996 0.5417058 0.34271072187499996 0.5203788013888888
2 0.232343496875 0.5246442 0.232343496875 0.5662496111111112 0.2695324546875 0.5662496111111112 0.2695324546875 0.5246442
2 0.22034705937500002 0.516113401388889 0.22034705937500002 0.5459712013888889 0.241940646875 0.5459712013888889 0.241940646875 0.516113401388889
2 0.151967365625 0.5289096013888889 0.151967365625 0.5587674027777777 0.16996202109375 0.5587674027777777 0.16996202109375 0.5289096013888889
2 0.16396380390625 0.5246442 0.16396380390625 0.5630328 0.18675703515625 0.5630328 0.18675703515625 0.5246442
2 0.18315810390625 0.5182461027777778 0.18315810390625 0.5630328013888889 0.22754492265624998 0.5630328013888889 0.22754492265624998 0.5182461027777778
2 0.07399052109375 0.5310423 0.07399052109375 0.5736963013888888 0.09798339687499999 0.5736963013888888 0.09798339687499999 0.5310423
2 0.08958588984375 0.516113401388889 0.08958588984375 0.571563601388889 0.153167009375 0.571563601388889 0.153167009375 0.516113401388889
2 0.01040940234375 0.516113401388889 0.01040940234375 0.5800944013888889 0.05839515390625 0.5800944013888889 0.05839515390625 0.516113401388889
2 0.0001812703125 0.4969191 0.0001812703125 0.6867294013888889 0.017607265625 0.6867294013888889 0.017607265625 0.4969191
2 0.25993530390625 0.5097153013888889 0.25993530390625 0.5864925027777778 0.33191392890625 0.5864925027777778 0.33191392890625 0.5097153013888889
2 0.33071428359375 0.5054499013888889 0.33071428359375 0.6056868013888889 0.421887209375 0.6056868013888889 0.421887209375 0.5054499013888889
2 0.46627402890624997 0.4862556013888889 0.46627402890624997 0.6312792013888889 0.56104588515625 0.6312792013888889 0.56104588515625 0.4862556013888889
2 0.64502094921875 0.5203788013888888 0.64502094921875 0.5417058 0.67501204296875 0.5417058 0.67501204296875 0.5203788013888888
2 0.64861987890625 0.5225115013888889 0.64861987890625 0.5523693027777777 0.70620277890625 0.5523693027777777 0.70620277890625 0.5225115013888889
4 0.9353347375000001 0.3113742013888889 0.9353347375000001 0.8424165027777778 1 0.8424165027777778 1 0.3113742013888889