2 0.0019496156250000001 0.5424264097222222 0.0019496156250000001 0.7486524250000001 0.06823654921875 0.7486524250000001 0.06823654921875 0.5424264097222222
2 0.009748078125 0.5094995680555556 0.009748078125 0.6966626736111111 0.181314259375 0.6966626736111111 0.181314259375 0.5094995680555556
2 0.11307771015625001 0.4956356333333334 0.11307771015625001 0.6377409555555555 0.223230996875 0.6377409555555555 0.223230996875 0.4956356333333334
2 0.19398676171875 0.49216965 0.19398676171875 0.6100130875 0.2612485015625 0.6100130875 0.2612485015625 0.49216965
2 0.24370196171875 0.49910161666666664 0.24370196171875 0.5926831722222222 0.29049273828125 0.5926831722222222 0.29049273828125 0.49910161666666664
2 0.2748958125 0.5008346083333333 0.2748958125 0.5701542777777777 0.30121562421875 0.5701542777777777 0.30121562421875 0.5008346083333333
2 0.29439196953125 0.5008346083333333 0.29439196953125 0.5510913708333334 0.3197369734375 0.5510913708333334 0.3197369734375 0.5008346083333333
2 0.31291331875 0.5025676 0.31291331875 0.5510913708333334 0.33338428359375 0.5510913708333334 0.33338428359375 0.5025676
2 0.330459859375 0.49910161666666664 0.330459859375 0.5320284597222222 0.34898120859375 0.5320284597222222 0.34898120859375 0.49910161666666664
2 0.34898120859375 0.49216965 0.34898120859375 0.5285624763888889 0.3636033265625 0.5285624763888889 0.3636033265625 0.49216965
2 0.372376596875 0.5008346083333333 0.372376596875 0.5233635013888889 0.38114986796875 0.5233635013888889 0.38114986796875 0.5008346083333333
2 0.37725063671875 0.5025676 0.37725063671875 0.5250964930555556 0.3947971765625 0.5250964930555556 0.3947971765625 0.5025676
2 0.38699871484375004 0.497368625 0.38699871484375004 0.5545573527777777 0.43086506796875 0.5545573527777777 0.43086506796875 0.497368625
7 0.1462211765625 0.3847241625 0.1462211765625 0.4401799 0.16571733359375002 0.4401799 0.16571733359375002 0.3847241625
7 0.4971520015625 0.4228499805555555 0.4971520015625 0.4401798986111111 0.509824503125 0.4401798986111111 0.509824503125 0.4228499805555555
7 0.44451237734375004 0.4471118652777778 0.44451237734375004 0.47483973333333335 0.456210071875 0.47483973333333335 0.456210071875 0.4471118652777778
4 0.5107993109375 0.47137375 0.5107993109375 0.5372274347222222 0.5244466210937501 0.5372274347222222 0.5244466210937501 0.47137375