7 0.56148931953125 0.4523108388888889 0.56148931953125 0.46964075694444446 0.5780610515625 0.46964075694444446 0.5780610515625 0.4523108388888889
2 0 0.4817717 0 0.5389604263888889 0.03801750625 0.5389604263888889 0.03801750625 0.4817717
2 0.47668103671875006 0.47483973333333335 0.47668103671875006 0.5025675986111111 0.48350469140624996 0.5025675986111111 0.48350469140624996 0.47483973333333335
2 0.46985738125000004 0.47483973333333335 0.46985738125000004 0.5094995680555556 0.4786306515625 0.5094995680555556 0.4786306515625 0.47483973333333335
2 0.45426045625 0.4661747722222222 0.45426045625 0.5112325597222223 0.4698573828125 0.5112325597222223 0.4698573828125 0.4661747722222222
2 0.44548718593750003 0.4644417819444444 0.44548718593750003 0.4956356333333334 0.45815968828125 0.4956356333333334 0.45815968828125 0.4644417819444444
2 0.44548718593750003 0.4817717 0.44548718593750003 0.5302954680555556 0.46010930234374997 0.5302954680555556 0.46010930234374997 0.4817717
4 0.42306660546875 0.46790776666666667 0.42306660546875 0.5718872694444445 0.44256276093749997 0.5718872694444445 0.44256276093749997 0.46790776666666667
4 0.40357044843749995 0.4661747722222222 0.40357044843749995 0.5736202611111112 0.42501622031249997 0.5736202611111112 0.42501622031249997 0.4661747722222222
2 0.39284756171875 0.4471118652777778 0.39284756171875 0.5458923916666667 0.4425627625 0.5458923916666667 0.4425627625 0.4471118652777778
2 0.314862934375 0.4523108388888889 0.314862934375 0.5805522263888889 0.41429333437500004 0.5805522263888889 0.41429333437500004 0.4523108388888889
2 0.26709735 0.47483973333333335 0.26709735 0.6412069388888889 0.39089794609375 0.6412069388888889 0.39089794609375 0.47483973333333335
2 0.0009748078125000001 0.46097579861111115 0.0009748078125000001 0.8041081597222222 0.30219043203124996 0.8041081597222222 0.30219043203124996 0.46097579861111115
2 0.505925271875 0.4817717 0.505925271875 0.49910161527777774 0.51664815859375 0.49910161527777774 0.51664815859375 0.4817717
2 0.51274892578125 0.4817717 0.51274892578125 0.5025675986111111 0.5244466203125 0.5025675986111111 0.5244466203125 0.4817717
2 0.51957258203125 0.4817717 0.51957258203125 0.5094995680555556 0.53516950625 0.5094995680555556 0.53516950625 0.4817717
2 0.52834585234375 0.4817717 0.52834585234375 0.5250964930555556 0.555640471875 0.5250964930555556 0.555640471875 0.4817717
2 0.540043546875 0.4713737513888889 0.540043546875 0.5372274347222222 0.59463278515625 0.5372274347222222 0.59463278515625 0.4713737513888889
2 0.54199316328125 0.4887036666666667 0.54199316328125 0.5978821472222222 0.6053556734375001 0.5978821472222222 0.6053556734375001 0.4887036666666667
2 0.58001066796875 0.4644417819444444 0.58001066796875 0.6412069402777778 0.70186165 0.6412069402777778 0.70186165 0.4644417819444444
2 0.6765166460937501 0.4384469083333334 0.6765166460937501 0.8976897152777777 0.99820323515625 0.8976897152777777 0.99820323515625 0.4384469083333334
2 0.478630653125 0.47483973333333335 0.478630653125 0.5285624763888889 0.50982450390625 0.5285624763888889 0.50982450390625 0.47483973333333335