2 0.43420205390625 0.5820532194444444 0.43420205390625 0.6279600444444444 0.45715546640625 0.6279600444444444 0.45715546640625 0.5820532194444444
2 0.41124864140625006 0.5922547361111111 0.41124864140625006 0.6330608027777778 0.44089679921874997 0.6330608027777778 0.44089679921874997 0.5922547361111111
2 0.0334737265625 0.5990557472222222 0.0334737265625 0.6704663638888888 0.11189788593750001 0.6704663638888888 0.11189788593750001 0.5990557472222222
2 0.0066947453125 0.5990557472222222 0.0066947453125 0.677267375 0.070773021875 0.677267375 0.070773021875 0.5990557472222222
2 0.40551028828125 0.5990557472222222 0.40551028828125 0.6483630777777778 0.41889977890625 0.6483630777777778 0.41889977890625 0.5990557472222222
2 0.54960673046875 0.5565494277777778 0.54960673046875 0.6194587805555555 0.5716037507812499 0.6194587805555555 0.5716037507812499 0.5565494277777778
2 0.8546958390625001 0.5769524611111111 0.8546958390625001 0.6432623194444445 0.9006026640625 0.6432623194444445 0.9006026640625 0.5769524611111111
2 0.8566086234375 0.5871539777777778 0.8566086234375 0.6534638361111111 0.9818960000000001 0.6534638361111111 0.9818960000000001 0.5871539777777778
2 0.1348512984375 0.6251262805555555 0.1348512984375 0.6574310833333333 0.147284396875 0.6574310833333333 0.147284396875 0.6251262805555555
2 0.3388816421875 0.5735519555555555 0.3388816421875 0.6670658583333333 0.41061105624999994 0.6670658583333333 0.41061105624999994 0.5735519555555555
2 0.4345208609375 0.5531489222222222 0.4345208609375 0.7843833 0.57989247421875 0.7843833 0.57989247421875 0.5531489222222222
9 0.4555614890625 0.5338793722222223 0.4555614890625 0.5780859472222222 0.5119886289062501 0.5780859472222222 0.5119886289062501 0.5338793722222223
6 0.6101782164062499 0.4018264236111111 0.6101782164062499 0.4460329972222222 0.62261131484375 0.4460329972222222 0.62261131484375 0.4018264236111111
6 0.6755316921875 0.5134763388888889 0.6755316921875 0.5440808916666667 0.6812700453125 0.5440808916666667 0.6812700453125 0.5134763388888889
6 0.33696885781249997 0.5219776027777777 0.33696885781249997 0.5525821555555556 0.343663603125 0.5525821555555556 0.343663603125 0.5219776027777777
6 0.1405896515625 0.08841314444444444 0.1405896515625 0.2040303333333333 0.1711942015625 0.2040303333333333 0.1711942015625 0.08841314444444444
6 0.67712566953125 0.5480481638888889 0.67712566953125 0.5667509444444444 0.6876459835937501 0.5667509444444444 0.6876459835937501 0.5480481638888889
6 0.8872131734375 0.36215384166666664 0.8872131734375 0.4454662277777778 0.90155905625 0.4454662277777778 0.90155905625 0.36215384166666664
7 0.09563921875 0.08784638888888889 0.09563921875 0.18306054444444445 0.13676408281250002 0.18306054444444445 0.13676408281250002 0.08784638888888889
7 0.33728766484375 0.4692697666666667 0.33728766484375 0.4828717888888889 0.35928468515625 0.4828717888888889 0.35928468515625 0.4692697666666667
7 0.33920044921875003 0.4817383055555556 0.33920044921875003 0.5123428555555556 0.35450272421875 0.5123428555555556 0.35450272421875 0.4817383055555556
7 0.62293015078125 0.3984259180555556 0.62293015078125 0.4392319861111111 0.6382324265625 0.4392319861111111 0.6382324265625 0.3984259180555556
7 0.7800972484375001 0.5327458888888889 0.7800972484375001 0.5429474055555555 0.80209426875 0.5429474055555555 0.80209426875 0.5327458888888889
7 0.4230441546875 0.47663754722222224 0.4230441546875 0.5123428555555556 0.43356446875000004 0.5123428555555556 0.43356446875000004 0.47663754722222224
7 0.33728765 0.44036546944444444 0.33728765 0.4539674916666666 0.3592846703125 0.4539674916666666 0.3592846703125 0.44036546944444444
4 0.12815655312500002 0.5758189763888889 0.12815655312500002 0.6880356597222222 0.1453716125 0.6880356597222222 0.1453716125 0.5758189763888889
4 0.07746776718750001 0.5837534722222222 0.07746776718750001 0.6959701555555556 0.10233396406249999 0.6959701555555556 0.10233396406249999 0.5837534722222222
4 0.105203140625 0.5718517027777777 0.105203140625 0.6993706611111111 0.135807690625 0.6993706611111111 0.135807690625 0.5718517027777777
4 0.22666494843749999 0.5905544833333334 0.22666494843749999 0.6653656055555556 0.24101083124999997 0.6653656055555556 0.24101083124999997 0.5905544833333334
4 0.2524875375 0.5871539777777778 0.2524875375 0.6653656055555556 0.2763973421875 0.6653656055555556 0.2763973421875 0.5871539777777778
4 0.7762716796875 0.5735519555555555 0.7762716796875 0.6517635833333334 0.796355915625 0.6517635833333334 0.796355915625 0.5735519555555555
4 0.8154837593750001 0.5871539777777778 0.8154837593750001 0.6500633305555555 0.8269604656249999 0.6500633305555555 0.8269604656249999 0.5871539777777778
7 0.71346857265625 0.5554159166666667 0.71346857265625 0.569017938888889 0.7239888867187501 0.569017938888889 0.7239888867187501 0.5554159166666667
7 0.96149295 0.5695846819444444 0.96149295 0.5831867041666666 0.971056871875 0.5831867041666666 0.971056871875 0.5695846819444444