7 0.27466342265625 0.3734195611111111 0.27466342265625 0.4018705763888889 0.2914673015625 0.4018705763888889 0.2914673015625 0.3734195611111111
7 0.30106952109375 0.40756077916666666 0.30106952109375 0.4274764875 0.31227210781250003 0.4274764875 0.31227210781250003 0.40756077916666666
7 0.27706397890625 0.40329312500000003 0.27706397890625 0.4132509777777778 0.2834654546875 0.4132509777777778 0.2834654546875 0.40329312500000003
7 0.54352550546875 0.3236302888888889 0.54352550546875 0.3535038486111111 0.5563284625 0.3535038486111111 0.5563284625 0.3236302888888889
7 0.45990619765625 0.4061382263888889 0.45990619765625 0.4232088361111111 0.46790804531249997 0.4232088361111111 0.46790804531249997 0.4061382263888889
6 0.43109954453125 0.40044802500000004 0.43109954453125 0.4118284291666666 0.43910139218750005 0.4118284291666666 0.43910139218750005 0.40044802500000004
6 0.43870130234375004 0.41040587777777776 0.43870130234375004 0.4260539361111111 0.447503334375 0.4260539361111111 0.447503334375 0.41040587777777776
2 0.43870130234375004 0.4246313847222222 0.43870130234375004 0.49433637083333337 0.48431183437499997 0.49433637083333337 0.48431183437499997 0.4246313847222222
2 0.3058706296875 0.44027944444444445 0.3058706296875 0.4829559666666667 0.33867820390625003 0.4829559666666667 0.33867820390625003 0.44027944444444445
2 0.28586601015625 0.4431245472222222 0.28586601015625 0.48864616944444444 0.31387247578125 0.48864616944444444 0.31387247578125 0.4431245472222222
2 0.25385861875 0.4431245472222222 0.25385861875 0.4929138208333333 0.30106952109375 0.4929138208333333 0.30106952109375 0.4431245472222222
2 0.20904827187500002 0.44454709583333335 0.20904827187500002 0.5099844263888889 0.2706625 0.5099844263888889 0.2706625 0.44454709583333335
2 0.0226052203125 0.4303215902777778 0.0226052203125 0.5512384 0.1594368171875 0.5512384 0.1594368171875 0.4303215902777778
2 0.000200046875 0.4160960819444445 0.000200046875 0.5839570638888889 0.06821575078125 0.5839570638888889 0.06821575078125 0.4160960819444445
2 0.33307691093749997 0.40044802500000004 0.33307691093749997 0.572576663888889 0.4611064734375 0.572576663888889 0.4611064734375 0.40044802500000004
4 0.62994546171875 0.39049016666666664 0.62994546171875 0.505716775 0.67075488359375 0.505716775 0.67075488359375 0.39049016666666664