2 0.44402328203124997 0.5426783763888889 0.44402328203124997 0.5764283638888889 0.4619529625 0.5764283638888889 0.4619529625 0.5426783763888889
2 0.45351546562499995 0.5426783763888889 0.45351546562499995 0.5933033597222223 0.47355452187499997 0.5933033597222223 0.47355452187499997 0.5426783763888889
2 0.4271482890625 0.5389283763888889 0.4271482890625 0.5783033638888889 0.45246077890625 0.5783033638888889 0.45246077890625 0.5389283763888889
2 0.33011707109375 0.5255355263888889 0.33011707109375 0.6155355 0.39023423749999997 0.6155355 0.39023423749999997 0.5255355263888889
2 0.37335924375 0.5408033805555555 0.37335924375 0.6420533430555556 0.44929671718749997 0.6420533430555556 0.44929671718749997 0.5408033805555555
2 0.26156240859375 0.5501783791666667 0.26156240859375 0.6439283444444445 0.35226550078124996 0.6439283444444445 0.35226550078124996 0.5501783791666667
2 0.4640623375 0.5014283944444444 0.4640623375 0.6645533361111111 0.55687480546875 0.6645533361111111 0.55687480546875 0.5014283944444444
7 0.54949199453125 0.43392841527777776 0.54949199453125 0.4770534 0.571640425 0.4770534 0.571640425 0.43392841527777776
7 0.43347641015624994 0.0018749694444444443 0.43347641015624994 0.15187491666666667 0.59906229140625 0.15187491666666667 0.59906229140625 0.0018749694444444443
2 0 0.6045533583333333 0 0.7770532972222223 0.0400781109375 0.7770532972222223 0.0400781109375 0.6045533583333333
2 0 0.7336604611111112 0 0.979285375 0.0337499890625 0.979285375 0.0337499890625 0.7336604611111112