2 0.21284321875 0.41026678194444444 0.21284321875 0.5031312194444445 0.28846883046875 0.5031312194444445 0.28846883046875 0.41026678194444444
2 0 0.4393735472222222 0 0.5336240222222222 0.07016809375000001 0.5336240222222222 0.07016809375000001 0.4393735472222222
2 0.05847341171875 0.43382940138888887 0.05847341171875 0.5142195125 0.12708221640625 0.5142195125 0.12708221640625 0.43382940138888887
2 0.1169468234375 0.4241271444444444 0.1169468234375 0.48927085833333334 0.16918306953125 0.48927085833333334 0.16918306953125 0.4241271444444444
2 0.46856693828124996 0.3742298347222222 0.46856693828124996 0.4074947097222222 0.5028713390624999 0.4074947097222222 0.5028713390624999 0.3742298347222222
2 0.45765190234375003 0.38254605416666665 0.45765190234375003 0.4019505652777778 0.47636339375 0.4019505652777778 0.47636339375 0.38254605416666665
2 0.8030348546875 0.3090861236111111 0.8030348546875 0.39502038055555555 0.9129648703125 0.39502038055555555 0.9129648703125 0.3090861236111111
2 0.9051684132812501 0.2979978333333333 0.9051684132812501 0.3756158680555555 0.9979462265624999 0.3756158680555555 0.9979462265624999 0.2979978333333333
7 0.9690993421874999 0.23701222916666667 0.9690993421874999 0.2799793569444444 0.98625154453125 0.2799793569444444 0.98625154453125 0.23701222916666667
7 0.5083288593749999 0.2675050305555556 0.5083288593749999 0.29383972222222227 0.5254810601562501 0.29383972222222227 0.5254810601562501 0.2675050305555556
7 0.51378637734375 0.31740234166666664 0.51378637734375 0.3451230736111111 0.527819996875 0.3451230736111111 0.527819996875 0.31740234166666664
7 0.19335208125 0.3936343458333333 0.19335208125 0.41026678333333333 0.2097246375 0.41026678333333333 0.2097246375 0.3936343458333333
6 0.32667146015625004 0.33264874166666664 0.32667146015625004 0.3534392888888889 0.33368826953125 0.3534392888888889 0.33368826953125 0.33264874166666664
6 0.41399175390625 0.3229464875 0.41399175390625 0.3409649583333333 0.42100856328124997 0.3409649583333333 0.42100856328124997 0.3229464875
7 0.42802537265625 0.34235099722222223 0.42802537265625 0.36452758055555556 0.43582182812500003 0.36452758055555556 0.43582182812500003 0.34235099722222223
7 0.44049970078125 0.3381928875 0.44049970078125 0.3617555069444444 0.44907580156250004 0.3617555069444444 0.44907580156250004 0.3381928875
7 0.45375367421875 0.3381928875 0.45375367421875 0.3631415444444444 0.46622800234375 0.3631415444444444 0.46622800234375 0.3381928875
7 0.46622800234375 0.3201744138888889 0.46622800234375 0.339578925 0.47402445625 0.339578925 0.47402445625 0.3201744138888889
7 0.47948197578125 0.3575973972222222 0.47948197578125 0.3700717236111111 0.4857191390625 0.3700717236111111 0.4857191390625 0.3575973972222222
2 0.32589181484375 0.39640641666666665 0.32589181484375 0.4407595833333333 0.35629798984375 0.4407595833333333 0.35629798984375 0.39640641666666665
2 0.35707763515625 0.4074947111111111 0.35707763515625 0.44353165833333336 0.37033160859375 0.44353165833333336 0.37033160859375 0.4074947111111111
2 0.37422983515624997 0.41026678194444444 0.37422983515624997 0.4366014722222223 0.38436522421874997 0.4366014722222223 0.38436522421874997 0.41026678194444444
2 0.38670416171875 0.4130388569444444 0.38670416171875 0.4352154375 0.39450061718749996 0.4352154375 0.39450061718749996 0.4130388569444444
2 0.4342625375 0.41026678194444444 0.4342625375 0.42135507222222224 0.443618284375 0.42135507222222224 0.443618284375 0.41026678194444444
2 0.4241271453125 0.4061086722222222 0.4241271453125 0.4241271458333334 0.43036431015625 0.4241271458333334 0.43036431015625 0.4061086722222222
2 0.30795996875 0.4310573277777777 0.30795996875 0.44491769166666667 0.3219935875 0.44491769166666667 0.3219935875 0.4310573277777777
7 0.5231421234375 0.28829557638888886 0.5231421234375 0.29938386805555556 0.5340571609375 0.29938386805555556 0.5340571609375 0.28829557638888886
7 0.1824370453125 0.36868568749999997 0.1824370453125 0.3742298347222222 0.20114853671875 0.3742298347222222 0.20114853671875 0.36868568749999997
6 0.03274511015625 0.2952257583333333 0.03274511015625 0.33264874166666664 0.03976191953125 0.33264874166666664 0.03976191953125 0.2952257583333333