7 0.61802817421875 0.4315149402777778 0.61802817421875 0.4540438319444445 0.6307006765625001 0.4540438319444445 0.6307006765625001 0.4315149402777778
7 0.76132492734375 0.3985880972222222 0.76132492734375 0.42631596527777776 0.7798462765624999 0.42631596527777776 0.7798462765624999 0.3985880972222222
7 0.509824503125 0.47137375 0.509824503125 0.4817717 0.52054738984375 0.4817717 0.52054738984375 0.47137375
6 0.5049504640625 0.40032108888888884 0.5049504640625 0.41938399722222225 0.51177411875 0.41938399722222225 0.51177411875 0.40032108888888884
6 0.551741240625 0.3933891222222222 0.551741240625 0.41938399583333336 0.5585648953125 0.41938399583333336 0.5585648953125 0.3933891222222222
6 0.5127489265625 0.40378707222222227 0.5127489265625 0.4211169888888889 0.5166481593750001 0.4211169888888889 0.5166481593750001 0.40378707222222227
6 0.56051451171875 0.3933891222222222 0.56051451171875 0.41938399583333336 0.56636335859375 0.41938399583333336 0.56636335859375 0.3933891222222222
6 0.54589239375 0.39165613055555554 0.54589239375 0.41938399583333336 0.5507664328125 0.41938399583333336 0.5507664328125 0.39165613055555554
6 0.51762296640625 0.4315149402777778 0.51762296640625 0.4471118652777778 0.5244466210937501 0.4471118652777778 0.5244466210937501 0.4315149402777778
2 0 0.5112325597222223 0 0.9600774166666666 0.23980273046875 0.9600774166666666 0.23980273046875 0.5112325597222223
2 0.460109303125 0.5233635013888889 0.460109303125 0.6810657486111111 0.57026258984375 0.6810657486111111 0.57026258984375 0.5233635013888889
2 0.7700981984374999 0.46790776666666667 0.7700981984374999 0.9722083583333333 0.9982032343749999 0.9722083583333333 0.9982032343749999 0.46790776666666667
2 0.66286933515625 0.5181645263888889 0.66286933515625 0.7399874666666667 0.8441835945312499 0.7399874666666667 0.8441835945312499 0.5181645263888889
2 0.61607855859375 0.5181645263888889 0.61607855859375 0.6654688208333333 0.71063491953125 0.6654688208333333 0.71063491953125 0.5181645263888889
2 0.5858595156249999 0.5268294847222222 0.5858595156249999 0.6308089888888889 0.639473946875 0.6308089888888889 0.639473946875 0.5268294847222222
2 0.5566152796875 0.5268294847222222 0.5566152796875 0.5926831708333333 0.6073052890625 0.5926831708333333 0.6073052890625 0.5268294847222222
2 0.45231084062500004 0.5025676 0.45231084062500004 0.6100130875 0.52054738984375 0.6100130875 0.52054738984375 0.5025676
9 0.62972586875 0.46964075833333335 0.62972586875 0.5233635013888889 0.70283645703125 0.5233635013888889 0.70283645703125 0.46964075833333335
9 0.35775447968749996 0.48697067499999996 0.35775447968749996 0.5233635013888889 0.37920025234375 0.5233635013888889 0.37920025234375 0.48697067499999996
9 0.38017506015625 0.49043665833333333 0.38017506015625 0.5302954680555556 0.4055200640625 0.5302954680555556 0.4055200640625 0.49043665833333333
9 0.41039410312499996 0.5008346083333333 0.41039410312499996 0.5285624763888889 0.43086506796875 0.5285624763888889 0.43086506796875 0.5008346083333333
9 0.43086506796875 0.4817717 0.43086506796875 0.5250964930555556 0.49130315468749997 0.5250964930555556 0.49130315468749997 0.4817717