2 0 0.21713788055555555 0 0.41623875972222224 0.163381828125 0.41623875972222224 0.163381828125 0.21713788055555555
2 0.86949188359375 0.42837905694444445 0.86949188359375 0.6396202347222222 0.99924131328125 0.6396202347222222 0.99924131328125 0.42837905694444445
2 0.96236516015625 0.3628214513888889 0.96236516015625 0.4308071152777778 0.99924131328125 0.4308071152777778 0.99924131328125 0.3628214513888889
2 0.16338182734375 0.3118322013888889 0.16338182734375 0.35553727222222226 0.20845268203125 0.35553727222222226 0.20845268203125 0.3118322013888889
2 0.43380695546875003 0.3142602611111111 0.43380695546875003 0.3531092138888889 0.46248840859374996 0.3531092138888889 0.46248840859374996 0.3142602611111111
2 0.36551778125 0.2632710111111111 0.36551778125 0.3968142847222222 0.43653852265625004 0.3968142847222222 0.43653852265625004 0.2632710111111111
2 0.4583910578125 0.2972638444444444 0.4583910578125 0.39195816527777777 0.5266802312500001 0.39195816527777777 0.5266802312500001 0.2972638444444444
2 0.86812610078125 0.3458250347222222 0.86812610078125 0.37496174861111115 0.9145627382812499 0.37496174861111115 0.9145627382812499 0.3458250347222222
2 0.80256849375 0.3433969763888889 0.80256849375 0.37253369027777783 0.8490051320312499 0.37253369027777783 0.8490051320312499 0.3433969763888889
2 0.7711554734375 0.3069760819444445 0.7711554734375 0.38710204722222225 0.7902764421875 0.38710204722222225 0.7902764421875 0.3069760819444445
2 0.6195535078125001 0.2705551888888889 0.6195535078125001 0.3846739861111111 0.7697896890625 0.3846739861111111 0.7697896890625 0.2705551888888889
2 0.5813115703125 0.3385408555555556 0.5813115703125 0.3579653319444444 0.5977009718749999 0.3579653319444444 0.5977009718749999 0.3385408555555556
2 0.56901951953125 0.3336847361111111 0.56901951953125 0.3482530930555556 0.5813115703125 0.3482530930555556 0.5813115703125 0.3336847361111111
2 0.5567274679687501 0.3336847361111111 0.5567274679687501 0.3482530930555556 0.56901951953125 0.3482530930555556 0.56901951953125 0.3336847361111111
7 0.45975684140624995 0.20499758333333334 0.45975684140624995 0.24627459444444447 0.47751202656249997 0.24627459444444447 0.47751202656249997 0.20499758333333334
7 0.41468598671874995 0.2195659402777778 0.41468598671874995 0.2705551888888889 0.46658575859375 0.2705551888888889 0.46658575859375 0.2195659402777778
7 0.8612971828125 0.26569907083333333 0.8612971828125 0.2802674263888889 0.8817839359375 0.2802674263888889 0.8817839359375 0.26569907083333333
7 0.873589234375 0.2244220583333333 0.873589234375 0.2438465347222222 0.8872470679687501 0.2438465347222222 0.8872470679687501 0.2244220583333333
7 0.873589234375 0.23899041666666668 0.873589234375 0.25113071388888886 0.89544176953125 0.25113071388888886 0.89544176953125 0.23899041666666668
2 0.21662169921875002 0.2948684222222222 0.21662169921875002 0.357039475 0.28056906796875 0.357039475 0.28056906796875 0.2948684222222222