6 0.19888401875 0.15459190416666668 0.19888401875 0.22346948611111112 0.2169643828125 0.22346948611111112 0.2169643828125 0.15459190416666668
6 0.5613522921875 0.2908164569444444 0.5613522921875 0.3336736208333333 0.57340586875 0.3336736208333333 0.57340586875 0.2908164569444444
6 0.51916477421875 0.46530633194444443 0.51916477421875 0.4867349111111111 0.528635440625 0.4867349111111111 0.528635440625 0.46530633194444443
6 0.44426040390625 0.4622451041666667 0.44426040390625 0.47755123194444443 0.45114816015625003 0.47755123194444443 0.45114816015625003 0.4622451041666667
6 0.47439434453124996 0.488265525 0.47439434453124996 0.5066328819444444 0.481282103125 0.5066328819444444 0.481282103125 0.488265525
6 0.4967795609375 0.4744900083333334 0.4967795609375 0.48979613749999995 0.5045282875 0.48979613749999995 0.5045282875 0.4744900083333334
6 0.50969410703125 0.4836736861111111 0.50969410703125 0.4959185916666667 0.51830380546875 0.4959185916666667 0.51830380546875 0.4836736861111111
6 0.3142539671875 0.46377571805555556 0.3142539671875 0.4867349138888889 0.32889045390625 0.4867349138888889 0.32889045390625 0.46377571805555556
6 0.79381413125 0.440816525 0.79381413125 0.46377571805555556 0.80672867734375 0.46377571805555556 0.80672867734375 0.440816525
6 0.2169643828125 0.15306129305555555 0.2169643828125 0.22500010138888887 0.24537638515625 0.22500010138888887 0.24537638515625 0.15306129305555555
6 0.5725449 0.2877552319444444 0.5725449 0.33061239305555556 0.58804235625 0.33061239305555556 0.58804235625 0.2877552319444444
6 0.8635526835937499 0.3658164888888889 0.8635526835937499 0.4224491680555556 0.9109060203125001 0.4224491680555556 0.9109060203125001 0.3658164888888889
6 0.8420284390624999 0.37346955416666666 0.8420284390624999 0.42551039166666665 0.8652746226562501 0.42551039166666665 0.8652746226562501 0.37346955416666666
6 0.6948026078125 0.4423471388888889 0.6948026078125 0.4760206236111111 0.71804879140625 0.4760206236111111 0.71804879140625 0.4423471388888889
6 0.1997449875 0.45918388055555553 0.1997449875 0.48826552777777776 0.22557408046875 0.48826552777777776 0.22557408046875 0.45918388055555553
7 0.049936246875 0.16377558333333334 0.049936246875 0.20357151666666667 0.139477103125 0.20357151666666667 0.139477103125 0.16377558333333334
7 0.42445809843750004 0.46377571805555556 0.42445809843750004 0.4806124625 0.44253846328125 0.4806124625 0.44253846328125 0.46377571805555556
7 0.60009593359375 0.46989816944444446 0.60009593359375 0.4989798138888889 0.61301048125 0.4989798138888889 0.61301048125 0.46989816944444446
7 0.5398280484375 0.4836736861111111 0.5398280484375 0.4974492027777778 0.5475767765625 0.4974492027777778 0.5475767765625 0.4836736861111111
7 0.6939416375 0.3750001680555555 0.6939416375 0.39336752500000005 0.7128829734375 0.39336752500000005 0.7128829734375 0.3750001680555555
7 0.6793051515624999 0.39183691249999997 0.6793051515624999 0.4102042666666667 0.70771715390625 0.4102042666666667 0.70771715390625 0.39183691249999997
7 0.6810270914062501 0.42244917083333333 0.6810270914062501 0.43469407083333333 0.704273275 0.43469407083333333 0.704273275 0.42244917083333333
7 0.83169680234375 0.33061239305555556 0.83169680234375 0.3658164888888889 0.893686625 0.3658164888888889 0.893686625 0.33061239305555556
6 0.5553255046875 0.5020410416666667 0.5553255046875 0.5158165583333333 0.56307423125 0.5158165583333333 0.56307423125 0.5020410416666667
7 0.5630742328125 0.4974492027777778 0.5630742328125 0.5112247180555556 0.57168393125 0.5112247180555556 0.57168393125 0.4974492027777778
7 0.53638416875 0.4668369444444444 0.53638416875 0.4913267513888889 0.54413289765625 0.4913267513888889 0.54413289765625 0.4668369444444444
6 0.41670937109375006 0.5066328791666667 0.41670937109375006 0.5204083930555556 0.42618003828125 0.5204083930555556 0.42618003828125 0.5066328791666667
6 0.45459204062499997 0.5096941069444445 0.45459204062499997 0.5250002375 0.46234076875 0.5250002375 0.46234076875 0.5096941069444445
4 0.097289584375 0.5311226888888889 0.097289584375 0.6168370111111111 0.11709188906250001 0.6168370111111111 0.11709188906250001 0.5311226888888889
4 0.19457916796875002 0.5142859444444444 0.19457916796875002 0.5831635263888889 0.20835468437500002 0.5831635263888889 0.20835468437500002 0.5142859444444444
4 0.11709188906250001 0.5311226888888889 0.11709188906250001 0.6091839486111111 0.13431128515625 0.6091839486111111 0.13431128515625 0.5311226888888889
6 0.23590571796874998 0.4974492027777778 0.23590571796874998 0.5204083958333333 0.24365444609375003 0.5204083958333333 0.24365444609375003 0.4974492027777778
4 0.22815698984375002 0.5142859444444444 0.22815698984375002 0.5908165916666667 0.24451541484375 0.5908165916666667 0.24451541484375 0.5142859444444444
4 0.24107153750000002 0.5188777833333333 0.24107153750000002 0.5938778180555556 0.26001287265625 0.5938778180555556 0.26001287265625 0.5188777833333333
4 0.43737264531250003 0.5250002375 0.43737264531250003 0.5571431083333334 0.44512137265625 0.5571431083333334 0.44512137265625 0.5250002375
4 0.51658186484375 0.5081634930555556 0.51658186484375 0.5448982055555556 0.527774471875 0.5448982055555556 0.527774471875 0.5081634930555556
4 0.6551979984375 0.5005104305555556 0.6551979984375 0.5892859805555556 0.6689735140625 0.5892859805555556 0.6689735140625 0.5005104305555556
4 0.74990467421875 0.5127553305555556 0.74990467421875 0.6045921111111111 0.7714289187500001 0.6045921111111111 0.7714289187500001 0.5127553305555556
4 0.5889033265625 0.5035716555555556 0.5889033265625 0.5510206597222223 0.60009593359375 0.5510206597222223 0.60009593359375 0.5035716555555556
4 0.6767222421875 0.4974492027777778 0.6767222421875 0.5862247527777777 0.69049775859375 0.5862247527777777 0.69049775859375 0.4974492027777778
4 0.69824648671875 0.5035716555555556 0.69824648671875 0.5510206597222223 0.712022003125 0.5510206597222223 0.712022003125 0.5035716555555556
4 0.93845705390625 0.4974492027777778 0.93845705390625 0.5984696569444444 0.98150554296875 0.5984696569444444 0.98150554296875 0.4974492027777778
4 0.69049775859375 0.5096941069444445 0.69049775859375 0.5877553638888888 0.704273275 0.5877553638888888 0.704273275 0.5096941069444445
2 0.4967795609375 0.4836736861111111 0.4967795609375 0.4974492027777778 0.50797216796875 0.4974492027777778 0.50797216796875 0.4836736861111111
2 0.48816986093750003 0.5020410416666667 0.48816986093750003 0.5158165583333333 0.50108440859375 0.5158165583333333 0.50108440859375 0.5020410416666667
2 0.47525531484375005 0.5081634930555556 0.47525531484375005 0.5280614611111111 0.48472598203125 0.5280614611111111 0.48472598203125 0.5081634930555556
2 0.464923678125 0.5127553305555556 0.464923678125 0.5357145263888888 0.477838225 0.5357145263888888 0.477838225 0.5127553305555556
2 0.45459204062499997 0.5295920749999999 0.45459204062499997 0.5464288166666667 0.464923678125 0.5464288166666667 0.464923678125 0.5295920749999999
2 0.44426040390625 0.523469623611111 0.44426040390625 0.5479594305555556 0.45459204062499997 0.5479594305555556 0.45459204062499997 0.523469623611111
2 0.42790197890625 0.5250002375 0.42790197890625 0.5540818819444445 0.44167749453124994 0.5540818819444445 0.44167749453124994 0.5250002375
2 0.40379482343750006 0.5265308472222222 0.40379482343750006 0.5617349444444445 0.42704100703125 0.5617349444444445 0.42704100703125 0.5265308472222222
2 0.37538282109375 0.5295920749999999 0.37538282109375 0.5693880124999999 0.40293385390625 0.5693880124999999 0.40293385390625 0.5295920749999999
2 0.50194537890625 0.49591859027777774 0.50194537890625 0.5112247194444445 0.5122770156249999 0.5112247194444445 0.5122770156249999 0.49591859027777774
2 0.50108440859375 0.5173471722222222 0.50108440859375 0.5357145263888888 0.51399895625 0.5357145263888888 0.51399895625 0.5173471722222222
2 0.52691350234375 0.5219390097222222 0.52691350234375 0.5418369777777777 0.5381061093749999 0.5418369777777777 0.5381061093749999 0.5219390097222222
2 0.53638416875 0.5188777833333333 0.53638416875 0.5525512680555555 0.5536035640625 0.5525512680555555 0.5536035640625 0.5188777833333333
2 0.321141725 0.5219390097222222 0.321141725 0.5877553638888888 0.37624379140625 0.5877553638888888 0.37624379140625 0.5219390097222222
2 0.47956016406249996 0.5250002375 0.47956016406249996 0.5433675916666667 0.4959185890625 0.5433675916666667 0.4959185890625 0.5250002375
2 0.5449938671875 0.5173471722222222 0.5449938671875 0.5647961736111111 0.5777107203125 0.5647961736111111 0.5777107203125 0.5173471722222222
4 0.14292098203125 0.5341839125 0.14292098203125 0.5877553638888888 0.15583552812499998 0.5877553638888888 0.15583552812499998 0.5341839125
2 0.91607183984375 0.5700002472222222 0.91607183984375 0.8562248652777777 0.99872493828125 0.8562248652777777 0.99872493828125 0.5700002472222222
4 0.27010970546875 0.5317010166666667 0.27010970546875 0.5898643083333333 0.28388522109375003 0.5898643083333333 0.28388522109375003 0.5317010166666667