7 0.14360966328125 0.2300509722222222 0.14360966328125 0.2447448458333333 0.15394129296875 0.2447448458333333 0.15394129296875 0.2300509722222222
7 0.12914538046875 0.24841831527777777 0.12914538046875 0.2631121888888889 0.15187496796875 0.2631121888888889 0.15187496796875 0.24841831527777777
7 0.13947701015625 0.2686223916666667 0.13947701015625 0.2869897347222222 0.172538228125 0.2869897347222222 0.172538228125 0.2686223916666667
7 0.54990103125 0.3145407486111111 0.54990103125 0.32739789027777777 0.56643163984375 0.32739789027777777 0.56643163984375 0.3145407486111111
7 0.5478347046875001 0.3384182972222222 0.5478347046875001 0.3494387013888889 0.558166334375 0.3494387013888889 0.558166334375 0.3384182972222222
7 0.64805151953125 0.32188768611111107 0.64805151953125 0.3347448277777778 0.66974794453125 0.3347448277777778 0.66974794453125 0.32188768611111107
2 0.43041573046875004 0.39306114027777783 0.43041573046875004 0.40408154444444444 0.43971419765624997 0.40408154444444444 0.43971419765624997 0.39306114027777783
2 0.42318358984375 0.39306114027777783 0.42318358984375 0.40408154444444444 0.4314488953125 0.40408154444444444 0.4314488953125 0.39306114027777783
2 0.41285195859375 0.39489787499999995 0.41285195859375 0.4059182791666667 0.42318358828124997 0.4059182791666667 0.42318358828124997 0.39489787499999995
2 0.39632135156250003 0.38938767222222226 0.39632135156250003 0.4077550138888889 0.41491828515625 0.4077550138888889 0.41491828515625 0.38938767222222226
2 0.4634769484375 0.39306114027777783 0.4634769484375 0.4077550138888889 0.47380857890624994 0.4077550138888889 0.47380857890624994 0.39306114027777783
2 0.47174225390625 0.39489787499999995 0.47174225390625 0.4169386861111111 0.47794123125 0.4169386861111111 0.47794123125 0.39489787499999995
2 0.4758749046875 0.39489787499999995 0.4758749046875 0.4224488902777778 0.48517337187500004 0.4224488902777778 0.48517337187500004 0.39489787499999995
2 0.376691253125 0.3912244069444445 0.376691253125 0.4169386861111111 0.39322186171875 0.4169386861111111 0.39322186171875 0.3912244069444445
2 0.283706578125 0.38938767222222226 0.283706578125 0.4463264361111111 0.319867284375 0.4463264361111111 0.319867284375 0.38938767222222226
2 0.50728305625 0.3691835958333333 0.50728305625 0.4518366388888889 0.5940687515625 0.4518366388888889 0.5940687515625 0.3691835958333333
2 0.537244784375 0.38938767222222226 0.537244784375 0.4812243888888889 0.583737121875 0.4812243888888889 0.583737121875 0.38938767222222226
2 0.55790804453125 0.3728570638888889 0.55790804453125 0.5142856069444445 0.6829207734375 0.5142856069444445 0.6829207734375 0.3728570638888889
2 0.605089178125 0.3912244069444445 0.605089178125 0.5730611027777778 0.7652294515625 0.5730611027777778 0.7652294515625 0.3912244069444445
2 0 0.37555476527777776 0 0.6657587861111111 0.22194221796875002 0.6657587861111111 0.22194221796875002 0.37555476527777776
2 0.20541160937499997 0.39208537638888885 0.20541160937499997 0.47473841944444445 0.27463353281249997 0.47473841944444445 0.27463353281249997 0.39208537638888885
2 0.43857771328124995 0.3935203236111111 0.43857771328124995 0.4155611347222222 0.45407515859375 0.4155611347222222 0.45407515859375 0.3935203236111111
2 0.29496805 0.38249991944444445 0.29496805 0.4706631638888889 0.3858863984375 0.4706631638888889 0.3858863984375 0.38249991944444445
2 0.7000253484375001 0.39472566805555553 0.7000253484375001 0.7235011124999999 0.99860946875 0.7235011124999999 0.99860946875 0.39472566805555553
9 0.4840368875 0.32188768611111107 0.4840368875 0.44311215277777777 0.5418940195312499 0.44311215277777777 0.5418940195312499 0.32188768611111107