2 0.3349508859375 0.32832324444444444 0.3349508859375 0.3507552652777778 0.348715990625 0.3507552652777778 0.348715990625 0.32832324444444444
2 0.33036251796875 0.33240179305555556 0.33036251796875 0.3548338138888889 0.34527471484375 0.3548338138888889 0.34527471484375 0.33240179305555556
2 0.3223328734375 0.33444106944444446 0.3223328734375 0.3548338152777778 0.334950884375 0.3548338152777778 0.334950884375 0.33444106944444446
2 0.31200904375 0.3364803430555556 0.31200904375 0.35891236527777776 0.3246270578125 0.35891236527777776 0.3246270578125 0.3364803430555556
5 0.43818917187500006 0.3079304972222222 0.43818917187500006 0.35483381666666663 0.45195427656250003 0.35483381666666663 0.45195427656250003 0.3079304972222222
0 0.43674097265625 0.3201661444444444 0.43674097265625 0.35891236527777776 0.45394735312499995 0.35891236527777776 0.45394735312499995 0.3201661444444444
0 0.715211909375 0.30181267083333335 0.715211909375 0.39358003750000004 0.76366221484375 0.39358003750000004 0.76366221484375 0.30181267083333335
2 0.6923520015625 0.2843331722222222 0.6923520015625 0.33735431805555555 0.747602925 0.33735431805555555 0.747602925 0.2843331722222222
4 0.66854612890625 0.27625800694444447 0.66854612890625 0.30480785416666667 0.68231123359375 0.30480785416666667 0.68231123359375 0.27625800694444447
4 0.6507835656250001 0.2841389555555556 0.6507835656250001 0.3657099472222223 0.66684285390625 0.3657099472222223 0.66684285390625 0.2841389555555556
4 0.70240270859375 0.2841389555555556 0.70240270859375 0.3575528472222222 0.7161678125 0.3575528472222222 0.7161678125 0.2841389555555556
2 0.64045973515625 0.2984138791666667 0.64045973515625 0.35347429722222223 0.74484511484375 0.35347429722222223 0.74484511484375 0.2984138791666667
4 0.58559050390625 0.2956948472222222 0.58559050390625 0.36299091527777777 0.6039439773437499 0.36299091527777777 0.6039439773437499 0.2956948472222222
2 0.400335134375 0.30589122083333337 0.400335134375 0.35687308888888886 0.43130662031250006 0.35687308888888886 0.43130662031250006 0.30589122083333337
2 0.1993854703125 0.3435540763888889 0.1993854703125 0.38134438749999994 0.2199405703125 0.38134438749999994 0.2199405703125 0.3435540763888889
2 0.45280026093750003 0.3079304972222222 0.45280026093750003 0.35687309305555553 0.4814775625 0.35687309305555553 0.4814775625 0.3079304972222222
0 0.261235884375 0.33036251944444445 0.261235884375 0.3650301916666666 0.28303063281249996 0.3650301916666666 0.28303063281249996 0.33036251944444445
2 0.21286751484375 0.32948855555555556 0.21286751484375 0.38862752361111114 0.2564570140625 0.38862752361111114 0.2564570140625 0.32948855555555556
2 0.10045249062499999 0.34376347777777777 0.10045249062499999 0.40290244583333334 0.15551291015625 0.40290244583333334 0.15551291015625 0.34376347777777777
2 0.047686256249999996 0.35395985277777775 0.047686256249999996 0.4130988222222222 0.10274667500000001 0.4130988222222222 0.10274667500000001 0.35395985277777775
2 0 0.36163139722222226 0 0.4268881930555556 0.06117823828125 0.4268881930555556 0.06117823828125 0.36163139722222226
2 0.47115373515625 0.31404831944444445 0.47115373515625 0.36095163888888887 0.50900777421875 0.36095163888888887 0.50900777421875 0.31404831944444445
2 0.51818451171875 0.29977339722222224 0.51818451171875 0.3895014875 0.5870100351562499 0.3895014875 0.5870100351562499 0.29977339722222224
7 0.4975368515625 0.19169183194444447 0.4975368515625 0.21208457777777778 0.535390890625 0.21208457777777778 0.535390890625 0.19169183194444447
7 0.5457147195312501 0.2365558763888889 0.5457147195312501 0.2508308 0.559479825 0.2508308 0.559479825 0.2365558763888889
6 0.4768891953125 0.17945618194444443 0.4768891953125 0.21004530416666667 0.48606593359375 0.21004530416666667 0.48606593359375 0.17945618194444443
6 0.29794283125 0.21616312916666666 0.29794283125 0.24063442777777777 0.30826666015625 0.24063442777777777 0.30826666015625 0.21616312916666666
7 0.29450155625 0.24063442361111112 0.29450155625 0.2569486236111111 0.31400212031249997 0.2569486236111111 0.31400212031249997 0.24063442361111112
7 0.0765540609375 0.19169183194444447 0.0765540609375 0.22635950138888888 0.08802498203125 0.22635950138888888 0.08802498203125 0.19169183194444447
7 0 0.19780965555555557 0 0.22839877777777778 0.039847114843749996 0.22839877777777778 0.039847114843749996 0.19780965555555557
7 0.4998310359375 0.277341375 0.4998310359375 0.30181267083333335 0.510154865625 0.30181267083333335 0.510154865625 0.277341375
7 0.23994970468750002 0.21271577777777778 0.23994970468750002 0.2413579375 0.25713500078124996 0.2413579375 0.25713500078124996 0.21271577777777778
7 0.66700430078125 0.22608211944444442 0.66700430078125 0.23944845972222223 0.680967353125 0.23944845972222223 0.680967353125 0.22608211944444442
6 0.591174175 0.23868466666666666 0.591174175 0.26159839444444444 0.60406314765625 0.26159839444444444 0.60406314765625 0.23868466666666666
6 0.578285203125 0.23868466666666666 0.578285203125 0.2635078722222222 0.591174175 0.2635078722222222 0.591174175 0.23868466666666666