6 0.17684130546875002 0 0.17684130546875002 0.052031208333333336 0.197935040625 0.052031208333333336 0.197935040625 0
6 0.2005717578125 0 0.2005717578125 0.06140620277777778 0.22166549296875 0.06140620277777778 0.22166549296875 0
6 0.03973202421875 0.18328111666666666 0.03973202421875 0.22312483749999998 0.055149264843750004 0.22312483749999998 0.055149264843750004 0.18328111666666666
6 0.6472042375 0.27468730277777775 0.6472042375 0.31453102499999996 0.6646339375 0.31453102499999996 0.6646339375 0.27468730277777775
6 0.866342784375 0.1926561111111111 0.866342784375 0.2770310527777778 0.91248533046875 0.2770310527777778 0.91248533046875 0.1926561111111111
6 0.9362157828125 0.1926561111111111 0.9362157828125 0.29578104027777774 0.99422355546875 0.29578104027777774 0.99422355546875 0.1926561111111111
6 0.625083184375 0.2699998069444444 0.625083184375 0.30515603333333335 0.63958512734375 0.30515603333333335 0.63958512734375 0.2699998069444444
7 0.056870684375 0.1176561625 0.056870684375 0.14812489166666667 0.0977397984375 0.14812489166666667 0.0977397984375 0.1176561625
7 0.19266160703125 0.3098435305555556 0.19266160703125 0.34499975555555557 0.21111862499999998 0.34499975555555557 0.21111862499999998 0.3098435305555556
7 0.13069875859375 0.25359356805555555 0.13069875859375 0.27529126111111113 0.14915577578125 0.27529126111111113 0.14915577578125 0.25359356805555555
7 0.625083184375 0.22078109166666668 0.625083184375 0.248906075 0.65804214609375 0.248906075 0.65804214609375 0.22078109166666668
7 0.625083184375 0.19968735555555558 0.625083184375 0.21609359444444445 0.63826676953125 0.21609359444444445 0.63826676953125 0.19968735555555558
7 0.6461769203125 0.18093736805555555 0.6461769203125 0.20906234861111112 0.6804542398437501 0.20906234861111112 0.6804542398437501 0.18093736805555555
4 0.63431169375 0.352031 0.63431169375 0.5043746444444445 0.66990737421875 0.5043746444444445 0.66990737421875 0.352031
4 0.461606734375 0.38015598194444444 0.461606734375 0.4387496888888889 0.4774270359375 0.4387496888888889 0.4774270359375 0.38015598194444444
4 0.09773979687499999 0.32624976805555556 0.09773979687499999 0.3895309777777778 0.11356009843749999 0.3895309777777778 0.11356009843749999 0.32624976805555556
4 0.1188335328125 0.3426560069444444 0.1188335328125 0.3942184722222223 0.12806204062499998 0.3942184722222223 0.12806204062499998 0.3426560069444444
2 0.24012251171875 0.3989059680555555 0.24012251171875 0.41531220694444443 0.2506693796875 0.41531220694444443 0.2506693796875 0.3989059680555555
2 0.22957564375 0.3824997305555556 0.22957564375 0.41531220694444443 0.24275922890624999 0.41531220694444443 0.24275922890624999 0.3824997305555556
2 0.21507370078125 0.3637497430555555 0.21507370078125 0.4106247111111111 0.23221236015625002 0.4106247111111111 0.23221236015625002 0.3637497430555555
2 0.32977088671875 0.38953097500000006 0.32977088671875 0.41999970277777776 0.34559118984375 0.41999970277777776 0.34559118984375 0.38953097500000006
2 0.33768103828124996 0.38015598194444444 0.33768103828124996 0.42703095 0.3587747734375 0.42703095 0.3587747734375 0.38015598194444444
2 0.74637216328125 0.38953097500000006 0.74637216328125 0.5114058916666667 0.89666502890625 0.5114058916666667 0.89666502890625 0.38953097500000006
2 0.357456415625 0.3332810138888889 0.357456415625 0.44109344027777775 0.43655792499999996 0.44109344027777775 0.43655792499999996 0.3332810138888889
2 0.2453959453125 0.2770310527777778 0.2453959453125 0.43171844583333335 0.33768103828124996 0.43171844583333335 0.33768103828124996 0.2770310527777778
2 0.1728862296875 0.352031 0.1728862296875 0.4106247097222222 0.21771041953124998 0.4106247097222222 0.21771041953124998 0.352031
2 0.83338382265625 0.42937469722222227 0.83338382265625 0.5465621166666667 0.99949698984375 0.5465621166666667 0.99949698984375 0.42937469722222227
2 0.9757665375 0.5090621430555555 0.9757665375 0.6074995750000001 0.9994969906250001 0.6074995750000001 0.9994969906250001 0.5090621430555555
6 0.05686536640624999 0.1898675486111111 0.05686536640624999 0.22190144027777778 0.0697361265625 0.22190144027777778 0.0697361265625 0.1898675486111111