6 0.7952698734375 0.393143575 0.7952698734375 0.4264255708333333 0.80463043359375 0.4264255708333333 0.80463043359375 0.393143575
6 0.8093107140625 0.388983325 0.8093107140625 0.4264255708333333 0.8303719765625001 0.4264255708333333 0.8303719765625001 0.388983325
9 0.381065034375 0.4950696888888889 0.381065034375 0.5408324319444445 0.4079766484375 0.5408324319444445 0.4079766484375 0.4950696888888889
9 0.42552769843749993 0.4888293125 0.42552769843749993 0.5408324319444445 0.45009917421875 0.5408324319444445 0.45009917421875 0.4888293125
2 0.40212629609375006 0.5200311861111111 0.40212629609375006 0.5387523097222222 0.41031678749999995 0.5387523097222222 0.41031678749999995 0.5200311861111111
2 0.45243931406250004 0.5179510597222222 0.45243931406250004 0.5366721819444444 0.46062980546875 0.5366721819444444 0.46062980546875 0.5179510597222222
2 0.45594952343750006 0.5137908097222221 0.45594952343750006 0.5408324319444445 0.46765022500000003 0.5408324319444445 0.46765022500000003 0.5137908097222221
2 0.46296994609375003 0.5158709347222222 0.46296994609375003 0.5449926805555555 0.468820296875 0.5449926805555555 0.468820296875 0.5158709347222222
2 0.48637134687500005 0.4992299361111111 0.48637134687500005 0.5096305597222223 0.50743261015625 0.5096305597222223 0.50743261015625 0.4992299361111111
2 0.46648015625 0.5013100611111111 0.46648015625 0.5512330555555556 0.49807205000000004 0.5512330555555556 0.49807205000000004 0.5013100611111111
2 0.48754141874999996 0.5117106847222223 0.48754141874999996 0.5533131777777778 0.50743261015625 0.5533131777777778 0.50743261015625 0.5117106847222223
2 0.4969019796875 0.5075504375 0.4969019796875 0.5595535555555555 0.52264352265625 0.5595535555555555 0.52264352265625 0.5075504375
2 0.5027523296874999 0.5221113111111111 0.5027523296874999 0.5595535555555555 0.52381359296875 0.5595535555555555 0.52381359296875 0.5221113111111111
2 0.51094282109375 0.5075504375 0.51094282109375 0.5678740541666667 0.5331741546875 0.5678740541666667 0.5331741546875 0.5075504375
2 0.36936433046875 0.5200311861111111 0.36936433046875 0.5408324347222222 0.38106503359375 0.5408324347222222 0.38106503359375 0.5200311861111111
2 0.33894250703125 0.5200311861111111 0.33894250703125 0.5325119333333334 0.3576636296875 0.5325119333333334 0.3576636296875 0.5200311861111111
2 0.32022138515625 0.5200311861111111 0.32022138515625 0.5387523097222222 0.330752015625 0.5387523097222222 0.330752015625 0.5200311861111111
2 0.32841187656250004 0.5200311861111111 0.32841187656250004 0.5408324347222222 0.33777243671875 0.5408324347222222 0.33777243671875 0.5200311861111111
2 0.3120308953125 0.5262715583333334 0.3120308953125 0.5449926805555555 0.32256152578125 0.5449926805555555 0.32256152578125 0.5262715583333334
2 0.30150026093750004 0.5241914361111112 0.30150026093750004 0.5491529333333334 0.31320096249999996 0.5491529333333334 0.31320096249999996 0.5241914361111112
2 0.29096963046875 0.5241914361111112 0.29096963046875 0.5491529333333334 0.30384040234375 0.5491529333333334 0.30384040234375 0.5241914361111112
2 0.280439 0.5262715583333334 0.280439 0.5574734277777778 0.294479840625 0.5574734277777778 0.294479840625 0.5262715583333334
2 0.2675682265625 0.5241914361111112 0.2675682265625 0.5657939291666666 0.28277913906249996 0.5657939291666666 0.28277913906249996 0.5241914361111112
2 0.25703759609375 0.5200311861111111 0.25703759609375 0.5720343041666667 0.27341857734374997 0.5720343041666667 0.27341857734374997 0.5200311861111111
2 0.21374499921874998 0.5137908097222221 0.21374499921874998 0.5824349277777777 0.26171787578125 0.5824349277777777 0.26171787578125 0.5137908097222221
2 0.18098303515625 0.5241914361111112 0.18098303515625 0.5907554291666667 0.22895591171875 0.5907554291666667 0.22895591171875 0.5241914361111112
2 0.11194889374999999 0.5283516833333333 0.11194889374999999 0.607396425 0.19502387578125 0.607396425 0.19502387578125 0.5283516833333333
2 0.5191333140625 0.5054703125 0.5191333140625 0.5845150527777778 0.5869973835937501 0.5845150527777778 0.5869973835937501 0.5054703125
2 0.41031678749999995 0.5241914361111112 0.41031678749999995 0.5366721847222222 0.4220174890625 0.5366721847222222 0.4220174890625 0.5241914361111112
2 0.3576636296875 0.5200311861111111 0.3576636296875 0.5449926819444444 0.3763847515625 0.5449926819444444 0.3763847515625 0.5200311861111111
2 0.33777243671875 0.5241914361111112 0.33777243671875 0.5470728083333334 0.35415341796875 0.5470728083333334 0.35415341796875 0.5241914361111112
4 0.5975280140625 0.48466906527777776 0.5975280140625 0.5408324319444445 0.6115688546875 0.5408324319444445 0.6115688546875 0.48466906527777776
4 0.63497025859375 0.4825889402777778 0.63497025859375 0.5803548027777777 0.6478410304687501 0.5803548027777777 0.6478410304687501 0.4825889402777778
4 0.76952832890625 0.47426843888888887 0.76952832890625 0.5865951763888889 0.795269871875 0.5865951763888889 0.795269871875 0.47426843888888887
4 0.88068499453125 0.4825889402777778 0.88068499453125 0.5907554263888889 0.908766678125 0.5907554263888889 0.908766678125 0.4825889402777778
7 0.562425909375 0.4888293125 0.562425909375 0.5075504347222222 0.56827626015625 0.5075504347222222 0.56827626015625 0.4888293125
4 0 0.5345920597222222 0 0.6365181722222223 0.01249293046875 0.6365181722222223 0.01249293046875 0.5345920597222222
1 0.9696188734375 0.3702622041666667 0.9696188734375 0.5960382708333334 0.9988620812500001 0.5960382708333334 0.9988620812500001 0.3702622041666667
7 0.046424965624999995 0.44098644444444446 0.046424965624999995 0.49714981111111106 0.08503728046875 0.49714981111111106 0.08503728046875 0.44098644444444446