6 0.2638529640625 0.08249993611111112 0.2638529640625 0.13640615 0.27703654843750003 0.13640615 0.27703654843750003 0.08249993611111112
6 0.18738817265625002 0.26765605694444444 0.18738817265625002 0.29578104027777774 0.20189011640625001 0.29578104027777774 0.20189011640625001 0.26765605694444444
6 0.6593605046875 0.30046853611111113 0.6593605046875 0.3356247625 0.67518080546875 0.3356247625 0.67518080546875 0.30046853611111113
6 0.66199722265625 0.0004687430555555555 0.66199722265625 0.0801561875 0.68177259921875 0.0801561875 0.68177259921875 0.0004687430555555555
6 0.63431169296875 0.0028124916666666666 0.63431169296875 0.0801561875 0.65672378671875 0.0801561875 0.65672378671875 0.0028124916666666666
6 0.2506693796875 0.07781244027777778 0.2506693796875 0.13171865277777778 0.2638529640625 0.13171865277777778 0.2638529640625 0.07781244027777778
6 0.275718190625 0.08484368472222222 0.275718190625 0.13874989722222222 0.2862650578125 0.13874989722222222 0.2862650578125 0.08484368472222222
7 0.15179249374999998 0.19734360833333334 0.15179249374999998 0.21609359583333335 0.17947802109375 0.21609359583333335 0.17947802109375 0.19734360833333334
4 0.9309423492187501 0.38015598194444444 0.9309423492187501 0.43640594444444447 0.94808101015625 0.43640594444444447 0.94808101015625 0.38015598194444444
2 0.74109872890625 0.38953097500000006 0.74109872890625 0.4645309236111111 0.8768896515625 0.4645309236111111 0.8768896515625 0.38953097500000006
2 0.298130284375 0.40359346527777773 0.298130284375 0.7270307430555556 0.55125511015625 0.7270307430555556 0.55125511015625 0.40359346527777773
4 0.35086462265625 0.3426560069444444 0.35086462265625 0.4129684611111111 0.36932164140625 0.4129684611111111 0.36932164140625 0.3426560069444444
2 0 0.3098435305555556 0 0.40124971666666664 0.03973202421875 0.40124971666666664 0.03973202421875 0.3098435305555556
2 0.75213323828125 0.3880132305555556 0.75213323828125 0.9942180597222222 0.9994969914062499 0.9942180597222222 0.9994969914062499 0.3880132305555556