6 0.13274117890624998 0.2997638625 0.13274117890624998 0.3210237125 0.14828744296875002 0.3210237125 0.14828744296875002 0.2997638625
6 0.0992569171875 0.39755916527777774 0.0992569171875 0.4166930291666667 0.11121558203125 0.4166930291666667 0.11121558203125 0.39755916527777774
6 0.3456054109375 0.21685045416666668 0.3456054109375 0.2614961361111111 0.3635434078125 0.2614961361111111 0.3635434078125 0.21685045416666668
6 0.3372343453125 0.2274803777777778 0.3372343453125 0.26574810555555556 0.34919301015625004 0.26574810555555556 0.34919301015625004 0.2274803777777778
7 0.10404038281250001 0.32527568055555556 0.10404038281250001 0.34440954444444444 0.1518750421875 0.34440954444444444 0.1518750421875 0.32527568055555556
7 0.40683377031249995 0.33377961944444445 0.40683377031249995 0.3571654527777778 0.42357590078124996 0.3571654527777778 0.42357590078124996 0.33377961944444445
2 0.30255421796875004 0.4166930291666667 0.30255421796875004 0.43582689305555555 0.3145128828125 0.43582689305555555 0.3145128828125 0.4166930291666667
2 0.296574884375 0.4166930291666667 0.296574884375 0.44220484722222225 0.30972941640624996 0.44220484722222225 0.30972941640624996 0.4166930291666667
2 0.28939968671875 0.41881901388888887 0.28939968671875 0.44220484722222225 0.3013583515625 0.44220484722222225 0.3013583515625 0.41881901388888887
2 0.2822244875 0.4209449986111111 0.2822244875 0.4464568166666667 0.29537901875 0.4464568166666667 0.29537901875 0.4209449986111111
2 0.2750492890625 0.42519696944444446 0.2750492890625 0.4485828027777778 0.28581208671875 0.4485828027777778 0.28581208671875 0.42519696944444446
2 0.26309062421874996 0.4230709833333333 0.26309062421874996 0.45283477083333334 0.27744102187499997 0.45283477083333334 0.27744102187499997 0.4230709833333333
2 0.29537901875 0.3747048277777778 0.29537901875 0.6383269486111111 0.467583790625 0.6383269486111111 0.467583790625 0.3747048277777778
7 0.36473927421874996 0.22801187361111114 0.36473927421874996 0.25564967916666664 0.42931606406249995 0.25564967916666664 0.42931606406249995 0.22801187361111114