2 0.41819256562499996 0.4575098166666666 0.41819256562499996 0.4817717 0.42989026015625004 0.4817717 0.42989026015625004 0.4575098166666666
2 0.40746967968750003 0.4575098166666666 0.40746967968750003 0.48523768194444444 0.42209179765625005 0.48523768194444444 0.42209179765625005 0.4575098166666666
2 0.39869640859375 0.4575098166666666 0.39869640859375 0.48523768194444444 0.41136891093749994 0.48523768194444444 0.41136891093749994 0.4575098166666666
2 0.3830994828125 0.4488448569444444 0.3830994828125 0.48523768194444444 0.400646025 0.48523768194444444 0.400646025 0.4488448569444444
2 0.37042698046875 0.4540438305555556 0.37042698046875 0.48177169722222224 0.38992313749999996 0.48177169722222224 0.38992313749999996 0.4540438305555556
2 0.35775447968749996 0.4540438305555556 0.35775447968749996 0.48697067361111107 0.37432621250000003 0.48697067361111107 0.37432621250000003 0.4540438305555556
2 0.33143466718750003 0.4471118652777778 0.33143466718750003 0.49043665833333333 0.36067890390625 0.49043665833333333 0.36067890390625 0.4471118652777778
2 0.29244235390625 0.4505778486111111 0.29244235390625 0.49910161666666664 0.3402079390625 0.49910161666666664 0.3402079390625 0.4505778486111111
2 0.23882792187500002 0.44191289166666664 0.23882792187500002 0.5008346083333333 0.29146754609375003 0.5008346083333333 0.29146754609375003 0.44191289166666664
2 0.189112721875 0.44191289166666664 0.189112721875 0.5112325611111112 0.246626384375 0.5112325611111112 0.246626384375 0.44191289166666664
2 0.1004052078125 0.4228499819444444 0.1004052078125 0.5250964930555556 0.1949615703125 0.5250964930555556 0.1949615703125 0.4228499819444444
2 0 0.43671391527777775 0 0.5424264097222222 0.10235482343749999 0.5424264097222222 0.10235482343749999 0.43671391527777775
9 0.53321989140625 0.43324793194444444 0.53321989140625 0.4973686263888889 0.55369085625 0.4973686263888889 0.55369085625 0.43324793194444444
9 0.55076643203125 0.4297819486111111 0.55076643203125 0.5094995680555556 0.5897587468750001 0.5094995680555556 0.5897587468750001 0.4297819486111111
2 0.5780610523437499 0.46964075833333335 0.5780610523437499 0.5562903444444445 0.64239836953125 0.5562903444444445 0.64239836953125 0.46964075833333335
2 0.45815968828125 0.4644417819444444 0.45815968828125 0.48697067361111107 0.468882575 0.48697067361111107 0.468882575 0.4644417819444444
9 0.46790776562499997 0.4488448569444444 0.46790776562499997 0.48697067361111107 0.48935353828125 0.48697067361111107 0.48935353828125 0.4488448569444444
4 0.5234718132812499 0.46305538333333335 0.5234718132812499 0.4942492347222222 0.5302954703125 0.4942492347222222 0.5302954703125 0.46305538333333335
7 0.69289343515625 0.3292684277777778 0.69289343515625 0.3708602277777778 0.70556593828125 0.3708602277777778 0.70556593828125 0.3292684277777778
7 0.61139949375 0.3978948972222222 0.61139949375 0.4193839986111111 0.6188080375 0.4193839986111111 0.6188080375 0.3978948972222222
7 0.6874345039062499 0.3441721541666667 0.6874345039062499 0.37190002083333334 0.6952329671874999 0.37190002083333334 0.6952329671874999 0.3441721541666667
7 0.0852956875 0.37692570000000003 0.0852956875 0.48437119027777775 0.10966588359375 0.48437119027777775 0.10966588359375 0.37692570000000003
7 0.9654497140625 0.09184856111111112 0.9654497140625 0.1542362638888889 0.9995679882812499 0.1542362638888889 0.9995679882812499 0.09184856111111112
7 0.96252529140625 0.03812581805555556 0.96252529140625 0.09011556944444445 0.99371914296875 0.09011556944444445 0.99371914296875 0.03812581805555556