7 0.19867826328125 0 0.19867826328125 0.02338583472222222 0.48568621640625 0.02338583472222222 0.48568621640625 0
7 0.6566951234375 0.2125984861111111 0.6566951234375 0.33590560694444443 0.7260553789062499 0.33590560694444443 0.7260553789062499 0.2125984861111111
7 0.14071361796874998 0.27354337777777776 0.14071361796874998 0.32881898333333337 0.16104334765625 0.32881898333333337 0.16104334765625 0.27354337777777776
7 0.49110249531249994 0.2969292097222222 0.49110249531249994 0.35220481666666664 0.506648759375 0.35220481666666664 0.506648759375 0.2969292097222222
7 0.5903594125 0.33307095138888887 0.5903594125 0.35858277083333334 0.60949327421875 0.35858277083333334 0.60949327421875 0.33307095138888887
2 0 0.30755913472222224 0 0.4861418583333333 0.07494096171875 0.4861418583333333 0.07494096171875 0.30755913472222224
2 0.08689962734375 0.3437008763888889 0.08689962734375 0.3798426180555556 0.12875495546875 0.3798426180555556 0.12875495546875 0.3437008763888889
2 0.18735241015624998 0.35078749861111114 0.18735241015624998 0.3762993194444445 0.2148573390625 0.3762993194444445 0.2148573390625 0.35078749861111114
2 0.2399705359375 0.34440954444444444 0.2399705359375 0.44220484722222225 0.31770185703125 0.44220484722222225 0.31770185703125 0.34440954444444444
2 0.30454732578125 0.3486615138888889 0.30454732578125 0.38480325416666666 0.33444398828125 0.38480325416666666 0.33444398828125 0.3486615138888889
2 0.33803158671875 0.3571654513888889 0.33803158671875 0.37842530138888886 0.34759851796875 0.37842530138888886 0.34759851796875 0.3571654513888889
2 0.34401091875 0.3571654513888889 0.34401091875 0.3996851486111111 0.3739075828125 0.3996851486111111 0.3739075828125 0.3571654513888889
1 0.365536515625 0.33307095138888887 0.365536515625 0.3862205736111112 0.39662904453125003 0.3862205736111112 0.39662904453125003 0.33307095138888887
1 0.40471538046875005 0.3413724194444444 0.40471538046875005 0.37538817222222226 0.43102444218749997 0.37538817222222226 0.43102444218749997 0.3413724194444444
2 0.428632709375 0.3626322666666667 0.428632709375 0.3860180972222222 0.44298310859375 0.3860180972222222 0.44298310859375 0.3626322666666667
2 0.44417897265625 0.36566935833333336 0.44417897265625 0.3826772361111111 0.45733350234375003 0.3826772361111111 0.45733350234375003 0.36566935833333336
2 0.39036498203125 0.36202484444444444 0.39036498203125 0.4236784055555555 0.43341617499999996 0.4236784055555555 0.43341617499999996 0.36202484444444444
7 0.33655099140625 0.3021935527777778 0.33655099140625 0.3216311361111111 0.36046831875 0.3216311361111111 0.36046831875 0.3021935527777778
7 0.33176752578125 0.2894376416666667 0.33176752578125 0.3000675666666667 0.3425303234375 0.3000675666666667 0.3425303234375 0.2894376416666667
9 0.45522650078125004 0.3522048 0.45522650078125004 0.3840945708333333 0.47914383046875003 0.3840945708333333 0.47914383046875003 0.3522048