2 0.045849096875 0.362207875 0.045849096875 0.5685288152777778 0.312346978125 0.5685288152777778 0.312346978125 0.362207875
2 0.5444580359375 0.4941513888888889 0.5444580359375 0.6189628194444444 0.628992309375 0.6189628194444444 0.628992309375 0.4941513888888889
2 0.50625046875 0.5094344208333333 0.50625046875 0.5400004847222222 0.52630944921875 0.5400004847222222 0.52630944921875 0.5094344208333333
2 0.49956413046875003 0.5094344208333333 0.49956413046875003 0.5349061430555556 0.5124591890625 0.5349061430555556 0.5124591890625 0.5094344208333333
2 0.48523628671874997 0.5119815916666667 0.48523628671874997 0.5298117972222223 0.5009969140625 0.5298117972222223 0.5009969140625 0.5119815916666667
2 0.469475659375 0.5119815916666667 0.469475659375 0.5323589694444444 0.48523628671874997 0.5323589694444444 0.48523628671874997 0.5119815916666667
4 0.78994176171875 0.5349061402777778 0.78994176171875 0.6087741319444445 0.8100007421875001 0.6087741319444445 0.8100007421875001 0.5349061402777778
7 0.40691074296874996 0.46867966666666666 0.40691074296874996 0.48905704305555553 0.41837301796875004 0.48905704305555553 0.41837301796875004 0.46867966666666666
7 0.58553119375 0.4279249125 0.58553119375 0.4457551152777778 0.6170524484375 0.4457551152777778 0.6170524484375 0.4279249125
7 0.55974107578125 0.46613249444444443 0.55974107578125 0.48905704305555553 0.57263613515625 0.48905704305555553 0.57263613515625 0.46613249444444443
7 0.70445228984375 0.4228305666666667 0.70445228984375 0.43811359861111115 0.71734735 0.43811359861111115 0.71734735 0.4228305666666667
7 0.70588507578125 0.43301925694444443 0.70588507578125 0.4508494597222222 0.7230784867187501 0.4508494597222222 0.7230784867187501 0.43301925694444443
7 0.6958555843750001 0.4559438055555555 0.6958555843750001 0.4712268375 0.7159145648437499 0.4712268375 0.7159145648437499 0.4559438055555555
7 0.628992309375 0.4712268402777778 0.628992309375 0.4865098722222222 0.6461857210937499 0.4865098722222222 0.6461857210937499 0.4712268402777778
6 0.37825505703125 0.36424560972222225 0.37825505703125 0.3973588472222222 0.38828454687499997 0.3973588472222222 0.38828454687499997 0.36424560972222225
6 0.376822271875 0.43811360138888894 0.376822271875 0.45849097916666665 0.3868517609375 0.45849097916666665 0.3868517609375 0.43811360138888894
6 0.46278933125000005 0.3897173319444444 0.46278933125000005 0.4151890541666667 0.47281882187499996 0.4151890541666667 0.47281882187499996 0.3897173319444444
6 0.707795446875 0.48396269861111113 0.707795446875 0.5094344208333333 0.72642164296875 0.5094344208333333 0.72642164296875 0.48396269861111113
6 0.45419262578125 0.38462298611111106 0.45419262578125 0.41264187916666667 0.4656549 0.41264187916666667 0.4656549 0.38462298611111106
6 0.490489828125 0.45849097916666665 0.490489828125 0.4865098722222222 0.5005193171875 0.4865098722222222 0.5005193171875 0.45849097916666665
6 0.56212904375 0.41264187916666667 0.56212904375 0.4406607736111111 0.57359131796875 0.4406607736111111 0.57359131796875 0.41264187916666667