9 0.13685569375 0.6652922 0.13685569375 0.7024056097222222 0.1646907484375 0.7024056097222222 0.1646907484375 0.6652922
2 0.09974228359375001 0.7024056097222222 0.09974228359375001 0.7209623125 0.11829898828125 0.7209623125 0.11829898828125 0.7024056097222222
2 0.05451031796875 0.7003437527777778 0.05451031796875 0.7312715930555556 0.09510310859375 0.7312715930555556 0.09510310859375 0.7003437527777778
2 0.004639175000000001 0.7085911763888889 0.004639175000000001 0.7436427291666667 0.04755155390625 0.7436427291666667 0.04755155390625 0.7085911763888889
2 0.21920106796875 0.6776633361111111 0.21920106796875 0.7024056069444444 0.22731962578124998 0.7024056069444444 0.22731962578124998 0.6776633361111111
2 0.183247453125 0.6776633361111111 0.183247453125 0.7209623125 0.21920106640624998 0.7209623125 0.21920106640624998 0.6776633361111111
2 0.23891756484374999 0.6652922 0.23891756484374999 0.6776633333333333 0.264433034375 0.6776633333333333 0.264433034375 0.6652922
2 0.269072209375 0.6632303444444444 0.269072209375 0.6941581847222222 0.28994850156249996 0.6941581847222222 0.28994850156249996 0.6632303444444444
2 0.13685569375 0.6797251930555556 0.13685569375 0.7477664361111112 0.1878866296875 0.7477664361111112 0.1878866296875 0.6797251930555556
2 0.22036086093749999 0.6714777680555556 0.22036086093749999 0.7518901541666666 0.2806701484375 0.7518901541666666 0.2806701484375 0.6714777680555556
2 0.30038664765625 0.6570447763888889 0.30038664765625 0.7271478805555556 0.35489696406250004 0.7271478805555556 0.35489696406250004 0.6570447763888889
7 0.31314438203125 0.6116839444444444 0.31314438203125 0.6405499291666666 0.3293814984375 0.6405499291666666 0.3293814984375 0.6116839444444444
7 0.2887887078125 0.63564075 0.2887887078125 0.652135598611111 0.29806706015625 0.652135598611111 0.29806706015625 0.63564075