2 0.0009563921875 0.49817406527777774 0.0009563921875 0.7753152708333333 0.0851189046875 0.7753152708333333 0.0851189046875 0.49817406527777774
4 0.0439940421875 0.4556677430555556 0.0439940421875 0.5661841791666666 0.06886023828125 0.5661841791666666 0.06886023828125 0.4556677430555556
4 0.24101083124999997 0.46246875694444445 0.24101083124999997 0.5219776041666666 0.25153114609375 0.5219776041666666 0.25153114609375 0.46246875694444445
4 0.2859612640625 0.4641690097222222 0.2859612640625 0.49817406249999996 0.29456879296875 0.49817406249999996 0.29456879296875 0.4641690097222222
4 0.5317540562499999 0.44376597500000003 0.5317540562499999 0.4964738125 0.54323076328125 0.4964738125 0.54323076328125 0.44376597500000003
2 0.33473726640625 0.42336294305555555 0.33473726640625 0.5882874652777778 0.4351584453125 0.5882874652777778 0.4351584453125 0.42336294305555555
0 0.8999650484374999 0.42506319583333335 0.8999650484374999 0.6886023777777778 0.9994298374999999 0.6886023777777778 0.9994298374999999 0.42506319583333335
0 0.9238748546875 0.4845720402777778 0.9238748546875 0.7022043986111112 0.9984734453125 0.7022043986111112 0.9984734453125 0.4845720402777778
0 0.978389209375 0.5950884736111112 0.978389209375 0.7345092027777778 0.9994298374999999 0.7345092027777778 0.9994298374999999 0.5950884736111112
2 0.4231079140625 0.44376597500000003 0.4231079140625 0.4760707777777778 0.44032297343750004 0.4760707777777778 0.44032297343750004 0.44376597500000003
2 0.436497403125 0.4488667319444445 0.436497403125 0.4658692597222222 0.4604072078125 0.4658692597222222 0.4604072078125 0.4488667319444445
2 0.43171544296875003 0.4556677430555556 0.43171544296875003 0.4964738125 0.47284030703125 0.4964738125 0.47284030703125 0.4556677430555556
7 0.49292454296875 0.3774561152777777 0.49292454296875 0.3995594027777778 0.50344485625 0.3995594027777778 0.50344485625 0.3774561152777777
4 0.473414134375 0.4441910388888889 0.473414134375 0.4951986208333333 0.48776001718749995 0.4951986208333333 0.48776001718749995 0.4441910388888889
7 0.5111233109375 0.4279779138888889 0.5111233109375 0.46708372777777774 0.5226000171875 0.46708372777777774 0.5226000171875 0.4279779138888889
7 0.20562432031250003 0.3961588972222222 0.20562432031250003 0.43186420833333333 0.22570855625 0.43186420833333333 0.22570855625 0.3961588972222222