2 0.61974213828125 0.3557778958333333 0.61974213828125 0.36937991666666664 0.6331316289062501 0.36937991666666664 0.6331316289062501 0.3557778958333333
2 0.5996579023437499 0.36087865416666665 0.5996579023437499 0.37278042499999997 0.61591656875 0.37278042499999997 0.61591656875 0.36087865416666665
2 0.5967887257812501 0.3676796638888889 0.5967887257812501 0.38978295 0.6130473921874999 0.38978295 0.6130473921874999 0.3676796638888889
2 0.57000974453125 0.3591784 0.57000974453125 0.4124410597222222 0.59774511875 0.4124410597222222 0.59774511875 0.3591784
2 0.54036158671875 0.3472766305555556 0.54036158671875 0.3676796638888889 0.56427139140625 0.3676796638888889 0.56427139140625 0.3472766305555556
2 0.51358260625 0.34897688194444443 0.51358260625 0.3676796625 0.53940519453125 0.3676796625 0.53940519453125 0.34897688194444443
2 0.47341413359375 0.3591784 0.47341413359375 0.3710801680555556 0.5030622921875 0.3710801680555556 0.5030622921875 0.3591784
2 0.40168472031249997 0.36937991666666664 0.40168472031249997 0.3880826958333333 0.425594525 0.3880826958333333 0.425594525 0.36937991666666664
2 0.41985617187499996 0.35407764166666666 0.41985617187499996 0.43909027916666665 0.47628331093750004 0.43909027916666665 0.47628331093750004 0.35407764166666666
2 0.24961836171875001 0.37618092777777784 0.24961836171875001 0.3948837069444444 0.25726949921875 0.3948837069444444 0.25726949921875 0.37618092777777784
2 0.2553567140625 0.37618092777777784 0.2553567140625 0.39998446527777776 0.2830920890625 0.39998446527777776 0.2830920890625 0.37618092777777784
2 0.09181364921875 0.3676796638888889 0.09181364921875 0.4169869958333333 0.147284396875 0.4169869958333333 0.147284396875 0.3676796638888889
2 0.11667984609375 0.36427915833333335 0.11667984609375 0.4152867402777778 0.21327545703125 0.4152867402777778 0.21327545703125 0.36427915833333335
2 0.35864707109375 0.37618092777777784 0.35864707109375 0.39148320277777776 0.38733883671874997 0.39148320277777776 0.38733883671874997 0.37618092777777784
9 0.17023781015625 0.34217587222222223 0.17023781015625 0.4016847194444445 0.25057475390625 0.4016847194444445 0.25057475390625 0.34217587222222223
9 0.28213569609375 0.3098710694444444 0.28213569609375 0.39148320277777776 0.3682109953125 0.39148320277777776 0.3682109953125 0.3098710694444444
9 0.39307718984375 0.34387612361111114 0.39307718984375 0.3863824444444444 0.430376484375 0.3863824444444444 0.430376484375 0.34387612361111114
9 0.5987015101562501 0.34217587222222223 0.5987015101562501 0.36257890555555555 0.61400378515625 0.36257890555555555 0.61400378515625 0.34217587222222223
9 0 0.25673816805555555 0 0.4233629402777778 0.089900865625 0.4233629402777778 0.089900865625 0.25673816805555555
2 0 0.3647042194444445 0 0.4310140777777777 0.0315609421875 0.4310140777777777 0.0315609421875 0.3647042194444445
2 0.2789477265625 0.36328734583333333 0.2789477265625 0.4500002375 0.36215384687499996 0.4500002375 0.36215384687499996 0.36328734583333333
2 0.61049702265625 0.36555434722222224 0.61049702265625 0.39445864444444445 0.6315376515625 0.39445864444444445 0.6315376515625 0.36555434722222224
2 0.45173591953125003 0.36385409444444444 0.45173591953125003 0.5678844305555556 0.59710753359375 0.5678844305555556 0.59710753359375 0.36385409444444444
9 0.643540590625 0.09141734861111112 0.643540590625 0.5548820430555556 0.9688162710937499 0.5548820430555556 0.9688162710937499 0.09141734861111112