7 0.5097921921874999 0.31947401805555553 0.5097921921874999 0.3449875680555556 0.518527809375 0.3449875680555556 0.518527809375 0.31947401805555553
7 0.5110401375 0.3460968541666667 0.5110401375 0.36495469583333334 0.51977575546875 0.36495469583333334 0.51977575546875 0.3460968541666667
2 0.00104645078125 0.4074772763888889 0.00104645078125 0.43631868333333335 0.054708103125 0.43631868333333335 0.054708103125 0.4074772763888889
7 0.0116539875 0.28508619027777776 0.0116539875 0.32834829583333336 0.027877276562499997 0.32834829583333336 0.027877276562499997 0.28508619027777776
2 0.43907528281249997 0.38824967361111107 0.43907528281249997 0.41820036250000003 0.4540506265625 0.41820036250000003 0.4540506265625 0.38824967361111107
2 0.5292848343750001 0.37882075416666666 0.5292848343750001 0.4231921444444445 0.56048346796875 0.4231921444444445 0.56048346796875 0.37882075416666666
2 0.54488415234375 0.38880431805555554 0.54488415234375 0.43650356388888883 0.5742108703125 0.43650356388888883 0.5742108703125 0.38880431805555554
2 0.564851278125 0.3777114694444444 0.564851278125 0.4498149805555555 0.615393065625 0.4498149805555555 0.615393065625 0.3777114694444444
2 0.58294648671875 0.3865857472222223 0.58294648671875 0.457579975 0.635984165625 0.457579975 0.635984165625 0.3865857472222223
2 0.44879235937499995 0.3821486097222222 0.44879235937499995 0.43761285 0.48311085703125 0.43761285 0.48311085703125 0.3821486097222222
2 0.47187934765625006 0.38325789166666663 0.47187934765625006 0.4797656680555556 0.5461320984375 0.4797656680555556 0.5461320984375 0.38325789166666663
2 0.61820094296875 0.3843671777777778 0.61820094296875 0.4686728152777778 0.7036852015624999 0.4686728152777778 0.7036852015624999 0.3843671777777778
2 0.7348838382812499 0.34997934999999997 0.7348838382812499 0.5241370611111111 0.913964 0.5241370611111111 0.913964 0.34997934999999997
7 0.9570493156250001 0.18303198888888889 0.9570493156250001 0.21741981944444444 0.9951116499999999 0.21741981944444444 0.9951116499999999 0.18303198888888889