2 0.68176793984375 0.34448554861111114 0.68176793984375 0.36770455 0.68651728046875 0.36770455 0.68651728046875 0.34448554861111114
2 0.65920856875 0.3423747277777778 0.65920856875 0.3740370041666667 0.68295527578125 0.3740370041666667 0.68295527578125 0.3423747277777778
2 0.6698945859375 0.38036945833333335 0.6698945859375 0.3972560041666666 0.67820593359375 0.3972560041666666 0.67820593359375 0.38036945833333335
2 0.64970988671875 0.37614782222222226 0.64970988671875 0.3993668236111111 0.67226925703125 0.3993668236111111 0.67226925703125 0.37614782222222226
2 0.64970988671875 0.39514518888888883 0.64970988671875 0.41836419027777777 0.67939326796875 0.41836419027777777 0.67939326796875 0.39514518888888883
2 0.6330871929687499 0.3909235513888889 0.6330871929687499 0.4225858263888889 0.65327189296875 0.4225858263888889 0.65327189296875 0.3909235513888889
2 0.62952518671875 0.3972560055555555 0.62952518671875 0.4289182819444445 0.64614788046875 0.4289182819444445 0.64614788046875 0.3972560055555555
2 0.606965815625 0.3972560055555555 0.606965815625 0.43736155555555556 0.6330871921875 0.43736155555555556 0.6330871921875 0.3972560055555555
2 0.5903431218749999 0.40781009583333333 0.5903431218749999 0.45635891805555556 0.6200265046875 0.45635891805555556 0.6200265046875 0.40781009583333333
2 0.5701584226562499 0.4268074611111111 0.5701584226562499 0.4774671027777778 0.6010291390625 0.4774671027777778 0.6010291390625 0.4268074611111111
2 0.5428496914062501 0.43102909861111116 0.5428496914062501 0.49857528194444445 0.5891557695312499 0.49857528194444445 0.5891557695312499 0.43102909861111116
2 0.5191029875 0.44791564305555553 0.5191029875 0.5196834666666666 0.5654090632812501 0.5196834666666666 0.5654090632812501 0.44791564305555553
2 0.48585759843750004 0.45635891805555556 0.48585759843750004 0.5471241041666667 0.52860166796875 0.5471241041666667 0.52860166796875 0.45635891805555556
2 0.41699215078125 0.4669130083333333 0.41699215078125 0.5893404708333333 0.5096043046875 0.5893404708333333 0.5096043046875 0.4669130083333333
2 0.64353572890625 0.43525074305555556 0.64353572890625 0.5534565680555555 0.707651834375 0.5534565680555555 0.707651834375 0.43525074305555556
2 0.6850924640625 0.3888127402777778 0.6850924640625 0.4141425597222222 0.698153153125 0.4141425597222222 0.698153153125 0.3888127402777778
2 0.69696581796875 0.3339314652777778 0.69696581796875 0.3529288305555556 0.707651834375 0.3529288305555556 0.707651834375 0.3339314652777778
2 0.77770461796875 0.4436940180555556 0.77770461796875 0.5745647486111112 0.87625344453125 0.5745647486111112 0.87625344453125 0.4436940180555556
5 0.6874671343750001 0.41160956805555554 0.6874671343750001 0.45593675277777784 0.7040898296875 0.45593675277777784 0.7040898296875 0.41160956805555554
2 0.715013328125 0.3757256583333333 0.715013328125 0.4010554777777778 0.7292613515624999 0.4010554777777778 0.7292613515624999 0.3757256583333333
2 0.7245120093749999 0.3905013861111111 0.7245120093749999 0.4348285694444444 0.745884046875 0.4348285694444444 0.745884046875 0.3905013861111111
2 0.7351980289062501 0.40527711388888893 0.7351980289062501 0.46649084305555555 0.77794209921875 0.46649084305555555 0.77794209921875 0.40527711388888893
2 0.7494460515625 0.417942025 0.7494460515625 0.4875990277777778 0.7957521296875 0.4875990277777778 0.7957521296875 0.417942025
2 0.76131940234375 0.44538266111111113 0.76131940234375 0.527704575 0.80406347421875 0.527704575 0.80406347421875 0.44538266111111113
7 0.8111874875 0.37150402083333334 0.8111874875 0.3926122027777778 0.823060840625 0.3926122027777778 0.823060840625 0.37150402083333334
7 0.812374821875 0.39894465972222226 0.812374821875 0.417942025 0.8254355101562499 0.417942025 0.8254355101562499 0.39894465972222226
0 0.689832028125 0.43453603472222224 0.689832028125 0.4668408375 0.7108726562500001 0.4668408375 0.7108726562500001 0.43453603472222224