7 0.5166481578125001 0.476572725 0.5166481578125001 0.497368625 0.528345853125 0.497368625 0.528345853125 0.476572725
7 0.2963415859375 0.47830571666666666 0.2963415859375 0.5025676 0.30608966406250004 0.5025676 0.30608966406250004 0.47830571666666666
7 0.34995601640624996 0.48697067499999996 0.34995601640624996 0.5008346083333333 0.35775447890625 0.5008346083333333 0.35775447890625 0.48697067499999996
2 0 0.4887036666666667 0 0.6862647236111111 0.1257502125 0.6862647236111111 0.1257502125 0.4887036666666667
2 0.12087617265624999 0.5372274347222222 0.12087617265624999 0.6082800944444444 0.15889367890625 0.6082800944444444 0.15889367890625 0.5372274347222222
2 0.14914560078125 0.5337614513888889 0.14914560078125 0.6030811208333333 0.20373483984375002 0.6030811208333333 0.20373483984375002 0.5337614513888889
2 0.22810503515625 0.5337614513888889 0.22810503515625 0.5770862458333333 0.27587061953125 0.5770862458333333 0.27587061953125 0.5337614513888889
2 0.27099658125000003 0.5354944430555555 0.27099658125000003 0.5718872694444445 0.29829120078125004 0.5718872694444445 0.29829120078125004 0.5354944430555555
2 0.29049273828125 0.5216305083333334 0.29049273828125 0.5684212861111111 0.32851024375 0.5684212861111111 0.32851024375 0.5216305083333334
2 0.3197369734375 0.5285624763888889 0.3197369734375 0.5580233388888889 0.33143466875 0.5580233388888889 0.33143466875 0.5285624763888889
2 0.34215755468750003 0.5302954680555556 0.34215755468750003 0.5580233388888889 0.3655529421875 0.5580233388888889 0.3655529421875 0.5302954680555556
2 0.38114986796875 0.5164315347222223 0.38114986796875 0.5545573513888888 0.41136891093749994 0.5545573513888888 0.41136891093749994 0.5164315347222223
2 0.6804158765625 0.5164315347222223 0.6804158765625 0.6845317319444444 0.8656293679687501 0.6845317319444444 0.8656293679687501 0.5164315347222223
2 0.9582361125000001 0.4731067430555556 0.9582361125000001 0.6048141138888888 0.9991780421875 0.6048141138888888 0.9991780421875 0.4731067430555556
2 0.8734278296875001 0.4644417833333333 0.8734278296875001 0.5840182111111111 0.9904047703125001 0.5840182111111111 0.9904047703125001 0.4644417833333333
2 0.7301310765625 0.46617477500000004 0.7301310765625 0.5614893180555556 0.8636797515625 0.5614893180555556 0.8636797515625 0.46617477500000004
2 0.9572613046875 0.4488448569444444 0.9572613046875 0.4956356347222223 0.9991780421875 0.4956356347222223 0.9991780421875 0.4488448569444444
4 0.898772834375 0.42458297222222224 0.898772834375 0.46097579722222226 0.9133949523437501 0.46097579722222226 0.9133949523437501 0.42458297222222224
2 0.61997778984375 0.5181645263888889 0.61997778984375 0.6325419805555555 0.71550895859375 0.6325419805555555 0.71550895859375 0.5181645263888889
2 0.58390990078125 0.5146985430555555 0.58390990078125 0.6152120624999999 0.6501968328125 0.6152120624999999 0.6501968328125 0.5146985430555555
2 0.54589239375 0.5285624763888889 0.54589239375 0.5840182111111111 0.5887839390625 0.5840182111111111 0.5887839390625 0.5285624763888889
2 0.529320659375 0.5302954680555556 0.529320659375 0.5736202625 0.54686720078125 0.5736202625 0.54686720078125 0.5302954680555556
2 0.5088496953125 0.5198975180555555 0.5088496953125 0.5649553027777777 0.53614431484375 0.5649553027777777 0.53614431484375 0.5198975180555555
2 0.494227578125 0.5320284597222222 0.494227578125 0.5580233375 0.5088496953125 0.5580233375 0.5088496953125 0.5320284597222222
7 0.5322450843750001 0.48350469166666665 0.5322450843750001 0.5043005916666666 0.5419931625000001 0.5043005916666666 0.5419931625000001 0.48350469166666665
9 0.46205891875000005 0.5129655513888889 0.46205891875000005 0.5424264097222222 0.50300084921875 0.5424264097222222 0.50300084921875 0.5129655513888889
2 0.44646199375 0.5181645263888889 0.44646199375 0.5372274347222222 0.46205891875000005 0.5372274347222222 0.46205891875000005 0.5181645263888889
2 0.42788542890625003 0.5125588902777778 0.42788542890625003 0.5317531902777778 0.43628293515624994 0.5317531902777778 0.43628293515624994 0.5125588902777778
2 0.43388364765625004 0.49123189027777775 0.43388364765625004 0.5082934902777778 0.44228115390625 0.5082934902777778 0.44228115390625 0.49123189027777775