2 0.32288394765625 0.4847245430555555 0.32288394765625 0.5059843902777778 0.34560541328125 0.5059843902777778 0.34560541328125 0.4847245430555555
2 0.2822244875 0.4932284833333333 0.2822244875 0.5102363611111111 0.31929634687499997 0.5102363611111111 0.31929634687499997 0.4932284833333333
2 0.254719559375 0.49535446666666666 0.254719559375 0.5166143152777778 0.28102862109375 0.5166143152777778 0.28102862109375 0.49535446666666666
2 0.1423081109375 0.4740946208333333 0.1423081109375 0.5825198472222222 0.25232782578125 0.5825198472222222 0.25232782578125 0.4740946208333333
2 0 0.4400788611111111 0 0.5803938597222222 0.11241144765625 0.5803938597222222 0.11241144765625 0.4400788611111111
2 0.3874607375 0.4804725722222222 0.3874607375 0.5017324222222223 0.40061526875000003 0.5017324222222223 0.40061526875000003 0.4804725722222222
2 0.44605819453124995 0.48685053055555555 0.44605819453124995 0.5081103763888889 0.45801686015625 0.5081103763888889 0.45801686015625 0.48685053055555555
2 0.4508416609375 0.49535446666666666 0.4508416609375 0.5187403 0.466387925 0.5187403 0.466387925 0.49535446666666666
2 0.46280032578124997 0.49535446666666666 0.46280032578124997 0.5378741652777778 0.49030525390625 0.5378741652777778 0.49030525390625 0.49535446666666666
2 0.5249853828125 0.48685053055555555 0.5249853828125 0.5102363638888889 0.53574818046875 0.5102363638888889 0.53574818046875 0.48685053055555555
2 0.52857298125 0.4825985597222222 0.52857298125 0.5314962097222222 0.55368617734375 0.5314962097222222 0.55368617734375 0.4825985597222222
2 0.55488204296875 0.4996064375 0.55488204296875 0.5442521166666666 0.5883663046875001 0.5442521166666666 0.5883663046875001 0.4996064375
9 0.54531511171875 0.4762206041666666 0.54531511171875 0.5336221958333334 0.59075803984375 0.5336221958333334 0.59075803984375 0.4762206041666666
2 0.4795424546875 0.4847245430555555 0.4795424546875 0.5633859819444444 0.53694404453125 0.5633859819444444 0.53694404453125 0.4847245430555555
2 0.40420286796875005 0.48897651249999996 0.40420286796875005 0.5527560555555555 0.45203752656249996 0.5527560555555555 0.45203752656249996 0.48897651249999996
2 0.88589790546875 0.4915276902777778 0.88589790546875 0.6616064763888889 0.998309353125 0.6616064763888889 0.998309353125 0.4915276902777778
2 0.564209825 0.40223634305555556 0.564209825 0.7679057347222221 0.87872270859375 0.7679057347222221 0.87872270859375 0.40223634305555556