7 0.047413133593750004 0.35619333194444447 0.047413133593750004 0.42552867361111113 0.09444390859375 0.42552867361111113 0.09444390859375 0.35619333194444447
7 0.06347242265625 0.41941085 0.06347242265625 0.45611779722222223 0.0829729875 0.45611779722222223 0.0829729875 0.41941085
7 0.68290214296875 0.3222054180555555 0.68290214296875 0.39561931111111115 0.73566837890625 0.39561931111111115 0.73566837890625 0.3222054180555555
7 0.6943730640625 0.39561931111111115 0.6943730640625 0.43436553333333333 0.71731490546875 0.43436553333333333 0.71731490546875 0.39561931111111115
7 0.6324300921875 0.40785495972222224 0.6324300921875 0.4343655347222222 0.64848938125 0.4343655347222222 0.64848938125 0.40785495972222224
7 0.5968702375 0.42009060972222223 0.5968702375 0.45067972638888887 0.60948824921875 0.45067972638888887 0.60948824921875 0.42009060972222223
2 0.8209355617187499 0.47990934166666666 0.8209355617187499 0.8204682333333333 0.9987348304687499 0.8204682333333333 0.9987348304687499 0.47990934166666666
9 0.23438914140625 0.4846676458333334 0.23438914140625 0.5662386375 0.30550885 0.5662386375 0.30550885 0.4846676458333334
2 0 0.4846676458333334 0 0.6600452763888889 0.1185328421875 0.6600452763888889 0.1185328421875 0.4846676458333334
2 0.37690168125 0.5039922069444445 0.37690168125 0.5284635055555555 0.38493132578125 0.5284635055555555 0.38493132578125 0.5039922069444445
2 0.36772494453125 0.5039922069444445 0.36772494453125 0.5264242305555555 0.38034295859375 0.5264242305555555 0.38034295859375 0.5039922069444445
2 0.3470772875 0.5019529333333334 0.3470772875 0.5305027805555556 0.3665778515625 0.5305027805555556 0.3665778515625 0.5019529333333334
2 0.33560636796875 0.5019529333333334 0.33560636796875 0.5325420541666667 0.35166565625 0.5325420541666667 0.35166565625 0.5019529333333334
2 0.32528253828125 0.5039922069444445 0.32528253828125 0.5447777041666666 0.34593019609375003 0.5447777041666666 0.34593019609375003 0.5039922069444445
2 0.3000465125 0.5039922069444445 0.3000465125 0.5529348 0.33101799765625 0.5529348 0.33101799765625 0.5039922069444445
2 0.47997610078125 0.48971728194444447 0.47997610078125 0.5366206027777778 0.51324177109375 0.5366206027777778 0.51324177109375 0.48971728194444447
2 0.4891528375 0.49787438333333334 0.4891528375 0.5427384277777777 0.52012432265625 0.5427384277777777 0.52012432265625 0.49787438333333334
2 0.49374120625 0.5019529333333334 0.49374120625 0.5386598805555555 0.51897723125 0.5386598805555555 0.51897723125 0.5019529333333334
2 0.5086534031250001 0.49787438333333334 0.5086534031250001 0.5508955277777778 0.5384777984375 0.5508955277777778 0.5384777984375 0.49787438333333334
2 0.5235656 0.49787438333333334 0.5235656 0.5590526263888889 0.5717434671875 0.5590526263888889 0.5717434671875 0.49787438333333334
2 0.54896549296875 0.5077794222222222 0.54896549296875 0.5730362194444444 0.60517300546875 0.5730362194444444 0.60517300546875 0.5077794222222222
2 0.38607841875000004 0.503700873611111 0.38607841875000004 0.5200150722222222 0.40557898437500006 0.5200150722222222 0.40557898437500006 0.503700873611111