7 0.49973055312500003 0.33967746249999997 0.49973055312500003 0.3483871416666667 0.5107537398437499 0.3483871416666667 0.5107537398437499 0.33967746249999997
7 0.410320259375 0.3375000430555556 0.410320259375 0.3440323027777778 0.42011864765625007 0.3440323027777778 0.42011864765625007 0.3375000430555556
6 0.43236663203125003 0.3179032666666667 0.43236663203125003 0.3375000430555556 0.43726582578124995 0.3375000430555556 0.43726582578124995 0.3179032666666667
2 0.43481622890624994 0.35709682083333333 0.43481622890624994 0.37887101666666667 0.45073861015625 0.37887101666666667 0.45073861015625 0.35709682083333333
2 0.42746743984375 0.35274198055555556 0.42746743984375 0.37887101666666667 0.43971542421875 0.37887101666666667 0.43971542421875 0.35274198055555556
2 0.36377791328125003 0.36145165972222226 0.36377791328125003 0.4006452125 0.37602589921875 0.4006452125 0.37602589921875 0.36145165972222226
2 0.34173153984375004 0.36145165972222226 0.34173153984375004 0.3875806944444445 0.36132831796875 0.3875806944444445 0.36132831796875 0.36145165972222226
2 0.29029000078125 0.3658064986111111 0.29029000078125 0.4006452125 0.32825875546875 0.4006452125 0.32825875546875 0.3658064986111111
2 0.1959805140625 0.36362907916666665 0.1959805140625 0.43112908749999995 0.26089483671874997 0.43112908749999995 0.26089483671874997 0.36362907916666665
2 0.000012745312499999999 0.3331452055555556 0.000012745312499999999 0.5095161958333333 0.172709340625 0.5095161958333333 0.172709340625 0.3331452055555556
2 0.4838081703125 0.36362907916666665 0.4838081703125 0.37887101666666667 0.49605615625 0.37887101666666667 0.49605615625 0.36362907916666665
2 0.45808740078125 0.35709682083333333 0.45808740078125 0.3766935972222222 0.47156018515625 0.3766935972222222 0.47156018515625 0.35709682083333333
2 0.47033538750000004 0.3592742402777778 0.47033538750000004 0.38322585555555555 0.48380817187499997 0.38322585555555555 0.48380817187499997 0.3592742402777778
2 0.36622751249999996 0.3483871416666667 0.36622751249999996 0.4550807041666666 0.43971542421875 0.4550807041666666 0.43971542421875 0.3483871416666667
6 0.45441300703125 0.31137100833333337 0.45441300703125 0.3309677847222222 0.46053699921874997 0.3309677847222222 0.46053699921874997 0.31137100833333337
6 0.47033538750000004 0.3179032666666667 0.47033538750000004 0.33967746249999997 0.47400978359375 0.33967746249999997 0.47400978359375 0.3179032666666667
6 0.488707365625 0.32225810555555556 0.488707365625 0.3418548833333333 0.49360656015625004 0.3418548833333333 0.49360656015625004 0.32225810555555556
2 0.49483135859375 0.36145165972222226 0.49483135859375 0.37887101666666667 0.504629746875 0.37887101666666667 0.504629746875 0.36145165972222226
2 0.50095535 0.35709682083333333 0.50095535 0.39629037361111114 0.5254513203125 0.39629037361111114 0.5254513203125 0.35709682083333333
2 0.5205521265625 0.3549194 0.5205521265625 0.4137097305555556 0.5572960835937499 0.4137097305555556 0.5572960835937499 0.3549194
2 0.59893923359375 0.3375000430555556 0.59893923359375 0.3679839194444444 0.63568318984375 0.3679839194444444 0.63568318984375 0.3375000430555556
2 0.5438233007812501 0.3483871416666667 0.5438233007812501 0.4420161847222222 0.6160864148437499 0.4420161847222222 0.6160864148437499 0.3483871416666667
2 0.59281524140625 0.3309677847222222 0.59281524140625 0.5247581319444444 0.7851086125 0.5247581319444444 0.7851086125 0.3309677847222222
2 0.7459150601562501 0.30919358888888887 0.7459150601562501 0.4746774791666667 0.8977900796875 0.4746774791666667 0.8977900796875 0.30919358888888887
2 0.8867668921874999 0.32225810555555556 0.8867668921874999 0.41588715 0.9492316171875 0.41588715 0.9492316171875 0.32225810555555556
2 0.9247356484375 0.3309677847222222 0.9247356484375 0.47685489861111113 0.9969987625 0.47685489861111113 0.9969987625 0.3309677847222222