2 0.04826539375 0.43370600694444444 0.04826539375 0.5564333666666667 0.0751770078125 0.5564333666666667 0.0751770078125 0.43370600694444444
2 0.323231884375 0.4045842625 0.323231884375 0.4565873819444444 0.35131356796875 0.4565873819444444 0.35131356796875 0.4045842625
2 0.199204446875 0.41082463611111114 0.199204446875 0.49194950277777777 0.2799392875 0.49194950277777777 0.2799392875 0.41082463611111114
2 0.22260584921875 0.42122525972222224 0.22260584921875 0.5585134916666666 0.33961286562500004 0.5585134916666666 0.33961286562500004 0.42122525972222224
2 0.059966096875 0.41290476111111113 0.059966096875 0.5668339902777778 0.22611606015625002 0.5668339902777778 0.22611606015625002 0.41290476111111113
2 0.66196719609375 0.3983438875 0.66196719609375 0.4586675041666667 0.69004888046875 0.4586675041666667 0.69004888046875 0.3983438875
2 0.6713277578125 0.37754264027777773 0.6713277578125 0.48986937638888894 0.728661196875 0.48986937638888894 0.728661196875 0.37754264027777773
2 0.8538587046874999 0.37754264027777773 0.8538587046874999 0.42538550972222217 0.9182125640625 0.42538550972222217 0.9182125640625 0.37754264027777773
2 0.8222668093750001 0.3858631388888889 0.8222668093750001 0.5148308736111111 0.9147023531249999 0.5148308736111111 0.9147023531249999 0.3858631388888889
2 0.91704249375 0.3733823930555556 0.91704249375 0.4170650111111111 0.9369336859375 0.4170650111111111 0.9369336859375 0.3733823930555556
2 0.91119214140625 0.3255395222222222 0.91119214140625 0.49610975 0.99894740390625 0.49610975 0.99894740390625 0.3255395222222222
2 0.8889608093750001 0.4399463833333333 0.8889608093750001 0.7020421013888889 0.9989474046875 0.7020421013888889 0.9989474046875 0.4399463833333333
2 0.00046802734375 0.4917414902777778 0.00046802734375 0.6706322194444444 0.036740203124999996 0.6706322194444444 0.036740203124999996 0.4917414902777778
2 0.2859651484375 0.28580914444444444 0.2859651484375 0.8349620736111111 0.70134005703125 0.8349620736111111 0.70134005703125 0.28580914444444444