2 0.517119746875 0.39057070833333335 0.517119746875 0.42213548055555555 0.53487493125 0.42213548055555555 0.53487493125 0.39057070833333335
2 0.49390142812500004 0.39299876666666667 0.49390142812500004 0.4391318972222222 0.5239486640625 0.4391318972222222 0.5239486640625 0.39299876666666667
2 0.46385419140625006 0.38814264861111114 0.46385419140625006 0.42941965972222224 0.48707251171875 0.42941965972222224 0.48707251171875 0.38814264861111114
2 0.5539959007812499 0.3978548861111111 0.5539959007812499 0.42699160138888886 0.5731168703125 0.42699160138888886 0.5731168703125 0.3978548861111111
4 0.0759716859375 0.4172793638888889 0.0759716859375 0.4925492083333333 0.09782422109375 0.4925492083333333 0.09782422109375 0.4172793638888889
2 0.4433674390625 0.39057070833333335 0.4433674390625 0.4488441361111111 0.48570672734375 0.4488441361111111 0.48570672734375 0.39057070833333335
5 0.49936456171875 0.38328652916666667 0.49936456171875 0.446416075 0.52668023046875 0.446416075 0.52668023046875 0.38328652916666667
3 0.50209612890625 0.40271100555555556 0.50209612890625 0.47798085138888885 0.52531444921875 0.47798085138888885 0.52531444921875 0.40271100555555556
2 0.332738978125 0.3711462333333333 0.332738978125 0.5362542805555555 0.44746478984375004 0.5362542805555555 0.44746478984375004 0.3711462333333333
2 0.62365085859375 0.3444375777777778 0.62365085859375 0.5872435277777778 0.8189578953125001 0.5872435277777778 0.8189578953125001 0.3444375777777778
4 0.0937268703125 0.4172793638888889 0.0937268703125 0.4901211472222222 0.11831097343750001 0.4901211472222222 0.11831097343750001 0.4172793638888889
4 0.8694918843749999 0.3201569833333333 0.8694918843749999 0.5216859222222222 0.9131969546875001 0.5216859222222222 0.9131969546875001 0.3201569833333333
7 0.5895062703125 0.3420095180555555 0.5895062703125 0.39299876666666667 0.60316410625 0.39299876666666667 0.60316410625 0.3420095180555555
7 0.54033806640625 0.29102026805555553 0.54033806640625 0.34929369722222225 0.5539959007812499 0.34929369722222225 0.5539959007812499 0.29102026805555553
4 0.60726145703125 0.3687181722222222 0.60726145703125 0.42213548055555555 0.6181877250000001 0.42213548055555555 0.6181877250000001 0.3687181722222222