2 0.40913256562500006 0.33704074166666664 0.40913256562500006 0.3609182902777778 0.4246300109375 0.3609182902777778 0.4246300109375 0.33704074166666664
2 0.40396675078125 0.3407142152777778 0.40396675078125 0.36826522916666665 0.420497359375 0.36826522916666665 0.420497359375 0.3407142152777778
2 0.38950246796875 0.3407142152777778 0.38950246796875 0.3756121638888889 0.406033078125 0.3756121638888889 0.406033078125 0.3407142152777778
2 0.3729718578125 0.33887747777777777 0.3729718578125 0.38112236805555555 0.3946682828125 0.38112236805555555 0.3946682828125 0.33887747777777777
2 0.48765295859375 0.34622441527777775 0.48765295859375 0.3609182902777778 0.50521673046875 0.3609182902777778 0.50521673046875 0.34622441527777775
2 0.5041835671875 0.3443876805555555 0.5041835671875 0.36826522638888887 0.5248468265625 0.36826522638888887 0.5248468265625 0.3443876805555555
2 0.24589280468750002 0.3241836027777778 0.24589280468750002 0.3939795069444445 0.31304840390625 0.3939795069444445 0.31304840390625 0.3241836027777778
2 0.55170906640625 0.34622441527777775 0.55170906640625 0.3884693055555556 0.57650498125 0.3884693055555556 0.57650498125 0.34622441527777775
2 0.07128825078124999 0.3149999347222222 0.07128825078124999 0.42153052222222226 0.18906883828125 0.42153052222222226 0.18906883828125 0.3149999347222222
2 0.30994891484375 0.3186734 0.30994891484375 0.40132644444444443 0.3802040015625 0.40132644444444443 0.3802040015625 0.3186734
2 0.5248468265625 0.3480611513888889 0.5248468265625 0.37377543194444446 0.54551008828125 0.37377543194444446 0.54551008828125 0.3480611513888889
2 0.5641070234375001 0.3480611513888889 0.5641070234375001 0.42153052222222226 0.61473201171875 0.42153052222222226 0.61473201171875 0.3480611513888889
2 0.70306745390625 0.33979584583333333 0.70306745390625 0.6795916930555556 0.9995852460937501 0.6795916930555556 0.9995852460937501 0.33979584583333333