7 0.71355934296875 0.17676515694444445 0.71355934296875 0.32233646111111114 0.79544320234375 0.32233646111111114 0.79544320234375 0.17676515694444445
7 0.46888257421875 0.47830571666666666 0.46888257421875 0.51296555 0.48155507578125 0.51296555 0.48155507578125 0.47830571666666666
6 0.30414004765625 0.3171374861111111 0.30414004765625 0.33620039444444444 0.33338428359375 0.33620039444444444 0.33338428359375 0.3171374861111111
6 0.43768872265625003 0.31540449444444446 0.43768872265625003 0.33620039444444444 0.46790776640625 0.33620039444444444 0.46790776640625 0.31540449444444446
6 0.6131541351562501 0.12997437916666665 0.6131541351562501 0.21315798194444444 0.627776253125 0.21315798194444444 0.627776253125 0.12997437916666665
6 0.762299734375 0.008664956944444444 0.762299734375 0.13517335416666668 0.78666993125 0.13517335416666668 0.78666993125 0.008664956944444444
7 0.6784662609375001 0.4055200638888889 0.6784662609375001 0.4401798986111111 0.6882143390625 0.4401798986111111 0.6882143390625 0.4055200638888889
6 0.568312975 0.45750981527777773 0.568312975 0.47830571666666666 0.58196028515625 0.47830571666666666 0.58196028515625 0.45750981527777773
6 0.8100653203125001 0.3102055194444444 0.8100653203125001 0.3881901472222223 0.8519820570312501 0.3881901472222223 0.8519820570312501 0.3102055194444444
6 0.803241665625 0.3292684277777778 0.803241665625 0.3899231375 0.81298974375 0.3899231375 0.81298974375 0.3292684277777778
7 0.93094149375 0.11957643055555554 0.93094149375 0.1681001986111111 0.9787070773437501 0.1681001986111111 0.9787070773437501 0.11957643055555554
4 0.30024081640625 0.5233635013888889 0.30024081640625 0.9670093833333333 0.524446621875 0.9670093833333333 0.524446621875 0.5233635013888889
4 0.649222025 0.5320284611111111 0.649222025 0.63947395 0.6706677976562501 0.63947395 0.6706677976562501 0.5320284611111111
4 0.696012803125 0.5164315347222223 0.696012803125 0.6412069375 0.7233074226562499 0.6412069375 0.7233074226562499 0.5164315347222223
4 0.6043808640624999 0.5233635013888889 0.6043808640624999 0.6204110361111111 0.6229022132812501 0.6204110361111111 0.6229022132812501 0.5233635013888889
4 0.61997778984375 0.5337614513888889 0.61997778984375 0.6273430055555556 0.6423983703125 0.6273430055555556 0.6423983703125 0.5337614513888889
4 0.5380939312499999 0.5233635013888889 0.5380939312499999 0.5406934180555556 0.5468672015625 0.5406934180555556 0.5468672015625 0.5233635013888889
4 0.8237126296874999 0.4956356333333334 0.8237126296874999 0.7122596 0.87147821328125 0.7122596 0.87147821328125 0.4956356333333334
4 0.8899995625000001 0.5008346083333333 0.8899995625000001 0.7105266083333334 0.9270422609375 0.7105266083333334 0.9270422609375 0.5008346083333333
4 0.8763522531250001 0.5043005902777777 0.8763522531250001 0.6914636986111111 0.909495721875 0.6914636986111111 0.909495721875 0.5043005902777777
4 0.7934935875 0.5302954680555556 0.7934935875 0.6897307069444445 0.82176301484375 0.6897307069444445 0.82176301484375 0.5302954680555556
4 0.66871818125 0.5320284611111111 0.66871818125 0.5476253861111111 0.68334029921875 0.5476253861111111 0.68334029921875 0.5320284611111111
4 0.57903586015625 0.5216305097222222 0.57903586015625 0.5684212861111111 0.5956075937499999 0.5684212861111111 0.5956075937499999 0.5216305097222222
4 0.5936579789062499 0.5112325597222223 0.5936579789062499 0.5788192361111111 0.6034060570312499 0.5788192361111111 0.6034060570312499 0.5112325597222223
9 0.063362509375 0.41245203055555557 0.063362509375 0.6342749722222222 0.2320042671875 0.6342749722222222 0.2320042671875 0.41245203055555557
9 0.22907984374999998 0.4679077652777778 0.22907984374999998 0.5441594 0.25832407812499997 0.5441594 0.25832407812499997 0.4679077652777778
9 0.27879504375 0.4800387069444444 0.27879504375 0.53376145 0.3353338984375 0.53376145 0.3353338984375 0.4800387069444444
2 0.17059137265625 0.5233635013888889 0.17059137265625 0.675866775 0.402595640625 0.675866775 0.402595640625 0.5233635013888889
2 0.43476429921875 0.5372274333333333 0.43476429921875 0.6498718958333333 0.5946327859375 0.6498718958333333 0.5946327859375 0.5372274333333333
2 0.34118274609375 0.5302954680555556 0.34118274609375 0.5805522277777778 0.3996712171875 0.5805522277777778 0.3996712171875 0.5302954680555556
2 0.94653841796875 0.5354944430555555 0.94653841796875 0.6308089902777778 0.9972284265625 0.6308089902777778 0.9972284265625 0.5354944430555555
2 0.8519820570312501 0.5337614513888889 0.8519820570312501 0.6308089902777778 0.95238726484375 0.6308089902777778 0.95238726484375 0.5337614513888889
2 0.7096601125 0.5441594027777779 0.7096601125 0.6342749736111111 0.8363851328124999 0.6342749736111111 0.8363851328124999 0.5441594027777779
9 0.40357044843749995 0.5077665777777778 0.40357044843749995 0.5250964944444445 0.4269658359375 0.5250964944444445 0.4269658359375 0.5077665777777778