6 0.34897240859375 0.405889425 0.34897240859375 0.4414625569444445 0.35597586875 0.4414625569444445 0.35597586875 0.405889425
6 0.56507918203125 0.4165613652777778 0.56507918203125 0.4503558402777778 0.57108214765625 0.4503558402777778 0.57108214765625 0.4165613652777778
6 0.5610772046875 0.41478270833333336 0.5610772046875 0.44501987083333333 0.5660796765625 0.44501987083333333 0.5660796765625 0.41478270833333336
7 0.284940771875 0.4165613652777778 0.284940771875 0.4361265861111111 0.318957578125 0.4361265861111111 0.318957578125 0.4165613652777778
7 0.58508906953125 0.43434793055555554 0.58508906953125 0.4556918097222222 0.61610439296875 0.4556918097222222 0.61610439296875 0.43434793055555554
7 0.6281103234375001 0.4236759902777778 0.6281103234375001 0.4592491208333333 0.64111675 0.4592491208333333 0.64111675 0.4236759902777778
7 0.62410834609375 0.4699210625 0.62410834609375 0.48059299999999994 0.6421172453125 0.48059299999999994 0.6421172453125 0.4699210625
7 0.7351632171875 0.44501986944444444 0.7351632171875 0.4592491208333333 0.7521716203125 0.4592491208333333 0.7521716203125 0.44501986944444444
6 0.721156296875 0.4023321125 0.721156296875 0.4379052430555555 0.73116123984375 0.4379052430555555 0.73116123984375 0.4023321125
4 0.35697636250000003 0.5286167291666667 0.35697636250000003 0.5748618013888889 0.36898229453125003 0.5748618013888889 0.36898229453125003 0.5286167291666667
4 0.33096351015625 0.5286167291666667 0.33096351015625 0.5641898611111111 0.34096845390624997 0.5641898611111111 0.34096845390624997 0.5286167291666667
9 0.31695658984374997 0.49660091111111115 0.31695658984374997 0.5517392638888889 0.3429694421875 0.5517392638888889 0.3429694421875 0.49660091111111115
9 0.34196894843750003 0.49660091111111115 0.34196894843750003 0.5624112055555556 0.37998773203125 0.5624112055555556 0.37998773203125 0.49660091111111115
2 0.307952140625 0.5303953861111111 0.307952140625 0.5606325472222222 0.32295955468750004 0.5606325472222222 0.32295955468750004 0.5303953861111111
2 0.29294472578124997 0.5250594166666667 0.29294472578124997 0.5659685152777777 0.30895263515625004 0.5659685152777777 0.30895263515625004 0.5250594166666667
2 0.51505446640625 0.5037155375 0.51505446640625 0.6371147805555556 0.58709005859375 0.6371147805555556 0.58709005859375 0.5037155375
2 0.60109697890625 0.48948628472222216 0.60109697890625 0.8132017819444444 0.86222599609375 0.8132017819444444 0.86222599609375 0.48948628472222216
2 0.78218645078125 0.5375100138888889 0.78218645078125 0.6513440333333333 0.8672284679687501 0.6513440333333333 0.8672284679687501 0.5375100138888889
9 0.8662279742187501 0.473478375 0.8662279742187501 0.7473914875000001 0.99929371796875 0.7473914875000001 0.99929371796875 0.473478375
9 0.38899218125 0.4041107694444444 0.38899218125 0.6709092555555556 0.5010475453125001 0.6709092555555556 0.5010475453125001 0.4041107694444444
2 0.13186513984374998 0.4379052444444445 0.13186513984374998 0.7082610416666667 0.31695658984374997 0.7082610416666667 0.31695658984374997 0.4379052444444445
2 0.00080038359375 0.48948628472222216 0.00080038359375 0.6442294055555555 0.047823616406250005 0.6442294055555555 0.047823616406250005 0.48948628472222216
9 0.00080038359375 0.37209495000000004 0.00080038359375 0.6175495583333332 0.16288046328125 0.6175495583333332 0.16288046328125 0.37209495000000004