2 0.51489825625 0.41437485555555553 0.51489825625 0.44999984305555557 0.54021074765625 0.44999984305555557 0.54021074765625 0.41437485555555553
2 0.54021074765625 0.4124998541666666 0.54021074765625 0.44062484444444444 0.56446855234375 0.44062484444444444 0.56446855234375 0.4124998541666666
2 0.578179484375 0.41437485555555553 0.578179484375 0.4443748444444444 0.59505447890625 0.4443748444444444 0.59505447890625 0.41437485555555553
2 0.5866169796875 0.3993748583333333 0.5866169796875 0.4593748388888889 0.6150935328125 0.4593748388888889 0.6150935328125 0.3993748583333333
2 0.6034919765625 0.4012498597222222 0.6034919765625 0.4649998375 0.63618727734375 0.4649998375 0.63618727734375 0.4012498597222222
2 0.630913840625 0.38999986111111107 0.630913840625 0.47249983472222223 0.68048413671875 0.47249983472222223 0.68048413671875 0.38999986111111107
2 0.6625544546875 0.3918748625 0.6625544546875 0.49687482638888886 0.7110700624999999 0.49687482638888886 0.7110700624999999 0.3918748625
2 0.6914528890625 0.3843748652777778 0.6914528890625 0.5062498208333334 0.803249725 0.5062498208333334 0.803249725 0.3843748652777778
2 0.7357497484375 0.38249986666666663 0.7357497484375 0.5512498069444445 0.92981218203125 0.5512498069444445 0.92981218203125 0.38249986666666663
2 0.9013356273437501 0.38624986527777777 0.9013356273437501 0.40874985694444443 0.9424684265625001 0.40874985694444443 0.9424684265625001 0.38624986527777777
2 0.923484059375 0.38624986527777777 0.923484059375 0.41437485555555553 0.9814918515625 0.41437485555555553 0.9814918515625 0.38624986527777777
2 0.8675856398437499 0.37874986805555555 0.8675856398437499 0.6168747847222222 0.99836684296875 0.6168747847222222 0.99836684296875 0.37874986805555555