6 0.299480871875 0.2887529472222222 0.299480871875 0.35694552361111115 0.32225612734375 0.35694552361111115 0.32225612734375 0.2887529472222222
7 0.16582608203125 0.33243881527777774 0.16582608203125 0.3686661236111111 0.19039938437499998 0.3686661236111111 0.19039938437499998 0.33243881527777774
7 0.32045808125 0.29408049305555556 0.32045808125 0.36440408750000003 0.33304440703125 0.36440408750000003 0.33304440703125 0.29408049305555556
7 0.9741478734375001 0.3693764611111111 0.9741478734375001 0.3938831666666667 0.9927276859375 0.3938831666666667 0.9927276859375 0.3693764611111111
7 0.6097437851562499 0.3097079555555556 0.6097437851562499 0.3310181375 0.6510988546875 0.3310181375 0.6510988546875 0.3097079555555556
2 0 0.44827487916666664 0 0.5164674569444444 0.0896775609375 0.5164674569444444 0.0896775609375 0.44827487916666664
2 0 0.48450218611111107 0 0.5590878152777777 0.029742677343750003 0.5590878152777777 0.029742677343750003 0.48450218611111107
2 0.022550490625 0.4663885333333333 0.022550490625 0.5558912930555556 0.122042396875 0.5558912930555556 0.122042396875 0.4663885333333333
2 0.10526062890625001 0.45253691527777773 0.10526062890625001 0.5441706902777778 0.20355383593749998 0.5441706902777778 0.20355383593749998 0.45253691527777773
2 0.26371348515625004 0.43898972222222227 0.26371348515625004 0.45177583055555554 0.28229329765625 0.45177583055555554 0.28229329765625 0.43898972222222227
2 0.23794148515625002 0.43898972222222227 0.23794148515625002 0.4560378666666667 0.26191543828124997 0.4560378666666667 0.26191543828124997 0.43898972222222227
2 0.22775255468750003 0.4485793013888889 0.22775255468750003 0.4794790652777777 0.28409134687500004 0.4794790652777777 0.28409134687500004 0.4485793013888889
2 0.21216948593749999 0.4400552277777778 0.21216948593749999 0.45177582777777775 0.23794148515625002 0.45177582777777775 0.23794148515625002 0.4400552277777778
2 0.20677534609374998 0.45071031944444445 0.20677534609374998 0.46882397361111117 0.24213692734375 0.46882397361111117 0.24213692734375 0.45071031944444445
2 0.19598706796875 0.4602999013888889 0.19598706796875 0.49759271388888887 0.22235841640624998 0.49759271388888887 0.22235841640624998 0.4602999013888889
2 0.31046269375 0.4336621763888889 0.31046269375 0.49013415555555556 0.385980646875 0.49013415555555556 0.385980646875 0.4336621763888889
2 0.31525748359375 0.44751379166666666 0.31525748359375 0.4997237347222222 0.37339431953125 0.4997237347222222 0.37339431953125 0.44751379166666666
2 0.294879625 0.45816888333333333 0.294879625 0.5125098416666667 0.36140734453125 0.5125098416666667 0.36140734453125 0.45816888333333333
2 0.22655385546875 0.45177582777777775 0.22655385546875 0.4549723555555556 0.34043013437499997 0.4549723555555556 0.34043013437499997 0.45177582777777775
2 0.4409358859375 0.42668394722222225 0.4409358859375 0.4756476777777777 0.47634715625 0.4756476777777777 0.47634715625 0.42668394722222225
2 0.43892313203125 0.4496448097222222 0.43892313203125 0.4848066097222222 0.453307503125 0.4848066097222222 0.453307503125 0.4496448097222222
2 0.5654856203125 0.44245262500000004 0.5654856203125 0.45736975277777775 0.57567454921875 0.45736975277777775 0.57567454921875 0.44245262500000004
2 0.576873246875 0.43605957083333335 0.576873246875 0.45843526250000005 0.59245631640625 0.45843526250000005 0.59245631640625 0.43605957083333335
1 0.68205896640625 0.3913081888888889 0.68205896640625 0.4680248388888889 0.7354010140625 0.4680248388888889 0.7354010140625 0.3913081888888889
2 0.5004792929687499 0.42202073472222223 0.5004792929687499 0.4663212527777778 0.5555634914062499 0.4663212527777778 0.5555634914062499 0.42202073472222223