2 0.22939301250000002 0.3908972819444444 0.22939301250000002 0.4080825777777778 0.24013382265625 0.4080825777777778 0.24013382265625 0.3908972819444444
2 0.22187444609375 0.3889878041666667 0.22187444609375 0.4099920527777778 0.22939301250000002 0.4099920527777778 0.22939301250000002 0.3889878041666667
2 0.21435587968749997 0.38516885 0.21435587968749997 0.4138110097222222 0.220800365625 0.4138110097222222 0.220800365625 0.38516885
2 0.1864297734375 0.383259375 0.1864297734375 0.4329057847222222 0.218652203125 0.4329057847222222 0.218652203125 0.383259375
2 0.17031855703125 0.3889878041666667 0.17031855703125 0.43672473749999996 0.1950224203125 0.43672473749999996 0.1950224203125 0.3889878041666667
2 0.14776285703125 0.38134989583333334 0.14776285703125 0.4500910805555556 0.17998528828125 0.4500910805555556 0.17998528828125 0.38134989583333334
2 0.12091083124999999 0.383259375 0.12091083124999999 0.4596384666666667 0.16172590859375 0.4596384666666667 0.16172590859375 0.383259375
2 0.027465784375000003 0.32788453055555555 0.027465784375000003 0.48064271805555553 0.12520715625 0.48064271805555553 0.12520715625 0.32788453055555555
2 0.71365010703125 0.4560923027777778 0.71365010703125 0.5152861 0.814613721875 0.5152861 0.814613721875 0.4560923027777778
2 0.2938378734375 0.3908972819444444 0.2938378734375 0.46536689861111113 0.33787519375 0.46536689861111113 0.33787519375 0.3908972819444444
2 0.34754192265625 0.4061731013888889 0.34754192265625 0.4405436930555556 0.375468028125 0.4405436930555556 0.375468028125 0.4061731013888889
2 0 0.30851698333333333 0 0.5166500138888889 0.060762295312500006 0.5166500138888889 0.060762295312500006 0.30851698333333333
7 0.4732094 0.36934746944444447 0.4732094 0.4113559694444444 0.48609837109375 0.4113559694444444 0.48609837109375 0.36934746944444447
7 0.6461364406250001 0.3884422430555555 0.6461364406250001 0.4170844013888889 0.6622476546875 0.4170844013888889 0.6622476546875 0.3884422430555555