7 0.5575900875 0.2530167916666667 0.5575900875 0.27727867638888887 0.60633048125 0.27727867638888887 0.60633048125 0.2530167916666667
7 0.494227578125 0.27381269305555556 0.494227578125 0.38472416111111113 0.60828009609375 0.38472416111111113 0.60828009609375 0.27381269305555556
7 0.8597805203125001 0.19756105694444445 0.8597805203125001 0.31540449444444446 0.9182689906249999 0.31540449444444446 0.9182689906249999 0.19756105694444445
7 0.57708624453125 0.4644417819444444 0.57708624453125 0.47483973472222224 0.5887839390625 0.47483973472222224 0.5887839390625 0.4644417819444444
7 0.57903586015625 0.48350469166666665 0.57903586015625 0.5025676 0.5868343242187499 0.5025676 0.5868343242187499 0.48350469166666665
7 0.5780610523437499 0.5250964930555556 0.5780610523437499 0.5372274347222222 0.5868343234375 0.5372274347222222 0.5868343234375 0.5250964930555556
7 0.67261741328125 0.47483973333333335 0.67261741328125 0.49216965 0.6862647234375 0.49216965 0.6862647234375 0.47483973333333335
7 0.024370196093749998 0.5233635013888889 0.024370196093749998 0.5632223111111111 0.0370426984375 0.5632223111111111 0.0370426984375 0.5233635013888889
7 0.18716310625000002 0.5302954680555556 0.18716310625000002 0.5493583777777777 0.19983560859375 0.5493583777777777 0.19983560859375 0.5302954680555556
7 0.1881379140625 0.5510913694444444 0.1881379140625 0.5632223111111111 0.20081041640625 0.5632223111111111 0.20081041640625 0.5510913694444444
2 0.5390687390625 0.5250964930555556 0.5390687390625 0.5874841944444444 0.5556404710937499 0.5874841944444444 0.5556404710937499 0.5250964930555556
2 0.78959435546875 0.4505778486111111 0.78959435546875 0.5129655513888889 0.8529568640624999 0.5129655513888889 0.8529568640624999 0.4505778486111111
2 0.914369759375 0.4488448569444444 0.914369759375 0.4817717 0.98065669296875 0.4817717 0.98065669296875 0.4488448569444444
2 0.33728351484374997 0.5372274347222222 0.33728351484374997 0.6169450541666667 0.37920025234375 0.6169450541666667 0.37920025234375 0.5372274347222222
2 0.19886080078124999 0.5528243611111111 0.19886080078124999 0.6429399305555555 0.2320042671875 0.6429399305555555 0.2320042671875 0.5528243611111111
2 0.19593637734375 0.5684212861111111 0.19593637734375 0.5909501791666667 0.21445772500000002 0.5909501791666667 0.21445772500000002 0.5684212861111111
2 0.0945563609375 0.5753532527777778 0.0945563609375 0.6117460791666667 0.15012040859375 0.6117460791666667 0.15012040859375 0.5753532527777778
2 0.03021904296875 0.5736202611111112 0.03021904296875 0.6706677986111111 0.08383347578125 0.6706677986111111 0.08383347578125 0.5736202611111112
2 0 0.5441594013888889 0 0.7313225083333332 0.06628693359375 0.7313225083333332 0.06628693359375 0.5441594013888889
2 0.22225618906250003 0.5043005916666666 0.22225618906250003 0.6793327583333334 0.3528804390625 0.6793327583333334 0.3528804390625 0.5043005916666666
2 0.5712373976562499 0.5302954680555556 0.5712373976562499 0.6256100125 0.66189452734375 0.6256100125 0.66189452734375 0.5302954680555556
2 0.71648376640625 0.4817717 0.71648376640625 0.7781132847222223 0.99820323515625 0.7781132847222223 0.99820323515625 0.4817717
2 0.3616537109375 0.4523108402777778 0.3616537109375 0.7833122597222222 0.56246412734375 0.7833122597222222 0.56246412734375 0.4523108402777778