2 0.28136473046875 0.524081525 0.28136473046875 0.5736733541666668 0.31029329296874997 0.5736733541666668 0.31029329296874997 0.524081525
2 0.26690044921875 0.518571325 0.26690044921875 0.5626529444444445 0.28343105703125004 0.5626529444444445 0.28343105703125004 0.518571325
2 0.3154591125 0.5130611194444444 0.3154591125 0.5626529444444445 0.34542083984375 0.5626529444444445 0.34542083984375 0.5130611194444444
2 0.3733162421875 0.5277549930555555 0.3733162421875 0.5681631486111112 0.38778052500000004 0.5681631486111112 0.38778052500000004 0.5277549930555555
2 0.34232135078125003 0.518571325 0.34232135078125003 0.5699998805555556 0.37434940546875 0.5699998805555556 0.37434940546875 0.518571325
2 0.00084532578125 0.45288545416666665 0.00084532578125 0.7816608958333333 0.29736312109375 0.7816608958333333 0.29736312109375 0.45288545416666665
2 0.77158495859375 0.5153344222222221 0.77158495859375 0.6365588861111111 0.987516034375 0.6365588861111111 0.987516034375 0.5153344222222221
2 0.34488862109374996 0.4881173611111111 0.34488862109374996 0.879341763888889 0.6135110125 0.879341763888889 0.6135110125 0.4881173611111111
6 0.39112601015625004 0.20072881944444446 0.39112601015625004 0.26685125555555556 0.40765661875000003 0.26685125555555556 0.40765661875000003 0.20072881944444446
6 0.353915728125 0.23741703611111112 0.353915728125 0.244763975 0.36218103203125 0.244763975 0.36218103203125 0.23741703611111112
6 0.378711640625 0.20251908749999997 0.378711640625 0.274151725 0.3962754109375 0.274151725 0.3962754109375 0.20251908749999997
6 0.7909436953125 0.1382333847222222 0.7909436953125 0.25394764305555556 0.8457013375000001 0.25394764305555556 0.8457013375000001 0.1382333847222222
7 0.76304829375 0.06109054305555556 0.76304829375 0.11986604166666667 0.8353697078125 0.11986604166666667 0.8353697078125 0.06109054305555556
7 0.745484521875 0.004151780555555555 0.745484521875 0.06843748333333334 0.7857778804687501 0.06843748333333334 0.7857778804687501 0.004151780555555555
7 0.75065033671875 0.09782522916666665 0.75065033671875 0.18231500416666668 0.79404318671875 0.18231500416666668 0.79404318671875 0.09782522916666665
7 0.9094889734375 0.3898659847222222 0.9094889734375 0.4339476097222222 0.9335201953125001 0.4339476097222222 0.9335201953125001 0.3898659847222222
7 0.47582896640624994 0.4541516847222222 0.47582896640624994 0.4817027 0.48926008671875004 0.4817027 0.48926008671875004 0.4541516847222222
7 0.5171554890625 0.3549680319444445 0.5171554890625 0.37700884444444444 0.55021670546875 0.37700884444444444 0.55021670546875 0.3549680319444445
7 0.5171554890625 0.2668047875 0.5171554890625 0.3090496777777778 0.55124986796875 0.3090496777777778 0.55124986796875 0.2668047875
7 0.520254978125 0.3108864069444444 0.520254978125 0.33476395555555555 0.5522830328125 0.33476395555555555 0.5522830328125 0.3108864069444444
6 0.546084053125 0.4357843388888889 0.546084053125 0.4706822930555556 0.56881363984375 0.4706822930555556 0.56881363984375 0.4357843388888889
6 0.26525170078125 0.4485305166666667 0.26525170078125 0.4724080638888889 0.27455016875 0.4724080638888889 0.27455016875 0.4485305166666667