6 0.2111089953125 0.2452956888888889 0.2111089953125 0.25902026944444445 0.21953089765625 0.25902026944444445 0.21953089765625 0.2452956888888889
6 0.345859425 0.2927078791666667 0.345859425 0.2981977138888889 0.35147402968749997 0.2981977138888889 0.35147402968749997 0.2927078791666667
6 0.49113723125000003 0.30768015 0.49113723125000003 0.31641397916666664 0.4967518328125 0.31641397916666664 0.4967518328125 0.30768015
6 0.584479978125 0.3351293125 0.584479978125 0.34386313611111113 0.5900945796875 0.34386313611111113 0.5900945796875 0.3351293125
6 0.0212302125 0.15596114166666666 0.0212302125 0.22832711527777777 0.0296521125 0.22832711527777777 0.0296521125 0.15596114166666666
6 0.21353030234374998 0.32190380416666664 0.21353030234374998 0.3356283888888889 0.21774125312499998 0.3356283888888889 0.21774125312499998 0.32190380416666664
4 0.23318140625 0.3874074819444444 0.23318140625 0.4610211416666667 0.24370878281250002 0.4610211416666667 0.24370878281250002 0.3874074819444444
4 0.624098015625 0.4173520222222222 0.624098015625 0.45977345416666665 0.63251991796875 0.45977345416666665 0.63251991796875 0.4173520222222222
4 0.445834425 0.4111135777777778 0.445834425 0.4510396347222222 0.4535545015625 0.4510396347222222 0.4535545015625 0.4111135777777778
4 0.64760915546875 0.4148566458333333 0.64760915546875 0.4947087472222222 0.6602420078125 0.4947087472222222 0.6602420078125 0.4148566458333333
4 0.59567409609375 0.4173520222222222 0.59567409609375 0.45977345416666665 0.6047978203125 0.45977345416666665 0.6047978203125 0.4173520222222222
2 0.43249974765625004 0.4148566458333333 0.43249974765625004 0.42359047222222224 0.44232529921874997 0.42359047222222224 0.44232529921874997 0.4148566458333333
2 0.40863769453125 0.4111135777777778 0.40863769453125 0.42608584583333337 0.42407784921875 0.42608584583333337 0.42407784921875 0.4111135777777778
2 0.53145709453125 0.4223427791666666 0.53145709453125 0.4648116388888889 0.58282194609375 0.4648116388888889 0.58282194609375 0.4223427791666666
2 0.24160330703125 0.40237975416666666 0.24160330703125 0.5171671541666666 0.327225975 0.5171671541666666 0.327225975 0.40237975416666666
2 0.14545326249999999 0.3936459277777778 0.14545326249999999 0.4298289166666666 0.1917737203125 0.4298289166666666 0.1917737203125 0.3936459277777778
2 0.9423757203124999 0.4136089527777778 0.9423757203124999 0.6144869041666666 0.9992235609375 0.6144869041666666 0.9992235609375 0.4136089527777778
2 0.20686296015625 0.40237975416666666 0.20686296015625 0.4423058083333333 0.23633961796874997 0.4423058083333333 0.23633961796874997 0.40237975416666666
7 0.5440899453125 0.32127995694444444 0.5440899453125 0.33001378333333337 0.556020975 0.33001378333333337 0.556020975 0.32127995694444444
7 0.5440899453125 0.33126147083333335 0.5440899453125 0.3437383611111111 0.556020975 0.3437383611111111 0.556020975 0.33126147083333335
7 0.35038620625 0.33126147083333335 0.35038620625 0.35621525277777777 0.3602117546875 0.35621525277777777 0.3602117546875 0.33126147083333335
7 0.34266612890625 0.33126147083333335 0.34266612890625 0.3549675652777778 0.3496843796875 0.3549675652777778 0.3496843796875 0.33126147083333335
2 0.46969648203125003 0.4123612652777778 0.46969648203125003 0.4285812305555555 0.48654028515625003 0.4285812305555555 0.48654028515625003 0.4123612652777778
2 0.33294585078125 0.3897780958333333 0.33294585078125 0.4309518361111111 0.35119330546875 0.4309518361111111 0.35119330546875 0.3897780958333333
2 0.345578703125 0.3935211638888889 0.345578703125 0.4421810375 0.38277543515625 0.4421810375 0.38277543515625 0.3935211638888889
2 0.00046802812500000004 0.3771140486111111 0.00046802812500000004 0.41329703472222223 0.0952437125 0.41329703472222223 0.0952437125 0.3771140486111111
6 0.251141109375 0.22006256388888887 0.251141109375 0.24968636944444442 0.2618532890625 0.24968636944444442 0.2618532890625 0.22006256388888887
6 0.25685427421874996 0.22852650694444446 0.25685427421874996 0.24757038333333334 0.27589815 0.24757038333333334 0.27589815 0.22852650694444446
6 0.41753697578125 0.25391834027777777 0.41753697578125 0.28354214722222226 0.42824915625 0.28354214722222226 0.42824915625 0.25391834027777777
6 0.3984931 0.3745295513888889 0.3984931 0.39357342777777776 0.4068247953125 0.39357342777777776 0.4068247953125 0.3745295513888889