6 0.6318248679687499 0.1215639 0.6318248679687499 0.1876776 0.6426216609375001 0.1876776 0.6426216609375001 0.1215639
6 0.37510110390625 0.14289090000000002 0.37510110390625 0.2047392 0.3870975421875 0.2047392 0.3870975421875 0.14289090000000002
6 0.7050031359375 0.3156396027777778 0.7050031359375 0.34123200277777777 0.7146002859375 0.34123200277777777 0.7146002859375 0.3156396027777778
6 0.6930066984375001 0.3177723013888889 0.6930066984375001 0.3454974013888889 0.6990049171875 0.3454974013888889 0.6990049171875 0.3177723013888889
6 0.10518125859375001 0.2921799013888889 0.10518125859375001 0.3241704013888889 0.11837734140625 0.3241704013888889 0.11837734140625 0.2921799013888889
6 0.39069647265624996 0.36042630277777776 0.39069647265624996 0.3796206013888889 0.3954950484375 0.3796206013888889 0.3954950484375 0.36042630277777776
6 0.37030252890625 0.3497628013888889 0.37030252890625 0.3689571013888889 0.37510110390625 0.3689571013888889 0.37510110390625 0.3497628013888889
6 0.330714284375 0.3412320013888889 0.330714284375 0.3582936013888889 0.33551286015625 0.3582936013888889 0.33551286015625 0.3412320013888889
7 0.40029362265625 0.2900472013888889 0.40029362265625 0.3284358013888889 0.4242864984375 0.3284358013888889 0.4242864984375 0.2900472013888889
7 0.44108151015625 0.33270120138888887 0.44108151015625 0.3497628013888889 0.44827937265625 0.3497628013888889 0.44827937265625 0.33270120138888887
7 0.6786109742187499 0.18981030000000002 0.6786109742187499 0.2367297027777778 0.7050031359375 0.2367297027777778 0.7050031359375 0.18981030000000002
7 0.6918070546874999 0.2943126013888889 0.6918070546874999 0.3092415027777778 0.7098017117187501 0.3092415027777778 0.7098017117187501 0.2943126013888889
2 0.35950573515625 0.3924168013888889 0.35950573515625 0.4094784 0.36910288515625 0.4094784 0.36910288515625 0.3924168013888889
2 0.34151107812500003 0.3881514027777778 0.34151107812500003 0.4137438027777778 0.3619050234375 0.4137438027777778 0.3619050234375 0.3881514027777778
2 0.36670359765625 0.39028410138888886 0.36670359765625 0.4137438013888889 0.37630074765625 0.4137438013888889 0.37630074765625 0.39028410138888886
2 0.37390146015625 0.3924168013888889 0.37390146015625 0.4180092013888889 0.39429540390625 0.4180092013888889 0.39429540390625 0.3924168013888889
2 0.39549504765625 0.39028410138888886 0.39549504765625 0.4137438013888889 0.40389255390625 0.4137438013888889 0.40389255390625 0.39028410138888886
2 0.4026929109375 0.3881514027777778 0.4026929109375 0.4180092013888889 0.4206875671875 0.4180092013888889 0.4206875671875 0.3881514027777778
2 0.41348970390625006 0.3945495013888889 0.41348970390625006 0.4244073013888889 0.44348079765625004 0.4244073013888889 0.44348079765625004 0.3945495013888889
2 0.48306904140625007 0.3966822013888889 0.48306904140625007 0.4222746013888889 0.50826156015625 0.4222746013888889 0.50826156015625 0.3966822013888889
2 0.50826156015625 0.3881514027777778 0.50826156015625 0.4393362013888889 0.5610458859375 0.4393362013888889 0.5610458859375 0.3881514027777778
2 0.55744695390625 0.3966822013888889 0.55744695390625 0.4436016 0.60663234921875 0.4436016 0.60663234921875 0.3966822013888889
4 0.45427759140625 0.37322250138888885 0.45427759140625 0.47985750138888894 0.48546832890624997 0.47985750138888894 0.48546832890624997 0.37322250138888885
2 0.06679265859375 0.3668244013888889 0.06679265859375 0.44360160277777777 0.127974490625 0.44360160277777777 0.127974490625 0.3668244013888889
2 0.00201189609375 0.3710898027777778 0.00201189609375 0.44999970138888884 0.07758945234375 0.44999970138888884 0.07758945234375 0.3710898027777778
2 0.80337392265625 0.35189550138888886 0.80337392265625 0.8488146027777778 1 0.8488146027777778 1 0.35189550138888886