7 0.63146004921875 0.10192611250000001 0.63146004921875 0.1123267361111111 0.6712424328125 0.1123267361111111 0.6712424328125 0.10192611250000001
7 0.6068885765625 0.11856710972222222 0.6068885765625 0.14560873194444443 0.65018117109375 0.14560873194444443 0.65018117109375 0.11856710972222222
7 0.6174192054687501 0.14976898194444446 0.6174192054687501 0.2059323486111111 0.6419906796875 0.2059323486111111 0.6419906796875 0.14976898194444446
7 0.4816910671875 0.1934516027777778 0.4816910671875 0.2350541013888889 0.4969019796875 0.2350541013888889 0.4969019796875 0.1934516027777778
6 0.6431607500000001 0.18929135 0.6431607500000001 0.2246534722222222 0.66305194453125 0.2246534722222222 0.66305194453125 0.18929135
6 0.63146004921875 0.20385222361111113 0.63146004921875 0.23297397083333335 0.64433081953125 0.23297397083333335 0.64433081953125 0.20385222361111113
7 0.427867840625 0.2704162166666667 0.427867840625 0.28081683888888886 0.45009917421875 0.28081683888888886 0.45009917421875 0.2704162166666667
7 0.45594952343750006 0.2953777125 0.45594952343750006 0.2995379638888889 0.46765022500000003 0.2995379638888889 0.46765022500000003 0.2953777125
7 0.45243931406250004 0.2787367138888889 0.45243931406250004 0.2995379611111111 0.46179987578125 0.2995379611111111 0.46179987578125 0.2787367138888889
7 0.299160121875 0.2787367138888889 0.299160121875 0.28913733750000004 0.31788124375 0.28913733750000004 0.31788124375 0.2787367138888889
7 0.427867840625 0.2912174652777778 0.427867840625 0.3057783388888889 0.43722840312500005 0.3057783388888889 0.43722840312500005 0.2912174652777778
7 0.4863713484375 0.28289696666666664 0.4863713484375 0.30161808888888886 0.49456183828125005 0.30161808888888886 0.49456183828125005 0.28289696666666664
7 0.1751326828125 0.26209571527777775 0.1751326828125 0.2995379611111111 0.191513665625 0.2995379611111111 0.191513665625 0.26209571527777775
6 0.250017175 0.2787367138888889 0.250017175 0.2995379611111111 0.25703759609375 0.2995379611111111 0.25703759609375 0.2787367138888889
6 0.2968199828125 0.30161808888888886 0.2968199828125 0.3182590819444444 0.30150026093750004 0.3182590819444444 0.30150026093750004 0.30161808888888886
6 0.28745941953125 0.3036982138888889 0.28745941953125 0.3203392097222222 0.294479840625 0.3203392097222222 0.294479840625 0.3036982138888889
6 0.41850727890624995 0.2641758402777778 0.41850727890624995 0.2828969625 0.42318755937499997 0.2828969625 0.42318755937499997 0.2641758402777778
6 0.31905131484375 0.2704162166666667 0.31905131484375 0.2932975875 0.32724180625 0.2932975875 0.32724180625 0.2704162166666667
6 0.31905131484375 0.2953777125 0.31905131484375 0.3203392097222222 0.32490166640624996 0.3203392097222222 0.32490166640624996 0.2953777125
6 0.32256152421875 0.2932975875 0.32256152421875 0.3182590819444444 0.3295819453125 0.3182590819444444 0.3295819453125 0.2932975875
6 0.2488471046875 0.3036982138888889 0.2488471046875 0.32241933472222223 0.25703759453125 0.32241933472222223 0.25703759453125 0.3036982138888889
2 0.43020798046875 0.3349000833333333 0.43020798046875 0.37026220694444445 0.45243931406250004 0.37026220694444445 0.45243931406250004 0.3349000833333333
2 0.4372284015625 0.33698020833333336 0.4372284015625 0.3827429527777778 0.455949525 0.3827429527777778 0.455949525 0.33698020833333336
2 0.44892910234374994 0.32241933472222223 0.44892910234374994 0.3889833277777778 0.4723305046875 0.3889833277777778 0.4723305046875 0.32241933472222223
2 0.45594952343750006 0.3244994583333333 0.45594952343750006 0.3993839486111111 0.48052099609375 0.3993839486111111 0.48052099609375 0.3244994583333333
2 0.46531008515625 0.3203392097222222 0.46531008515625 0.4118646972222222 0.500412190625 0.4118646972222222 0.500412190625 0.3203392097222222
2 0.30267033203125 0.34114045972222223 0.30267033203125 0.38274295555555554 0.3108608234375 0.38274295555555554 0.3108608234375 0.34114045972222223
2 0.20321436718750002 0.3453007069444445 0.20321436718750002 0.4056243236111111 0.23597633281250002 0.4056243236111111 0.23597633281250002 0.3453007069444445
2 0.17747282343749998 0.34946095694444446 0.17747282343749998 0.42018519583333336 0.21725520937499998 0.42018519583333336 0.21725520937499998 0.34946095694444446
2 0.06046580703125 0.25793546805555556 0.06046580703125 0.4368261972222222 0.18449324609375 0.4368261972222222 0.18449324609375 0.25793546805555556
2 0.0066425796875 0.34946095694444446 0.0066425796875 0.46386781666666665 0.12247952734375 0.46386781666666665 0.12247952734375 0.34946095694444446
2 0.4840312078125 0.3099385847222222 0.4840312078125 0.4326659458333333 0.57529668125 0.4326659458333333 0.57529668125 0.3099385847222222
2 0.31905131484375 0.2953777125 0.31905131484375 0.4825889402777778 0.4372284015625 0.4825889402777778 0.4372284015625 0.2953777125
2 0.22895591328124998 0.3203392097222222 0.22895591328124998 0.4222653236111111 0.30852068359375 0.4222653236111111 0.30852068359375 0.3203392097222222
4 0.9216374500000001 0.2662559652777778 0.9216374500000001 0.31201870972222223 0.94503885546875 0.31201870972222223 0.94503885546875 0.2662559652777778
4 0.8186712757812501 0.2184130972222222 0.8186712757812501 0.6448386708333333 0.8771747828124999 0.6448386708333333 0.8771747828124999 0.2184130972222222
4 0.75431741640625 0.23297397083333335 0.75431741640625 0.6198771708333333 0.8022902914062501 0.6198771708333333 0.8022902914062501 0.23297397083333335
4 0.70751461015625 0.32865971111111114 0.70751461015625 0.5886753027777778 0.7636779781249999 0.5886753027777778 0.7636779781249999 0.32865971111111114
4 0 0.33698020833333336 0 0.4929895652777778 0.00898272109375 0.4929895652777778 0.00898272109375 0.33698020833333336
4 0.01249293046875 0.3265795861111111 0.01249293046875 0.48674918749999996 0.03940454453125 0.48674918749999996 0.03940454453125 0.3265795861111111
4 0.5916776640625 0.3099385847222222 0.5916776640625 0.4451466916666667 0.6127389265625001 0.4451466916666667 0.6127389265625001 0.3099385847222222
4 0.547214996875 0.2974578375 0.547214996875 0.45138706805555556 0.57295653984375 0.45138706805555556 0.57295653984375 0.2974578375
4 0.64550088984375 0.3036982138888889 0.64550088984375 0.40770444861111116 0.673582575 0.40770444861111116 0.673582575 0.3036982138888889
0 0.9462089242187499 0.3806628277777778 0.9462089242187499 0.7072424125 0.9988620812500001 0.7072424125 0.9988620812500001 0.3806628277777778
7 0.6302899796875 0.0977658625 0.6302899796875 0.11648698611111112 0.6724125062499999 0.11648698611111112 0.6724125062499999 0.0977658625
4 0.7819241296875 0.22415114444444445 0.7819241296875 0.7030195 0.8421010703125 0.7030195 0.8421010703125 0.22415114444444445