2 0.551741240625 0.6256100111111111 0.551741240625 0.6516048875 0.57221220546875 0.6516048875 0.57221220546875 0.6256100111111111
2 0.56733816640625 0.6204110375 0.56733816640625 0.675866775 0.61412894296875 0.675866775 0.61412894296875 0.6204110375
2 0.69893722578125 0.6273430041666667 0.69893722578125 0.6620028388888889 0.71745857421875 0.6620028388888889 0.71745857421875 0.6273430041666667
1 0.34020793828125 0.5614893194444445 0.34020793828125 0.6654688208333333 0.4445123765625 0.6654688208333333 0.4445123765625 0.5614893194444445
2 0.41136891093749994 0.5892171875 0.41136891093749994 0.8127731194444444 0.5692877828125 0.8127731194444444 0.5692877828125 0.5892171875
6 0.35190563125 0.5718872694444445 0.35190563125 0.5926831708333333 0.3675025578125 0.5926831708333333 0.3675025578125 0.5718872694444445
6 0.44646199375 0.49390264305555553 0.44646199375 0.5164315347222223 0.45036122578125 0.5164315347222223 0.45036122578125 0.49390264305555553
6 0.45815968749999997 0.4956356333333334 0.45815968749999997 0.5146985444444444 0.464008534375 0.5146985444444444 0.464008534375 0.4956356333333334
6 0.56051451171875 0.5216305097222222 0.56051451171875 0.5406934180555556 0.56733816640625 0.5406934180555556 0.56733816640625 0.5216305097222222
6 0.70966011171875 0.5632223111111111 0.70966011171875 0.5840182097222222 0.71550895859375 0.5840182097222222 0.71550895859375 0.5632223111111111
6 0.6307006765625001 0.5909501791666667 0.6307006765625001 0.6048141125 0.6414235625 0.6048141125 0.6414235625 0.5909501791666667
6 0.56733816640625 0.5164315347222223 0.56733816640625 0.5424264097222222 0.57221220546875 0.5424264097222222 0.57221220546875 0.5164315347222223
6 0.4532856484375 0.4887036666666667 0.4532856484375 0.5216305097222222 0.45815968749999997 0.5216305097222222 0.45815968749999997 0.4887036666666667
7 0.3558048640625 0.5441594027777779 0.3558048640625 0.5545573555555555 0.368477365625 0.5545573555555555 0.368477365625 0.5441594027777779
7 0.62192740625 0.5857512041666666 0.62192740625 0.594416163888889 0.6297258703125 0.594416163888889 0.6297258703125 0.5857512041666666
7 0.62192740625 0.5632223111111111 0.62192740625 0.5788192361111111 0.63362510078125 0.5788192361111111 0.63362510078125 0.5632223111111111
7 0.6258266367187499 0.5476253861111111 0.6258266367187499 0.5580233361111111 0.63849913828125 0.5580233361111111 0.63849913828125 0.5476253861111111
7 0.69991203359375 0.5164315347222223 0.69991203359375 0.5441594 0.71160972734375 0.5441594 0.71160972734375 0.5164315347222223
6 0.7077104953125 0.5441594027777779 0.7077104953125 0.5580233388888889 0.71648376640625 0.5580233388888889 0.71648376640625 0.5441594027777779
6 0.693088378125 0.5441594027777779 0.693088378125 0.5545573555555555 0.70478607265625 0.5545573555555555 0.70478607265625 0.5441594027777779
4 0.6365495234375 0.6117460791666667 0.6365495234375 0.6568038625 0.6462976015625 0.6568038625 0.6462976015625 0.6117460791666667
4 0.65799529609375 0.6204110375 0.65799529609375 0.6689348055555555 0.6677433749999999 0.6689348055555555 0.6677433749999999 0.6204110375
4 0.67456703046875 0.6204110375 0.67456703046875 0.6672018152777778 0.6862647234375 0.6672018152777778 0.6862647234375 0.6204110375
4 0.20958368671875 0.6169450555555556 0.20958368671875 0.6845317333333333 0.22907984374999998 0.6845317333333333 0.22907984374999998 0.6169450555555556
3 0.16181810234375 0.6290759972222222 0.16181810234375 0.6931966902777777 0.20763407109375 0.6931966902777777 0.20763407109375 0.6290759972222222
5 0.189112721875 0.5978821458333333 0.189112721875 0.6568038652777778 0.21153330234375 0.6568038652777778 0.21153330234375 0.5978821458333333