6 0.39247696484375 0.040855265277777775 0.39247696484375 0.16519736944444444 0.41545805078125 0.16519736944444444 0.41545805078125 0.040855265277777775
6 0.6732458796875 0.28598684444444444 0.6732458796875 0.3588157902777778 0.696226965625 0.3588157902777778 0.696226965625 0.28598684444444444
6 0.58631742421875 0.3073026319444444 0.58631742421875 0.35881579166666666 0.59930673359375 0.35881579166666666 0.59930673359375 0.3073026319444444
4 0.43644077968749995 0.4351973708333333 0.43644077968749995 0.45473684444444445 0.4444342 0.45473684444444445 0.4444342 0.4351973708333333
2 0.7282006476562499 0.4227631597222222 0.7282006476562499 0.4653947375 0.78815130625 0.4653947375 0.78815130625 0.4227631597222222
2 0.6762434125000001 0.43697368611111115 0.6762434125000001 0.48848684444444446 0.746185846875 0.48848684444444446 0.746185846875 0.43697368611111115
2 0.5663338718750001 0.42809210694444444 0.5663338718750001 0.49381579444444446 0.6172919304687501 0.49381579444444446 0.6172919304687501 0.42809210694444444
2 0.37149423203125 0.4351973708333333 0.37149423203125 0.4920394736111111 0.45242762265625 0.4920394736111111 0.45242762265625 0.4351973708333333
2 0.46541693124999994 0.4245394777777778 0.46541693124999994 0.4511842152777778 0.5213708796875001 0.4511842152777778 0.5213708796875001 0.4245394777777778
2 0.8810748281249999 0.47250000277777776 0.8810748281249999 0.5826315847222222 0.9989777906249999 0.5826315847222222 0.9989777906249999 0.47250000277777776
9 0.20762910078125 0.3694736861111111 0.20762910078125 0.559539475 0.37249341015625 0.559539475 0.37249341015625 0.3694736861111111
7 0.45242762187499996 0.19006578888888886 0.45242762187499996 0.25223684444444444 0.53236183203125 0.25223684444444444 0.53236183203125 0.19006578888888886
7 0.41445887187499997 0.08348684305555555 0.41445887187499997 0.15098684444444443 0.44243584609375003 0.15098684444444443 0.44243584609375003 0.08348684305555555