7 0.57282003984375 0.4772835986111111 0.57282003984375 0.4964174611111111 0.5919539031250001 0.4964174611111111 0.5919539031250001 0.4772835986111111
2 0.17818410546875002 0.5442521208333334 0.17818410546875002 0.6144096194444445 0.2116683671875 0.6144096194444445 0.2116683671875 0.5442521208333334
2 0.05979332265625 0.5144883333333333 0.05979332265625 0.6441734069444445 0.19133863515625 0.6441734069444445 0.19133863515625 0.5144883333333333
2 0.55846964375 0.5485040888888888 0.55846964375 0.5655119666666667 0.570428309375 0.5655119666666667 0.570428309375 0.5485040888888888
2 0.54172751171875 0.550630076388889 0.54172751171875 0.5612600013888889 0.55129444296875 0.5612600013888889 0.55129444296875 0.550630076388889
2 0.550098578125 0.5485040888888888 0.550098578125 0.5655119666666667 0.56086137578125 0.5655119666666667 0.56086137578125 0.5485040888888888
2 0.4795424546875 0.5485040888888888 0.4795424546875 0.5655119666666667 0.4855217875 0.5655119666666667 0.4855217875 0.5485040888888888
9 0.44223144375 0.5293702236111112 0.44223144375 0.5718899208333333 0.4673446390625 0.5718899208333333 0.4673446390625 0.5293702236111112
2 0.4364912625 0.5548820430555556 0.4364912625 0.5740159055555556 0.452037525 0.5740159055555556 0.452037525 0.5548820430555556
2 0.42094499843750005 0.550630076388889 0.42094499843750005 0.5782678763888889 0.43768712890624994 0.5782678763888889 0.43768712890624994 0.550630076388889
2 0.40061526875000003 0.5485040888888888 0.40061526875000003 0.5782678763888889 0.42214086484375 0.5782678763888889 0.42214086484375 0.5485040888888888
2 0.3874607375 0.550630076388889 0.3874607375 0.5825198486111111 0.4089863328125 0.5825198486111111 0.4089863328125 0.550630076388889
9 0.19947053203125 0.4677166666666666 0.19947053203125 0.6059056819444445 0.30111918203125 0.6059056819444445 0.30111918203125 0.4677166666666666
9 0.2724183859375 0.47196863611111106 0.2724183859375 0.6101576513888889 0.3908091671875 0.6101576513888889 0.3908091671875 0.47196863611111106
2 0 0.5208662888888889 0 0.6633072722222222 0.07175198828125 0.6633072722222222 0.07175198828125 0.5208662888888889
2 0.6259165046875 0.5485040888888888 0.6259165046875 0.5697639388888889 0.65700903359375 0.5697639388888889 0.65700903359375 0.5485040888888888
2 0.5646881640625 0.550630076388889 0.5646881640625 0.5697639388888889 0.5766468296875 0.5697639388888889 0.5766468296875 0.550630076388889
2 0.6065434898437501 0.550630076388889 0.6065434898437501 0.5782678763888889 0.62687322109375 0.5782678763888889 0.62687322109375 0.550630076388889
9 0.48384758203124995 0.5485040888888888 0.48384758203124995 0.5655119666666667 0.4972412828125 0.5655119666666667 0.4972412828125 0.5485040888888888
4 0.47045388125 0.5463781027777778 0.47045388125 0.5697639361111111 0.47858577890625 0.5697639361111111 0.47858577890625 0.5463781027777778
2 0.771812215625 0.5378741638888889 0.771812215625 0.5974017388888889 0.8447600703125 0.5974017388888889 0.8447600703125 0.5378741638888889
2 0.9315799828125 0.5293702236111112 0.9315799828125 0.6222048916666667 0.9981498789062501 0.6222048916666667 0.9981498789062501 0.5293702236111112