7 0.8044700765625 0.3360476027777778 0.8044700765625 0.40179065833333333 0.836349790625 0.40179065833333333 0.836349790625 0.3360476027777778
7 0.6100038234375 0.4119921666666667 0.6100038234375 0.42786118055555555 0.6202053320312501 0.42786118055555555 0.6202053320312501 0.4119921666666667
7 0.62721886875 0.4312616819444445 0.62721886875 0.4459971944444444 0.6355075945312499 0.4459971944444444 0.6355075945312499 0.4312616819444445
7 0.62008434375 0.4103273361111111 0.62008434375 0.42506285 0.6341114179687499 0.42506285 0.6341114179687499 0.4103273361111111
6 0.4923104453125 0.40012582916666667 0.4923104453125 0.4125943361111111 0.49486082421875005 0.4125943361111111 0.49486082421875005 0.40012582916666667
6 0.5777480835937501 0.38539031527777773 0.5777480835937501 0.40125933055555557 0.58093605546875 0.40125933055555557 0.58093605546875 0.38539031527777773
6 0.57519770546875 0.38765731805555553 0.57519770546875 0.40352633055555553 0.5790232718749999 0.40352633055555553 0.5790232718749999 0.38765731805555553
6 0.49486082343750004 0.40012582916666667 0.49486082343750004 0.4125943361111111 0.49804879453125006 0.4125943361111111 0.49804879453125006 0.40012582916666667
2 0.25546277109375 0.47115855833333337 0.25546277109375 0.4824935652777778 0.26311390234375 0.4824935652777778 0.26311390234375 0.47115855833333337
2 0.2363349421875 0.47455905972222223 0.2363349421875 0.4870275708333333 0.25227479921875 0.4870275708333333 0.25227479921875 0.47455905972222223
2 0.23187178203125 0.4904280722222222 0.23187178203125 0.5096975888888888 0.24016050859375002 0.5096975888888888 0.24016050859375002 0.4904280722222222
2 0.23697253671875 0.4870275708333333 0.23697253671875 0.5267001027777778 0.26311390156250003 0.5267001027777778 0.26311390156250003 0.4870275708333333
2 0.20318003984375 0.47909306527777773 0.20318003984375 0.5119645916666666 0.23378456484375 0.5119645916666666 0.23378456484375 0.47909306527777773
2 0.21210635859375002 0.47002505694444446 0.21210635859375002 0.4813600638888889 0.23505975390625 0.4813600638888889 0.23505975390625 0.47002505694444446
2 0.188515371875 0.47115855833333337 0.188515371875 0.492695075 0.20509282265625 0.492695075 0.20509282265625 0.47115855833333337
2 0.17831386328125 0.46775805555555555 0.17831386328125 0.4734255611111111 0.19170334218750001 0.4734255611111111 0.19170334218750001 0.46775805555555555
2 0.14962212109375 0.4722920597222222 0.14962212109375 0.5210325944444444 0.1968040984375 0.5210325944444444 0.1968040984375 0.4722920597222222
2 0.11646721874999999 0.47909306527777773 0.11646721874999999 0.5289671041666667 0.19170334375 0.5289671041666667 0.19170334375 0.47909306527777773
2 0.07884915703124999 0.47342555833333333 0.07884915703124999 0.5232996013888889 0.1253935390625 0.5232996013888889 0.1253935390625 0.47342555833333333
2 0.009988975 0.47455905972222223 0.009988975 0.5017630819444445 0.049519820312500004 0.5017630819444445 0.049519820312500004 0.47455905972222223
2 0.0807619390625 0.5062970861111111 0.0807619390625 0.5924431527777778 0.20126725546875002 0.5924431527777778 0.20126725546875002 0.5062970861111111
2 0.00042506093749999994 0.4949620763888889 0.00042506093749999994 0.5969771611111111 0.0565333578125 0.5969771611111111 0.0565333578125 0.4949620763888889
2 0.5341301054687501 0.4720677166666667 0.5341301054687501 0.48907022638888886 0.543056425 0.48907022638888886 0.543056425 0.4720677166666667
2 0.48248496953125003 0.4425966902777778 0.48248496953125003 0.5208082541666667 0.53157972734375 0.5208082541666667 0.53157972734375 0.4425966902777778
2 0.64849133984375 0.4527981986111111 0.64849133984375 0.4811357208333333 0.66825676171875 0.4811357208333333 0.66825676171875 0.4527981986111111
2 0.65869284765625 0.4482641958333333 0.65869284765625 0.5423447722222222 0.722452275 0.5423447722222222 0.722452275 0.4482641958333333
2 0.42666649375 0.45793437500000006 0.42666649375 0.5695487944444444 0.5052934625 0.5695487944444444 0.5052934625 0.45793437500000006
2 0.54079586796875 0.4641332097222222 0.54079586796875 0.49247073194444446 0.5631116671874999 0.49247073194444446 0.5631116671874999 0.4641332097222222
2 0.68419661796875 0.46073270555555557 0.68419661796875 0.5661482875 0.7683590640625 0.5661482875 0.7683590640625 0.46073270555555557
2 0.5770807812500001 0.4550652027777778 0.5770807812500001 0.5695487944444444 0.6714447328125 0.5695487944444444 0.6714447328125 0.4550652027777778
2 0.56305370703125 0.4743347166666667 0.56305370703125 0.49247073194444446 0.58026875 0.49247073194444446 0.58026875 0.4743347166666667
2 0.90862980234375 0.4527981986111111 0.90862980234375 0.6976344027777778 0.9985305960937501 0.6976344027777778 0.9985305960937501 0.4527981986111111