2 0.1645311921875 0.3403123819444444 0.1645311921875 0.5015623263888889 0.31535145234375 0.5015623263888889 0.31535145234375 0.3403123819444444
2 0.32800769765625 0.3628123736111111 0.32800769765625 0.4378123444444445 0.38917955078125 0.4378123444444445 0.38917955078125 0.3628123736111111
9 0.4503514046875 0.2953123972222222 0.4503514046875 0.48843733055555555 0.5758591734375 0.48843733055555555 0.5758591734375 0.2953123972222222
2 0.3886522078125 0.3646873736111111 0.3886522078125 0.4265623486111111 0.42451157265625 0.4265623486111111 0.42451157265625 0.3646873736111111
2 0.42082016484375 0.3759373680555556 0.42082016484375 0.40593735833333333 0.43453109687499997 0.40593735833333333 0.43453109687499997 0.3759373680555556
4 0.8368942382812501 0.3196873861111111 0.8368942382812501 0.4603123388888889 0.86748016484375 0.4603123388888889 0.86748016484375 0.3196873861111111
7 0.20460930312499997 0.22218742083333332 0.20460930312499997 0.24281241388888888 0.22675773281249997 0.24281241388888888 0.22675773281249997 0.22218742083333332
7 0.15609369453125 0.2559374111111111 0.15609369453125 0.2709374027777778 0.178242125 0.2709374027777778 0.178242125 0.2559374111111111
7 0.15503900859375 0.27656240277777777 0.15503900859375 0.2878124 0.17296868984375 0.2878124 0.17296868984375 0.27656240277777777
6 0.23308585625 0.17718743611111112 0.23308585625 0.23531241805555553 0.24363272734375002 0.23531241805555553 0.24363272734375002 0.17718743611111112
6 0.2446874140625 0.17343744027777777 0.2446874140625 0.22781242222222223 0.25734366015625 0.22781242222222223 0.25734366015625 0.17343744027777777
6 0.39550767421875 0.30843739166666667 0.39550767421875 0.3309373847222222 0.4007811109375 0.3309373847222222 0.4007811109375 0.30843739166666667
7 0.5484373078125 0.3196873861111111 0.5484373078125 0.34218738055555553 0.56109355390625 0.34218738055555553 0.56109355390625 0.3196873861111111
7 0.9813863749999999 0.2540624125 0.9813863749999999 0.30468739305555553 0.99931605625 0.30468739305555553 0.99931605625 0.2540624125
7 0.98349574921875 0.32531238611111113 0.98349574921875 0.3515623763888889 0.9972066820312501 0.3515623763888889 0.9972066820312501 0.32531238611111113
6 0.4232308859375 0.33964272916666666 0.4232308859375 0.36026772222222225 0.43377775625000004 0.36026772222222225 0.43377775625000004 0.33964272916666666