2 0.43185530234374997 0.527659525 0.43185530234374997 0.5388783694444444 0.44026943359375004 0.5388783694444444 0.44026943359375004 0.527659525
2 0.5086342515625 0.5183104902777778 0.5086342515625 0.5519670166666667 0.5338766460937501 0.5519670166666667 0.5338766460937501 0.5183104902777778
2 0.49390952109375 0.5220501041666666 0.49390952109375 0.5463575958333333 0.5107377843750001 0.5463575958333333 0.5107377843750001 0.5220501041666666
2 0.4108199734375 0.5257897180555555 0.4108199734375 0.5370085625 0.42554470390625 0.5370085625 0.42554470390625 0.5257897180555555
2 0.39504347734375 0.5257897180555555 0.39504347734375 0.5482274027777778 0.4108199734375 0.5482274027777778 0.4108199734375 0.5257897180555555
2 0.37295638203125 0.5239199111111111 0.37295638203125 0.5557066305555556 0.40030230937500005 0.5557066305555556 0.40030230937500005 0.5239199111111111
2 0.3655940171875 0.5257897180555555 0.3655940171875 0.5575764375 0.3845258125 0.5575764375 0.3845258125 0.5257897180555555
2 0.351921053125 0.5164406833333334 0.351921053125 0.5613160500000001 0.37611168125 0.5613160500000001 0.37611168125 0.5164406833333334
2 0.34245515546875 0.527659525 0.34245515546875 0.5669254722222222 0.36664578359375 0.5669254722222222 0.36664578359375 0.527659525
2 0.32773042578125 0.5220501041666666 0.32773042578125 0.5800141208333334 0.35192105234375004 0.5800141208333334 0.35192105234375004 0.5220501041666666
2 0.2435891109375 0.5089614555555555 0.2435891109375 0.5987121916666667 0.3329892578125 0.5987121916666667 0.3329892578125 0.5089614555555555
2 0.2393820453125 0.5295293319444444 0.2393820453125 0.6118008430555555 0.3045915640625 0.6118008430555555 0.3045915640625 0.5295293319444444
2 0.15755461015625 0.5370085611111111 0.15755461015625 0.6323687180555555 0.25011005546875 0.6323687180555555 0.25011005546875 0.5370085611111111
2 0.20488409921875 0.5295293319444444 0.20488409921875 0.6099310361111111 0.2774559828125 0.6099310361111111 0.2774559828125 0.5295293319444444
2 0.061002453125 0.5226110527777779 0.061002453125 0.6516277347222222 0.18300735859375 0.6516277347222222 0.18300735859375 0.5226110527777779
2 0.061002453125 0.5394393152777778 0.061002453125 0.6946332944444444 0.1609202625 0.6946332944444444 0.1609202625 0.5394393152777778
2 0 0.4824102027777778 0 0.7348341430555556 0.06998189921875 0.7348341430555556 0.06998189921875 0.4824102027777778
2 0.05946423515625 0.5216761486111111 0.05946423515625 0.6432136027777777 0.19198680390625 0.6432136027777777 0.19198680390625 0.5216761486111111