2 0.5554054875000001 0.5657939277777777 0.5554054875000001 0.578274676388889 0.56827626015625 0.578274676388889 0.56827626015625 0.5657939277777777
2 0.5483850671875 0.5657939277777777 0.5483850671875 0.5761945527777778 0.5589156984375 0.5761945527777778 0.5589156984375 0.5657939277777777
2 0.54136464609375 0.5678740541666667 0.54136464609375 0.5845150527777778 0.55189527734375 0.5845150527777778 0.55189527734375 0.5678740541666667
2 0.5284938734375 0.5699541791666667 0.5284938734375 0.586595175 0.54136464609375 0.586595175 0.54136464609375 0.5699541791666667
2 0.51679317265625 0.5699541791666667 0.51679317265625 0.586595175 0.5249836640625001 0.586595175 0.5249836640625001 0.5699541791666667
2 0.4863713484375 0.578274676388889 0.4863713484375 0.590755425 0.495731909375 0.590755425 0.495731909375 0.578274676388889
2 0.48754141874999996 0.5907554277777778 0.48754141874999996 0.6032361763888888 0.500412190625 0.6032361763888888 0.500412190625 0.5907554277777778
2 0.41850727968749996 0.5886753013888889 0.41850727968749996 0.6032361763888888 0.4348882609375 0.6032361763888888 0.4348882609375 0.5886753013888889
2 0.31788124453125 0.594915675 0.31788124453125 0.6115566722222222 0.33777243671875 0.6115566722222222 0.33777243671875 0.594915675
2 0.283949209375 0.6053163 0.283949209375 0.6219572958333334 0.294479840625 0.6219572958333334 0.294479840625 0.6053163
2 0.24767703437500002 0.6073964263888889 0.24767703437500002 0.6281976722222222 0.28277913984374997 0.6281976722222222 0.28277913984374997 0.6073964263888889
7 0.45243931328125003 0.5574734305555555 0.45243931328125003 0.594915675 0.4629699453125 0.594915675 0.4629699453125 0.5574734305555555
7 0.70868468046875 0.3889833263888889 0.70868468046875 0.4139448236111111 0.7344262234375 0.4139448236111111 0.7344262234375 0.3889833263888889
7 0.3319220859375 0.5657939277777777 0.3319220859375 0.5845150513888889 0.34128264765625 0.5845150513888889 0.34128264765625 0.5657939277777777
4 0.2078946484375 0.5865951777777778 0.2078946484375 0.6240374222222222 0.21374499921874998 0.6240374222222222 0.21374499921874998 0.5865951777777778
4 0.19151366640625 0.5886753013888889 0.19151366640625 0.6157169236111112 0.1997041578125 0.6157169236111112 0.1997041578125 0.5886753013888889
2 0.547214996875 0.578274676388889 0.547214996875 0.5990759236111111 0.56359597890625 0.5990759236111111 0.56359597890625 0.578274676388889
2 0.506262540625 0.5865951777777778 0.506262540625 0.6073964263888889 0.5284938734375 0.6073964263888889 0.5284938734375 0.5865951777777778
2 0.45828966328125 0.5824349263888888 0.45828966328125 0.6323579208333333 0.49339176875 0.6323579208333333 0.49339176875 0.5824349263888888
2 0.6595417328125001 0.5117106861111111 0.6595417328125001 0.8798927652777777 0.9988620820312499 0.8798927652777777 0.9988620820312499 0.5117106861111111