7 0.0814435375 0.10298337777777777 0.0814435375 0.14988669861111112 0.162887075 0.14988669861111112 0.162887075 0.10298337777777777
7 0.030971485937499998 0.1825150958333333 0.030971485937499998 0.23145769305555555 0.12273885312499999 0.23145769305555555 0.12273885312499999 0.1825150958333333
6 0.1101208390625 0.3395392527777778 0.1101208390625 0.4129531472222222 0.15485743125 0.4129531472222222 0.15485743125 0.3395392527777778
6 0.07341389375 0.34565707916666666 0.07341389375 0.4190709722222223 0.0997970109375 0.4190709722222223 0.0997970109375 0.34565707916666666
9 0.6612985828125 0.1192975763888889 0.6612985828125 0.6882552444444444 0.99969074453125 0.6882552444444444 0.99969074453125 0.1192975763888889
4 0.657283759375 0.48024921527777775 0.657283759375 0.6535875736111111 0.6928436140625001 0.6535875736111111 0.6928436140625001 0.48024921527777775
4 0.6159884453125 0.48024921527777775 0.6159884453125 0.6515482986111111 0.6515482984375 0.6515482986111111 0.6515482984375 0.48024921527777775
4 0.06309006406249999 0.5699773069444445 0.06309006406249999 0.6780588722222222 0.08144353671875 0.6780588722222222 0.08144353671875 0.5699773069444445
4 0.014912196875 0.5699773069444445 0.014912196875 0.7229229180555555 0.04932495859375 0.7229229180555555 0.04932495859375 0.5699773069444445
4 0.23859515078125 0.5210347125 0.23859515078125 0.7188443680555555 0.27071373046875 0.7188443680555555 0.27071373046875 0.5210347125
4 0.13420977265625 0.5291918097222222 0.13420977265625 0.7637084111111111 0.16747544375 0.7637084111111111 0.16747544375 0.5291918097222222
4 0.186976009375 0.48840631527777784 0.186976009375 0.7433156652777778 0.22712423125 0.7433156652777778 0.22712423125 0.48840631527777784
4 0.030971485937499998 0.5557023847222222 0.030971485937499998 0.7514727666666666 0.0825906296875 0.7514727666666666 0.0825906296875 0.5557023847222222
4 0.15256324609375 0.5291918097222222 0.15256324609375 0.7861404361111112 0.20762366640625 0.7861404361111112 0.20762366640625 0.5291918097222222
4 0.20532948125 0.5087990625000001 0.20532948125 0.7820618847222223 0.2603899015625 0.7820618847222223 0.2603899015625 0.5087990625000001
4 0.25809571796875 0.5189954388888889 0.25809571796875 0.7555513152777777 0.3051264921875 0.7555513152777777 0.3051264921875 0.5189954388888889
4 0.33839216250000004 0.48228849027777776 0.33839216250000004 0.7290407416666665 0.383128753125 0.7290407416666665 0.383128753125 0.48228849027777776
4 0.006882552343749999 0.5822129555555555 0.006882552343749999 0.6658232222222222 0.0263831171875 0.6658232222222222 0.0263831171875 0.5822129555555555