6 0.3783688796875 0.17968737222222222 0.3783688796875 0.21718734444444443 0.38496067265625 0.21718734444444443 0.38496067265625 0.17968737222222222
6 0.3836423140625 0.18437486666666664 0.3836423140625 0.21484359583333332 0.3915524640625 0.21484359583333332 0.3915524640625 0.18437486666666664
6 0.276855278125 0.14453114444444443 0.276855278125 0.17968736944444447 0.2900388640625 0.17968736944444447 0.2900388640625 0.14453114444444443
6 0.29900370546875 0.2681248222222222 0.29900370546875 0.28921855555555553 0.31746072421875 0.28921855555555553 0.31746072421875 0.2681248222222222
4 0.3042771390625 0.3009372986111111 0.3042771390625 0.3550079569444444 0.31554110390625 0.3550079569444444 0.31554110390625 0.3009372986111111
4 0.32141579921874996 0.30562479305555557 0.32141579921874996 0.33374977222222224 0.32932594921875 0.33374977222222224 0.32932594921875 0.30562479305555557
6 0.47487271640625 0.20015611527777777 0.47487271640625 0.23062484444444445 0.48401882812499997 0.23062484444444445 0.48401882812499997 0.20015611527777777
7 0.57243124296875 0.24703108194444445 0.57243124296875 0.26109357083333334 0.589569903125 0.26109357083333334 0.589569903125 0.24703108194444445
2 0.48410122578125003 0.32671853055555555 0.48410122578125003 0.42515596111111115 0.548700790625 0.42515596111111115 0.548700790625 0.32671853055555555
2 0.30256326953125 0.2730466875 0.30256326953125 0.5847652249999999 0.497680321875 0.5847652249999999 0.497680321875 0.2730466875
2 0.53459435859375 0.2871091777777778 0.53459435859375 0.5613277388888889 0.7560785812499999 0.5613277388888889 0.7560785812499999 0.2871091777777778
2 0.00018127109375 0.0009375000000000001 0.00018127109375 0.6103120805555555 0.273418578125 0.6103120805555555 0.273418578125 0.0009375000000000001
7 0.66807815390625 0.19980455 0.66807815390625 0.2185545361111111 0.6944453234375 0.2185545361111111 0.6944453234375 0.19980455
7 0.674669946875 0.2537107611111111 0.674669946875 0.2841794902777778 0.68785353203125 0.2841794902777778 0.68785353203125 0.2537107611111111
7 0.797277284375 0.22324203194444445 0.797277284375 0.28183574166666664 0.81309758515625 0.28183574166666664 0.81309758515625 0.22324203194444445
7 0.67994338046875 0.22792953055555557 0.67994338046875 0.23964827361111113 0.70103711484375 0.23964827361111113 0.70103711484375 0.22792953055555557
4 0.27692878828125 0.29121746388888886 0.27692878828125 0.34946095694444446 0.28745941953125 0.34946095694444446 0.28745941953125 0.29121746388888886
4 0.77888888984375 0.34114045694444445 0.77888888984375 0.44098644444444446 0.79409980234375 0.44098644444444446 0.79409980234375 0.34114045694444445