6 0.48754141953124996 0.48674918888888885 0.48754141953124996 0.5033901861111112 0.4922217 0.5033901861111112 0.4922217 0.48674918888888885
6 0.521473453125 0.48674918888888885 0.521473453125 0.5033901861111112 0.52966394453125 0.5033901861111112 0.52966394453125 0.48674918888888885
7 0.62560969921875 0.40978457222222225 0.62560969921875 0.42434544583333333 0.6373104015625 0.42434544583333333 0.6373104015625 0.40978457222222225
6 0.534344225 0.4909094402777778 0.534344225 0.5096305625 0.54136464609375 0.5096305625 0.54136464609375 0.4909094402777778
2 0.47818085703125 0.5075504361111111 0.47818085703125 0.5241914333333333 0.48988155859375004 0.5241914333333333 0.48988155859375004 0.5075504361111111
2 0.5097727515625 0.4992299375 0.5097727515625 0.5200311847222222 0.51913331328125 0.5200311847222222 0.51913331328125 0.4992299375
2 0.50392240078125 0.4992299375 0.50392240078125 0.5137908097222221 0.5132829625 0.5137908097222221 0.5132829625 0.4992299375
2 0.49807205000000004 0.5054703125 0.49807205000000004 0.5262715597222223 0.51094282109375 0.5262715597222223 0.51094282109375 0.5054703125
2 0.48988155859375004 0.5075504361111111 0.48988155859375004 0.5221113083333333 0.500412190625 0.5221113083333333 0.500412190625 0.5075504361111111
2 0.53902450625 0.5075504361111111 0.53902450625 0.5262715583333334 0.547214996875 0.5262715583333334 0.547214996875 0.5075504361111111
2 0.547214996875 0.5033901875000001 0.547214996875 0.5304318097222223 0.55657555859375 0.5304318097222223 0.55657555859375 0.5033901875000001
2 0.5483850671875 0.5033901875000001 0.5483850671875 0.5283516847222222 0.5682762593749999 0.5283516847222222 0.5682762593749999 0.5033901875000001
2 0.56476605 0.48674918888888885 0.56476605 0.5283516847222222 0.58231710234375 0.5283516847222222 0.58231710234375 0.48674918888888885
2 0.577636821875 0.4805088166666666 0.577636821875 0.5325119347222222 0.5986980843749999 0.5325119347222222 0.5986980843749999 0.4805088166666666
2 0.58699738203125 0.4576274444444444 0.58699738203125 0.5325119347222222 0.62443962734375 0.5325119347222222 0.62443962734375 0.4576274444444444
2 0.6103987859375 0.4389063208333333 0.6103987859375 0.5449926833333333 0.68411320703125 0.5449926833333333 0.68411320703125 0.4389063208333333
2 0.39978615703125 0.5075504361111111 0.39978615703125 0.5221113083333333 0.427867840625 0.5221113083333333 0.427867840625 0.5075504361111111
2 0.32490166640624996 0.4992299375 0.32490166640624996 0.5241914333333333 0.34596292812499996 0.5241914333333333 0.34596292812499996 0.4992299375
2 0.28979956015625 0.4909094402777778 0.28979956015625 0.5262715597222223 0.32958194453125 0.5262715597222223 0.32958194453125 0.4909094402777778
2 0.268738296875 0.4888293125 0.268738296875 0.5262715583333334 0.29681998125 0.5262715583333334 0.29681998125 0.4888293125
2 0.221935490625 0.4680280680555556 0.221935490625 0.5262715597222223 0.2710784375 0.5262715597222223 0.2710784375 0.4680280680555556
2 0.18449324453125 0.4680280680555556 0.18449324453125 0.5304318097222223 0.22895591015625 0.5304318097222223 0.22895591015625 0.4680280680555556
2 0.16460205234375 0.4472268194444444 0.16460205234375 0.5325119347222222 0.18683338515625 0.5325119347222222 0.18683338515625 0.4472268194444444
4 0.33894250703125 0.4784286888888889 0.33894250703125 0.5241914333333333 0.35415341953125 0.5241914333333333 0.35415341953125 0.4784286888888889
2 0.34245271796875 0.4680280680555556 0.34245271796875 0.5241914361111112 0.39159566562500003 0.5241914361111112 0.39159566562500003 0.4680280680555556
2 0.42786783984375 0.43266594444444445 0.42786783984375 0.5241914333333333 0.4758407171875 0.5241914333333333 0.4758407171875 0.43266594444444445
2 0.66188187265625 0.4035442 0.66188187265625 0.6240374236111111 0.83739239765625 0.6240374236111111 0.83739239765625 0.4035442
2 0.03355419375 0.4243454472222222 0.03355419375 0.5470728083333334 0.1681122625 0.5470728083333334 0.1681122625 0.4243454472222222
7 0.9216374500000001 0.12480748472222222 0.9216374500000001 0.1851311027777778 0.9614198359374999 0.1851311027777778 0.9614198359374999 0.12480748472222222