2 0.237680040625 0.5705083652777778 0.237680040625 0.5918642930555555 0.24969274921875 0.5918642930555555 0.24969274921875 0.5705083652777778
2 0.2248092796875 0.5750846361111112 0.2248092796875 0.5949151402777778 0.24025419218750002 0.5949151402777778 0.24025419218750002 0.5750846361111112
2 0.21537072265625 0.5781354833333333 0.21537072265625 0.5964405652777778 0.2248092796875 0.5964405652777778 0.2248092796875 0.5781354833333333
2 0.19735165703125 0.5750846361111112 0.19735165703125 0.6010168347222222 0.21622877265625 0.6010168347222222 0.21622877265625 0.5750846361111112
2 0.17161013671875 0.5705083652777778 0.17161013671875 0.6086439513888888 0.1990677578125 0.6086439513888888 0.1990677578125 0.5705083652777778
2 0.25913130703125 0.5766100597222222 0.25913130703125 0.5979659875 0.26942791484375 0.5979659875 0.26942791484375 0.5766100597222222
2 0.362955440625 0.5766100597222222 0.362955440625 0.5979659875 0.37582620078125 0.5979659875 0.37582620078125 0.5766100597222222
2 0.65612277421875 0.6025422597222222 0.65612277421875 0.7871184958333334 0.966460025 0.7871184958333334 0.966460025 0.6025422597222222
2 0.253983003125 0.5337498083333334 0.253983003125 0.7038303652777778 0.3578071359375 0.7038303652777778 0.3578071359375 0.5337498083333334
2 0.12870760312500001 0.5695931013888889 0.12870760312500001 0.6168812277777778 0.17933259375 0.6168812277777778 0.17933259375 0.5695931013888889
4 0.6804341929687501 0.5937710736111111 0.6804341929687501 0.6563134361111111 0.70360156171875 0.6563134361111111 0.70360156171875 0.5937710736111111
7 0.8434638218750001 0.5094914291666667 0.8434638218750001 0.5979659875 0.86834729296875 0.5979659875 0.86834729296875 0.5094914291666667
7 0.401739328125 0.5430507444444445 0.401739328125 0.561355825 0.40774568203125006 0.561355825 0.40774568203125006 0.5430507444444445
7 0.37428170625 0.5583049791666667 0.37428170625 0.5750846375 0.3794300109375 0.5750846375 0.3794300109375 0.5583049791666667
7 0.0051483046875 0.47745753472222224 0.0051483046875 0.5125422736111112 0.027457622656250003 0.5125422736111112 0.027457622656250003 0.47745753472222224