2 0 0.4908825777777778 0 0.5194324236111112 0.012126402343749999 0.5194324236111112 0.012126402343749999 0.4908825777777778
2 0.01097930859375 0.4885519888888889 0.01097930859375 0.5211803847222223 0.0316269671875 0.5211803847222223 0.0316269671875 0.4885519888888889
4 0.02589150703125 0.4865127152777778 0.02589150703125 0.5456516861111111 0.03850951953125 0.5456516861111111 0.03850951953125 0.4865127152777778
2 0.04883334921875 0.4844734388888889 0.04883334921875 0.5028269097222222 0.06718682265625 0.5028269097222222 0.06718682265625 0.4844734388888889
2 0.038509517968750004 0.4946698125 0.038509517968750004 0.5272982097222223 0.05801008359375 0.5272982097222223 0.05801008359375 0.4946698125
4 0.07177519140625001 0.5048661875 0.07177519140625001 0.5374945819444444 0.08898157109375 0.5374945819444444 0.08898157109375 0.5048661875
4 0.08439320234375 0.4967090875 0.08439320234375 0.5354553097222222 0.10045249140625001 0.5354553097222222 0.10045249140625001 0.4967090875
4 0.14174780546875002 0.4885519888888889 0.14174780546875002 0.5272982097222223 0.15551291015625 0.5272982097222223 0.15551291015625 0.4885519888888889
4 0.15436581796874999 0.4885519888888889 0.15436581796874999 0.5293374819444445 0.1658367375 0.5293374819444445 0.1658367375 0.4885519888888889
2 0.17730766015625 0.4763163402777778 0.17730766015625 0.4967090847222222 0.19566113203125 0.4967090847222222 0.19566113203125 0.4763163402777778
2 0.20942623828125 0.47660765555555556 0.20942623828125 0.49903967777777775 0.21860297421875 0.49903967777777775 0.21860297421875 0.47660765555555556
4 0.20024950234375 0.4806862069444444 0.20024950234375 0.513314601388889 0.21057333046875 0.513314601388889 0.21057333046875 0.4806862069444444
2 0.22663262031250003 0.47456838055555556 0.22663262031250003 0.523510975 0.26448665859375 0.523510975 0.26448665859375 0.47456838055555556
6 0.22433843671874998 0.39707593750000003 0.22433843671874998 0.4133901347222222 0.23466226406250001 0.4133901347222222 0.23466226406250001 0.39707593750000003
6 0.39640224687500003 0.3828010152777778 0.39640224687500003 0.4052330375 0.40328479921874993 0.4052330375 0.40328479921874993 0.3828010152777778
2 0.31610580078125 0.41921664583333335 0.31610580078125 0.6598510708333334 0.469816140625 0.6598510708333334 0.469816140625 0.41921664583333335
2 0.48128706171875 0.46175008194444445 0.48128706171875 0.49059126388888885 0.5179940078125 0.49059126388888885 0.5179940078125 0.46175008194444445
2 0.53864166484375 0.4535929819444445 0.53864166484375 0.49029992777777776 0.5810840703125 0.49029992777777776 0.5810840703125 0.4535929819444445
2 0.5902608078125 0.4515537111111111 0.5902608078125 0.4862213819444444 0.63843867421875 0.4862213819444444 0.63843867421875 0.4515537111111111
2 0.62926193828125 0.4597108111111111 0.62926193828125 0.4821428361111111 0.664821790625 0.4821428361111111 0.664821790625 0.4597108111111111
2 0.64876250390625 0.4454358875 0.64876250390625 0.48418211111111115 0.683175265625 0.48418211111111115 0.683175265625 0.4454358875
2 0.7152938437499999 0.41688603888888887 0.7152938437499999 0.5106926819444445 0.7852664609375 0.5106926819444445 0.7852664609375 0.41688603888888887
2 0.7657658953125 0.42300386527777784 0.7657658953125 0.5066141305555556 0.86556290390625 0.5066141305555556 0.86556290390625 0.42300386527777784
2 0.8362301320312501 0.43523951388888893 0.8362301320312501 0.5106926791666667 0.9578218921874999 0.5106926791666667 0.9578218921874999 0.43523951388888893
2 0.9509393398437499 0.41921664583333335 0.9509393398437499 0.5168105027777778 0.99797011328125 0.5168105027777778 0.99797011328125 0.41921664583333335
2 0.90964402421875 0.4681592388888889 0.90964402421875 0.5272982097222223 0.9922346539062501 0.5272982097222223 0.9922346539062501 0.4681592388888889
0 0.88670218359375 0.4722377902777778 0.88670218359375 0.5130232847222221 0.93946841875 0.5130232847222221 0.93946841875 0.4722377902777778