7 0.52250729375 0.22233620416666666 0.52250729375 0.23476714305555554 0.540687540625 0.23476714305555554 0.540687540625 0.22233620416666666
7 0.49733464296875 0.2322809527777778 0.49733464296875 0.2571428305555556 0.5420860234375 0.2571428305555556 0.5420860234375 0.2322809527777778
7 0.47775591406249995 0.21487764027777778 0.47775591406249995 0.23228095694444445 0.49593616249999994 0.23228095694444445 0.49593616249999994 0.21487764027777778
7 0.45258326406249993 0.22482239027777776 0.45258326406249993 0.2571428305555556 0.49593616249999994 0.2571428305555556 0.49593616249999994 0.22482239027777776
7 0.398042521875 0.20990526666666665 0.398042521875 0.2646013944444444 0.44838782187500004 0.2646013944444444 0.44838782187500004 0.20990526666666665
7 0.431606053125 0.20493289027777778 0.431606053125 0.22233620416666666 0.44838782187500004 0.22233620416666666 0.44838782187500004 0.20493289027777778
7 0.4861467984375 0.2919494611111111 0.4861467984375 0.3093527763888889 0.50013160390625 0.3093527763888889 0.50013160390625 0.2919494611111111
7 0.34909569921875 0.2919494611111111 0.34909569921875 0.3068665861111111 0.36308050468749997 0.3068665861111111 0.36308050468749997 0.2919494611111111
7 0.3574865828125 0.26708758194444443 0.3574865828125 0.2820047069444444 0.37147138984375 0.2820047069444444 0.37147138984375 0.26708758194444443
7 0.37147138984375 0.2745461444444445 0.37147138984375 0.2969218375 0.38685467421875 0.2969218375 0.38685467421875 0.2745461444444445
2 0.33231393124999997 0.309352775 0.33231393124999997 0.3267560888888889 0.343501775 0.3267560888888889 0.343501775 0.309352775
2 0.2637883828125 0.3068665875 0.2637883828125 0.3267560888888889 0.274976228125 0.3267560888888889 0.274976228125 0.3068665875
2 0.21484156171875002 0.3043804 0.21484156171875002 0.32924227777777776 0.23162332890625 0.32924227777777776 0.23162332890625 0.3043804
2 0.24281117265625 0.3118389638888889 0.24281117265625 0.3391870277777778 0.25260053671875 0.3391870277777778 0.25260053671875 0.3118389638888889
2 0.18407498828125 0.2969218361111111 0.18407498828125 0.32924227500000003 0.205052196875 0.32924227500000003 0.205052196875 0.2969218361111111
2 0.00087402890625 0.28946327222222223 0.00087402890625 0.3267560888888889 0.01485883515625 0.3267560888888889 0.01485883515625 0.28946327222222223
2 0.024648200000000002 0.299408025 0.024648200000000002 0.3342146527777778 0.0666026171875 0.3342146527777778 0.0666026171875 0.299408025
2 0.64417510625 0.3242699027777778 0.64417510625 0.40631409583333333 0.7099036937500001 0.40631409583333333 0.7099036937500001 0.3242699027777778
2 0.49453768046875 0.309352775 0.49453768046875 0.3466455888888889 0.50432704609375 0.3466455888888889 0.50432704609375 0.309352775
2 0.47775591406249995 0.3043804 0.47775591406249995 0.3690212805555555 0.501530084375 0.3690212805555555 0.501530084375 0.3043804
2 0.38685467421875 0.28200470972222225 0.38685467421875 0.451065475 0.49174072031250005 0.451065475 0.49174072031250005 0.28200470972222225
2 0.5336951375 0.31432515 0.5336951375 0.35161796805555556 0.56725867265625 0.35161796805555556 0.56725867265625 0.31432515
2 0.50572552578125 0.3118389638888889 0.50572552578125 0.34167321944444445 0.51971033203125 0.34167321944444445 0.51971033203125 0.3118389638888889
2 0.38309948359375 0.3015405597222222 0.38309948359375 0.3292684277777778 0.40746967968750003 0.3292684277777778 0.40746967968750003 0.3015405597222222
2 0.55953970390625 0.32060346944444446 0.55953970390625 0.41765100555555557 0.648247215625 0.41765100555555557 0.648247215625 0.32060346944444446