2 0.32800769765625 0.5711248041666667 0.32800769765625 0.5936247958333334 0.33644519453125 0.5936247958333334 0.33644519453125 0.5711248041666667
2 0.31957020078125 0.5729998055555556 0.31957020078125 0.5992497958333334 0.331171759375 0.5992497958333334 0.331171759375 0.5729998055555556
2 0.31429676484375 0.5692498069444445 0.31429676484375 0.6029997944444444 0.32484363671875 0.6029997944444444 0.32484363671875 0.5692498069444445
2 0.31007801640625 0.5729998055555556 0.31007801640625 0.6011247972222222 0.31851551328125 0.6011247972222222 0.31851551328125 0.5729998055555556
2 0.30374989375 0.5729998055555556 0.30374989375 0.6067497944444444 0.313242078125 0.6067497944444444 0.313242078125 0.5729998055555556
2 0.293203021875 0.5711248041666667 0.293203021875 0.6123747875000001 0.30585926796875 0.6123747875000001 0.30585926796875 0.5711248041666667
2 0.2805467765625 0.5636248069444445 0.2805467765625 0.6217497861111111 0.30164051953125004 0.6217497861111111 0.30164051953125004 0.5636248069444445
2 0.2626170953125 0.5617498083333333 0.2626170953125 0.6292497861111112 0.288984275 0.6292497861111112 0.288984275 0.5617498083333333
2 0.23835929140625 0.5598748083333334 0.23835929140625 0.6236247847222222 0.2752733421875 0.6236247847222222 0.2752733421875 0.5598748083333334
2 0.19300774453125 0.5598748083333334 0.19300774453125 0.6386247791666667 0.26050771953125 0.6386247791666667 0.26050771953125 0.5598748083333334
2 0.141328075 0.5748748041666667 0.141328075 0.6892497638888889 0.2457421015625 0.6892497638888889 0.2457421015625 0.5748748041666667
2 0.0253124921875 0.5617498083333333 0.0253124921875 0.7436247472222222 0.16874993984375 0.7436247472222222 0.16874993984375 0.5617498083333333
2 0.36492174765624996 0.5729998055555556 0.36492174765624996 0.5879998 0.37441393046875 0.5879998 0.37441393046875 0.5729998055555556
2 0.37546861796875 0.5636248069444445 0.37546861796875 0.5879997986111111 0.3870701765625 0.5879997986111111 0.3870701765625 0.5636248069444445
2 0.383906115625 0.5636248069444445 0.383906115625 0.5936247972222222 0.3965623609375 0.5936247972222222 0.3965623609375 0.5636248069444445
2 0.39339830078125 0.5561248097222222 0.39339830078125 0.6011247930555556 0.41449204218749996 0.6011247930555556 0.41449204218749996 0.5561248097222222
2 0.41132798125000003 0.5411248138888889 0.41132798125000003 0.6123747888888889 0.46828108593750006 0.6123747888888889 0.46828108593750006 0.5411248138888889
4 0.36070299765625 0.5636248069444445 0.36070299765625 0.5861248 0.36492174765624996 0.5861248 0.36492174765624996 0.5636248069444445
2 0.4324217234375 0.5424998 0.4324217234375 0.6362497666666667 0.49464826484374996 0.6362497666666667 0.49464826484374996 0.5424998
2 0.47039046015624997 0.5068748125 0.47039046015624997 0.683124751388889 0.6053904125 0.683124751388889 0.6053904125 0.5068748125
2 0.538438765625 0.5434568416666666 0.538438765625 0.7778317569444444 0.77257930859375 0.7778317569444444 0.77257930859375 0.5434568416666666
2 0 0.5415818416666667 0 0.7778317583333333 0.09125142109375 0.7778317583333333 0.09125142109375 0.5415818416666667
2 0.00054832890625 0.6259568125 0.00054832890625 0.9559566972222222 0.0754311140625 0.9559566972222222 0.0754311140625 0.6259568125
2 0.7045310031249999 0.42749985 0.7045310031249999 0.9262496777777778 0.9987887140625 0.9262496777777778 0.9987887140625 0.42749985